# bin_5
0.000000000000000000e+00
-3.798227098303919499e-65
3.038581678643135599e-64
0.000000000000000000e+00
2.430865342914508479e-63
-4.861730685829016959e-63
1.944692274331606783e-62
7.778769097326427134e-62
3.111507638930570854e-61
1.244603055572228341e-60
0.000000000000000000e+00
-1.991364888915565346e-59
0.000000000000000000e+00
3.186183822264904554e-58
-1.274473528905961822e-57
0.000000000000000000e+00
-1.019578823124769457e-56
2.039157646249538915e-54
1.327573194014299815e-51
6.504593151617097210e-49
2.434800976903158205e-46
7.039773458332112730e-44
1.588835087779665186e-41
2.827331804964029384e-39
4.004970964652512714e-37
4.557222207769316159e-35
4.201954144509304516e-33
3.165583379600815118e-31
1.964026784165934588e-29
1.011159971503240307e-27
4.351257892815759253e-26
1.575940196100029269e-24
4.835852340843944807e-23
1.265233991750382527e-21
2.839705558797445906e-20
5.499338217757124430e-19
9.240759763472807658e-18
1.354538101045737351e-16
1.740976345514470636e-15
1.971763085747715728e-14
1.977122926808199182e-13
1.763215951572591835e-12
1.404652832315911052e-11
1.003805752028755925e-10
6.461055626693730753e-10
3.760280300536027366e-09
1.986218172206857933e-08
9.556330944323258430e-08
4.202657350490490617e-07
1.695051939339360912e-06
6.290359139811422048e-06
2.154571217308637727e-05
6.832097497236683443e-05
2.011536370663227942e-04
5.514625561321297815e-04
1.411613435422917270e-03
3.382913774163607765e-03
7.609823775738192367e-03
1.610913599958190001e-02
3.217100949982896335e-02
6.075908934316023857e-02
1.087810036048541679e-01
1.850616157201052103e-01
2.998581838978184311e-01
4.638295693933246477e-01
6.865081994294401913e-01
9.744901657246525239e-01
1.329698291160192003e+00
1.748125584367447249e+00
2.219397580535307224e+00
2.727311272647603868e+00
3.251269947099482138e+00
3.768316084565180191e+00
4.255340427798880221e+00
4.691050849395147715e+00
5.057408178744702276e+00
5.340425381205450961e+00
5.530411222757037670e+00
5.621859157908847493e+00
5.613206505200665219e+00
5.506625629290001100e+00
5.307895759008923520e+00
5.026291979223959316e+00
4.674360476314517676e+00
4.267448027039102421e+00
3.822913865240830766e+00
3.359046787539707424e+00
2.893803775631168307e+00
2.443547125875618509e+00
2.021968207722665056e+00
1.639348501215190046e+00
1.302238040791126261e+00
1.013550466930107863e+00
7.730040898913206338e-01
5.777940711144619046e-01
4.233668176871748789e-01
3.041802116363235275e-01
2.143632877489380084e-01
1.482258352671125268e-01
1.006030767618042721e-01
6.704725056830546093e-02
4.389430147650681679e-02
2.824052193138452266e-02
1.786314805574512263e-02
1.111346160740154382e-02
6.803512392607033096e-03
4.100114691108568132e-03
2.433457427577020212e-03
1.422987660995040293e-03
8.201837239676440169e-04
4.661596332282844850e-04
2.613666072993340488e-04
1.446215960673885050e-04
7.900536212109116291e-05
4.262751414472181627e-05
2.272479068464719265e-05
1.197427760817718992e-05
6.238756156729411491e-06
3.215157397005286842e-06
1.639512863342296288e-06
8.275326615621768429e-07
4.135795839759382835e-07
2.047288955234706985e-07
1.004117091201103863e-07
4.881018198283805049e-08
2.352283714557628289e-08
1.124219866438212179e-08
5.329922896227195963e-09
2.507387030166710567e-09
1.170771499133421957e-09
5.427373445402900224e-10
2.498547133785137595e-10
1.142552612238951471e-10
5.191147350066035421e-11
2.343979720311467867e-11
1.052082500015050088e-11
4.695162423882665335e-12
2.083786037986809204e-12
9.199231491174451211e-13
4.040523490985274445e-13
1.766040647292299124e-13
7.682943750897861561e-14
3.327385515784363921e-14
1.434859737788617479e-14
6.162072204571611412e-15
2.635925434997880974e-15
1.123322269949753963e-15
4.769956227794409197e-16
2.018529379075515316e-16
8.514053137141840581e-17
3.580026957268886161e-17
1.500897791341355698e-17
6.274733059587516249e-18
2.616262985438447031e-18
1.088104333298516450e-18
4.514628576508534618e-19
1.868932386062533286e-19
7.720428365585231020e-20
3.182878724918194916e-20
1.309733170153792800e-20
5.379988071809285785e-21
2.206306532215654608e-21
9.034109909621179198e-22
3.693919815194838399e-22
1.508406607097945525e-22
6.152098545531266873e-23
2.506373731773589251e-23
1.020066910173627090e-23
4.147755962220801643e-24
1.685154504066634547e-24
6.841438455732310283e-25
2.775711921327781674e-25
1.125531541453651380e-25
4.561768948392852277e-26
1.848145927417771728e-26
7.485152426808011678e-27
3.030815921130448806e-27
1.227001745019744899e-27
4.966938694827270829e-28
2.010577572820361006e-28
8.138996238680298797e-29
3.295092246859754368e-29
1.334255343308836163e-29
5.403959802429096645e-30
2.189341101070420240e-30
8.872960356200191328e-31
3.597512772277682591e-31
1.459281356624478759e-31
5.922459690886019312e-32
2.404996309062489612e-32
9.772329736070168748e-33
3.973513989932268290e-33
1.616833252914106834e-33
6.584000900551854728e-34
2.683294952998125598e-34
1.094510606088286319e-34
4.468514258415349515e-35
1.826063911252792815e-35
7.469576118969095616e-36
3.058581710960593406e-36
1.253732390331919789e-36
5.144773074614365583e-37
2.113585059373504843e-37
8.693214753405109552e-38
3.579833636876176709e-38
1.475982406617867011e-38
6.093251819258880935e-39
2.518720458456881393e-39
1.042525257744839176e-39
4.320971974369515790e-40
1.793397853996689832e-40
7.453905419372770921e-41
3.102519200809077520e-41
1.293240856378412391e-41
5.398701445407647197e-42
2.257118891373449684e-42
9.451151586065386829e-43
3.963599843002411874e-43
1.664864720101770039e-43
7.004242202274250582e-44
2.951515701253916256e-44
1.245773715729184841e-44
5.266856068285225373e-45
2.230436047220908446e-45
9.461536807644249149e-46
4.020448021480499007e-46
1.711335261317273869e-46
7.297101543275270853e-47
3.116928517152744249e-47
1.333738642944161649e-47
5.717262182327591599e-48
2.455188150156253400e-48
1.056249066272363667e-48
4.552376353054140590e-49
1.965646438170572391e-49
8.503016634888347649e-50
3.685070391300779948e-50
1.600030421340802593e-50
6.960248594446153308e-51
3.033468589943200681e-51
1.324574810812194339e-51
5.794814539975079778e-52
2.539991707983033310e-52
1.115470900403876555e-52
4.908182429921218190e-53
2.163828360930408562e-53
9.558012238964316995e-54
4.230170433554543797e-54
1.875842444312423430e-54
8.334616408490819098e-55
3.710462576013644424e-55
1.655106533367432265e-55
7.397440031084690531e-56
3.312810317226906042e-56
1.486528331546112155e-56
6.683640450425686085e-57
3.011049373504050123e-57
1.359217979116700462e-57
6.147919761382845187e-58
2.786354803332792919e-58
1.265362559270838997e-58
5.757911228360551707e-59
2.625350869320453794e-59
1.199452426915405938e-59
5.491016771565978111e-60
2.518820794217965686e-60
1.157756218332130954e-60
5.332278598023718962e-61
2.460848153787405965e-61
1.137976795655305402e-61
5.273013095752962827e-62
2.448281286649381114e-62
1.139045002997138461e-62
5.310037280828108041e-63
2.480454752917117271e-63
1.161026045294028279e-63
5.445394148387792953e-64
2.559134459550704196e-64
1.205127425553384171e-64
5.686545319617129575e-65
2.688680724923550903e-65
1.273809900598264987e-65
6.047057053358354573e-66
2.876450572072779297e-66
1.371015785637178266e-66
6.547868000456562497e-67
3.133491164455177054e-67
1.502544197042696504e-67
7.219304039891732825e-68
3.475615527643222763e-68
1.676623001904066237e-68
8.104110137364573987e-69
3.925006274654964198e-69
1.904755871254788295e-69
9.261920029319152446e-70
4.512572856927375904e-70
2.202965186174311899e-70
1.077580992127677910e-70
5.281408092764374098e-71
2.593615815322809659e-71
1.276192658136743074e-71
6.291874364024919462e-72
3.108103982127247732e-72
1.538371393039657215e-72
7.629137411576840686e-73
3.790850547867717834e-73
1.887309995548116616e-73
9.414418645680735072e-74
4.705283265000805178e-74
2.356233485170273833e-74
1.182195802533877660e-74
5.942884269595370121e-75
2.993230140316332423e-75
1.510483916931542276e-75
7.637011055121047878e-76
3.868656658017767220e-76
1.963471159372853642e-76
9.984228896844693283e-77
5.086607994372040468e-77
2.596353379707247749e-77
1.327758722324275980e-77
6.802873091430984307e-78
3.492057777329145027e-78
1.795908890667162786e-78
9.253349703424691659e-79
4.776649739169010291e-79
2.470333002170880008e-79
1.279950599703242687e-79
6.644073497402599416e-80
3.455230737231555517e-80
1.800192589346280416e-80
9.396325292869001567e-81
4.913513282188573808e-81
2.574062520233676827e-81
1.350942149726640196e-81
7.103018521541739427e-82
3.741411692916326620e-82
1.974295816412867331e-82
1.043688597262568543e-82
5.527254371360196527e-83
2.932415995044669103e-83
1.558537097914625753e-83
8.298163361310901611e-84
4.426066586116297056e-84
2.364955203204003546e-84
1.265886696401432816e-84
6.787841327913067958e-85
3.646124745397934131e-85
1.961970757604826264e-85
1.057579458147364259e-85
5.710727379317832204e-86
3.089061003539154172e-86
1.673852308315839864e-86
9.085789441023961284e-87
4.940407486662171053e-87
2.691024277696553491e-87
1.468344451532349740e-87
8.025926576561906920e-88
4.394622031687940759e-88
2.410516426761680463e-88
1.324539833034279310e-88
7.291075825154005047e-89
4.020651815115788757e-89
2.221199644087310299e-89
1.229347257706564389e-89
6.816613203209785876e-90
3.786891268580440297e-90
2.107812665410504173e-90
1.175528024350006504e-90
6.569080108653664230e-91
3.678472457655120696e-91
2.064165948189967612e-91
1.160808484975014101e-91
6.542473723417456708e-92
3.695874385260519494e-92
2.092744502062300681e-92
1.187874282818443617e-92
6.759472138446932301e-93
3.856354797447188258e-93
2.205961020977075502e-93
1.265350210165247693e-93
7.278661764330412372e-94
4.199100322447266849e-94
2.429745955807350077e-94
1.410266279265419592e-94
8.211306708938011188e-95
4.796549401297575826e-95
2.811155138082549197e-95
1.653151626028549438e-95
9.755378687503471784e-96
5.777094256618696832e-96
3.433504148932012152e-96
2.048122652602645616e-96
1.226282505643414471e-96
7.369968570193704368e-97
4.446353642959044407e-97
2.692940331392486878e-97
1.637394360561318689e-97
9.995430938104744474e-98
6.126150549890616239e-98
3.769870033661750167e-98
