# d_v
0.000000000000000000e+00
4.442448432519601909e+01
8.856542888620228382e+01
1.324208166185314326e+02
1.759887556782291824e+02
2.192674789003096407e+02
2.622553430876452580e+02
3.049508281374169769e+02
3.473525360124540953e+02
3.894591895649360822e+02
4.312696312200811803e+02
4.727828215275163757e+02
5.139978375881008787e+02
5.549138713639986236e+02
5.955302278797878444e+02
6.358463233223666293e+02
6.758616830473691834e+02
7.155759394996889569e+02
7.549888300556414151e+02
7.941001947941330172e+02
8.329099742040732508e+02
8.714182068350964983e+02
9.096250268984703098e+02
9.475306618248803261e+02
9.851354297855572213e+02
1.022439737183008333e+03
1.059444076117363238e+03
1.096149021834128689e+03
1.132555230158885024e+03
1.168663434924217199e+03
1.204474445393915175e+03
1.239989143689236471e+03
1.275208482221749364e+03
1.310133481137037506e+03
1.344765225773286375e+03
1.379104864138520952e+03
1.413153604410017351e+03
1.446912712459169143e+03
1.480383509404842698e+03
1.513567369198039614e+03
1.546465716240424626e+03
1.579080023039104390e+03
1.611411807899768746e+03
1.643462632660158306e+03
1.675234100465570464e+03
1.706727853587958407e+03
1.737945571289987356e+03
1.768888967735212418e+03
1.799559789945410330e+03
1.829959815805905919e+03
1.860090852119599276e+03
1.889954732710250937e+03
1.919553316575447525e+03
1.948888486089531398e+03
1.977962145256676195e+03
2.006776218014164215e+03
2.035332646585814473e+03
2.063633389885417728e+03
2.091680421969947474e+03
2.119475730542212659e+03
2.147021315502569905e+03
2.174319187549197977e+03
2.201371366826434041e+03
2.228179881620530978e+03
2.254746767102227295e+03
2.281074064115391138e+03
2.307163818011024432e+03
2.333018077525822719e+03
2.358638893704489419e+03
2.384028318864935500e+03
2.409188405605520074e+03
2.434121205853401534e+03
2.458828769953118808e+03
2.483313145794441425e+03
2.507576377978568416e+03
2.531620507021717003e+03
2.555447568595142457e+03
2.579059592800637347e+03
2.602458603480526108e+03
2.625646617561230869e+03
2.648625644429406293e+03
2.671397685339732561e+03
2.693964732853386977e+03
2.716328770306272418e+03
2.738491771306072678e+03
2.760455699257214746e+03
2.782222506912820791e+03
2.803794135952785837e+03
2.825172516587062091e+03
2.846359567183326362e+03
2.867357193918148369e+03
2.888167290450844575e+03
2.908791737619204923e+03
2.929232403156272539e+03
2.949491141427420644e+03
2.969569793186943116e+03
2.989470185353421584e+03
3.009194130803141888e+03
3.028743428180844603e+03
3.048119861727123862e+03
3.067325201121798273e+03
3.086361201342599998e+03
3.105229602538550353e+03
3.123932129917393468e+03
3.142470493646497289e+03
3.160846388766637119e+03
3.179061495118093262e+03
3.197117477278520255e+03
3.215015984512051546e+03
3.232758650729138481e+03
3.250347094456611103e+03
3.267782918817489644e+03
3.285067711520084231e+03
3.302203044855929875e+03
3.319190475706127017e+03
3.336031545555659704e+03
3.352727780515308950e+03
3.369280691350750658e+03
3.385691773518476111e+03
3.401962507208168972e+03
3.418094357391193626e+03
3.434088773874857907e+03
3.449947191362131889e+03
3.465671029516508042e+03
3.481261693031706272e+03
3.496720571705942348e+03
3.512049040520478684e+03
3.527248459722197822e+03
3.542320174909941670e+03
3.557265517124377311e+03
3.572085802941151542e+03
3.586782334567120415e+03
3.601356399939422772e+03
3.615809272827209952e+03
3.630142212935829320e+03
3.644356466013265617e+03
3.658453263958672323e+03
3.672433824932819334e+03
3.686299353470280039e+03
3.700051040593220932e+03
3.713690063926628227e+03
3.727217587814830495e+03
3.740634763439193648e+03
3.753942728936838648e+03
3.767142609520275983e+03
3.780235517597822763e+03
3.793222552894706496e+03
3.806104802574734549e+03
3.818883341362434294e+03
3.831559231665564766e+03
3.844133523697912096e+03
3.856607255602276382e+03
3.868981453573569524e+03
3.881257131981945349e+03
3.893435293495887890e+03
3.905516929205186898e+03
3.917503018743735538e+03
3.929394530412084350e+03
3.941192421299694615e+03
3.952897637406834292e+03
3.964511113766064682e+03
3.976033774563262341e+03
3.987466533258138497e+03
3.998810292704207768e+03
4.010065945268158885e+03
4.021234372948601504e+03
4.032316447494138174e+03
4.043313030520738266e+03
4.054224973628380212e+03
4.065053118516929317e+03
4.075798297101223397e+03
4.086461331625348521e+03
4.097043034776067543e+03
4.107544209795394636e+03
4.117965650592287602e+03
4.128308141853436609e+03
4.138572459153140699e+03
4.148759369062250698e+03
4.158869629256167173e+03
4.168903988621881581e+03
4.178863187364041551e+03
4.188747957110045718e+03
4.198559021014144491e+03
4.208297093860539462e+03
4.217962882165494193e+03
4.227557084278415459e+03
4.237080390481943141e+03
4.246533483090998743e+03
4.255917036550836201e+03
4.265231717534046766e+03
4.274478185036561626e+03
4.283657090472605887e+03
4.292769077768646639e+03
4.301814783456302393e+03
4.310794836764239335e+03
4.319709859709030752e+03
4.328560467185011476e+03
4.337347267053104588e+03
4.346070860228642232e+03
4.354731840768167785e+03
4.363330795955233043e+03
4.371868306385204050e+03
4.380344946049055579e+03
4.388761282416187896e+03
4.397117876516240358e+03
4.405415283019944582e+03
4.413654050318991722e+03
4.421834720604933864e+03
4.429957829947127721e+03
4.438023908369721539e+03
4.446033479927700682e+03
4.453987062781985514e+03
4.461885169273607971e+03
4.469728305996953168e+03
4.477516973872095150e+03
4.485251668216215876e+03
4.492932878814131982e+03
4.500561089987922969e+03
4.508136780665678998e+03
4.515660424449374659e+03
4.523132489681874176e+03
4.530553439513079866e+03
4.537923731965228399e+03
4.545243819997349419e+03
4.552514151568894704e+03
4.559735169702533312e+03
4.566907312546144567e+03
4.574031013434000670e+03
4.581106700947148056e+03
4.588134798973005672e+03
4.595115726764183819e+03
4.602049898996532647e+03
4.608937725826420319e+03
4.615779612947277201e+03
4.622575961645374264e+03
4.629327168854880256e+03
4.636033627212187639e+03
4.642695725109521845e+03
4.649313846747838397e+03
4.655888372189021538e+03
4.662419677407389827e+03
4.668908134340519609e+03
4.675354110939390921e+03
4.681757971217865816e+03
4.688120075301510951e+03
4.694440779475771706e+03
4.700720436233493274e+03
4.706959394321826039e+03
4.713157998788486111e+03
4.719316591027412869e+03
4.725435508823806231e+03
4.731515086398572748e+03
4.737555654452162344e+03
4.743557540207837519e+03
4.749521067454352306e+03
4.755446556588055500e+03
4.761334324654448210e+03
4.767184685389165679e+03
4.772997949258427070e+03
4.778774423498927717e+03
4.784514412157215702e+03
4.790218216128526365e+03
4.795886133195104776e+03
4.801518458064011611e+03
4.807115482404430622e+03
4.812677494884463158e+03
4.818204781207448832e+03
4.823697624147782335e+03
4.829156303586267313e+03
4.834581096544986394e+03
4.839972277221712829e+03
4.845330117023856474e+03
4.850654884601963204e+03
4.855946845882763228e+03
4.861206264101777379e+03
4.866433399835496857e+03
4.871628511033123687e+03
4.876791853047897348e+03
4.881923678667993954e+03
4.887024238147030701e+03
4.892093779234151953e+03
4.897132547203714239e+03
4.902140784884591994e+03
4.907118732689075841e+03
4.912066628641405259e+03
4.916984708405906531e+03
4.921873205314775078e+03
4.926732350395476715e+03
4.931562372397792387e+03
4.936363497820510929e+03
4.941135950937757116e+03
4.945879953824984113e+03
4.950595726384616682e+03
4.955283486371366052e+03
4.959943449417196462e+03
4.964575829055977010e+03
4.969180836747807916e+03
4.973758681903022079e+03
4.978309571905874691e+03
4.982833712137929979e+03
4.987331306001129633e+03
4.991802554940567461e+03
4.996247658466973007e+03
5.000666814178882305e+03
5.005060217784541237e+03
5.009428063123516949e+03
5.013770542188016407e+03
5.018087845143951199e+03
5.022380160351707673e+03
5.026647674386660583e+03
5.030890572059417536e+03
5.035109036435800590e+03
5.039303248856573191e+03
5.043473388956910640e+03
5.047619634685619531e+03
5.051742162324108904e+03
5.055841146505124016e+03
5.059916760231230910e+03
5.063969174893067247e+03
5.067998560287365763e+03
5.072005084634734885e+03
5.075988914597224721e+03
5.079950215295662019e+03
5.083889150326762319e+03
5.087805881780032905e+03
5.091700570254451122e+03
5.095573374874938054e+03
5.099424453308623015e+03
5.103253961780893405e+03
5.107062055091258117e+03
5.110848886628987202e+03
5.114614608388583292e+03
5.118359370985030182e+03
5.122083323668870435e+03
5.125786614341078348e+03
5.129469389567760118e+03
5.133131794594656640e+03
5.136773973361474418e+03
5.140396068516037303e+03
5.143998221428249053e+03
5.147580572203901284e+03
5.151143259698293150e+03
5.154686421529691870e+03
5.158210194092618622e+03
5.161714712570978008e+03
5.165200110951016541e+03
5.168666522034130139e+03
5.172114077449499746e+03
5.175542907666591418e+03
5.178953142007479983e+03
5.182344908659038083e+03
5.185718334684971524e+03
5.189073546037699089e+03
5.192410667570098667e+03
5.195729823047101490e+03
5.199031135157149038e+03
5.202314725523506240e+03
5.205580714715445538e+03
5.208829222259280868e+03
5.212060366649284333e+03
5.215274265358455523e+03
5.218471034849171701e+03
5.221650790583704293e+03
5.224813647034606220e+03
5.227959717694980100e+03
5.231089115088615472e+03
5.234201950780016887e+03
5.237298335384291022e+03
5.240378378576940122e+03
5.243442189103513556e+03
5.246489874789170244e+03
5.249521542548098296e+03
5.252537298392848243e+03
5.255537247443539854e+03
5.258521493936964362e+03
5.261490141235577539e+03
5.264443291836392746e+03
5.267381047379752090e+03
5.270303508658015744e+03
5.273210775624138478e+03
5.276102947400136145e+03
5.278980122285467587e+03
5.281842397765313763e+03
5.284689870518755924e+03
5.287522636426861027e+03
5.290340790580670728e+03
5.293144427289101259e+03
5.295933640086747801e+03
5.298708521741596996e+03
5.301469164262655795e+03
5.304215658907485704e+03
5.306948096189650641e+03
5.309666565886082026e+03
5.312371157044358370e+03
5.315061957989893926e+03
5.317739056333058215e+03
5.320402538976199139e+03
5.323052492120594252e+03
5.325689001273321082e+03
5.328312151254048331e+03
5.330922026201745211e+03
