# f_z
5.276531660050826078e-01
5.478397137544276374e-01
5.674115172715986644e-01
5.863449609344978386e-01
6.046229213438247818e-01
6.222342409390653195e-01
6.391732378086396604e-01
6.554391445016096718e-01
6.710355718770418809e-01
6.859699317809438979e-01
7.002529008152892365e-01
7.138979331430485020e-01
7.269207709992484556e-01
7.393389924610070940e-01
7.511715993328247354e-01
7.624387232709047835e-01
7.731611735226870952e-01
7.833602917939612720e-01
7.930576588156833528e-01
8.022748114620338322e-01
8.110332118072471896e-01
8.193539558565049452e-01
8.272577544072410305e-01
8.347647781965917835e-01
8.418946385140416711e-01
8.486662910985925956e-01
8.550979428014638950e-01
8.612071797047141652e-01
8.670107891344792650e-01
8.725248523687445523e-01
8.777646836443117051e-01
8.827448995633302431e-01
8.874793949382400182e-01
8.919813433456332818e-01
8.962632578815759032e-01
9.003369925088297032e-01
9.042137811288482041e-01
9.079042257776989144e-01
9.114183623172392723e-01
9.147656852791006266e-01
9.179551366306191174e-01
9.209951641085428742e-01
9.238937641755279317e-01
9.266584543114717576e-01
9.292963289417184303e-01
9.318141002496055370e-01
9.342180634364372072e-01
9.365141997904747884e-01
9.387081045180237782e-01
9.408050658997139104e-01
9.428101113827095370e-01
9.447279132230570475e-01
9.465629439685379065e-01
9.483193945419566839e-01
9.500011910089343203e-01
9.516121260196753751e-01
9.531556848594543441e-01
9.546351927241460977e-01
9.560537987933110937e-01
9.574144903105371585e-01
9.587200546394837319e-01
9.599731485451693525e-01
9.611762857138577143e-01
9.623318311577007123e-01
9.634420262079181896e-01
9.645089881469108839e-01
9.655347630427044692e-01
9.665211854953968951e-01
9.674701194433965590e-01
9.683832561423915131e-01
9.692622038769025394e-01
9.701084867964235858e-01
9.709235925762146335e-01
9.717088511071358958e-01
9.724656317318377541e-01
9.731951343735461002e-01
9.738985531682168295e-01
9.745770047882791332e-01
9.752315682872882974e-01
9.758632416417062361e-01
9.764729953948021457e-01
9.770617455838909171e-01
9.776303572589731816e-01
9.781796535044606777e-01
9.787104498050915868e-01
9.792235007692868809e-01
9.797194752937373741e-01
9.801990944121737881e-01
9.806629975054874659e-01
9.811118286337882077e-01
9.815461486928489521e-01
9.819665284785525916e-01
9.823735155435333599e-01
9.827676324114891226e-01
9.831493538033825308e-01
9.835191521499749845e-01
9.838774782385931728e-01
9.842247716199368224e-01
9.845614183510655870e-01
9.848878279376690470e-01
9.852043917895770830e-01
9.855114356779326457e-01
9.858093264858408533e-01
9.860983916456671494e-01
9.863789175367551065e-01
9.866512467008989873e-01
9.869156391840436804e-01
9.871724059880016000e-01
9.874217741946056393e-01
9.876640175586538506e-01
9.878993827071335110e-01
9.881281008376798791e-01
9.883503971521274689e-01
9.885664818116708386e-01
9.887765827630101700e-01
9.889808816061199659e-01
9.891795851615485802e-01
9.893728309423291956e-01
9.895608643482464162e-01
9.897438227549187895e-01
9.899218683871696678e-01
9.900951589663807839e-01
9.902638382391343308e-01
9.904280759780988985e-01
9.905879925541667408e-01
9.907437363186457624e-01
9.908954270529861663e-01
9.910431931690599772e-01
9.911871513097358921e-01
9.913274343572026082e-01
9.914641355674950196e-01
9.915973614483802878e-01
9.917272411762204642e-01
9.918538468537413388e-01
9.919772911039893559e-01
9.920976523576882089e-01
9.922150554631264940e-01
9.923295544915402555e-01
9.924412431280839053e-01
9.925502092649327590e-01
9.926565114543695056e-01
9.927602458236557403e-01
9.928614828698021366e-01
9.929602858581064728e-01
9.930567354401089730e-01
9.931508871001897276e-01
9.932427998110201495e-01
9.933325423871435245e-01
9.934201711107318866e-01
9.935057548164202279e-01
