# lsst_simulation
2.205525308968978021e-09
1.934196721605417020e-09
1.182302053401454539e-09
7.192062398198109477e-10
4.870331544774053992e-10
3.473473574672116051e-10
2.380911975388350038e-10
1.555812810033306720e-10
1.161187798589219059e-10
7.881876760978128637e-11
5.070144194725817779e-11
2.904903495698035373e-11
1.748432931222046797e-11
8.619446911251238616e-12
5.099345942410774754e-12
3.789848625407777371e-09
2.573064436072839411e-09
1.988589587080476874e-09
1.170127623342963920e-09
7.538352930915364220e-10
5.264258590698111798e-10
3.730425208450662148e-10
2.555649647606978225e-10
1.788161756782534688e-10
1.218481847770484363e-10
7.754601853734801118e-11
4.571118942913804906e-11
3.023905958178123429e-11
1.691441562930590325e-11
9.615655069594807502e-12
3.749313782013621106e-09
2.435220528834679406e-09
1.840526437326934122e-09
1.144366700533119385e-09
7.004524493395059496e-10
5.327251851939372875e-10
3.545856769483498272e-10
2.239424607499897230e-10
1.729790391171369959e-10
1.224016449499084736e-10
7.918810954274895016e-11
4.953248334548829492e-11
2.901701811555993092e-11
1.532323241610763001e-11
7.819385760554610789e-12
3.920304706697320817e-09
2.236810050177276663e-09
1.674694785823981956e-09
1.156669257793924309e-09
7.411987524569505844e-10
5.432177948477431518e-10
3.772278455619932443e-10
2.237321138973087111e-10
1.792797501547191686e-10
1.195167344601583320e-10
8.099833682455687369e-11
4.865599022350519849e-11
2.872234751444399850e-11
1.702181714741871851e-11
6.887697180689363005e-12
3.321581986998767461e-09
2.186505011564556741e-09
1.719832511846295312e-09
1.148686235883511168e-09
7.491467098351355303e-10
5.506317074184490869e-10
3.696838282509033925e-10
2.060000682079392473e-10
1.745098946711531820e-10
1.208507395227482603e-10
7.751259946567296468e-11
4.599524878059197119e-11
2.854980345008181551e-11
1.558448403092228255e-11
7.076239892900571022e-12
1.322179093312948720e-08
9.500500489693115922e-09
7.051230454099396685e-09
4.620141106345207840e-09
3.366177040832006073e-09
2.173915725933140958e-09
1.440315169195866332e-09
9.423020246881088278e-10
6.425890667246412017e-10
4.374438132362507328e-10
3.047947186712157449e-10
2.025301221713720256e-10
1.331462618495799207e-10
7.973571517786292369e-11
5.037126457129746869e-11
1.714454970591938658e-08
1.227369314851184273e-08
9.234262583740694192e-09
5.958529120758297052e-09
4.345601535560435007e-09
2.842540579298328419e-09
1.830996561285786464e-09
1.171449872827970209e-09
8.147824876444481926e-10
5.594593474020802082e-10
3.774383050831147346e-10
2.586379488891043123e-10
1.746601212786900534e-10
1.062277337959776096e-10
6.538247146627646020e-11
1.932470119641337799e-08
1.372838700783284936e-08
1.052562040985477424e-08
6.487149637579803871e-09
4.813219693849899281e-09
3.168555253412816307e-09
2.024834737104199854e-09
1.276796310118593999e-09
8.883455236082869812e-10
6.136567929935663255e-10
4.263226360317110843e-10
2.884967528435090784e-10
1.918879987333351532e-10
1.209970648123150982e-10
7.342260058706213158e-11
2.124729555857040081e-08
1.485105139996525836e-08
1.158046572190950445e-08
6.950006238392261851e-09
5.112025556390351980e-09
3.440800882149357002e-09
2.200884525909871944e-09
1.368012540293815026e-09
9.585753931737552684e-10
6.639978031725450544e-10
4.576392040218893333e-10
3.072667680813559123e-10
2.103778897048507759e-10
1.310970691754028729e-10
7.879188683275282098e-11
2.704242834685170256e-08
1.982534988518907425e-08
1.546377133435883628e-08
1.022005599168635294e-08
7.631584622906302112e-09
4.997648239878411090e-09
3.212316927864718966e-09
2.044814425363448952e-09
1.367437308562195275e-09
9.225810349870415869e-10
6.217551351812813582e-10
4.235193290231269056e-10
2.903817337575577721e-10
1.869303504019351273e-10
1.163309045974907727e-10
3.343240703768677742e-08
2.448623224500983156e-08
1.884470029602815970e-08
1.259161345866794579e-08
9.454366068580784266e-09
6.376338481870670794e-09
4.050086483353175607e-09
2.588173462800872715e-09
1.710201165753997118e-09
1.135354061267997264e-09
7.643676038881332887e-10
5.288887559285566184e-10
3.567041478643638444e-10
2.332871655085534466e-10
1.482137899905987320e-10
3.845829296089532449e-08
2.833286215574696425e-08
2.146591530775844088e-08
1.458967536260375946e-08
1.077269333266751116e-08
7.482221469101677275e-09
4.680692372030672058e-09
3.025087493015808417e-09
1.955810518641846705e-09
1.297451132992422615e-09
8.766443409514120587e-10
5.990747913042399878e-10
4.139500623694336987e-10
2.687754240049420646e-10
1.744486326519548474e-10
4.623011079426721480e-08
3.462980360725345745e-08
2.616502269271966115e-08
1.829998567933447280e-08
1.375195309390244102e-08
9.740803270772988698e-09
6.224991481241663037e-09
3.930042834524846074e-09
2.606311314635424316e-09
1.682858289988963912e-09
1.122243892298515102e-09
7.523596430200423352e-10
5.103579941476176193e-10
3.362654316164760212e-10
2.179887231207941746e-10
5.774197006975742371e-08
4.370256708871885485e-08
3.218169180843899019e-08
2.316352611524578338e-08
1.747222777289038531e-08
1.274111386004120382e-08
8.165754213379953652e-09
5.170501755040047477e-09
3.352710079243287359e-09
2.167186021943979380e-09
1.426982348655567730e-09
9.542736180207065655e-10
6.459564654061065766e-10
4.272200520886818300e-10
2.815274037830327323e-10
7.837826907398835293e-08
6.109781978887618203e-08
4.584459765682303521e-08
3.467605659157498724e-08
2.687253991575921249e-08
2.004642722577450137e-08
1.326094115874972034e-08
8.593373460028025063e-09
5.442698769607211563e-09
3.471013603807721120e-09
2.244807654013177896e-09
1.454551400460594161e-09
9.686739142925571858e-10
6.372596389202226014e-10
4.199052243166383632e-10
4.735724394567135789e-07
3.214649899512463358e-07
2.450251486437162867e-07
1.484513302796936041e-07
9.988776334043535425e-08
6.536099812202159913e-08
4.665031297414383755e-08
2.971659566025842098e-08
2.127577796577759925e-08
1.496124751892747588e-08
9.751076922520707318e-09
6.519164319760509155e-09
4.096404151954427319e-09
2.446120524991554474e-09
1.363581124954336432e-09
1.477391332458103301e-06
1.072620535168452580e-06
7.535039639140796748e-07
5.067779729229694421e-07
3.605635508456345032e-07
2.258096321551535100e-07
1.535734010910893080e-07
9.876047837003705575e-08
6.840511551330207491e-08
4.806791442714232694e-08
3.320656308354878600e-08
2.252045309353161271e-08
1.481884333314658619e-08
8.995685080498221623e-09
5.295272205660622270e-09
1.804562089423124153e-06
1.289650259938759836e-06
9.367897564299091118e-07
6.228289833088237551e-07
4.362197423989216957e-07
2.780960586797690099e-07
1.821294551560263395e-07
1.166840377984677339e-07
8.195027228332820294e-08
5.801050864076532139e-08
3.974684101098646476e-08
2.741463049509736733e-08
1.795212420379687227e-08
1.101165532098201584e-08
6.482643201618912863e-09
2.008916156151869723e-06
1.433061952736723141e-06
1.063768548821970860e-06
6.810749812577489623e-07
4.825497012280276391e-07
3.120004011785014072e-07
2.022948515466091161e-07
1.267925529174431222e-07
8.878253815192382937e-08
6.310346366180402522e-08
4.407913956923664216e-08
3.031867210149793615e-08
1.981053325032606678e-08
1.223870666165872649e-08
7.171683313215450653e-09
2.152656704358407396e-06
1.558085657855591070e-06
1.140352588385724704e-06
7.352560501908855440e-07
5.150396023463779478e-07
3.408992610046905587e-07
2.197906682766705001e-07
1.350929552066839797e-07
9.546423538392285076e-08
6.724320800578202107e-08
4.725937812294942096e-08
3.244679624352765056e-08
2.144365437916074188e-08
1.321710909839852725e-08
7.756956336481416755e-09
-1.061680727359584708e-07
-9.703145407072515627e-08
-5.027802464918034082e-08
-3.937612919194170855e-08
-2.927526562974999184e-08
-1.303376528588226272e-08
-9.993981807826279215e-09
-6.890109218146549369e-09
-4.240214267662430993e-09
-3.049145087935140685e-09
-1.835581007041531190e-09
-1.390555567265804238e-09
-9.662197082174095979e-10
-6.647386222352858023e-10
-4.252153945073603503e-10
5.842315228179919460e-07
4.440628289505562640e-07
3.595055872747983998e-07
2.516039093648730426e-07
1.899366134977456379e-07
1.289349952908794698e-07
7.876842627857390741e-08
4.992397851003502994e-08
3.212324305469992914e-08
2.111727716922470440e-08
1.456242426374164087e-08
1.028128138237588961e-08
7.359079949968935822e-09
4.925030843892833889e-09
3.207977249903163902e-09
1.108171072531808710e-06
8.363693639892560091e-07
6.526775330650054803e-07
4.574107923676208542e-07
3.622614151197390263e-07
2.313192291841909591e-07
1.437622503556809607e-07
9.109906796407969763e-08
5.789982967867709298e-08
3.783627978352672653e-08
2.583013973374991219e-08
1.821572146382666855e-08
1.298429606246174053e-08
8.854823068922488953e-09
5.818965405564245870e-09
1.430105340574518065e-06
1.092550348507280215e-06
7.899911687996818967e-07
5.516367177525429651e-07
4.395670552330168801e-07
2.887540418632161297e-07
1.776699457800660868e-07
1.123514159362910107e-07
7.218512593714711260e-08
4.700972978563701317e-08
3.208778590198678074e-08
2.254742857283745098e-08
1.620947122380733443e-08
1.100680312041161699e-08
7.176262821979630914e-09
1.754881759038539711e-06
1.282209126182243213e-06
8.743465606969250038e-07
6.253679784976999019e-07
5.017455110581755179e-07
3.381267093931470047e-07
2.091890239162628678e-07
1.315685527952003753e-07
8.365898045113112593e-08
5.453206920311948049e-08
3.739171163222841478e-08
2.616949659060242464e-08
1.877774062715586090e-08
1.280332672578364865e-08
8.308649901975314970e-09
-2.676256505050135481e-08
-4.573713836275664851e-08
-3.900862079207181164e-08
-9.972894176831917164e-09
-1.661605128263809387e-08
-7.758432054278163538e-09
-5.286738606017561789e-09
-4.002223329853421534e-09
-2.020469668572690890e-09
-1.681376358647230229e-09
-9.531560878214928838e-10
-6.430839872369625060e-10
-5.487837779351574544e-10
-3.510120486676327795e-10
-2.190796582779903081e-10
1.983489740570996125e-07
4.519596789077329447e-08
1.010461493429803046e-07
3.922668593156891324e-08
3.890254779591385264e-08
2.958967847006843051e-08
1.582844119656625040e-08
8.670660502875062751e-09
6.067218408536905073e-09
4.178358429166313477e-09
2.963983455241995535e-09
1.989731502153313237e-09
1.368429773154486568e-09
9.789509538856647028e-10
6.326474290039763249e-10
7.310042536457902442e-07
4.933162705409762745e-07
4.562702668543836125e-07
3.004009993555447141e-07
2.374028932926260678e-07
1.648272942404106667e-07
1.063294184521749794e-07
6.462656690137012495e-08
3.977899800561961468e-08
2.570683935442158552e-08
1.691069208456028788e-08
1.150184885775177917e-08
8.130434645618987863e-09
5.631016315842291634e-09
3.919392255237299364e-09
1.092928490240142478e-06
7.284151540836703422e-07
6.230705043737505966e-07
4.361465153968479146e-07
3.372929070940501792e-07
2.398597695630074353e-07
1.534667775482133475e-07
9.669324803387245447e-08
5.996194232024125947e-08
3.816223610256284246e-08
2.467336340601739685e-08
1.674203713842770326e-08
1.180880933163893265e-08
8.238967534771742834e-09
5.641494322239392093e-09
1.374059229710336142e-06
9.600510957615042973e-07
7.905297828265655893e-07
5.489764895437656173e-07
4.310358283606846621e-07
3.127214476512202828e-07
1.927929512688799737e-07
1.245773696087582973e-07
7.501055894088245795e-08
4.792368043045149311e-08
3.135473741997884456e-08
2.108840827003814783e-08
1.489708322107992305e-08
1.043511808905457083e-08
7.171579539914107820e-09
8.900012325732491258e-09
-5.647259373599911205e-09
-1.119305402472634960e-08
-2.220092406001107531e-09
-8.627093193083786583e-10
1.004477843890779590e-09
1.875855726994923328e-10
-1.432622805043960044e-09
-2.483501835862566946e-10
-1.355180813186635615e-10
8.975233753656643239e-11
-1.495005106174460968e-10
-1.253959863682066583e-11
-1.814028765985050082e-11
-2.577740777464582215e-11
1.431386557695864101e-08
-6.449376151467683443e-09
-2.131186186981809173e-09
-3.185824792092901721e-08
-2.033962211777763582e-08
-1.100849976448026781e-08
-1.117506424784470873e-08
-6.515043634156619917e-09
-3.568214502608293011e-09
-2.162259898569113100e-09
-1.327350096399044155e-09
-9.282870212519110440e-10
-5.740422287160278390e-10
-4.099847295290180861e-10
-2.877958576614045804e-10
3.607356642048623104e-07
2.895349662023832636e-07
2.189805219611501527e-07
1.547760293252158732e-07
1.141005920144847657e-07
9.206743113131469879e-08
5.485100496143790944e-08
3.701598400840910512e-08
2.351159407267010511e-08
1.408013200470240440e-08
9.028937253384975267e-09
5.856555748152221384e-09
4.002763467630158036e-09
2.793731490682397378e-09
1.950271533166596814e-09
6.989823452585482435e-07
5.595972068155219825e-07
4.026030711857854420e-07
3.333619619824108169e-07
2.317989042057736768e-07
1.928652350531727371e-07
1.176514903378506614e-07
7.896172684516336150e-08
4.938090396682694040e-08
3.013644141998327184e-08
1.896937610876425497e-08
1.219712910893572917e-08
8.306505646799795323e-09
5.776989247503607884e-09
4.018632795796610446e-09
9.937112221778218169e-07
8.227677780375730991e-07
5.344259457448732659e-07
4.752511397970161544e-07
3.240648114240861957e-07
2.787795249101412753e-07
1.681147959559791102e-07
1.148144376552257992e-07
6.904917890413401466e-08
4.255815839391976641e-08
2.698254576788147839e-08
1.734015985204405653e-08
1.178404804994074684e-08
8.165035619978139366e-09
5.730325007790697263e-09
-1.190592340301957777e-08
-5.362589695278376647e-09
-3.966825593089208611e-09
4.329243619240015228e-09
3.652943902888782297e-09
4.374292532052086567e-11
6.662011111358481425e-11
-2.596964623878402047e-10
4.728198995405183167e-12
1.386393308021863486e-11
3.604941059250280643e-11
1.910326009791477338e-11
4.171635129181011666e-12
4.090772669183639331e-11
-7.627584090084478805e-13
-1.164763997460519507e-08
1.594831041089478389e-08
-6.952872982795207732e-09
-9.962098637393909060e-09
-9.279461856309210001e-09
-5.805800079261778004e-09
-3.910156189887736965e-09
-3.720437904252885612e-09
-1.449899460027040122e-09
-1.191997911779154257e-09
-6.264942910767618455e-10
-4.294166433430999999e-10
-3.334408658193520874e-10
-1.766614461345648195e-10
-1.383061055165574183e-10
7.867409644768694036e-08
7.375262373985143065e-08
3.979330971828168961e-08
1.974143153422694187e-08
1.587051366147199085e-08
2.245199742143170437e-08
1.266025535552931201e-08
9.786809680585009694e-09
4.470388893853195606e-09
2.800692021553706245e-09
1.942896212393293922e-09
1.200803012834312653e-09
8.769170641839534065e-10
5.659935553131667984e-10
3.932343729993538746e-10
3.939483753074393816e-07
3.313547215842809830e-07
2.623431614442713587e-07
1.996697219273063202e-07
1.567321445370942974e-07
1.332200837962201896e-07
9.058406086750745906e-08
5.747321988293081388e-08
3.447717744364862546e-08
2.158668056119134994e-08
1.330186317892833821e-08
8.337303115692004479e-09
5.431212688503710605e-09
3.717566186804634175e-09
2.570472890892175055e-09
6.621923425118990159e-07
5.337619540798415677e-07
4.370384043013613346e-07
3.535029679929999101e-07
2.750645030768220291e-07
2.237377177657027434e-07
1.503206264510924052e-07
9.775628183365589380e-08
5.822678736570380563e-08
3.669879108878672093e-08
2.268817231038742781e-08
1.421046860774879969e-08
9.245145207071816233e-09
6.278194834764770865e-09
4.368515815832397843e-09
-3.545268109081696921e-09
-9.938641278339228781e-09
-9.447041089011415954e-10
-5.665856018742685643e-09
5.707784089746788157e-09
2.723010126179869464e-09
9.869043325253900914e-10
1.086133431551705117e-10
-1.764697371602459607e-10
5.340322400758393860e-11
8.123027907333479552e-11
7.925711824477972298e-12
-2.653182556323761682e-11
5.606540902460919447e-12
-1.439267771040607620e-12
7.136447582103885989e-09
-6.531855368727065896e-09
7.907597746829943189e-09
-1.597374141562977074e-09
-9.716868120172631838e-10
1.952382506016444423e-10
8.768998869469150995e-10
-3.571372265187751183e-10
-2.521275745255959844e-10
-5.811354913698297093e-11
7.978224878775361745e-11
-9.020836316544419687e-11
-5.181750073603779399e-11
-1.182110482931476284e-11
-2.173510503898308256e-11
7.842225061262022466e-09
-4.012030680642396714e-08
-3.827623916734170660e-08
-1.685416635045386986e-08
-1.301655732792035779e-08
-7.525091805229638357e-09
-5.570783019318856346e-09
-3.515735761998607154e-09
-2.664895095546317161e-09
-1.957093098995228328e-09
-9.713873685469875248e-10
-5.208405268925262666e-10
-3.170326303142470738e-10
-2.309762254635494808e-10
-1.673773886382178829e-10
1.958457109072824793e-07
1.555570004169911646e-07
1.140744170340360836e-07
1.100319474749020535e-07
9.436621301184568081e-08
6.968576837326142482e-08
5.355778006558642110e-08
2.993149707604139825e-08
2.035450475884423438e-08
1.225409697845641138e-08
7.554742728066808466e-09
4.681072157443853454e-09
2.880590911320432131e-09
1.930840095731533339e-09
1.322186834449267310e-09
4.220867777668814468e-07
3.617133926449799051e-07
2.991313840114193775e-07
2.586044756579975140e-07
2.315274881740408152e-07
1.659368645384719423e-07
1.290118140913019769e-07
7.554100973854612624e-08
5.060047738034829277e-08
3.038300926113469340e-08
1.838026724400412819e-08
1.127764454902201625e-08
7.099160471893700914e-09
4.672339568159638906e-09
3.154902094168050959e-09
-1.544462879812899136e-08
7.427158382808296836e-09
6.516595627997011293e-09
2.240450912955528915e-09
7.568322232524500002e-10
-1.062416359609932700e-09
-8.150636415665582345e-10
-5.905940950897238334e-10
-1.426606990063749239e-10
1.936048793641478998e-10
-4.805035460654545692e-11
-3.743989166120133984e-11
4.245603072318995919e-12
8.240985051182259580e-12
-1.195657053367546392e-11
-1.637399246356035889e-08
-3.550222050327272770e-09
1.046816241555159637e-09
-6.081565042058683749e-09
-3.085313155152489155e-09
-1.314427119628725949e-09
2.073238027671592331e-09
-4.839574900732236826e-11
-1.973179330262019662e-10
2.099847782813384601e-10
-8.713740534369644321e-11
-1.096194588451447677e-11
-2.323285426208152046e-11
-1.656931475459414590e-11
-7.899785446577107647e-12
-1.991444176778226547e-08
-6.648774828375577124e-09
-1.459784536643324213e-08
-1.365791503442593855e-08
-1.687209813276564346e-09
-6.531818206490538165e-09
-3.194137181988719773e-09
-1.857994434628947166e-09
-1.030656901476776797e-09
-7.688198027944914328e-10
-4.575042042252125302e-10
-3.021145681021232059e-10
-1.787279331162535937e-10
-1.359172878893022371e-10
-6.008522254655019739e-11
5.544309197940142110e-08
7.236317902116972075e-08
3.177860463462563410e-08
1.297654868040362582e-08
2.847785516633241777e-08
1.640555542146570286e-08
1.498723660635623097e-08
8.136643091771064054e-09
5.792087339459114603e-09
3.657578365485546494e-09
2.066220880555757959e-09
1.220246756753189786e-09
7.418259752742440502e-10
4.769847500943289943e-10
3.236413351648471520e-10
2.443274237810532502e-07
2.564432005143194111e-07
2.142786219031493672e-07
1.683898554277757700e-07
1.654302412545635435e-07
1.161849716107058499e-07
9.487139196022459891e-08
5.988958648976372378e-08
3.983700332008327430e-08
2.380570976214793892e-08
1.433974929190550419e-08
8.532305573147726831e-09
5.270829855501928192e-09
3.267284696528467065e-09
2.169100341333486441e-09
-1.465558412737730802e-08
2.540845830920261803e-09
5.424710974627810783e-11
-1.239456390357240101e-10
-1.969535048282476326e-10
1.049368250665455560e-09
-1.083358249539392469e-09
-3.250656361836909997e-10
-6.118837178084938057e-11
-1.378247975325261528e-10
-4.076793809283206698e-11
2.037801787830654345e-11
1.060694280172022592e-11
8.675275487265005972e-12
2.821963868133768453e-12
-5.192253505580788256e-09
-6.493703879520306733e-09
-1.336277508349555613e-08
-3.366147435342851322e-09
-3.810211797336926318e-09
7.740632910014877168e-10
-1.309817014792032702e-09
-6.671436565105911401e-11
-6.531108909000207517e-12
7.065888074926993551e-11
-4.207966233404592740e-11
1.595007827615230262e-11
4.037561465232122441e-11
-1.119757121272031662e-11
6.075773062002613047e-12
-2.082555992157974442e-09
4.954921254868461733e-09
-1.369992214773798801e-08
-1.197622162277257128e-10
-8.215546218623195447e-09
1.905728771453583702e-09
-2.658430433773328235e-09
1.410918466765324827e-10
-4.364537741622514222e-10
1.614558987380278886e-10
9.932742118686967619e-12
-7.942485918069627591e-11
-2.427242813242452350e-11
-8.463115063251991558e-12
-4.519440547370251762e-12
1.440755899457591939e-08
2.499540123097840561e-09
-3.208126689724047444e-08
-1.067972093940291793e-08
-1.603235892189835385e-08
1.809404041333275956e-09
-4.692845730061756669e-09
-2.160132316068067744e-09
-1.742918628191749176e-09
-4.904840743386640361e-10
-3.783448335244335428e-10
-2.201056462394700897e-10
-2.030765110465378214e-10
-9.043477707354108971e-11
-6.390713053670353861e-11
1.408819313181206057e-07
1.280526040637942150e-07
9.788462065226971581e-08
1.095417534262356940e-07
8.533408442451425394e-08
8.011740763040870076e-08
5.281627084598319679e-08
4.104456245024610104e-08
2.395088594495411528e-08
1.554710987174997930e-08
9.221220819479097136e-09
5.499666588695854020e-09
3.263579012266788741e-09
1.996724597603317717e-09
1.267025074027152881e-09
8.430639774359391718e-10
-5.434249697560660745e-10
2.654370375959616284e-09
1.616898553617512305e-09
-2.887863899024921971e-09
-6.735329152294983744e-10
-1.318139987302107746e-10
-1.580059170031261942e-10
-3.207048166709078963e-11
5.716798800668289223e-11
-3.279013549311677294e-11
-2.377618834232457428e-11
1.730534713574719371e-11
2.041427945617046749e-12
-4.500072787660913511e-12
1.134525077217489544e-08
-2.682973234234188670e-09
5.150547114014171351e-09
9.780996288517696323e-09
-1.583340383884318635e-09
-1.330123402208753132e-10
-3.340431165550805127e-10
1.473142439561288223e-10
3.672167613114484778e-11
-7.221221879110423146e-11
1.551447042167017604e-11
-5.973689732428100245e-11
4.774773585047512791e-12
1.841810055320110815e-11
-6.978585984946180591e-12
1.134171956295510491e-08
1.684709532452681135e-09
1.271295429097415728e-09
9.063661100220712102e-09
-2.720151929878919861e-09
1.782557144188686464e-09
-4.714166878015837858e-11
7.949028516785878913e-10
1.282590276333101489e-10
-5.352788669378475849e-11
-2.323010012172937210e-11
9.221909099818896031e-12
-1.638367929728645048e-11
1.163204631937594630e-11
4.017059512891955546e-12
1.878959340971427107e-08
-7.919197628691864424e-09
-1.632154228706962535e-08
4.791839065726908683e-09
-3.536084839870607556e-09
1.386083047067919947e-09
-1.447832964338465022e-09
1.432213481024498088e-10
6.833822137555868132e-11
-1.538610495577332525e-10
-1.154032415732381035e-10
-8.826666094956567443e-11
-7.419180812140117669e-11
-1.683450977946360371e-11
-2.022152865720605277e-11
5.258169519171820424e-08
3.226075471725210871e-08
2.220447597256375021e-08
4.204194265531423437e-08
3.512462381624316806e-08
3.136448943447999413e-08
2.158720934654464133e-08
1.746326797573920457e-08
1.036890700449514615e-08
6.674283855672978577e-09
3.895308153581145382e-09
2.190005447515011473e-09
1.298259838762384085e-09
7.912931647768314271e-10
4.645503693118691800e-10
1.246921058611923350e-09
3.927597370891506346e-09
-8.635573402108103952e-10
-4.955820725370754115e-10
7.155164134368400708e-10
-3.474680552000718404e-10
-5.293905379845154962e-10
-5.868217475348731073e-11
2.832604874066724037e-13
4.377733835148315382e-11
-2.443088329642289226e-11
-1.500964264311996783e-11
1.007881933996067621e-11
1.835766439745075140e-12
-3.223667828065178437e-12
2.807268591437662332e-09
4.479856475252591583e-09
-3.783357681506296885e-10
2.986326164289561603e-09
6.456432797855068838e-11
1.496355862270112513e-10
-1.060176245479496000e-10
1.623778294170791663e-11
1.479969712249095319e-11
-3.891729226800532335e-11
1.479706592886624395e-11
-1.508755172465640748e-11
-5.076346130092304855e-12
1.765969636151442550e-12
2.158213267135065582e-12
7.539602240618702922e-09
1.815318616894454768e-10
3.876819937332389260e-09
1.679102043729081690e-09
-3.320415503554203299e-10
7.264303264804886287e-10
-9.310648564050033956e-10
2.841190342752649201e-10
-1.097820823410994231e-10
-3.401276621911235834e-11
3.124007019018248604e-11
-4.595332262854118588e-12
1.157246386832990792e-12
-3.023276724743768028e-12
4.801432939924850227e-12
-1.666735686209356342e-10
-4.918094989405195535e-09
-1.488319428067258201e-09
-2.422457461400396909e-10
1.211253924899905087e-09
-4.002025559113822027e-10
-1.005668183850598607e-09
-2.291335654031458046e-10
-1.581860420950035560e-10
8.180614725992719847e-12
2.262112501053094796e-11
-1.882912313117730871e-11
3.795685830611100490e-12
5.116906949813295390e-13
4.446244433134170193e-12
1.520962658601170943e-09
3.612633298209233777e-09
1.643776145369377064e-10
-2.650315002908181810e-09
4.860824588368651919e-09
2.889764329982205082e-09
1.033137273556777837e-09
2.315981838371888552e-09
1.416328832120033064e-09
1.022168396926146286e-09
6.798940723822493011e-10
3.109594365875800342e-10
2.061645722691385327e-10
1.229507834341330708e-10
7.457467827106085048e-11
1.963655824000281821e-04
1.403090638033568861e-04
1.001308660352406100e-04
6.796165854592731224e-05
4.753335487337236048e-05
2.899020768506408450e-05
1.973165605444209651e-05
1.283568825781157091e-05
8.778502533002352715e-06
6.231329068758529805e-06
4.362917403993954945e-06
2.991899751033766274e-06
1.956779440294707336e-06
1.206876905697511529e-06
7.041985201548577372e-07
2.592027745257848600e-05
2.182063028421158977e-05
1.377869136863232272e-05
1.069171927734603752e-05
8.273097242101583377e-06
6.000498266762164310e-06
3.480114832993621267e-06
2.070650469796595242e-06
1.324334744068214532e-06
9.357146293048175271e-07
6.647099824919141346e-07
4.686905715128418718e-07
3.312316209264879553e-07
2.195781554048512712e-07
1.387500753280120025e-07
5.578603722103907219e-06
-7.965797556798518350e-06
2.485323005045333274e-06
-7.354004358138408731e-07
-1.151361293593075092e-07
1.876537166704919808e-07
1.374050602860293525e-07
-2.255557182174215199e-07
-2.770222095302825756e-08
1.394357552930446569e-08
1.032964524259343631e-09
6.306056881218883508e-09
4.439356899706535040e-09
7.876372979046048380e-10
7.914475122059160180e-10
4.335229646415046762e-06
3.803311458980797161e-06
2.102742391550712803e-06
1.125515955973668211e-06
2.232657122679959071e-08
5.205354293979197897e-07
-9.650568529790529876e-08
-1.024378879011208259e-07
1.585924568328691548e-08
-4.399746827342431206e-09
4.418571598047474562e-09
2.908925186844182694e-10
2.519675118618714984e-09
-5.514736796278410135e-10
1.161202454565543787e-10
2.390450156193245754e-06
4.862753302993327883e-06
1.715583180415420647e-06
6.008829079075102277e-07
-4.264364534789991929e-07
3.138063147798991790e-07
3.673587903919197294e-08
-4.720314819842294391e-08
-5.949285679568401585e-09
-2.291483764502239012e-08
-1.388073256695691169e-09
4.788884226482432368e-09
1.567085271502782689e-09
1.026879065576958215e-10
-1.278727980391797391e-10
-1.705875149140856925e-07
8.229460240213930582e-07
1.334760117721779403e-06
-8.194167725638147805e-07
5.825910891239240542e-08
6.960740323045491611e-08
1.000903942991378031e-07
-1.971862102994888906e-08
-3.207646279013874725e-08
-1.573397923161003920e-08
6.604823373766140783e-09
4.713781470634712604e-09
2.886168958646191636e-09
6.909844348420615807e-10
1.973499744645610659e-11
-2.639176723738945213e-06
-5.203244944964780253e-07
-1.847199248465299863e-07
-4.343769618049384174e-07
4.194429220881895376e-07
-1.146492097748201727e-07
1.235216766682589693e-07
-1.095515312834997767e-07
-1.211786275518703933e-08
1.544435899217301469e-09
1.648180282787009707e-09
-7.848530502434793457e-10
-4.080593185724790532e-10
-4.422087621982430491e-10
1.431557166627350214e-11
-4.280747336734959184e-07
2.856074433043460484e-07
-1.809660749562726587e-06
9.900803313017440180e-08
-2.427963256538173603e-07
2.073653458330278515e-07
-1.231027801251633950e-07
1.193360127580479816e-09
1.491675542861880669e-09
5.090154247064091114e-09
-2.193139830312101454e-09
-2.182657155391552386e-09
8.316551176161551989e-11
-2.180238113042830379e-10
-1.949892651691098505e-11
1.789767384229979879e-06
-5.725457166428995415e-07
7.524608461751781141e-07
6.618007807152410071e-07
-3.394669981276873822e-07
4.687369143745338581e-09
2.404159814572552890e-08
3.205895972624718675e-08
1.655258978745214093e-08
-4.226689110166914684e-09
-4.730252769098867798e-09
-1.540615145241646117e-09
-5.818600827123009709e-10
5.749607735919767665e-10
-3.110329945270604294e-10
-6.556596999771908914e-08
6.776255709408361131e-07
4.666665293340903130e-08
1.920456896339917282e-07
3.085294844556898471e-08
-1.074307527240232009e-07
-4.783857756454646334e-08
1.687980046000736971e-08
-1.874366990588142004e-09
-2.725380703561688517e-09
-1.442854943202271873e-09
-4.979243484999023903e-10
-3.665732565807492646e-10
2.679608853586758905e-10
-9.614849284978575338e-12
1.247131314309104903e-04
9.356390075551784791e-05
7.171135986777828208e-05
5.256029455702723908e-05
4.035542728036410111e-05
2.491241088483890377e-05
1.565519644111850050e-05
1.000662768638560571e-05
6.354970024222864357e-06
4.140290956136831184e-06
2.825345634822373723e-06
1.997620180622324087e-06
1.418864455090236751e-06
9.779804273176198192e-07
6.341841944578765225e-07
3.387977585390447024e-05
2.161836731862207096e-05
1.828447912683513034e-05
1.175309612113183727e-05
9.823772744390405203e-06
5.979809628983665817e-06
3.950506727852150788e-06
2.502142584800101009e-06
1.538141961452584739e-06
1.004467867508794572e-06
6.560190395389809101e-07
4.541852504556648089e-07
3.253063176102670949e-07
2.272807272049296138e-07
1.528577510240548106e-07
1.213619636369344681e-06
2.673464493436303870e-06
1.884097996230517290e-06
-9.659498284314028288e-07
-3.579420423166770681e-07
1.607271162986867709e-07
-4.350066594849921192e-08
4.755462355511840133e-08
6.070543196907444860e-08
2.070883999662079081e-08
9.711125865371538337e-09
2.696219180233126471e-09
6.631992816420129520e-09
4.098895359813213095e-09
2.295755299090069575e-09
2.769933922950867290e-06
3.640286660451438917e-06
-1.432999002905363937e-06
-1.731210844665065488e-06
-6.716927468098446108e-07
1.744050211215713061e-07
1.135957321036388494e-08
3.786256502460952644e-08
-2.285655104218736592e-08
-5.975574281915648052e-09
6.853068815072073475e-09
-5.073844270485637038e-09
1.801464370977177749e-09
4.910936303577125457e-10
-4.798310597778352658e-10
4.134973034510300527e-06
-1.337981721797029644e-06
-3.018571781334806937e-06
-2.386989944358853155e-07
-3.583980399947987052e-07
1.994209713274930569e-07
6.086097564091614191e-08
6.913776466356244871e-09
2.172113650941502126e-08
-8.778362314948646502e-09
-1.762019667960964696e-09
-2.150350665891314085e-09
6.223558819318815193e-10
-6.118306311956297960e-11
-6.122841288154113666e-10
2.178150162142308323e-06
2.407581559346144838e-07
-1.160934919626332911e-06
-7.303614619279736050e-07
-9.853454193296461626e-08
-1.927235591377320182e-07
4.555685205407897209e-08
3.903696486273844277e-08
9.954530901036695360e-09
4.632704355520481067e-10
-9.094454956831541254e-09
-8.999375964013075833e-10
6.328643484109911775e-10
-8.445046950401737398e-10
-3.394571014278554335e-10
9.764316213794566980e-07
-1.059248416348494167e-06
-9.355212611011794855e-07
-2.037921578119089160e-07
-6.748462052930891583e-07
-9.470026884039488937e-09
-2.951759662316490897e-08
-1.343107962426242682e-08
-4.180916522488719987e-09
8.602905734192575093e-09
2.896336072767343511e-09
2.129913057606857427e-09
-1.688048276404093228e-09
4.500760874938559657e-10
-1.019669965707549285e-10
-1.268561300888039959e-07
2.900112318397735105e-07
-5.181755708696324969e-07
5.705735640022104559e-07
1.987562165416280175e-07
1.957531252440645460e-07
-3.083308955419287278e-08
5.903254077458519246e-09
-6.054688450384519279e-09
5.830999181865588715e-09
6.311785834095043248e-09
1.017328286462201950e-10
-8.758321246969939386e-10
6.614751574530428818e-10
4.734983620597172617e-12
4.520510239055037175e-07
-4.183794785417059228e-07
1.625076491724220655e-07
2.679874838486116392e-07
-1.605600477598729409e-09
7.763876667827745758e-08
-1.490904575445284084e-08
8.597206552034342425e-10
-9.429886984141233190e-09
-2.851952985819692995e-10
1.640473512225760164e-09
3.547626441710188413e-10
-1.051501631487178884e-09
3.829944476622827281e-12
5.453740018018383340e-12
7.459686693457977659e-05
6.806790520962315775e-05
5.133208936370654135e-05
3.595281940446129964e-05
2.770571191703948661e-05
1.954223351725116326e-05
1.247578786271501636e-05
7.975661505314173146e-06
4.846658619889965272e-06
3.071803652062924467e-06
2.004154267912495071e-06
1.367455011325831127e-06
9.543145873043679389e-07
6.702667782469009368e-07
4.593612681019468730e-07
2.324047359135984512e-05
1.640913036531879872e-05
1.095043062277694068e-05
9.794658641773109636e-06
6.984456532599199658e-06
5.428593079897561837e-06
3.350877467877971324e-06
2.284983084403794775e-06
1.356749354989968230e-06
8.391119349991382820e-07
5.355057891972818414e-07
3.505028213883605675e-07
2.452886264792702338e-07
1.719912463138077211e-07
1.195832092283989766e-07
3.490049009444598964e-06
-2.390125873259405045e-06
-7.220668087009529253e-07
-4.485435247607818487e-07
-2.040970525507975283e-07
1.875607121147383769e-07
3.886159735927214281e-08
1.191841290547163780e-07
2.383871604528275993e-08
2.008566653787693764e-08
1.123479831220793307e-08
-5.678968941820457560e-10
4.264957539469651833e-09
3.924011195372097713e-09
2.177841793992058330e-09
6.808994461072716583e-07
-4.265961800079410745e-07
-1.743936668053168438e-06
2.368634809151503995e-07
-1.288797614477842321e-08
1.166556169145027669e-07
3.223677692632154496e-08
-7.168727894354134636e-09
5.164441626383321130e-09
7.719860556349630314e-09
1.292328226744716310e-09
-2.454045323380314990e-09
-1.934725426555353276e-09
4.122917488239809032e-10
6.438749446495371746e-12
6.129130692129762332e-07
1.210858302632537589e-06
2.090767355584136752e-07
-3.756044611111411362e-07
4.438306655989454687e-07
7.150567812998919834e-08
-1.012658135240184002e-07
5.021179060557916381e-08
-1.563706335251879392e-08
2.947178406308808571e-09
-1.405026848044488872e-09
-3.300412084561171445e-09
-1.652590048424526156e-11
-9.791313395045727164e-11
2.760240656575067997e-10
2.918530324197831724e-07
1.301081767573953713e-06
1.057591734878464989e-06
-2.726338004963054497e-07
-2.636051619021003446e-08
7.942756312974765115e-08
-3.984769640431048089e-08
-1.203491280895283904e-08
-3.090488411443067094e-08
6.390855924748429496e-09
4.221037320406639702e-09
1.620971035488886486e-09
2.244368928471972380e-10
3.315482703701123536e-10
2.266618220609734483e-10
-1.607876805421496591e-07
3.772201980303881168e-07
-4.780226592975016339e-07
8.951879876550115983e-08
-1.202134216450424142e-07
8.249727778461109220e-08
6.914450776609492551e-09
2.209866550322376352e-09
-5.780858869816722381e-09
-2.589044168225004978e-09
-2.095922080752760514e-10
-1.104405251743815897e-09
-2.704186424332048392e-10
4.192209535488024917e-10
2.949669622981854351e-11
3.308196932640802479e-07
-1.054478564081980701e-06
1.054886168231324659e-07
-1.968778033529625710e-07
1.643363223266890140e-08
1.019287125921167670e-07
6.467208503729194467e-09
-1.562017354392012834e-08
2.065599351977829977e-10
1.746070774515911560e-09
2.599300165639323470e-09
-1.789610253159363062e-09
1.760953489310794292e-10
-1.374072808333373701e-10
1.733365007191886309e-10
4.891109037628616651e-05
4.075458127891972901e-05
3.061055520379838855e-05
2.643508778113370076e-05
1.887573071726873466e-05
1.499145752049690385e-05
9.356324923146681951e-06
6.322005445474434956e-06
3.899299371505652018e-06
2.394007037080390077e-06
1.500252646284619608e-06
9.678960077560176681e-07
6.522733739220358718e-07
4.551380324873596158e-07
3.177094227881976402e-07
1.094519646819891906e-05
8.116532844597133082e-06
6.837930418855749142e-06
6.393644106887156668e-06
4.831021117120601655e-06
4.206474112707515173e-06
2.786269312194560470e-06
1.853339918179848459e-06
1.065347467245307429e-06
6.807432363075040144e-07
4.180564012587667061e-07
2.647005646827688163e-07
1.736098541252713858e-07
1.207351679410124166e-07
8.421930810875488810e-08
4.584593639180452341e-07
1.516453095071269783e-06
-6.504518264743999770e-07
6.800716354391645365e-07
4.197705558239103583e-08
1.646095851411816712e-07
1.130179629613371130e-07
3.346791165210673781e-08
-7.232542388691619498e-09
4.241639222641306485e-11
4.718701897509129257e-09
6.646243914713358097e-09
2.552504579983957408e-09
2.271678752585727068e-09
1.546866836309476250e-09
1.704441828545554064e-06
1.321479346151182896e-06
1.901057952442792389e-07
9.823985811188999437e-08
-3.467093192264572664e-08
-1.299249057022619602e-07
-2.327631981560311995e-08
1.181687667851868820e-08
2.112047595203326061e-09
-1.655609333332471578e-08
2.027823051880073041e-09
-4.366206609479086893e-10
4.200871965607489462e-10
-1.999535179146826207e-10
5.587928818568617714e-11
1.160234522197577211e-06
9.728191959879994427e-07
-6.359209907948735424e-07
-3.109953422032226689e-08
-9.653838669866509242e-08
1.047150518965894384e-07
3.819400486696647043e-08
8.733208468962315451e-09
-1.803734409636473657e-08
-4.422708334175066681e-11
5.094664874027903720e-10
-5.945747414125121910e-11
2.880744496078867051e-10
-1.049992482725555512e-10
6.018232928508070198e-11
7.865943207808717913e-07
-1.111942467550662278e-07
-2.848805901826121673e-07
-3.177585256734710301e-07
2.260160609155293878e-07
2.245217412969050498e-07
-2.867649458167240434e-08
1.304060170187195889e-08
6.354291037668256917e-09
1.379846288699250383e-09
2.607508451096782500e-12
-3.632124359974271219e-11
-4.144867068912027698e-10
2.497481985478149887e-10
3.611145692320320088e-11
1.979626658710494412e-07
-3.113756528495417298e-07
6.822523865661719470e-08
-1.580681527701551833e-07
1.265100384437434531e-08
7.775773179954148161e-10
-2.141327622671659700e-08
-2.123170875246199732e-08
-1.123621512014515621e-08
3.329270630983145658e-09
4.640949190387979239e-10
-1.187623457586387668e-09
1.389690863239982078e-10
1.557105913155648120e-10
7.513090137401764958e-11
2.799836834557262237e-05
2.549024074537257275e-05
2.381625844774412594e-05
1.940315336146193080e-05
1.506506014839339751e-05
1.127774062084443171e-05
7.764379550109768140e-06
4.956685944141038775e-06
2.988214684545299422e-06
1.895668229178305268e-06
1.164492844369806022e-06
7.279381189048804745e-07
4.743859726916513718e-07
3.213801608817819788e-07
2.228827504761380955e-07
9.469360412975756853e-06
7.186980762105828571e-06
6.849779719379846694e-06
4.803785727371494319e-06
4.411715251440810338e-06
2.702701219634832827e-06
2.245733365825876774e-06
1.322632535745116900e-06
8.228930917617020223e-07
5.167911134016827417e-07
3.131465001629167067e-07
1.977461248378555860e-07
1.265600339661754406e-07
8.433806788058606840e-08
5.810418494761351173e-08
8.477715638517418473e-07
9.915338390824849037e-07
5.953695100725578873e-07
1.752196260520566563e-07
1.799367030831371968e-07
1.184607019538064449e-08
8.950915147933285069e-08
2.147211830436066950e-08
3.266912262055885509e-08
8.032917317217759462e-09
5.732042404245399368e-09
2.919565417736253110e-09
1.909986543209292685e-09
1.251580059810679236e-09
1.023901880044785471e-09
4.034155616807858963e-08
-3.073741985047677520e-08
-6.910796226783096191e-07
2.836021591256975404e-07
-1.029844662872968738e-07
1.966560265011692241e-07
-7.243267625121381246e-08
8.337319005403811713e-09
-1.186761846627702221e-09
2.341503489358187943e-09
-9.860394279147225329e-10
2.336161299580146310e-10
-7.710082243982894465e-10
-4.305869183803174322e-10
5.839292087251084395e-11
-1.399613887312609833e-07
1.700622168636942115e-07
-6.151404960100039758e-07
-1.756225736599274422e-07
-1.181769946354262017e-07
-2.517645039351672832e-08
-6.363991096402537338e-08
7.858276558943145513e-09
1.530518654444803600e-08
8.170017196886409680e-09
-1.579286572882246381e-09
1.124358391360342871e-09
5.665863911901783313e-11
3.821033301065161514e-10
6.000793802964229526e-11
-5.301671777572547262e-07
6.783719563522183029e-08
-4.526178239804468601e-07
-4.237391684849010778e-08
2.779445424382033942e-08
-6.236698552255235038e-08
-2.925211787816715571e-08
-1.901367118946731914e-08
-5.509972983126441816e-09
9.903155021869927076e-10
-1.657406616088890099e-09
-3.118366127384853587e-10
3.628135138875003458e-10
3.431996045355550040e-10
8.105169458105600955e-11
1.527902820890008389e-05
1.780428166835467719e-05
1.643107144128897308e-05
1.350132751540136040e-05
1.140760346973228586e-05
7.952640419474503699e-06
6.206001774590793875e-06
3.676937426561357879e-06
2.505025200693432083e-06
1.516863187871036602e-06
9.027920598601415802e-07
5.555136512359688589e-07
3.493198442752385094e-07
2.287352400306527858e-07
1.556741865626868535e-07
4.841887952641743174e-06
3.926529697382684464e-06
3.955506190999903208e-06
2.620907034733367554e-06
2.728071869523939111e-06
2.040995445883193544e-06
1.627340340902960708e-06
9.432136219835669222e-07
6.717263146529850212e-07
3.998475289927404580e-07
2.322793897067996745e-07
1.413438073745983486e-07
8.734940824176855578e-08
5.603853403426311145e-08
3.761313446074018724e-08
6.718081932620261894e-07
-3.497921879505473646e-07
-2.738615265906071909e-07
-2.033762153953487568e-07
-1.540694196800479846e-07
1.135306785933080487e-07
-3.323150799769907939e-08
2.140441228052953656e-08
1.008142538273520969e-08
9.392761934411636951e-09
1.230221559633798290e-09
1.308150760866258641e-09
4.734925780416196054e-10
2.110161472592788752e-10
3.187047054792390470e-10
-3.459366392600601021e-07
-6.095855857921622522e-09
-6.533585781147123472e-07
-2.968714835642959074e-07
-1.686724642848243342e-09
-3.234899979675187080e-08
1.731623192562304161e-08
9.713484199691806915e-09
7.730346036889235960e-09
-9.389753041248107248e-10
-3.166927357960997689e-10
-8.450381432879527684e-10
4.002750978856758720e-10
1.861665989656991947e-10
1.463851182733017772e-11
-6.549248759104509323e-07
1.567052789880775404e-07
-1.012639903269969265e-07
-9.124464769501603431e-08
-2.150765405627955104e-08
-5.073673614610382123e-08
-3.486205339367972990e-08
4.831990856293531975e-09
2.901008058646720665e-09
3.117584211346326444e-10
1.513790638587573345e-09
-7.022567920059719045e-10
1.418704176038725808e-10
-1.650226293572146402e-11
3.903396518282567665e-11
9.833259961765114133e-06
1.099960563400781939e-05
1.073871586353832315e-05
9.390749643312253951e-06
7.576500609502713413e-06
6.017814804565246395e-06
4.591761215201311188e-06
2.980859347510683932e-06
1.970230154463666375e-06
1.185602170916380764e-06
7.081834616901801147e-07
4.273698000266153208e-07
2.602927432201261888e-07
1.641675048038040835e-07
1.075742231432319174e-07
2.820290853154160507e-06
1.676005648768920495e-06
2.229522169042131262e-06
1.982995538844187786e-06
1.670649605208102010e-06
1.197427206529909502e-06
8.843406369905720709e-07
6.222442449661593779e-07
3.833534745713604668e-07
2.353695686220387260e-07
1.465861789280985766e-07
8.634234705691344862e-08
5.202409615448691208e-08
3.204040360013971807e-08
2.066292730188556428e-08
-8.598555088642595681e-08
-2.268465222729147364e-07
-3.370998555468567240e-07
-1.410877768739799842e-07
1.414083766686358497e-07
-1.252524603180639520e-08
4.543137962444918271e-08
8.901394294567464582e-09
-5.544281855266493915e-09
-3.368586429140809427e-10
7.228315294384917745e-10
-3.603068561427342688e-11
1.314132442905101482e-10
-9.735639087683526682e-11
-5.831577647523151780e-12
-1.136065626900931133e-07
9.298072550744188665e-08
-3.820046497863900427e-08
-1.369979619535955264e-07
-6.567891121409836066e-08
4.917229992188638158e-09
-7.353870799785212015e-09
7.897831153591195289e-09
-6.355747171505078395e-09
-1.001377505770418714e-09
2.293656155224359974e-09
-2.045602593001274054e-10
1.184662454133645404e-10
-3.294450413307010288e-11
-1.298533887704441428e-11
5.420716672397907234e-06
6.473273212095878359e-06
6.677491519606549558e-06
6.176302265135035383e-06
5.219358917072619841e-06
3.928610179320887989e-06
2.923509475979603562e-06
2.171975604682449508e-06
1.304766200321513149e-06
8.047016075261015921e-07
4.898108631976534148e-07
2.928558976538662190e-07
1.746208710744924657e-07
1.063409219842530163e-07
6.711822226460489090e-08
6.900534962220408373e-07
8.884906917420803264e-07
9.077840494808462742e-07
7.432135526699092159e-07
7.293574846874429333e-07
4.736949492939475985e-07
4.216372845832561441e-07
2.928894681891333515e-07
1.722695712651214967e-07
1.068315620587132925e-07
6.543707583243041655e-08
3.861458646129486345e-08
2.279744870905816837e-08
1.360645316529442484e-08
8.423150082327867146e-09
2.457172998713647117e-07
1.924581877930131616e-07
-7.445479140997560331e-08
-1.950353552317059584e-07
2.042405007729582038e-08
-3.378302959536874313e-08
-1.639421360202888183e-08
-4.492883219071964328e-09
-1.341683983778300280e-09
-1.932063926346278277e-09
2.085247173717496465e-10
9.224334734204729618e-11
5.668107886717232686e-11
-2.307162052300028289e-11
2.978436347120461637e-11
2.399816956452454905e-06
2.536567101384499569e-06
3.339893940572650630e-06
3.020273525583634190e-06
2.740998590835356030e-06
2.129927788221498836e-06
1.625610894517124702e-06
1.254635530371147551e-06
7.707493924432745836e-07
5.012934959748863071e-07
3.023641184068784418e-07
1.749344284565428845e-07
1.006899828841087949e-07
5.930721408501202335e-08
3.554095526291854637e-08
1.303562192595052257e-07
2.833339340113454372e-07
1.535008983418393561e-07
1.005463062808599563e-07
1.583937742660470231e-07
1.386598575153979321e-07
9.114910586997518024e-08
7.548255821480668165e-08
5.064887266742464468e-08
3.099097581411296346e-08
1.880201044182147609e-08
1.071311887589539734e-08
6.283186838943198266e-09
3.586355365653902757e-09
2.089561640250406840e-09
4.588127292536458855e-07
6.376227266143490825e-07
8.287719960449984831e-07
7.986734565674226406e-07
7.922080599298102193e-07
6.488747749155042511e-07
4.751996814260833815e-07
3.624054073509775669e-07
2.527455307098155896e-07
1.581520559128923661e-07
9.497987941669395937e-08
5.655367841428495400e-08
3.290017001342838196e-08
1.844357369198735388e-08
1.043683015499867134e-08
