# mu
-inf
3.326144544282099957e+01
3.478280017944724989e+01
3.567922169729207837e+01
3.631964572205141195e+01
3.681969578930836207e+01
3.723087611397104979e+01
3.758066257453714343e+01
3.788545746320550478e+01
3.815584199491945583e+01
3.839904216137121296e+01
3.862021303064027933e+01
3.882316185413431242e+01
3.901078073863024542e+01
3.918531851690462986e+01
3.934855859549020352e+01
3.950193928793927256e+01
3.964663760392296865e+01
3.978362905292686946e+01
3.991373125765962016e+01
4.003763636794434433e+01
4.015593555838015050e+01
4.026913782221413385e+01
4.037768458446156927e+01
4.048196120299063239e+01
4.058230612054093456e+01
4.067901822095197417e+01
4.077236279656831641e+01
4.086257643009219009e+01
4.094987101959647902e+01
4.103443712109372399e+01
4.111644674299886049e+01
4.119605569694867597e+01
4.127340558692534955e+01
4.134862550149725280e+01
4.142183346083140805e+01
4.149313765994131131e+01
4.156263754167738966e+01
4.163042472670964145e+01
4.169658382279543218e+01
4.176119313167297520e+01
4.182432526874980283e+01
4.188604770819583223e+01
4.194642326397342913e+01
4.200551051564075067e+01
4.206336418637512509e+01
4.212003547951659499e+01
4.217557237898345335e+01
4.223001991812260769e+01
4.228342042089906982e+01
4.233581371877640009e+01
4.238723734617559558e+01
4.243772671700704535e+01
4.248731528443778416e+01
4.253603468577317415e+01
4.258391487409092235e+01
4.263098423805858772e+01
4.267726971118859325e+01
4.272279687163193529e+01
4.276759003348012556e+01
4.281167233043087350e+01
4.285506579257383919e+01
4.289779141696706688e+01
4.293986923259916466e+01
4.298131836026719554e+01
4.302215706784225091e+01
4.306240282134471897e+01
4.310207233220647538e+01
4.314118160105829958e+01
4.317974595834629525e+01
4.321778010205036935e+01
4.325529813275080926e+01
4.329231358626500992e+01
4.332883946405468834e+01
4.336488826158527132e+01
4.340047199480164153e+01
4.343560222486961209e+01
4.347029008131854511e+01
4.350454628370843579e+01
4.353838116193388430e+01
4.357180467526723078e+01
4.360482643023456717e+01
4.363745569741003294e+01
4.366970142720669656e+01
4.370157226473575918e+01
4.373307656379989083e+01
4.376422240008096765e+01
4.379501758357801577e+01
4.382546967034611640e+01
4.385558597358361510e+01
4.388537357411088635e+01
4.391483933028071363e+01
4.394398988735727585e+01
4.397283168639793161e+01
4.400137097266946284e+01
4.402961380362803112e+01
4.405756605649005309e+01
4.408523343541916972e+01
4.411262147835268621e+01
4.413973556348928184e+01
4.416658091545811260e+01
4.419316261118821387e+01
4.421948558549563302e+01
4.424555463640467678e+01
4.427137443021851482e+01
4.429694950635327189e+01
4.432228428194898129e+01
4.434738305626972021e+01
4.437225001490462262e+01
4.439688923378052010e+01
4.442130468299649237e+01
4.444550023048974197e+01
4.446947964554186683e+01
4.449324660213375893e+01
4.451680468215708686e+01
4.454015737848976642e+01
4.456330809794236103e+01
4.458626016408181414e+01
4.460901681993890833e+01
4.463158123060500770e+01
4.465395648572363285e+01
4.467614560188206951e+01
4.469815152490765797e+01
4.471997713207360192e+01
4.474162523421834692e+01
4.476309857778277745e+01
4.478439984676904828e+01
4.480553166462460979e+01
4.482649659605492332e+01
4.484729714876820594e+01
4.486793577515508957e+01
4.488841487390629936e+01
4.490873679157102316e+01
4.492890382405859384e+01
4.494891821808600696e+01
4.496878217257361854e+01
4.498849783999119722e+01
4.500806732765659035e+01
4.502749269898889395e+01
4.504677597471813044e+01
4.506591913405313221e+01
4.508492411580956372e+01
4.510379281949953167e+01
4.512252710638452413e+01
4.514112880049296450e+01
4.515959968960405035e+01
4.517794152619906356e+01
4.519615602838145207e+01
4.521424488076699788e+01
4.523220973534518663e+01
4.525005221231291586e+01
4.526777390088160757e+01
4.528537636005873424e+01
4.530286111940478122e+01
4.532022967976651273e+01
4.533748351398747900e+01
4.535462406759657483e+01
4.537165275947553766e+01
4.538857098250606015e+01
4.540538010419736281e+01
4.542208146729483076e+01
4.543867639037055994e+01
4.545516616839625357e+01
4.547155207329927862e+01
4.548783535450240834e+01
4.550401723944777643e+01
4.552009893410571806e+01
4.553608162346890254e+01
4.555196647203231919e+01
4.556775462425966339e+01
4.558344720503640701e+01
4.559904532011027811e+01
4.561455005651926342e+01
4.562996248300783009e+01
4.564528365043158686e+01
4.566051459215081820e+01
4.567565632441328916e+01
4.569070984672661240e+01
4.570567614222058239e+01
4.572055617799976091e+01
4.573535090548660520e+01
4.575006126075552260e+01
4.576468816485807167e+01
4.577923252413957300e+01
4.579369523054754865e+01
4.580807716193199042e+01
4.582237918233796137e+01
4.583660214229063001e+01
4.585074687907301438e+01
4.586481421699661354e+01
4.587880496766525340e+01
4.589271993023218954e+01
4.590655989165085771e+01
4.592032562691925079e+01
4.593401789931833434e+01
4.594763746064454324e+01
4.596118505143647326e+01
4.597466140119617251e+01
4.598806722860494034e+01
4.600140324173391804e+01
4.601467013824965591e+01
4.602786860561464266e+01
4.604099932128319494e+01
4.605406295289251517e+01
4.606706015844942215e+01
4.607999158651249161e+01
4.609285787637011822e+01
4.610565965821426460e+01
4.611839755331030233e+01
4.613107217416281003e+01
4.614368412467771918e+01
4.615623400032055201e+01
4.616872238827122032e+01
4.618114986757524321e+01
4.619351700929151150e+01
4.620582437663684772e+01
4.621807252512716957e+01
4.623026200271567632e+01
4.624239334992785189e+01
4.625446709999351214e+01
4.626648377897598863e+01
4.627844390589844892e+01
4.629034799286746704e+01
4.630219654519392236e+01
4.631399006151126230e+01
4.632572903389125685e+01
4.633741394795725910e+01
4.634904528299500015e+01
4.636062351206113163e+01
4.637214910208936658e+01
4.638362251399446734e+01
4.639504420277397401e+01
4.640641461760786513e+01
4.641773420195615074e+01
4.642900339365436224e+01
4.644022262500718057e+01
4.645139232288006070e+01
4.646251290878900164e+01
4.647358479898848316e+01
4.648460840455764753e+01
4.649558413148469072e+01
4.650651238074957661e+01
4.651739354840508156e+01
4.652822802565624016e+01
4.653901619893817809e+01
4.654975844999242440e+01
4.656045515594171036e+01
4.657110668936326192e+01
4.658171341836074220e+01
4.659227570663467333e+01
4.660279391355156520e+01
4.661326839421170121e+01
4.662369949951558112e+01
4.663408757622910628e+01
4.664443296704750708e+01
4.665473601065803422e+01
4.666499704180152719e+01
4.667521639133271805e+01
4.668539438627945515e+01
4.669553134990079002e+01
4.670562760174400552e+01
4.671568345770054265e+01
4.672569923006089709e+01
4.673567522756849968e+01
4.674561175547262337e+01
4.675550911558026712e+01
4.676536760630711598e+01
4.677518752272760594e+01
4.678496915662398692e+01
4.679471279653456861e+01
4.680441872780110657e+01
4.681408723261523619e+01
4.682371859006416059e+01
4.683331307617554273e+01
4.684287096396145245e+01
4.685239252346171668e+01
4.686187802178636730e+01
4.687132772315740681e+01
4.688074188894979955e+01
4.689012077773175236e+01
4.689946464530435577e+01
4.690877374474041517e+01
4.691804832642269218e+01
4.692728863808149242e+01
4.693649492483154972e+01
4.694566742920829228e+01
4.695480639120352606e+01
4.696391204830045751e+01
4.697298463550815484e+01
4.698202438539543380e+01
4.699103152812411111e+01
4.700000629148174625e+01
4.700894890091385037e+01
4.701785957955550543e+01
4.702673854826247180e+01
4.703558602564181257e+01
4.704440222808196381e+01
4.705318736978232153e+01
4.706194166278237390e+01
4.707066531699027223e+01
4.707935854021108213e+01
4.708802153817437386e+01
4.709665451456153562e+01
4.710525767103258232e+01
4.711383120725248830e+01
4.712237532091714343e+01
4.713089020777893268e+01
4.713937606167178274e+01
4.714783307453592442e+01
4.715626143644221457e+01
4.716466133561607421e+01
4.717303295846104305e+01
4.718137648958197161e+01
4.718969211180784384e+01
4.719798000621424450e+01
4.720624035214548542e+01
4.721447332723634815e+01
4.722267910743355657e+01
4.723085786701683020e+01
4.723900977861970318e+01
4.724713501324993103e+01
4.725523374030967716e+01
4.726330612761532279e+01
4.727135234141697850e+01
4.727937254641774700e+01
4.728736690579265201e+01
4.729533558120726866e+01
4.730327873283614082e+01
4.731119651938082882e+01
4.731908909808774411e+01
4.732695662476575649e+01
4.733479925380340347e+01
4.734261713818598594e+01
4.735041042951236534e+01
4.735817927801141991e+01
4.736592383255845107e+01
4.737364424069113511e+01
4.738134064862541095e+01
4.738901320127101258e+01
4.739666204224688784e+01
4.740428731389627615e+01
4.741188915730165121e+01
4.741946771229943636e+01
4.742702311749447830e+01
4.743455551027430772e+01
4.744206502682325777e+01
4.744955180213629831e+01
4.745701597003272809e+01
4.746445766316968218e+01
4.747187701305536933e+01
4.747927415006222418e+01
4.748664920343979645e+01
4.749400230132749101e+01
4.750133357076714447e+01
4.750864313771538150e+01
4.751593112705585042e+01
4.752319766261122425e+01
4.753044286715509514e+01
4.753766686242371975e+01
4.754486976912748020e+01
4.755205170696235228e+01
4.755921279462108231e+01
4.756635314980429996e+01
4.757347288923141804e+01
4.758057212865141850e+01
4.758765098285348927e+01
4.759470956567749766e+01
4.760174799002435009e+01
4.760876636786616700e+01
4.761576481025640817e+01
4.762274342733973498e+01
4.762970232836185147e+01
4.763664162167917482e+01
4.764356141476837081e+01
4.765046181423572591e+01
4.765734292582652643e+01
4.766420485443413213e+01
4.767104770410907832e+01
4.767787157806796472e+01
4.768467657870232301e+01
4.769146280758722156e+01
4.769823036548994111e+01
4.770497935237838050e+01
4.771170986742944820e+01
4.771842200903726905e+01
4.772511587482141238e+01
4.773179156163484294e+01
4.773844916557190032e+01
4.774508878197613626e+01
4.775171050544803819e+01
4.775831442985266051e+01
4.776490064832718474e+01
4.777146925328833760e+01
4.777802033643973800e+01
4.778455398877920857e+01
4.779107030060583838e+01
4.779756936152716662e+01
4.780405126046608189e+01
4.781051608566777134e+01
4.781696392470652768e+01
4.782339486449245669e+01
