# pt
1.254476673381815397e-03
8.899161823804879181e-04
6.751976672898109657e-04
5.346562338183700460e-04
4.363094717350833552e-04
3.642022070568249671e-04
3.090647911690959024e-04
2.654717584715995797e-04
2.304317736750077024e-04
2.021374457887922392e-04
1.788994904338705397e-04
1.598524298019260242e-04
1.437153716359120014e-04
1.300038242070094814e-04
1.180922517346735459e-04
1.076979283125369845e-04
9.865149640360260509e-05
9.072019945652339923e-05
8.369846912798865044e-05
7.743103485458305757e-05
7.179799919934186879e-05
6.671594264446078029e-05
6.212150594980158291e-05
5.797027020558191739e-05
5.422161477351183017e-05
5.082086272211405552e-05
4.771988933312025033e-05
4.489018228464154931e-05
4.230845345947450758e-05
3.994756628382106626e-05
3.778110927920223349e-05
3.578173115409426810e-05
3.392439247567340295e-05
3.218705531561058064e-05
3.055506939562510518e-05
2.903424219885739529e-05
2.762985591055533755e-05
2.632912175092554905e-05
2.511630421140864905e-05
2.397868877349117693e-05
2.291039264576565549e-05
2.190746506172240062e-05
2.096632596712584218e-05
2.008372192886077480e-05
1.925608875580037767e-05
1.847788397738983542e-05
1.774346325542589816e-05
1.704765547422679086e-05
1.638571069523654075e-05
1.575392005480977044e-05
1.515143508368680713e-05
1.457812109283359571e-05
1.403384012473837351e-05
1.351846823763193921e-05
1.303160953532489077e-05
1.257176431669690843e-05
1.213726718660841191e-05
1.172656945523278619e-05
1.133822125127704863e-05
1.097060374903256290e-05
1.062113139243949765e-05
1.028712577380915146e-05
9.966073302097826480e-06
9.655625125039225159e-06
9.354075202951163347e-06
9.061831261474845826e-06
8.779760388508385868e-06
8.508681631000948169e-06
8.249368302154077575e-06
8.002311078295739198e-06
7.767041838576638712e-06
7.542889424837181096e-06
7.329218392837867916e-06
7.125425851168670800e-06
6.930887050454402927e-06
6.744784803220515103e-06
6.566283807621727634e-06
6.394596137483761277e-06
6.228972853734694022e-06
6.068767554970505007e-06
5.913643042438115592e-06
5.763342749540716515e-06
5.617620450287187021e-06
5.476247477036545592e-06
5.339036692482252862e-06
5.205964476882985362e-06
5.077044005261785818e-06
4.952287224707421832e-06
4.831706665357396001e-06
4.715280433803825846e-06
4.602857719372569190e-06
4.494264417179185895e-06
4.389333312591287635e-06
4.287901739659711310e-06
4.189817892030783079e-06
4.094933767802676109e-06
4.003107944493224602e-06
3.914204296930340394e-06
3.828093556790864238e-06
3.744650692405511709e-06
3.663754322966765795e-06
3.585291669871065348e-06
3.509149674310697173e-06
3.435223348315652063e-06
3.363409252650500504e-06
3.293608657927739585e-06
3.225727659933813536e-06
3.159674664619921816e-06
3.095361074282913746e-06
3.032708114707824979e-06
2.971665242339207240e-06
2.912189121422020687e-06
2.854238623323911912e-06
2.797772718143740278e-06
2.742753125494421522e-06
2.689142226298934741e-06
2.636904001028698445e-06
2.586003336571464039e-06
2.536406602268845287e-06
2.488080986448484258e-06
2.440995628403515726e-06
2.395119236597310327e-06
2.350422395960592966e-06
2.306877176421342664e-06
2.264454911873798029e-06
2.223129717524236375e-06
2.182875199471256757e-06
2.143666309322178281e-06
2.105478769994209963e-06
2.068286387720921199e-06
2.032054427073358512e-06
1.996747057636372254e-06
1.962329050544117413e-06
1.928766006203763724e-06
1.896025451985052765e-06
1.864075409940330790e-06
1.832884184084855836e-06
1.802422506181702120e-06
1.772660242803681772e-06
1.743569178012365964e-06
1.715121683463107732e-06
1.687291105450798930e-06
1.660050742686114512e-06
1.633375425488935799e-06
1.607240858716670580e-06
1.581622650395661611e-06
1.556497451215095983e-06
1.531842360148277586e-06
1.507635629425388991e-06
1.483857757767886894e-06
1.460499408355733726e-06
1.437554524017066236e-06
1.415016016425468542e-06
1.392878319913763321e-06
1.371134853683178869e-06
1.349779859684290891e-06
1.328807248660679262e-06
1.308212022682288654e-06
1.287987916712246492e-06
1.268130047321773866e-06
1.248633192326042797e-06
1.229491821818210661e-06
1.210701414617282833e-06
1.192256838882046247e-06
1.174153651434053588e-06
1.156386822056215572e-06
1.138952127953849418e-06
1.121845303678183611e-06
1.105061526345673087e-06
1.088596876531332694e-06
1.072447516394854666e-06
1.056609063259373055e-06
1.041077617721746703e-06
1.025849611812502864e-06
1.010920471942805656e-06
9.962827527778606388e-07
9.819290539248440520e-07
9.678515564630033570e-07
9.540427364930527009e-07
9.404957966313588052e-07
9.272030872647369373e-07
9.141580100589431259e-07
9.013537795528599976e-07
8.887836523364687584e-07
8.764410340077992383e-07
8.643196795066038942e-07
8.524133726886898759e-07
8.407160293179134565e-07
8.292217916670957216e-07
8.179244380306024134e-07
8.068187485031377616e-07
7.958986542144796090e-07
7.851591562637099239e-07
7.745946100089152303e-07
7.641996763210660551e-07
7.539694845332324944e-07
7.438988136832185946e-07
7.339826407459421125e-07
7.242163033476656711e-07
7.145953381004178033e-07
7.051169939447634511e-07
6.957786860330939465e-07
6.865782107115606843e-07
6.775130812187614946e-07
6.685811018345418505e-07
6.597801166419608641e-07
6.511077774386973632e-07
6.425619382553572397e-07
6.341406441205237286e-07
6.258416758223420285e-07
6.176630803573038444e-07
6.096028668118323487e-07
6.016590103014739129e-07
5.938297369242132258e-07
5.861128846279433539e-07
5.785068884549944918e-07
5.710098649619679187e-07
5.636199674330593584e-07
5.563354508717198578e-07
5.491546669049714326e-07
5.420758663326635939e-07
5.350973968835567409e-07
5.282176358109567535e-07
5.214351127330002826e-07
5.147480743899051757e-07
5.081549851491603166e-07
5.016544551380115873e-07
4.952449388163292722e-07
4.889250353500765600e-07
4.826932519028356139e-07
4.765481797869986674e-07
4.704884345228205088e-07
4.645126553216285920e-07
4.586194502576224007e-07
4.528076137623280242e-07
4.470757451682568223e-07
4.414226278374439967e-07
4.358471153702168116e-07
4.303477711250620851e-07
4.249234912963781852e-07
4.195730874952062907e-07
4.142953418369285171e-07
4.090892034938643994e-07
4.039533962181704860e-07
3.988869529907230357e-07
3.938887309589211696e-07
3.889576073295418326e-07
3.840925244476450980e-07
3.792924865350196479e-07
3.745565176246682748e-07
3.698835460068592458e-07
3.652726552114944229e-07
3.607228134914973297e-07
3.562332193056843287e-07
3.518028291563424881e-07
3.474308259712145516e-07
3.431163211993943217e-07
3.388583998760866214e-07
3.346562815043939482e-07
3.305089598023802243e-07
3.264157974597104372e-07
3.223757780985524320e-07
3.183882470006724660e-07
3.144522932153276532e-07
3.105672074393770472e-07
3.067322157419005768e-07
3.029465198552907989e-07
2.992093346419979385e-07
2.955200629972167081e-07
2.918778003715416359e-07
2.882819007783837804e-07
2.847317590762118531e-07
2.812264753889495444e-07
2.777655650919050178e-07
2.743482184312213096e-07
2.709738025505967454e-07
2.676416608480167954e-07
2.643511774904139076e-07
2.611016514829627106e-07
2.578925163097942104e-07
2.547231207414648314e-07
2.515928536654616060e-07
2.485010831194967541e-07
2.454473325859484622e-07
2.424308693829584814e-07
2.394512033079589580e-07
2.365076796697665699e-07
2.335998497513547083e-07
2.307270755575101568e-07
2.278888929617879009e-07
2.250846544569396219e-07
2.223139097665040713e-07
2.195761077458180402e-07
2.168707056723794375e-07
2.141972453036362555e-07
2.115551723803849002e-07
2.089440410364936052e-07
2.063633361567458632e-07
2.038125503957374016e-07
2.012912654304507427e-07
1.987992017396769145e-07
1.963360461905982421e-07
1.939015604791146345e-07
1.914955085807154902e-07
1.891175894244471555e-07
1.867675296715987992e-07
1.844451916249751467e-07
1.821502408512390716e-07
1.798824358058961953e-07
1.776415591194817646e-07
1.754273954237115063e-07
1.732396696745148602e-07
1.710781321653049324e-07
1.689426573728918614e-07
1.668328998827922166e-07
1.647487185671064232e-07
1.626898939176454174e-07
1.606561710663017597e-07
1.586473374184364293e-07
1.566632202006716164e-07
1.547035739582081322e-07
1.527682120496901919e-07
1.508569136492232926e-07
1.489694966805575299e-07
1.471057806297425959e-07
1.452655175841087259e-07
1.434485667553179041e-07
1.416547030733512945e-07
1.398837552803447926e-07
1.381355207696392750e-07
1.364098485647096858e-07
1.347065243267684071e-07
1.330253848687065136e-07
1.313662527590752733e-07
1.297289218906662757e-07
1.281132657965775890e-07
1.265190826879124902e-07
1.249462187942775211e-07
1.233944922986424935e-07
1.218637674662115271e-07
1.203538519135474625e-07
1.188645989172281791e-07
1.173958211219494778e-07
1.159474169728968017e-07
1.145191888545534236e-07
1.131109832619497737e-07
1.117226351897911918e-07
1.103540475120341382e-07
1.090050187287661058e-07
1.076753808754362037e-07
1.063646632774759977e-07
1.050723791314114719e-07
1.037980343577613903e-07
1.025411161151420743e-07
1.013011783694040638e-07
1.000777193474029840e-07
9.887026725820138451e-08
9.767836717160754245e-08
9.650154587895733121e-08
9.533935849010993186e-08
9.419134225544231597e-08
9.305706204831874035e-08
9.193608712167896436e-08
9.082793714012509146e-08
8.973222386907905827e-08
8.864849856464195053e-08
8.757634935824603203e-08
8.651534792027789019e-08
8.546509124500596467e-08
8.442516024855099354e-08
8.339516054867525110e-08
8.237469184212245792e-08
8.136332913632045124e-08
8.036072943304900595e-08
7.936646672286106089e-08
7.838018614877096514e-08
7.740148037445088597e-08
7.643000191717171606e-08
7.546534314643123891e-08
7.450717294080081334e-08
7.355512727912992387e-08
7.260880284209779743e-08
7.166789591637745002e-08
7.073203662361673054e-08
6.980085134741091367e-08
6.887402865412067158e-08
6.795121049961156266e-08
6.703206711492090973e-08
6.611624821369224552e-08
6.520344652126718081e-08
6.429331867290730649e-08
6.338554056450700844e-08
6.247979880990167919e-08
6.157576822487666002e-08
6.067313447547048330e-08
5.977159350089859138e-08
5.887082996442825278e-08
5.797054582214388397e-08
5.707043888171956997e-08
5.617030168281743169e-08
5.527042165459364910e-08
5.437115435078533489e-08
5.347287156803949861e-08
5.257593481415333770e-08
5.168068974781074827e-08
5.078749744363564987e-08
4.989671506490406356e-08
4.900869008802247879e-08
4.812376087341395806e-08
4.724226845295931225e-08
4.636455604565918795e-08
4.549094696596771155e-08
4.462178331728745231e-08
4.375739798008500519e-08
4.289809988570764429e-08
4.204422103546324138e-08
4.119606506693778250e-08
4.035397211856450509e-08
3.951823507355568174e-08
3.868916840445414654e-08
3.786708774359701148e-08
3.705228303421882816e-08
3.624505972855497501e-08
3.544572426416918452e-08
3.465456305364094016e-08
3.387186451484696421e-08
3.309793041909764882e-08
3.233303568606995642e-08
3.157746865225666464e-08
3.083151464615593225e-08
3.009545245503475255e-08
2.936955130916936841e-08
2.865409559004366742e-08
2.794934621816276090e-08
2.725557881026788302e-08
2.657305322978751455e-08
2.590203985361725046e-08
2.524279701387579390e-08
2.459558973890156033e-08
2.396066586168383895e-08
2.333828565156290102e-08
2.272869568260127012e-08
2.213214871354967703e-08
2.154889752264840238e-08
2.097918214767869937e-08
2.042324339670299553e-08
1.988132960445448042e-08
1.935367239164552272e-08
1.884051095381926019e-08
1.834199647828291261e-08
1.785793462180618411e-08
1.738804336038635077e-08
1.693205161003877203e-08
1.648968636073127137e-08
1.606067128319333782e-08
1.564474603244691117e-08
1.524164095690388328e-08
1.485109264185612797e-08
1.447283996578141766e-08
1.410662575168232903e-08
1.375218999572495590e-08
1.340928321450794602e-08
1.307764831574737160e-08
1.275703843136396940e-08
1.244720262353463073e-08
1.214789958965700815e-08
1.185887984655998853e-08
1.157990754454490229e-08
1.131074030233688393e-08
1.105114066217379921e-08
1.080087318124905250e-08
1.055970692010145252e-08
1.032740410050816703e-08
1.010374264722764350e-08
9.888490033598946183e-09
9.681422958351763846e-09
9.482315308981437485e-09
9.290948552336518473e-09
9.107099246057453180e-09
8.930551349062009399e-09
8.761087344199287149e-09
8.598491591348368919e-09
8.442553310693721255e-09
8.293060377020659152e-09
8.149805383243216053e-09
8.012576800460839966e-09
7.881171618657652304e-09
7.755385562243757301e-09
7.635014214526540370e-09
7.519858499518546205e-09
7.409717346350336772e-09
7.304394011380698568e-09
7.203694158873491976e-09
7.107421569582578620e-09
7.015383356162165577e-09
6.927387362816515066e-09
6.843246266318612883e-09
6.762769327373524041e-09
6.685770608623351214e-09
6.612089953466563037e-09
6.541656953665958379e-09
6.474433804096976685e-09
6.410375228626918228e-09
6.349440935808499229e-09
6.291587916652634177e-09
6.236777250440333052e-09
6.184965854006095590e-09
6.136114685865381369e-09
6.090181357422480410e-09
6.047128889737042800e-09
6.006916251297273371e-09
5.969504178030746958e-09
5.934853711640810577e-09
5.902926898279871970e-09
5.873683975589716035e-09
5.847088980388601102e-09
5.823101362428633858e-09
5.801685734428621451e-09
5.782804904919197026e-09
5.766420599061375218e-09
5.752497575093065460e-09
5.740998129180793894e-09
5.731888252139493146e-09
5.725129434645928776e-09
5.720688891566317609e-09
5.718530021596745807e-09
5.718617853296542613e-09
5.720916999822182229e-09
5.725395056719158516e-09
5.732015798883233927e-09
5.740745978694508333e-09
5.751551923320149049e-09
5.764401582876551677e-09
5.779259736670633021e-09
5.796093457600558419e-09
5.814871445124351640e-09
5.835561272778193342e-09
5.858129363563957255e-09
5.882545154485454104e-09
5.908776937833116382e-09
5.936791124177158442e-09
5.966559280128569736e-09
5.998048268393245841e-09
6.031228719644132995e-09
6.066069358882024006e-09
6.102539844151622815e-09
6.140609325174554286e-09
6.180249356690029000e-09
6.221429530313900842e-09
6.264120140275726883e-09
6.308292243624133851e-09
6.353912391179617176e-09
6.400952593368777899e-09
6.449382845680457871e-09
6.499171042780858886e-09
6.550289894136480287e-09
6.602710039558728109e-09
6.656400747485396291e-09
6.711335433126517121e-09
6.767482165532833261e-09
6.824814791119740092e-09
6.883304986076067035e-09
6.942922152279212334e-09
7.003641634012995236e-09
7.065434049120510265e-09
7.128271848157843965e-09
7.192127675925513096e-09
7.256974369763069666e-09
7.322784957861637600e-09
7.389532657594160160e-09
7.457190873863172019e-09
7.525734987053881191e-09
7.595135209575511857e-09
7.665368183856712783e-09
7.736407154229087116e-09
7.808225510930996833e-09
7.880800535754801404e-09
7.954104116525814353e-09
8.028112984124199222e-09
8.102800259649435582e-09
8.178143054492817217e-09
8.254116759442606485e-09
8.330693963048270743e-09
8.407854309762221601e-09
8.485570694426985918e-09
8.563821157057058163e-09
8.642578837266890155e-09
8.721824183354315804e-09
8.801531675816069116e-09
8.881677990878098358e-09
8.962239962585044143e-09
9.043194581470617742e-09
9.124518993241507088e-09
9.206191592177051568e-09
9.288187650783945156e-09
9.370485857506477832e-09
9.453066213986939189e-09
9.535902145930747413e-09
9.618975075474364807e-09
9.702263367055413905e-09
9.785743755450282423e-09
9.869395520550944223e-09
9.953201630087908559e-09
1.003713814627620759e-08
1.012118836784313426e-08
1.020532856601811341e-08
1.028953869544172364e-08
1.037380007599344673e-08
1.045809544188170857e-08
1.054240146872733346e-08
1.062670115877725616e-08
1.071097390073300515e-08
1.079519788581298091e-08
1.087935911306028156e-08
1.096343604342045767e-08
1.104740980862300007e-08
1.113126166272555540e-08
1.121497298112662975e-08
1.129852525958780664e-08
1.138190011326543281e-08
1.146508200266102027e-08
1.154804734477750218e-08
1.163078081434909183e-08
1.171326588759427683e-08
1.179548198624888715e-08
1.187741421770047141e-08
1.195904503565965284e-08
1.204035270986672670e-08
1.212132415452592343e-08
1.220194215625206063e-08
1.228218668936645792e-08
1.236204364109939265e-08
1.244149316364989416e-08
1.252052139662183877e-08
1.259911166387427647e-08
1.267724287095577589e-08
1.275490301805302620e-08
1.283207574133755173e-08
1.290874017354323680e-08
1.298488625026100967e-08
1.306049327974226498e-08
1.313554837370434450e-08
1.321003410136977945e-08
1.328393467497256107e-08
1.335723122745887355e-08
1.342991450335865209e-08
1.350196584669507160e-08
1.357336985697271049e-08
1.364411285141542848e-08
1.371417694901737783e-08
1.378355147672767102e-08
1.385222478832039115e-08
1.392018862019093825e-08
1.398742486188175505e-08
1.405392704628922845e-08
1.411968047424394238e-08
1.418467888887319274e-08
1.424890433110107287e-08
1.431235070416277188e-08
1.437500694032792375e-08
1.443685860423055743e-08
1.449789816597894400e-08
1.455810956201678007e-08
1.461748714073233797e-08
1.467602190932467525e-08
1.473369795672359892e-08
1.479050463130254011e-08
1.484643487750931721e-08
1.490147466638214873e-08
1.495561887387203227e-08
1.500885001846990489e-08
1.506116311959555042e-08
1.511254794011636799e-08
1.516299249959502969e-08
1.521248304436262859e-08
1.526101672593011423e-08
1.530857992201415309e-08
1.535516085014898185e-08
1.540075326046922961e-08
1.544534549303552929e-08
1.548892776665038462e-08
1.553149035754012372e-08
1.557302359893542596e-08
1.561351788065556104e-08
1.565296364869621489e-08
1.569135140482094844e-08
1.572867357707960602e-08
1.576491704003036273e-08
1.580007432680152012e-08
1.583413992518476905e-08
1.586709708368431762e-08
1.589894228034859617e-08
1.592966261741521182e-08
1.595925471269587340e-08
1.598770386704361615e-08
1.601500110761128271e-08
1.604114133017347572e-08
1.606611568402344179e-08
1.608991154045450240e-08
1.611252693108407413e-08
1.613396411092533954e-08
1.615423592398219705e-08
1.617334748647737896e-08
1.619131155005857274e-08
1.620813312052448813e-08
1.622382485750760851e-08
1.623839165889901036e-08
1.625184802592910464e-08
1.626419682072680932e-08
1.627544664729909591e-08
1.628561187399902807e-08
1.629469520455243163e-08
1.630270897873819290e-08
1.630965579543632339e-08
1.631555178353975239e-08
1.632040138716867388e-08
1.632421094084202010e-08
1.632699255850313677e-08
1.632875248333502284e-08
1.632949885458071898e-08
1.632923976637745119e-08
1.632798326806827932e-08
1.632573348020313553e-08
1.632250613283473229e-08
1.631830719921653052e-08
1.631314066940710761e-08
1.630701631513990191e-08
1.629994192339552982e-08
1.629192523847158188e-08
1.628297783648595131e-08
1.627309962648079254e-08
1.626230210277774097e-08
1.625059477510754888e-08
1.623798131064910191e-08
1.622447499865136417e-08
1.621007556856395225e-08
1.619479622373197554e-08
1.617864048193499253e-08
1.616162145020375642e-08
1.614374064755309689e-08
1.612500533424048683e-08
1.610542848020498252e-08
1.608501150635389867e-08
1.606376537963589075e-08
1.604169337441922501e-08
1.601880637125093137e-08
1.599510757917769662e-08
1.597060779258009917e-08
1.594531015696549631e-08
1.591922516404804138e-08
1.589235481619606891e-08
1.586470844439457153e-08
1.583628778740893407e-08
1.580710398503937711e-08
1.577715684354520938e-08
1.574645180326011659e-08
1.571499988541577719e-08
1.568279897646652065e-08
1.564986189161119265e-08
1.561618834946030633e-08
1.558178735794183489e-08
1.554665861603392064e-08
1.551081476363374842e-08
1.547425729838940102e-08
1.543698956181248028e-08
1.539902038282120006e-08
1.536035304465145755e-08
1.532098899924710862e-08
1.528094061867085335e-08
1.524020929270471536e-08
1.519880004003717458e-08
1.515671785337998395e-08
1.511396769963588850e-08
1.507055452006501444e-08
1.502648323045000085e-08
1.498175872125982115e-08
1.493638585781239691e-08
1.489036948043587817e-08
1.484371793685162902e-08
1.479642894219753370e-08
1.474851080610534051e-08
1.469996827053403070e-08
1.465080779641716304e-08
1.460103058519432003e-08
1.455064651823667614e-08
1.449965330442342059e-08
1.444805904075229069e-08
1.439587003912636618e-08
1.434308744328613268e-08
1.428972092538296977e-08
1.423576989504078455e-08
1.418123887803846867e-08
1.412613573943720764e-08
1.407046492083518795e-08
1.401422583855048755e-08
1.395742793163707557e-08
1.390007557423036559e-08
1.384216982401758646e-08
1.378371833231890680e-08
1.372472342717598669e-08
1.366519910799244329e-08
1.360515407180302051e-08
1.354460345988660993e-08
1.348355587913108602e-08
1.342202632404332084e-08
1.336002331330908559e-08
1.329756169565345732e-08
1.323464990346074001e-08
1.317130264066516982e-08
1.310753137451423958e-08
1.304334285924041709e-08
1.297875315069235498e-08
1.291377047353385536e-08
1.284841070290128855e-08
1.278268043899938386e-08
1.271659388668733726e-08
1.265015760698399648e-08
1.258338868289345899e-08
1.251629359093141248e-08
1.244888625633887245e-08
1.238117312055446289e-08
1.231317092512094153e-08
1.224488603003733665e-08
1.217633208492427033e-08
1.210751829997162962e-08
1.203845243386353544e-08
1.196915080537567104e-08
1.189962105432145439e-08
1.182987365118027024e-08
1.175991901597984043e-08
1.168976612757908407e-08
1.161942809641647375e-08
1.154891379360809122e-08
1.147823344038223974e-08
1.140739720900897962e-08
1.133641387410474298e-08
1.126529621733322769e-08
1.119405290840265899e-08
1.112269392665111060e-08
1.105123183402544445e-08
1.097967123783273069e-08
1.090802462283364950e-08
1.083630177998256714e-08
1.076451245383237910e-08
1.069266761521714553e-08
1.062077436333748466e-08
1.054884358613510344e-08
1.047688733875721069e-08
1.040491013374264999e-08
1.033292310179221840e-08
1.026093264060805987e-08
1.018894060214498227e-08
1.011695490629320438e-08
1.004497498262646942e-08
9.973008685344193069e-09
9.901057854907361344e-09
9.829130228929100074e-09
9.757226456016350459e-09
9.685350725664047445e-09
9.613510640056330776e-09
9.541706866684537725e-09
9.469943537242351194e-09
9.398228119601617018e-09
9.326561301035390762e-09
9.254949359154608405e-09
9.183393020448612593e-09
9.111899601014757274e-09
9.040473068840201103e-09
8.969115238853266730e-09
8.897832211123958741e-09
8.826625798087234226e-09
8.755502029647776936e-09
8.684462716091472481e-09
8.613513817646492924e-09
8.542657142780820773e-09
8.471898582536675864e-09
8.401239943882301042e-09
8.330687049166369648e-09
8.260243670205828609e-09
8.189910637674116863e-09
8.119694663210534649e-09
8.049597551342706910e-09
7.979624954852418202e-09
7.909780560427598992e-09
7.840065238983211072e-09
7.770484567939811271e-09
7.701044041833360543e-09
7.631744531527259206e-09
7.562589690465608080e-09
7.493585831085159018e-09
7.424733849518896710e-09
7.356039101261633124e-09
7.287502524005170857e-09
7.219131151261221743e-09
7.150925913373750443e-09
7.082892036979824742e-09
7.015030494002363264e-09
6.947348125193452548e-09
6.879846714366383709e-09
6.812528996212722069e-09
6.745400494347278938e-09
6.678464357808560430e-09
6.611722963086167797e-09
6.545183406259469858e-09
6.478848013065369061e-09
6.412720681578855236e-09
6.346805292679611718e-09
6.281104962614330301e-09
6.215625041011083337e-09
6.150368602377920611e-09
6.085339459751932745e-09
6.020541409441383270e-09
5.955978231117162545e-09
5.891653687903665954e-09
5.827571526469054196e-09
5.763735477114928770e-09
5.700149253865437519e-09
5.636816554555782130e-09
5.573741060920150744e-09
5.510926438679086422e-09
5.448376337626277422e-09
5.386094391714789118e-09
5.324084852794147431e-09
5.262350048743507010e-09
5.200894207536776651e-09
5.139720900616137461e-09
5.078833684005998257e-09
5.018237292907589853e-09
4.957932849382287719e-09
4.897925072631278094e-09
4.838218033666205489e-09
4.778814053920724860e-09
4.719717181575589398e-09
4.660931976496823604e-09
4.602459641447893528e-09
4.544305261684906084e-09
4.486471154934044747e-09
4.428962315024692634e-09
4.371779997155097958e-09
4.314929145788780329e-09
4.258412075727541146e-09
4.202233642017793322e-09
4.146395151040209995e-09
4.090901409556503684e-09
4.035754729390915094e-09
3.980959829939626714e-09
3.926518534718163839e-09
3.872434113909465620e-09
3.818710732747390329e-09
3.765351209862282951e-09
3.712355927762225037e-09
3.659725800311385981e-09
3.607463025452213026e-09
3.555567183857365922e-09
3.504040011884598752e-09
3.452881549331833952e-09
3.402092690783389644e-09
3.351675523672697273e-09
3.301629702224010538e-09
3.251956883799696087e-09
3.202657150180667933e-09
3.153732127882424046e-09
3.105181914991198978e-09
3.057008107605956532e-09
3.009210819835564069e-09
2.961791617793491730e-09
2.914750631326007543e-09
2.868089396992849386e-09
2.821808060089942492e-09
2.775908128055746635e-09
2.730389761345619250e-09
2.685254438709910439e-09
2.640502964047335267e-09
2.596135211132075721e-09
2.552152936110645137e-09
2.508556336051280157e-09
2.465346819883966693e-09
2.422525175492487642e-09
2.380091337862257970e-09
2.338046968779388457e-09
2.296392300057992058e-09
2.255128941953059536e-09
2.214256861494350409e-09
2.173776857099444018e-09
2.133690485622986829e-09
2.093997748303560214e-09
2.054699433614833552e-09
2.015797046419469204e-09
1.977290621046408471e-09
1.939181397804469455e-09
1.901469446063785659e-09
1.864156438918357295e-09
1.827242453060444959e-09
1.790728680605932744e-09
1.754615231706711145e-09
1.718903696998425914e-09
1.683594193506827891e-09
1.648687866921297705e-09
1.614185250404920132e-09
1.580086398389270236e-09
1.546391284421618678e-09
1.513098436960993598e-09
1.480206596879394914e-09
1.447715041796691786e-09
1.415622517263474956e-09
1.383927623737796278e-09
1.352629961761244478e-09
1.321728132713376253e-09
1.291221079183439421e-09
1.261107597828589537e-09
1.231386943342636484e-09
1.202057917098547702e-09
1.173119478285811425e-09
1.144570590192936414e-09
1.116410220187290671e-09
1.088637080526078904e-09
1.061250671531774214e-09
1.034249706908361146e-09
1.007633170139622526e-09
9.814000486891546387e-10
9.555493339809047055e-10
9.300800213798240577e-10
9.049911101726341208e-10
8.802816035487057205e-10
8.559505085810492317e-10
8.319968362074161899e-10
8.084196012115095729e-10
7.852178222043084415e-10
7.623905216054949422e-10
7.399367256249928772e-10
7.178554642446138074e-10
6.961458540665023411e-10
6.748067642882056359e-10
6.538373215488322544e-10
6.332365707362035661e-10
6.130035604198391287e-10
5.931374840441018596e-10
5.736371104247438496e-10
5.545016450105114858e-10
5.357301509212538122e-10
5.173216948709058828e-10
4.992754065830389829e-10
4.815902389375225089e-10
4.642653309083915204e-10
4.472998699064283841e-10
4.306927234222152566e-10
4.144430899064633785e-10
3.985501081976967550e-10
3.830127764149484372e-10
3.678300534680834232e-10
3.529994830353476648e-10
3.385186115431103409e-10
3.243849425071547136e-10
3.105958715736570895e-10
2.971489938722982838e-10
2.840416584043685830e-10
2.712714745008977677e-10
2.588358886245883763e-10
2.467325152485984008e-10
2.349587653500186974e-10
2.235122677272429086e-10
2.123905176683800658e-10
2.015911501801343241e-10
1.911116577409331459e-10
1.809496215497702270e-10
1.711026927700503356e-10
1.615684023647152404e-10
1.523443583241562455e-10
1.434282285984277698e-10
1.348175812418981640e-10
1.265100506656881262e-10
1.185033222197630408e-10
1.107949996862719169e-10
1.033827435326260905e-10
9.626425710540763263e-11
8.943717857996227020e-11
8.289921385890104776e-11
7.664802565398384806e-11
7.068134443957748627e-11
6.499687746441223979e-11
5.959232646203036130e-11
5.446543261498884266e-11
4.961391705677970297e-11
4.503552455405170850e-11
4.072802254124163257e-11
3.668915456405842205e-11
3.291669777242636203e-11
2.940841998453862192e-11
2.616211292050200262e-11
2.317556236164383697e-11
2.044657469918465970e-11
1.797295328036796591e-11
1.575251926589403231e-11
1.378309317751961255e-11
1.206251104123566625e-11
1.058861016767315781e-11
9.359241541379403656e-12
8.372258881933722202e-12
7.625528223169814333e-12
7.116802805846440402e-12
6.843382080315754890e-12
6.802455555631086881e-12
6.991226238036908615e-12
7.406905740415830596e-12
8.046713053805067869e-12
8.907882504901307293e-12
9.987653703994511999e-12
1.128328051057771976e-11
1.279202188717501953e-11
1.451115381349196101e-11
1.643795295291731369e-11
1.856970962641712178e-11
2.090372871926742823e-11
2.343731591573149234e-11
2.616779966367556687e-11
2.909250127257876501e-11
3.220875893808392728e-11
3.551393292053136029e-11
3.900536994830531433e-11
4.268043643886539267e-11
4.653651360970944486e-11
5.057099984126129566e-11
5.478127422351643067e-11
5.916475431648107001e-11
6.371883319018857735e-11
6.844095535991160986e-11
7.332855503936326984e-11
7.837904766902933158e-11
8.358992008212786599e-11
8.895860399946639511e-11
9.448256620037890808e-11
1.001593180690114719e-10
1.059863124030929490e-10
1.119610691868376860e-10
1.180810526645866640e-10
1.243438306455096049e-10
1.307468827219139284e-10
1.372877697711039416e-10
1.439639819059931442e-10
1.507731338893472478e-10
1.577127494540598539e-10
1.647803739610030301e-10
1.719736192867554753e-10
1.792900059452069090e-10
1.867272079710377201e-10
1.942827832504509129e-10
2.019543149459612220e-10
2.097394657587349444e-10
2.176357845784915855e-10
2.256410272188884696e-10
2.337528937908255885e-10
2.419691352852864933e-10
2.502875958259891722e-10
2.587060427503896175e-10
2.672222788594039171e-10
2.758340488763595272e-10
2.845393000565097906e-10
2.933357942785028010e-10
3.022213645524544957e-10
3.111938143101620512e-10
3.202510644918838813e-10
3.293909344436970655e-10
3.386112868678274537e-10
3.479099918099554472e-10
3.572848415538540584e-10
3.667338886355898713e-10
3.762549421019849486e-10
3.858459010598862702e-10
3.955046718038193706e-10
4.052291677853108463e-10
4.150173095823686482e-10
4.248669742857225818e-10
4.347761966223754214e-10
4.447428689577934992e-10
4.547649400740564692e-10
4.648403657294460097e-10
4.749671086288457853e-10
4.851431383942960922e-10
4.953664315356961030e-10
5.056349714216533494e-10
5.159467482504848388e-10
5.262997590213624087e-10
5.366920075056045969e-10
5.471215042181148183e-10
5.575862663889632655e-10
5.680843179351127371e-10
5.786136894322860190e-10
5.891724180869770910e-10
5.997585477086020228e-10
6.103701286817913197e-10
6.210052179388196815e-10
6.316619541375654576e-10
6.423382580838577007e-10
6.530322801251775429e-10
6.637421031112190921e-10
6.744658163035404011e-10
6.852015153488132741e-10
6.959473022522068693e-10
7.067014536312458546e-10
7.174618114318646535e-10
7.282269683936394690e-10
7.389954179707483203e-10
7.497656586268291967e-10
7.605362843644423283e-10
7.713056237857371677e-10
7.820722795260944669e-10
7.928347698800670744e-10
8.035916180488075894e-10
8.143415460334989567e-10
8.250827015183257287e-10
8.358138136564209408e-10
8.465335258633122324e-10
8.572401852656819611e-10
8.679324435952384093e-10
8.786090670554872641e-10
8.892682014799196039e-10
8.999086200041696128e-10
9.105290022063102582e-10
9.211277083852947819e-10
9.317034262134266586e-10
9.422549652439109735e-10
9.527804690416205981e-10
9.632787538913183924e-10
9.737485347468970648e-10
9.841881845670637698e-10
9.945966630316002655e-10
1.004972111616068331e-09
1.015313502775050501e-09
1.025619217668008964e-09
1.035888002140385267e-09
1.046118735957436694e-09
1.056309558425893854e-09
1.066459482727281498e-09
1.076566900050719799e-09
1.086630843257341939e-09
1.096649449924045549e-09
1.106621765238788591e-09
1.116546188269450499e-09
1.126421783552073809e-09
1.136246822276913670e-09
1.146019975236825874e-09
1.155740330358476093e-09
1.165406022353013960e-09
1.175016151108134736e-09
1.184569129252909110e-09
1.194064075394386033e-09
1.203499266073608433e-09
1.212873401754834531e-09
1.222185623661306144e-09
1.231434292357342777e-09
1.240618528656424665e-09
1.249737984173139389e-09
1.258791126991423779e-09
1.267778066669478264e-09
1.276697420782277765e-09
1.285548710792199159e-09
1.294330698502204452e-09
1.303043066592676077e-09
1.311685044124246513e-09
1.320255390965886070e-09
1.328753806509198142e-09
1.337179527083147234e-09
1.345531470974006762e-09
1.353808873339124060e-09
1.362011458315609662e-09
1.370137985268223452e-09
1.378188024832883424e-09
1.386160332436878345e-09
1.394054650471346117e-09
1.401870234214448856e-09
1.409606005560860450e-09
1.417261556405948676e-09
1.424835639984446967e-09
1.432328024367976674e-09
1.439737976366036058e-09
1.447064420434364128e-09
1.454306969021606699e-09
1.461464547681464069e-09
1.468536776882391121e-09
1.475522407630477102e-09
1.482421242344287632e-09
1.489232563586461436e-09
1.495955299854847611e-09
1.502589091154701906e-09
1.509132867245616674e-09
1.515586275739633664e-09
1.521948247708706149e-09
1.528218438251318680e-09
1.534395779804077531e-09
1.540479934830532054e-09
1.546469837185898310e-09
1.552365156576389643e-09
1.558164828331443666e-09
1.563868529276509543e-09
1.569475196272498714e-09
1.574984513139656560e-09
1.580395418329249752e-09
1.585707602530867814e-09
1.590920005846629949e-09
1.596032437979744148e-09
1.601044401408526705e-09
1.605956271220110051e-09
1.610767659984709080e-09
1.615478945165456640e-09
1.620089737075986241e-09
1.624600415459628948e-09
1.629010588468700176e-09
1.633320638030916258e-09
1.637530560203598971e-09
1.641639764564886058e-09
1.645648830623506782e-09
1.649557361545333511e-09
1.653365744299818099e-09
1.657073580225033628e-09
1.660681258139412646e-09
1.664188377648547864e-09
1.667595527890847897e-09
1.670902109055703207e-09
1.674108114650742736e-09
1.677213937697492530e-09
1.680219173887462094e-09
1.683124418172436995e-09
1.685929065096644743e-09
1.688633108430639015e-09
1.691236944799851431e-09
1.693740166577750028e-09
1.696143373631403142e-09
1.698445955754819406e-09
1.700647906979958942e-09
1.702749626936849011e-09
1.704751111264180661e-09
1.706651745884917936e-09
1.708452134699160126e-09
1.710152273286101866e-09
1.711751545685705601e-09
1.713250557776810517e-09
1.714649305078558557e-09
1.715947170070343710e-09
1.717144760286245473e-09
1.718241661981823217e-09
1.719238484007330246e-09
1.720134607619603321e-09
1.720930437419013131e-09
1.721625353731358747e-09
1.722219966430505910e-09
1.722714270852172361e-09
1.723107646729238661e-09
1.723400704620036862e-09
1.723593439798080519e-09
1.723685325693275197e-09
1.723677647755313537e-09
1.723570347163232461e-09
1.723363979242168431e-09
1.723059713280669234e-09
1.722657485651791222e-09
1.722158257025973933e-09
1.721561960956245648e-09
1.720869964720510377e-09
1.720082198858793500e-09
1.719199617024970668e-09
1.718222147399728949e-09
1.717151149360158596e-09
1.715986548257194889e-09
1.714729290459197399e-09
1.713379299408305627e-09
1.711937925956148766e-09
1.710405090894459489e-09
1.708781733043714483e-09
1.707067771727358852e-09
1.705264548661673019e-09
1.703371980695177282e-09
1.701390998844638336e-09
1.699321518920890809e-09
1.697164872909575277e-09
1.694920974318283313e-09
1.692590746110701890e-09
1.690174503708268422e-09
1.687672361193006814e-09
1.685085637572147390e-09
1.682414243003518707e-09
1.679659090043594536e-09
1.676820488097689232e-09
1.673898547099858174e-09
1.670894572199189004e-09
1.667808471097597185e-09
1.664641145577103426e-09
1.661392899412012188e-09
1.658063839012311508e-09
1.654655254816704230e-09
1.651167249561780545e-09
1.647600124032910696e-09
1.643954766615261353e-09
1.640231474819637492e-09
1.636430351625667789e-09
1.632552668732850101e-09
1.628598525396405718e-09
1.624568216654593368e-09
1.620462617005376530e-09
1.616282018217927702e-09
1.612026983207777313e-09
1.607698004555023820e-09
1.603296800562254358e-09
1.598823936055129793e-09
1.594280357082936765e-09
1.589666817701132989e-09
1.584984637742579266e-09
1.580234565356503676e-09
1.575417535878229655e-09
1.570534107941783207e-09
1.565585960853692953e-09
1.560573646803727837e-09
1.555498090564250735e-09
1.550360214290249914e-09
1.545160753526159384e-09
1.539900993850989895e-09
1.534581665001374528e-09
1.529203678754763037e-09
1.523767944317069190e-09
1.518275006728759538e-09
1.512726494606929776e-09
1.507122946585973500e-09
1.501465261675580646e-09
1.495754336358782612e-09
1.489991064600815901e-09
1.484176337857943393e-09
1.478310869042935264e-09
1.472395897411323113e-09
1.466432130203284442e-09
1.460420448926609644e-09
1.454361732623690328e-09
1.448256857880125300e-09
1.442106698833291813e-09
1.435912127180876070e-09
1.429674012189371887e-09
1.423393220702544818e-09
1.417070617149855748e-09
1.410707063554854296e-09
1.404303085080264221e-09
1.397860209423657642e-09
1.391378955452458908e-09
1.384860175649590071e-09
1.378304720133501183e-09
1.371713436666351943e-09
1.365087170662163969e-09
1.358426765194937307e-09
1.351733061006733428e-09
1.345006896515724321e-09
1.338249107824208075e-09
1.331460528726593450e-09
1.324641946927858949e-09
1.317793972924433528e-09
1.310917171801932175e-09
1.304012107090497473e-09
1.297079340770139673e-09
1.290119433276058568e-09
1.283132943503944685e-09
1.276120580784304567e-09
1.269082596173498187e-09
1.262019696784368103e-09
1.254932435407190532e-09
1.247821363318903801e-09
1.240687030288277394e-09
1.233529984581063641e-09
1.226350772965123956e-09
1.219149940715537508e-09
1.211928031619684660e-09
1.204685587982313860e-09
1.197423150630588275e-09
1.190141542381639536e-09
1.182840732458767867e-09
1.175521542483261468e-09
1.168184507422098262e-09
1.160830160789584531e-09
1.153459034652277888e-09
1.146071659633890797e-09
1.138668564920173013e-09
1.131250412982582881e-09
1.123817459822811512e-09
1.116370365944025266e-09
1.108909654828616928e-09
1.101435848545133019e-09
1.093949728307372333e-09
1.086451290476034858e-09
1.078941315244002113e-09
1.071420319072025761e-09
1.063888817030646853e-09
1.056347448604453653e-09
1.048796473599229862e-09
1.041236529640497240e-09
1.033668126284524669e-09
1.026091771720534377e-09
1.018508215362771267e-09
1.010917475697291627e-09
1.003320301233302613e-09
9.957171947375324543e-10
9.881087753061741160e-10
9.804953067675134820e-10
9.728774064485601102e-10
9.652555717655485151e-10
9.576307755497452377e-10
9.500042965119720412e-10
9.423783449588140326e-10
9.347550073414190613e-10
9.271360299889481036e-10
9.195234897711815570e-10
9.119193461110506648e-10
9.043257686239311754e-10
8.967442737541948238e-10
8.891770225752053447e-10
8.816260588019450084e-10
8.740931051382418413e-10
8.665801959498220911e-10
8.590894592305966622e-10
8.516224022536156751e-10
8.441811446497723569e-10
8.367676942490124058e-10
8.293837540141171993e-10
8.220313226104797433e-10
8.147124872207703353e-10
8.074287461571658775e-10
8.001822736923067812e-10
7.929747566107451170e-10
7.858081643704534045e-10
7.786845508240987921e-10
7.716054068257371138e-10
7.645728691930374831e-10
7.575886087113491565e-10
7.506545661461050147e-10
7.437727626884419371e-10
7.369446816148686279e-10
7.301724230862537739e-10
7.234576420043000186e-10
7.168022509767273604e-10
7.102082392488280714e-10
7.036770822820919591e-10
6.972108444535694039e-10
6.908111648343090387e-10
6.844800914627331375e-10
6.782190932991629724e-10
6.720302067719721301e-10
6.659150582844904087e-10
6.598756683451819078e-10
6.539134991277776951e-10
6.480305597554393963e-10
6.422284639270221006e-10
6.365092052932730420e-10
6.308742388976612528e-10
6.253254727662003642e-10
6.198647312431317399e-10
6.144930806858763308e-10
6.092086579390016819e-10
6.040093663237210352e-10
5.988927510717355625e-10
5.938567218421286634e-10
5.888986961379500742e-10
5.840165936541270429e-10
5.792079880939553722e-10
5.744708056779766177e-10
5.698024967341337853e-10
5.652009974745243053e-10
5.606639094871882946e-10
5.561891756606943482e-10
5.517743440269903073e-10
5.474171702704485265e-10
5.431156098219730188e-10
5.388671684891927947e-10
5.346698115913845082e-10
5.305211882205191987e-10
5.264192705486726049e-10
5.223616573010648561e-10
5.183461438318089742e-10
5.143707148566068279e-10
5.104329294995066027e-10
5.065307822291308457e-10
5.026620879016467931e-10
4.988244887148453450e-10
4.950159915812315690e-10
4.912344279646662207e-10
4.874774606673581646e-10
4.837431089886656413e-10
4.800292208363697468e-10
4.763334793814242474e-10
4.726539162338877250e-10
4.689882838737222123e-10
4.653346207568612021e-10
4.616906355795335637e-10
4.580542112575660696e-10
4.544233983989787066e-10
4.507959256142519960e-10
4.471697982840435005e-10
4.435427594957618051e-10
4.399128771454629251e-10
4.362780633151214252e-10
4.326360807415687929e-10
4.289850091384209120e-10
4.253227762396810991e-10
4.216471643067295607e-10
4.179562647009822535e-10
4.142480206553237705e-10
4.105210768797353991e-10
4.067773562266661659e-10
4.030197139021163555e-10
3.992507076723919770e-10
3.954731294479530132e-10
3.916895275728208795e-10
3.879027262921520849e-10
3.841154005201046425e-10
3.803301279202336710e-10
3.765495728172777546e-10
3.727765261069100977e-10
3.690135030105163737e-10
3.652632350621576346e-10
3.615282283852982760e-10
3.578112435825685229e-10
3.541149029075544746e-10
3.504417386604939371e-10
3.467944453720467101e-10
3.431755032924942115e-10
3.395876340546749628e-10
3.360334276869094142e-10
3.325153886428266167e-10
3.290361750953038767e-10
3.255982416654791115e-10
3.222042717662557357e-10
3.188568237180281912e-10
3.155583744123460186e-10
3.123115463780059068e-10
3.091188055423829638e-10
3.059826875068849765e-10
3.029058298397594772e-10
2.998906452535699051e-10
2.969397214140669156e-10
2.940554969414805861e-10
2.912405457901527176e-10
2.884972956850313123e-10
2.858282389245323913e-10
2.832359628656322886e-10
2.807228445425621373e-10
2.782914242517731223e-10
2.759441025014814859e-10
2.736834063846050643e-10
2.715117255177684912e-10
2.694315739448674924e-10
2.674452985272640036e-10
2.655554327215347185e-10
2.637644071174595371e-10
2.620745840438348494e-10
2.604884456247142482e-10
2.590083432369805754e-10
2.576358579523393799e-10
2.563688915896739771e-10
2.552045861617210533e-10
2.541399685849467624e-10
2.531721944223862118e-10
2.522983051613391433e-10
2.515154699237456929e-10
2.508207147190262351e-10
2.502112522499936074e-10
2.496842120711531319e-10
2.492366713426047239e-10
2.488658330895552334e-10
2.485687884551041222e-10
2.483427540149702813e-10
2.481848347409542213e-10
2.480922607459749530e-10
2.480621506822455746e-10
2.480917481817605519e-10
2.481781854348377799e-10
2.483187195696307093e-10
2.485104961782026523e-10
2.487507858571791718e-10
2.490367474699287665e-10
2.493656650491115862e-10
2.497347106048490089e-10
2.501411815686699256e-10
2.505822629787537593e-10
2.510552656236228993e-10
2.515573874566485006e-10
2.520859525767829548e-10
2.526381717455214752e-10
2.532113823210142491e-10
2.538028077715811153e-10
2.544097986586910594e-10
2.550295910619282984e-10
2.556595486855730786e-10
2.562969811822859128e-10
2.569391127813878919e-10
2.575833572272720058e-10
2.582269817465332737e-10
2.588673826050951368e-10
2.595018393511368427e-10
2.601277611454642126e-10
2.607424397877494185e-10
2.613432972525944207e-10
2.619276375266539471e-10
2.624928953127206587e-10
2.630363867254749546e-10
2.635555591057952057e-10
2.640477406429552338e-10
2.645110077754352623e-10
2.649455918150161925e-10
2.653524018627687174e-10
2.657324082037678953e-10
2.660864525815951374e-10
2.664155012101417224e-10
2.667203914239812041e-10
2.670020853664124127e-10
2.672614160112002385e-10
2.674993732936401997e-10
2.677167540643584331e-10
2.679144485065233156e-10
2.680934085997991615e-10
2.682544566146072067e-10
2.683985404741865941e-10
2.685264782420569304e-10
2.686392457888460769e-10
2.687376250380884746e-10
2.688224917829152106e-10
2.688947838416851890e-10
2.689553089308525290e-10
2.690050008451295458e-10
2.690447273147227107e-10
2.690752579034702511e-10
2.690975524351139228e-10
2.691124084990199262e-10
2.691207498899545056e-10
2.691234343099782851e-10
2.691212213101785101e-10
2.691150607871551669e-10
2.691057403948100089e-10
2.690941740308099354e-10
2.690812095206422469e-10
2.690675965892662167e-10
2.690542753058435530e-10
2.690420235524301104e-10
2.690317454554064250e-10
2.690242791126958753e-10
2.690203645693312472e-10
2.690209322022418991e-10
2.690267502575939674e-10
2.690387452833359087e-10
2.690576496633701384e-10
2.690842900020229714e-10
2.691195551099934941e-10
2.691642037061909794e-10
2.692191529084009118e-10
2.692851255987913457e-10
2.693629389395367787e-10
2.694534724029110670e-10
2.695571996444559915e-10
2.696731383420978095e-10
2.698001613914949396e-10
2.699370482064740027e-10
2.700824844846358914e-10
2.702353516082201660e-10
2.703943729151848747e-10
2.705584354789581528e-10
2.707262358888522874e-10
2.708965700366051076e-10
2.710683334078985941e-10
2.712402306217605200e-10
2.714110657544754019e-10
2.715797102911922955e-10
2.717449738485751010e-10
2.719055715799641450e-10
2.720604155310036594e-10
2.722083233841769826e-10
2.723480181750494878e-10
2.724784201401610160e-10
2.725983549557882638e-10
2.727065534979290744e-10
2.728019441000594522e-10
2.728833278582004091e-10
2.729495409672301915e-10
2.729993897281344360e-10
2.730318131236272277e-10
2.730455576448008753e-10
2.730394699283751925e-10
2.730124967734974849e-10
2.729633924368606548e-10
2.728910113358677659e-10
2.727943079532212056e-10
2.726720443132978277e-10
2.725231474728140021e-10
2.723463846947156266e-10
2.721407205448961348e-10
2.719050246714487319e-10
2.716380721654708418e-10
2.713388349582847095e-10
2.710061902295258833e-10
2.706389209351965506e-10
2.702360383961136239e-10
2.697963306935742216e-10
2.693186852598476650e-10
2.688020880852201358e-10
2.682453351619614789e-10
2.676473851417271977e-10
2.670070395390329124e-10
2.663232935974309118e-10
2.655961822503920422e-10
2.648301756835363136e-10
2.640310870781978091e-10
2.632044960135949109e-10
2.623560644138185195e-10
2.614915351094203375e-10
2.606164509229629898e-10
2.597364981340598248e-10
2.588571955806389023e-10
2.579842660445807870e-10
2.571232038955048076e-10
2.562795839675535156e-10
2.554590600585290409e-10
2.546670905400375532e-10
2.539092738910159942e-10
2.531910448865024278e-10
2.525180376679631775e-10
2.518956629585406878e-10
2.513294699442645871e-10
2.508248458376456281e-10
2.503873752537155170e-10
2.500224215427159414e-10
2.497354853331436892e-10
2.495319064528828508e-10
2.494171913010139107e-10
2.493967451233307822e-10
2.494758722463543382e-10
2.496600731608277739e-10
2.499546285794789576e-10
2.503649561534493384e-10
2.508963128202262705e-10
2.515541527279129347e-10
2.523437092951053883e-10
2.532703540295339981e-10
2.543392962987545067e-10
2.555559453611661058e-10
2.569254871264926636e-10
2.584532479775695865e-10
2.601444513755671497e-10
2.620042773793296036e-10
2.640380814153097796e-10
2.662509895108190870e-10
2.686482731880841492e-10
2.712350334588739541e-10
2.740165846950103790e-10
2.769980044657087704e-10
2.801845217297992509e-10
2.835811884613457231e-10
2.871932799305724038e-10
2.910258246222240706e-10
2.950811642088241273e-10
2.993500833129497566e-10
3.038207904043962919e-10
3.084813078544980090e-10
3.133197166958226521e-10
3.183242349427777530e-10
3.234829183079072765e-10
3.287841146501665570e-10
3.342159287378563110e-10
3.397666852819084511e-10
3.454246161483683460e-10
3.511779339120571870e-10
3.570151258756190898e-10
3.629244129678883383e-10
3.688942523873861074e-10
3.749129979984930187e-10
3.809689803039271821e-10
3.870508254326712710e-10
3.931468680447771047e-10
3.992456965469546085e-10
4.053356883555238412e-10
4.114055797698091148e-10
4.174438447764232891e-10
4.234390264445818496e-10
4.293798427920549764e-10
4.352548862261489168e-10
4.410527180205447593e-10
4.467622374520510342e-10
4.523720015296507991e-10
4.578708559704881290e-10
4.632475101221345101e-10
4.684906388339394754e-10
4.735892743948895595e-10
4.785321405040284655e-10
4.833080373545023980e-10
4.879059609402138279e-10
4.923146419611397868e-10
4.965232424823030678e-10
5.005205982273627310e-10
5.042956244764721759e-10
5.078374396253421349e-10
5.111350060041286438e-10
5.141772462772332547e-10
5.169534730706638076e-10
5.194526560071654345e-10
5.216638473630586593e-10
5.235763085642743648e-10
5.251791380181524230e-10
5.264613934301487883e-10
5.274125313189499728e-10
5.280252450775096147e-10
5.283066573370748443e-10
5.282676505124193149e-10
5.279188956511880237e-10
5.272709785374489331e-10
5.263348395270876434e-10
5.251210193302335503e-10
5.236401620532667516e-10
5.219028273240125257e-10
5.199197392535777332e-10
5.177014128131200355e-10
5.152582804595651359e-10
5.126011214560869560e-10
5.097403235742760868e-10
5.066863155999720468e-10
5.034496858610294600e-10
5.000408190217868522e-10
4.964701386720298166e-10
4.927479292770639568e-10
4.888848067085974650e-10
4.848910112404254871e-10
4.807768798547941577e-10
4.765526712580553505e-10
4.722287935124677045e-10
4.678154619661557734e-10
4.633228175132743331e-10
4.587613119828909150e-10
4.541410426753597945e-10
4.494721971621252755e-10
4.447648889126083640e-10
4.400293698286635105e-10
4.352757107354949701e-10
4.305140150383704198e-10
4.257542638081104178e-10
4.210067226823267437e-10
4.162813299466517244e-10
4.115881057057839045e-10
4.069370009009084800e-10
4.023380918034338534e-10
3.978012875784854384e-10
3.933365258875072948e-10
3.889537239139549564e-10
3.846626867759916833e-10
3.804734751369356679e-10
3.763958523971723966e-10
3.724396543510675779e-10
3.686146526683372789e-10
3.649307310185754673e-10
3.613976203378241907e-10
3.580250758651559419e-10
3.548203387558070720e-10
3.517805803293146101e-10
3.489007381161457784e-10
3.461755075301408928e-10
3.435996792006921727e-10
3.411680544146835781e-10
3.388754047231131037e-10
3.367166336357075486e-10
3.346865336102088552e-10
3.327799482926905274e-10
3.309917318514361943e-10
3.293167489501313073e-10
3.277497966391606928e-10
3.262859170055899899e-10
3.249199275852602339e-10
3.236467347582299936e-10
3.224612552671389073e-10
3.213584161908870538e-10
3.203331167607823428e-10
3.193803810783026423e-10
3.184951287948782442e-10
3.176723280734397829e-10
3.169069572827691224e-10
3.161940049716553387e-10
3.155283946723882739e-10
3.149052857064550370e-10
3.143196216803019907e-10
3.137664316070552440e-10
3.132407545517967848e-10
3.127376396061868376e-10
3.122521458631640791e-10
3.117793052528406670e-10
3.113142711282581011e-10
3.108520952405484056e-10
3.103878764368687089e-10
3.099167234402942841e-10
3.094337548249722150e-10
3.089340989913527645e-10
3.084128941414929673e-10
3.078652149089338537e-10
3.072863658540406354e-10
3.066714409614766325e-10
3.060156173954070573e-10
3.053140819992362743e-10
3.045620312713551224e-10
3.037546713409611339e-10
3.028872179439509238e-10
3.019548963988865608e-10
3.009529057335520861e-10
2.998765621871830323e-10
2.987229232646255123e-10
2.974964427726496690e-10
2.962034033321580475e-10
2.948500750181985353e-10
2.934427153912432145e-10
2.919875695283736914e-10
2.904908700543723860e-10
2.889588371727217457e-10
2.873976786965111252e-10
2.858135219868109901e-10
2.842126867345136426e-10
2.826012752947663068e-10
2.809854462248418028e-10
2.793713458447775180e-10
2.777651082677336079e-10
2.761728554302596384e-10
2.746006971224727190e-10
2.730547310181454223e-10
2.715410427047034372e-10
2.700657057131355412e-10
2.686347815478136160e-10
2.672543197162253969e-10
2.659303577586176267e-10
2.646689212775522018e-10
2.634760239673753600e-10
2.623576363912700958e-10
2.613198111434786741e-10
2.603684949833898694e-10
2.595096542647185641e-10
2.587492435790051490e-10
2.580932057845638467e-10
2.575474720353479541e-10
2.571179618097275076e-10
2.568105829391843858e-10
2.566312316369208675e-10
2.565857925263854205e-10
2.566801386697129807e-10
2.569201315960833917e-10
2.573116213299945934e-10
2.578604464194537123e-10
2.585724339640849695e-10
2.594533996431555935e-10
2.605091477435182398e-10
2.617454711874723469e-10
2.631681515605438597e-10
2.647829591391827519e-10
2.665956529183802603e-10
2.686119806392043832e-10
2.708376788162552975e-10
2.732784727650405387e-10
2.759369021835999369e-10
2.788028102247756972e-10
2.818628884882669405e-10
2.851038545030890172e-10
2.885124516644996933e-10
2.920754491711109346e-10
2.957796419621832916e-10
2.996118506551022636e-10
3.035589214830384523e-10
3.076077262327881961e-10
3.117451621827949939e-10
3.159581520413519800e-10
3.202336438849832231e-10
3.245586110970051970e-10
3.289200523062659395e-10
3.333049913260611243e-10
3.377004770932300454e-10
3.420935836074262391e-10
3.464714098705636758e-10
3.508210798264411575e-10
3.551297846046606757e-10
3.593846137509732878e-10
3.635728074636324484e-10
3.676815888521651145e-10
3.716982056687098525e-10
3.756099302486793473e-10
3.794040594515956885e-10
3.830679146020952807e-10
3.865888414311038421e-10
3.899542100171823721e-10
3.931514147280411383e-10
3.961678741622214799e-10
3.989910310909479565e-10
4.016083524001455211e-10
4.040073290326237823e-10
4.061754759304295473e-10
4.081003319773626282e-10
4.097695575681797582e-10
4.111705443791698646e-10
4.122910000020118463e-10
4.131185585130346044e-10
4.136408776453759184e-10
4.138456387324817191e-10
4.137205466517680059e-10
4.132533297684419973e-10
4.124317398794875272e-10
4.112435521578056932e-10
4.096765650965215103e-10
4.077186004534435918e-10
4.053575514835742045e-10
4.025856389064451737e-10
3.994130330910257527e-10
3.958542818470587106e-10
3.919239053134542522e-10
3.876363960240007802e-10
3.830062189728889219e-10
3.780478116800485614e-10
3.727755842562995487e-10
3.672040069543346950e-10
3.613472588941010801e-10
3.552197571649894168e-10
3.488358028926034136e-10
3.422096701164195484e-10
3.353556058538353012e-10
3.282878301640359762e-10
3.210205362116807332e-10
3.135678903304082931e-10
3.059440685317208240e-10
2.981631098590010996e-10
2.902391378874771519e-10
2.821862122598447736e-10
2.740183661026165124e-10
2.657496060885570051e-10
2.573939124989417088e-10
2.489652986017108561e-10
2.404775714269096781e-10
2.319446937806399067e-10
2.233805410006073354e-10
2.147989623416911787e-10
2.062137810371578671e-10
1.976387943597005400e-10
1.890877962074797071e-10
1.805744860499923612e-10
1.721126071881841063e-10
1.637158536610683554e-10
1.553978938497211999e-10
1.471723705372992564e-10
1.390529340984436965e-10
1.310531081347912393e-10
1.231864940614199655e-10
1.154666328698627806e-10
1.079070402513055765e-10
1.005212066556034144e-10
9.332260846727458691e-11
8.632466276198402854e-11
7.954079659432241823e-11
7.298440003728738582e-11
6.666883821515915330e-11
6.060745136153397561e-11
5.481356793665593759e-11
4.929734403307573963e-11
4.405653605518192116e-11
3.908578595148359658e-11
3.437974562524499358e-11
2.993308047721256172e-11
2.574045461986142770e-11
2.179655377732779955e-11
1.809606944098977215e-11
1.463370294216439172e-11
1.140416814641356903e-11
8.402179847289697046e-12
5.622472244814240413e-12
3.059785801714478262e-12
7.088707074272932800e-13
-1.435513315367357276e-12
-3.378596580583674925e-12
-5.125599769334252811e-12
-6.681734009927328889e-12
-8.052202734099970548e-12
-9.242194308817588901e-12
-1.025689267684145173e-11
-1.110147064020822680e-11
-1.178109147414450408e-11
-1.230091041434401558e-11
-1.266606886082764610e-11
-1.288170304364300802e-11
-1.295293834984107408e-11
-1.288489381847128176e-11
-1.268266983447471336e-11
-1.235136668331472521e-11
-1.189607221111164467e-11
-1.132186493216540763e-11
-1.063381531710342948e-11
-9.836980652150495439e-12
-8.936412933470235726e-12
-7.937153561784926592e-12
-6.844236342929389612e-12
-5.662680704719634344e-12
-4.397502326628616765e-12
-3.053705834556996738e-12
-1.636286907732219931e-12
-1.502313428170050442e-13
1.399483232229927770e-12
3.007888632460795555e-12
4.670026844141557373e-12
6.380945961125816601e-12
8.135705627789525024e-12
9.929373768724734320e-12
1.175702868552564194e-11
1.361375365521479125e-11
1.549474242448938365e-11
1.739559134866663874e-11
1.931199049643207383e-11
2.123964927192666644e-11
2.317428118200389612e-11
2.511161050178849712e-11
2.704736052165483018e-11
2.897727078617010020e-11
3.089708580325970793e-11
3.280256560288255028e-11
3.468945490743348178e-11
3.655352865284059525e-11
3.839056664147286502e-11
4.019634280777272173e-11
4.196665199190186732e-11
4.369729228221824621e-11
4.538408016579057487e-11
4.702280764938436427e-11
4.860930593718037010e-11
5.013940932967898745e-11
5.160894190081992652e-11
5.301375278644336396e-11
5.434970576459866973e-11
5.561263353343895144e-11
5.679841446877963115e-11
5.790292174890954656e-11
5.892204298816839478e-11
5.985165225374693534e-11
6.068765182165942145e-11
6.142595907218311639e-11
6.206245498195308273e-11
6.259307143876420017e-11
6.301374069541010569e-11
6.332037982205582786e-11
6.350893560692209463e-11
6.357536979751350581e-11
6.351560593726613193e-11
6.332562024533344065e-11
6.300138853460312258e-11
6.253887125075609234e-11
6.193405863646573703e-11
6.118295513961753639e-11
6.028152841691358272e-11
5.922579738985563392e-11
5.801178025845689462e-11
5.663548143408501770e-11
5.509293346125816640e-11
5.338018162378468243e-11
5.149323966165226288e-11
4.942816737166077880e-11
4.718321483515899527e-11
4.476537725188928341e-11
4.218384360893441553e-11
3.944779009811927960e-11
3.656634775868070749e-11
3.354866093342114280e-11
3.040385133886771437e-11
2.714101327509500658e-11
2.376923654669761331e-11
2.029759570745029159e-11
1.673513389929132011e-11
1.309089443137393260e-11
9.373900082457667255e-12
5.593153882203854631e-12
1.757647610126592159e-12
-2.123646573125138379e-12
-6.041769253056878654e-12
-9.987779345970617552e-12
-1.395274844446139028e-11
-1.792776650592528179e-11
-2.190394369097179716e-11
-2.587239111872233249e-11
-2.982425285794781416e-11
-3.375067411547167459e-11
-3.764282538391902206e-11
-4.149189949190843347e-11
-4.528907601318111259e-11
-4.902557781949678027e-11
-5.269264052133955073e-11
-5.628149672118823115e-11
-5.978342659480978407e-11
-6.318967788578397241e-11
-6.649155471743313235e-11
-6.968037136642053829e-11
-7.274743280009907946e-11
-7.568410137074836009e-11
-7.848169324010558544e-11
-8.113159242851395959e-11
-8.362519068163938762e-11
-8.595386519841886326e-11
-8.810905851256792629e-11
-9.008215598067387298e-11
-9.186461991753865998e-11
-9.344791822297267130e-11
-9.482350046241481601e-11
-9.598288698173244668e-11
-9.691753363275646633e-11
-9.761897917625479830e-11
-9.807876623459607055e-11
-9.828841714044253843e-11
-9.824242472252608822e-11
-9.794679412720385318e-11
-9.741048518216315399e-11
-9.664243028622038509e-11
-9.565151169073693827e-11
-9.444665344411435106e-11
-9.303668472175216019e-11
-9.143049833663844784e-11
-8.963691606488754037e-11
-8.766477744267788863e-11
-8.552291600986973386e-11
-8.322008836992785909e-11
-8.076510771650867604e-11
-7.816672199044572254e-11
-7.543371141591391625e-11
-7.257477657701292131e-11
-6.959865821907494486e-11
-6.651407132697347391e-11
-6.332969170668587057e-11
-6.005421899748696187e-11
-5.669628585781680041e-11
-5.326456086982029424e-11
-4.976766317462259786e-11
-4.621422792103270434e-11
-4.261283477714363959e-11
-3.897208334876627748e-11
-3.530055081834130668e-11
-3.160678657271942277e-11
-2.789934543339934829e-11
-2.418674207611021207e-11
-2.047750068384793654e-11
-1.678011553655701253e-11
-1.310307765633205608e-11
-9.454850397941025150e-12
-5.843894406275720118e-12
-2.278649326367782122e-12
1.232456709644285861e-12
4.681012237833122094e-12
8.058617648737960789e-12
1.135689076833180883e-11
1.456745978672978225e-11
1.768197469323562060e-11
2.069208686841433890e-11
2.358947592357351395e-11
2.636582411132710594e-11
2.901284253306018081e-11
3.152223383646256896e-11
3.388573833562492818e-11
3.609509230668651201e-11
3.814206674043762673e-11
4.002065960079415216e-11
4.173388057100601921e-11
4.328695251264709566e-11
4.468511456470391271e-11
4.593356057705553205e-11
4.703751245586209024e-11
4.800215625691526038e-11
4.883269741512828101e-11
4.953429235190931411e-11
5.011212324633681591e-11
5.057135809935306562e-11
5.091713813184772281e-11
5.115462600363154323e-11
5.128893316101549742e-11
5.132520495129188636e-11
5.126854756615703243e-11
5.112408907028539644e-11
5.089690618366458290e-11
5.059210966844736640e-11
5.021477134422217258e-11
4.976998447057591305e-11
4.926279785175816355e-11
4.869826987591002892e-11
4.808146762974155451e-11
4.741740923354493320e-11
4.671114455552746907e-11
4.596768660310451834e-11
4.519206756299044572e-11
4.438927303935537467e-11
4.356431808613104154e-11
4.272218273095154631e-11
4.186786436074189322e-11
4.100631657338412180e-11
4.014251973594394476e-11
3.928142125343695843e-11
3.842798392459985324e-11
3.758712969581308663e-11
3.676380448590554665e-11
3.596292335576265746e-11
3.518941483819698566e-11
3.444816942887852740e-11
3.374409894751798699e-11
3.308208631122490183e-11
3.246702621908940384e-11
3.190378156475605685e-11
3.139721912516277937e-11
3.095220857390253795e-11
3.057358539202102808e-11
3.026620289601910089e-11
3.003488800083108662e-11
2.988383626197694911e-11
2.981464709831647655e-11
2.982830143942537037e-11
2.992576079377351665e-11
3.010800287913374927e-11
3.037598241368236559e-11
3.073066311028264182e-11
3.117301815928999410e-11
3.170399340903326065e-11
3.232455901441980621e-11
3.303566474769802394e-11
3.383827824930018186e-11
3.473333782227466229e-11
3.572180822675739673e-11
3.680464090369156358e-11
3.798277221108759212e-11
3.925716324325959374e-11
4.062875114644591266e-11
4.209849524731405174e-11
4.366731906592075618e-11
4.533617933263507658e-11
4.710601677222992541e-11
4.897775312420662028e-11
5.095234225055586764e-11
5.303070770112742921e-11
5.521380236603070393e-11
5.750253283776428801e-11
5.989784970987333514e-11
6.240068316472571567e-11
6.501193869557329268e-11
6.773256487325615132e-11
7.056347060121874074e-11
7.350560432256569289e-11
7.655985340165150922e-11
7.972716430031270031e-11
8.300845682938690359e-11
8.640461849112792629e-11
8.991659461802640145e-11
9.354527833840504673e-11
9.729161574899711920e-11
1.011564845826066368e-10
1.051407931312290607e-10
1.092454871563689401e-10
1.134714222575034608e-10
1.178195426919472782e-10
1.222907537449216238e-10
1.268859139617155423e-10
1.316059678281842443e-10
1.364517838248327700e-10
1.414243085579176004e-10
1.465224191455244463e-10
1.517371626861104529e-10
1.570576880561651321e-10
1.624730340934706490e-10
1.679723871057625158e-10
1.735448969410894946e-10
1.791796671305721047e-10
1.848659428964893270e-10
1.905928816545092577e-10
1.963497698885361028e-10
2.021257753735842085e-10
2.079101494363651586e-10
2.136922372354709521e-10
2.194612265893482801e-10
2.252064995373755249e-10
2.309173811488669931e-10
2.365831292270748451e-10
2.421931839231006847e-10
2.477369221079260116e-10
2.532036473182661745e-10
2.585828573570450556e-10
2.638639176766436283e-10
2.690363660970511544e-10
2.740895688971326821e-10
2.790130018989018456e-10
2.837962594573183148e-10
2.884287534539650987e-10
2.929000107754908559e-10
2.971996815518688827e-10
3.013172234103362869e-10
3.052422140284697174e-10
3.089643584524840613e-10
3.124731230742811625e-10
3.157582477723446704e-10
3.188093798703889531e-10
3.216160682390977985e-10
3.241681062745162835e-10
3.264551909366050320e-10
3.284669181612544100e-10
3.301931337752772957e-10
3.316235840416860662e-10
3.327479125477076626e-10
3.335560163668609190e-10
3.340376907343373066e-10
3.341826275759457247e-10
3.339807739310407577e-10
3.334218942321720642e-10
3.324959678703501287e-10
3.311927521347921386e-10
3.295021401555470948e-10
3.274186830921689497e-10
3.249547964577844492e-10
3.221275153150061423e-10
3.189539617591397597e-10
3.154510004527312932e-10
3.116355853280659832e-10
3.075247533914325016e-10
3.031352918783109228e-10
2.984840740227042975e-10
2.935880162992026621e-10
2.884639348835994107e-10
2.831285178078893898e-10
2.775986325690948735e-10
2.718910149045636769e-10
2.660222787172248502e-10
2.600092056874941981e-10
2.538684516454709932e-10
2.476165573593687883e-10
2.412702186499473895e-10
2.348460119675927895e-10
2.283604057760058382e-10
2.218300101506075568e-10
2.152713226859739260e-10
2.087007650724319761e-10
2.021347873181369028e-10
1.955898832750309204e-10
1.890823762984755706e-10
1.826286383609454003e-10
1.762450784837376013e-10
1.699479492889798029e-10
1.637535451225151433e-10
1.576781908611470467e-10
1.517380686277496743e-10
1.459493955475581943e-10
1.403284131929913730e-10
1.348912332611698641e-10
1.296540269534023999e-10
1.246328608500976612e-10
1.198438688173874210e-10
1.153031113259029942e-10
1.110265840493452486e-10
1.070303398382783774e-10
1.033303637095561657e-10
9.994258002788994131e-11
9.688296192491851836e-11
9.416741946074262483e-11
9.181181606974491492e-11
8.983201379727085409e-11
8.824388105544327496e-11
8.706319718941980909e-11
8.630014014918211905e-11
8.594247466408354610e-11
8.597231827455832712e-11
8.637184732744862974e-11
8.712329696403210815e-11
8.820886844432061291e-11
8.961084267161151016e-11
9.131147530582437368e-11
9.329311376137866848e-11
9.553810177366004579e-11
9.802878749327058617e-11
1.007475681841008903e-10
1.036769054890608318e-10
1.067992164611990696e-10
1.100969804235239195e-10
1.135527444851431278e-10
1.171490043219451544e-10
1.208683496928653659e-10
1.246933268012776119e-10
1.286065953612419628e-10
1.325908003394615860e-10
1.366285811974944628e-10
1.407026340179359621e-10
1.447957335136592232e-10
1.488905806648604676e-10
1.529699520750220900e-10
1.570167072266306954e-10
1.610136229443237905e-10
1.649435952428145152e-10
1.687894498942483695e-10
1.725341571153030190e-10
1.761606559898353522e-10
1.796518691392874774e-10
1.829907858793897846e-10
1.861604885078139884e-10
1.891439547935270282e-10
1.919242988073784589e-10
1.944845475342071510e-10
1.968078912828213434e-10
1.988774786709041652e-10
2.006764363412502174e-10
2.021879634455904301e-10
2.033953579704473561e-10
2.042817992474656876e-10
2.048306131946108767e-10
2.050250298046973862e-10
2.048484512205382030e-10
2.042842319879365835e-10
2.033157035548267525e-10
2.019262720879378173e-10
2.001050906550489189e-10
1.978637742642214917e-10
1.952196846484375038e-10
1.921900398411157502e-10
1.887921708707245379e-10
1.850433112719725587e-10
1.809606247584347558e-10
1.765612946776644011e-10
1.718625396735337916e-10
1.668814258730437564e-10
1.616350965505194422e-10
1.561405893156313007e-10
1.504149567589514134e-10
1.444752771687278964e-10
1.383384952574346084e-10
1.320216171464766482e-10
1.255415421670809051e-10
1.189152381222485758e-10
1.121595974071879254e-10
1.052914614350348368e-10
9.832769929205394587e-11
9.128509333112242197e-11
8.418047053709712202e-11
7.703059460451938394e-11
6.985218699542559967e-11
6.266196543692170787e-11
5.547664202686702554e-11
4.831285865542299591e-11
4.118726661672773194e-11
3.411646885814658810e-11
2.711705624163920837e-11
2.020560157484715127e-11
1.339863310740266670e-11
6.712667686094777043e-12
1.641906694985579258e-13
-6.230332893943830898e-12
-1.245446750426528586e-11
-1.849179814338631434e-11
-2.432594054902216504e-11
-2.994052653210808727e-11
-3.531921581856488001e-11
-4.044570751046589654e-11
-4.530370016248216170e-11
-4.987693975749178044e-11
-5.414916890792661024e-11
-5.810419044149747398e-11
-6.172581528470570283e-11
-6.499786310202474997e-11
-6.790420730918046561e-11
-7.042871480518504338e-11
