# k_h
7.432733400492001665e-05
8.571486511014839399e-05
9.884705538294440304e-05
1.139912003049054477e-04
1.314555471239169668e-04
1.515955689862553838e-04
1.748212003149871442e-04
2.016051807051421393e-04
2.324926771691351879e-04
2.681123805857288226e-04
3.091893022120947290e-04
3.565595307219858348e-04
4.111872501380149343e-04
4.741843650447600980e-04
5.468331325385967839e-04
6.306122615699240449e-04
7.272270109095220871e-04
8.386438983596527542e-04
9.671307276887980723e-04
1.115302748007047885e-03
1.286175885120189460e-03
1.483228128345154230e-03
1.710470322267542038e-03
1.972527804352158624e-03
2.274734550076432799e-03
2.623241741837386339e-03
3.025142971467516002e-03
3.488618624759063681e-03
4.023102386830945502e-03
4.639473257425111470e-03
5.350276984453805965e-03
6.169981422904703174e-03
7.115271016735120503e-03
8.205386397704357571e-03
9.462516013413314539e-03
1.091224775583438805e-02
1.258408978287786119e-02
1.451207113391115265e-02
1.673543436429099016e-02
1.929943429694371687e-02
2.225625914895859939e-02
2.566609278200686003e-02
2.959833969786468053e-02
3.413303771286733262e-02
3.936248706518073043e-02
4.539312911409674328e-02
5.234771287081009528e-02
6.036779345871946117e-02
6.961661335746177626e-02
8.028242507615301893e-02
9.258232288625534157e-02
1.067666616060020113e-01
1.231241523772876184e-01
1.419877391555841861e-01
1.637413755242482505e-01
1.888278397699836575e-01
2.177577472892203714e-01
2.511199437659070721e-01
2.895934906657350871e-01
3.339614870021761495e-01
3.851270087055897462e-01
4.441314900288155232e-01
5.121759211284132585e-01
5.906452932817685131e-01
6.811367893033756227e-01
7.854922929542149657e-01
9.058358790478746592e-01
1.044617047335260951e+00
1.204660580159870209e+00
1.389224038697276509e+00
1.602064068069903424e+00
1.847512860925936140e+00
2.130566335838825598e+00
2.456985825329879969e+00
2.833415343294256594e+00
3.267516818717267402e+00
3.768126048257732119e+00
4.345432541991463005e+00
5.011186922934601107e+00
5.778940101802205298e+00
6.664319095217578592e+00
7.685345101436677595e+00
8.862800307770752894e+00
1.022065089578574160e+01
1.178653485421934199e+01
1.359232452866665497e+01
1.567477535829421420e+01
1.807627400411174534e+01
2.084570109636865709e+01
2.403942616162497714e+01
2.772245498046065393e+01
3.196975272939367230e+01
3.686776983852787026e+01
4.251620162257177071e+01
4.903001750114410839e+01
5.654180111156141209e+01
6.520444894527655322e+01
7.519428243660644284e+01
8.671463684788540149e+01
1.000000000000000000e+02
