# k_h
7.432733400492001665e-05
8.043762075516754019e-05
8.705022074818243049e-05
9.420642805152164951e-05
1.019509314272686176e-04
1.103320934024069433e-04
1.194022522809587303e-04
1.292180489838752058e-04
1.398407807577170395e-04
1.513367839609476074e-04
1.637778483182465554e-04
1.772416652297585866e-04
1.918123129348616438e-04
2.075807815601812801e-04
2.246455413306482367e-04
2.431131574919382613e-04
2.630989557843339149e-04
2.847277426237297899e-04
3.081345844871353416e-04
3.334656513697463551e-04
3.608791295807686804e-04
3.905462095781798136e-04
4.226521550112151047e-04
4.573974596464885261e-04
4.949990994024606366e-04
5.356918873109195412e-04
5.797299398668518452e-04
6.273882639237296499e-04
6.789644740439562155e-04
7.347806510289267134e-04
7.951853532347554756e-04
8.605557932338501765e-04
9.313001934150480065e-04
1.007860335232462412e-03
1.090714318022473379e-03
1.180379544616998047e-03
1.277415952397467375e-03
1.382429509966643690e-03
1.496076001274154656e-03
1.619065120826642138e-03
1.752164905556178719e-03
1.896206531022792902e-03
2.052089501902318314e-03
2.220787269172779226e-03
2.403353309077382611e-03
2.600927701825644315e-03
2.814744251115104939e-03
3.046138188933267786e-03
3.296554513754364289e-03
3.567557014200955362e-03
3.860838034520910553e-03
4.178229042862789157e-03
4.521712068345908574e-03
4.893432078346803514e-03
5.295710373295193715e-03
5.731059082626715519e-03
6.202196852415979914e-03
6.712065822655606528e-03
7.263850000199860608e-03
7.860995142107807254e-03
8.507230273552218378e-03
9.206590974668589500e-03
9.963444581764775362e-03
1.078251746026669816e-02
1.166892451971295909e-02
1.262820115511228448e-02
1.366633781412976596e-02
1.478981740596549063e-02
1.600565578553484955e-02
1.732144556576433944e-02
1.874540353159988640e-02
2.028642195181656893e-02
2.195412410905944744e-02
2.375892439488695024e-02
2.571209334509580446e-02
2.782582802145684708e-02
3.011332817937885722e-02
3.258887869714849339e-02
3.526793878149690059e-02
3.816723850655982103e-02
4.130488328909346502e-02
4.470046695236821327e-02
4.837519408479646482e-02
5.235201245739439652e-02
5.665575632699208775e-02
6.131330152008568346e-02
6.635373326579201148e-02
7.180852782598161343e-02
7.771174905682561029e-02
8.410026112923570107e-02
9.101395873658318925e-02
9.849601622728930417e-02
1.065931572180578157e-01
1.153559463714188965e-01
1.248391051596635798e-01
1.351018535870371073e-01
1.462082800041627773e-01
1.582277413240964770e-01
1.712352961392636097e-01
1.853121734439872048e-01
2.005462798896647802e-01
2.170327487402783917e-01
2.348745339563304280e-01
2.541830531171138663e-01
2.750788831962093783e-01
2.976925135351560781e-01
3.221651607174345067e-01
3.486496504314450795e-01
3.773113718295071362e-01
4.083293103426116066e-01
4.418971654006048078e-01
4.782245600376916483e-01
5.175383499369483609e-01
5.600840400885070958e-01
6.061273179080967077e-01
6.559557123898873687e-01
7.098803896546450609e-01
7.682380961059522839e-01
8.313932613290297979e-01
8.997402738642529263e-01
9.737059440669931787e-01
1.053752169433775920e+00
1.140378819039015390e+00
1.234126855094983100e+00
1.335581711128328575e+00
1.445376947869099649e+00
1.564198209682326812e+00
1.692787506249191720e+00
1.831947846235748134e+00
1.982548251885408952e+00
2.145529185850029386e+00
2.321908424148836136e+00
2.512787411930450965e+00
2.719358141728066336e+00
2.942910597160939723e+00
3.184840808566144155e+00
3.446659570866184907e+00
3.730001878113252900e+00
4.036637133626732599e+00
4.368480199483554038e+00
4.727603354362980070e+00
5.116249234419404601e+00
5.536844837995989366e+00
5.992016681634884101e+00
6.484607202029887496e+00
7.017692506347410486e+00
7.594601581762487008e+00
8.218937084168395302e+00
8.894597835880382775e+00
9.625803172826332244e+00
1.041711929326619845e+01
1.127348777258204038e+01
1.220025642220595863e+01
1.320321268539299631e+01
1.428861977838676189e+01
1.546325580267123989e+01
1.673445607255440493e+01
1.811015892240991931e+01
1.959895527963098516e+01
2.121014231286830309e+01
2.295378149057115280e+01
2.484076141239412649e+01
2.688286580583529073e+01
2.909284711272845314e+01
3.148450612511977198e+01
3.407277816783386015e+01
3.687382636592021612e+01
3.990514257941034515e+01
4.318565663570053914e+01
4.673585454168750175e+01
5.057790641386515063e+01
5.473580492527204910e+01
5.923551513385955758e+01
6.410513662791920808e+01
6.937507900113098458e+01
7.507825175302771470e+01
8.125026980076108885e+01
8.792967588553709390e+01
9.515818126259519261e+01
1.029809261777836724e+02
1.114467617573388054e+02
1.206085550712063963e+02
1.305235192749448174e+02
1.412535708918722150e+02
1.528657164665893902e+02
1.654324710044434426e+02
1.790323108099751153e+02
1.937501635522247625e+02
2.096779386172242141e+02
2.269151010596073661e+02
2.455692927375144450e+02
2.657570045096386480e+02
2.876043036921067255e+02
3.112476213179981528e+02
3.368346041157342938e+02
3.645250365267367556e+02
3.944918385201385149e+02
4.269221454356379013e+02
4.620184765978725636e+02
4.999999999999999432e+02
