# bin_2
0.000000000000000000e+00
4.316440474942955732e-24
8.083987576389685567e-22
7.049288811845061177e-20
3.991368807867669435e-18
1.629503563070703149e-16
5.035476989164961623e-15
1.212069365509141442e-13
2.319070422098973362e-12
3.584527669269295933e-11
4.538495693958175991e-10
4.765506122722473598e-09
4.196233801780990403e-08
3.130221511522908599e-07
1.996685817688112190e-06
1.098542761392823376e-05
5.255266723200201819e-05
2.202539862070841572e-04
8.145146358917776169e-04
2.675813703604168828e-03
7.859491964405001738e-03
2.076821305947373214e-02
4.966587915689118365e-02
1.081139945586294948e-01
2.154373673963359270e-01
3.951699633964119718e-01
6.708950138135172381e-01
1.060008739922783993e+00
1.567230340935717559e+00
2.180359114127506714e+00
2.870259524969141829e+00
3.595440077829505920e+00
4.309682896857894185e+00
4.969981994218080956e+00
5.542143000587874013e+00
6.002645926128938214e+00
6.337080111261453652e+00
6.536814463434324374e+00
6.596031236753765903e+00
6.510742164057446324e+00
6.280240454063577893e+00
5.910170032045608757e+00
5.415565369430683340e+00
4.822163684351089330e+00
4.164994337976448691e+00
3.484352912597288299e+00
2.820263574072131352e+00
2.207015442795160709e+00
1.669197264176095263e+00
1.220015803414318922e+00
8.618989867199435828e-01
5.887704883833239089e-01
3.891074509291751471e-01
2.489519980399562959e-01
1.543168417683948301e-01
9.275158366491019490e-02
5.410272428768485298e-02
3.065491269817520459e-02
1.688751900726918193e-02
9.053615316618940367e-03
4.727970292239392150e-03
2.407286924246059261e-03
1.196137250631217931e-03
5.805344003992458316e-04
2.754579647770860769e-04
1.278915273788839299e-04
5.815100612852795524e-05
2.591567434461045750e-05
1.132945314909019450e-05
4.862260271299738280e-06
2.050133707918844456e-06
8.498906116604509005e-07
3.466515452570194854e-07
1.392115524179127739e-07
5.508111195200557597e-08
2.148618561139509543e-08
8.268370032469137423e-09
3.140872006965065845e-09
1.178439735151763318e-09
4.369581538469592984e-10
1.602093578678998114e-10
5.811438392903029218e-11
2.086658863449989697e-11
7.420070937815428487e-12
2.614344428296110445e-12
9.130990784591961033e-13
3.162777577319197740e-13
1.086935148877957003e-13
3.707703130862074718e-14
1.255880859389315055e-14
4.225750531552264074e-15
1.412976964641482135e-15
4.696781265695340398e-16
1.552574114253936624e-16
5.105502844902697052e-17
1.670710406004215161e-17
5.442239516310596883e-18
1.765226763594887270e-18
5.702925114788047445e-19
1.835661568314683064e-19
5.888497495135056683e-20
1.882991186415089858e-20
6.003920674936365121e-21
1.909288381506816476e-21
6.057052520639921960e-22
1.917361671562767635e-22
6.057533059415339824e-23
1.910422217461319751e-23
6.015811684305570601e-24
1.891806597573959471e-24
5.942376091004044582e-25
1.864767710697149293e-25
5.847200802378456014e-26
1.832333973770768034e-26
5.739402020483910309e-27
1.797229328560470131e-27
5.627067800058740782e-28
1.761842788083918874e-28
5.517225567419934629e-29
1.728235365884578054e-29
5.415909545610807084e-30
1.698173215952493787e-30
5.328295648242415086e-31
1.673177800918869763e-31
5.258878488610956897e-32
1.654586269492389063e-32
5.211672702195701539e-33
1.643617564308150105e-33
5.190427872731570892e-34
1.641441896281662503e-34
5.198852591081098679e-35
1.649253051500237299e-35
5.240848540392287967e-36
1.668344577039712726e-36
5.320760208115586984e-37
1.700192318047036936e-37
5.443650242865184395e-38
1.746547183544734005e-38
5.615615072731877886e-39
1.809543566486489016e-39
5.844160749538066401e-40
1.891830732419488703e-40
6.138665775484327152e-41
1.996736967592602293e-41
6.510966792939328772e-42
2.128479664899148533e-42
6.976115665414333175e-43
2.292439267333249671e-43
7.553374307519998392e-44
2.495521709995091849e-44
8.267539011077898031e-45
2.746643609530319897e-45
9.150722433174652548e-46
3.057388276584864816e-46
1.024477399019538291e-46
3.442900652828096366e-47
1.160459580197511280e-47
3.923118470044459223e-48
1.330272309263490236e-48
4.524479786633081627e-49
1.543570259697235052e-49
5.282310420951737777e-50
1.813304683540105230e-50
6.244189178628850165e-51
2.156990739236950411e-51
7.474730415322202097e-52
2.598516066832024571e-52
9.062437720412239577e-53
3.170743527757507909e-53
1.112960914266730689e-53
3.919288950239114465e-54
1.384677640015196525e-54
4.908052137375720895e-55
1.745393844335871632e-55
6.227386577915172331e-56
2.229206526535879380e-56
8.006275297174461485e-57
2.885026319169847359e-57
1.043064301805533120e-57
3.783703678087913216e-58
1.377115217798909529e-58
5.028896180942611400e-59
1.842579029912471299e-59
6.773797390044849358e-60
2.498573949362982270e-60
9.247134892618732949e-61
3.433823509260069650e-61
1.279396373534613925e-61
4.782874463128044345e-62
1.794030009599785989e-62
6.751918674755984179e-63
2.549653710934672590e-63
9.660313413610686513e-64
3.672455885761307337e-64
1.400801062421695949e-64
5.361049461783278055e-65
2.058616478847000866e-65
7.931439070979237969e-66
3.066040836479569886e-66
1.189190955899230831e-66
4.627763512183307479e-67
1.806902209661819099e-67
7.078479337446673355e-68
2.782177798177017183e-68
1.097152560584215692e-68
4.340941197016485904e-69
1.723189026976653025e-69
6.862958199470452179e-70
2.742308896867251715e-70
1.099372935359561877e-70
4.421751393852511134e-71
1.784272069499158772e-71
7.223406876728200673e-72
2.933823639333747141e-72
1.195455583924421280e-72
4.886938913687152302e-73
2.004198938404919669e-73
8.245966146175453828e-74
3.403575164883878842e-74
1.409348601739288723e-74
5.854461219328457349e-75
2.439702841134061711e-75
1.019916068139475150e-75
4.277257428088013136e-76
1.799433040604695761e-76
7.594010199131571081e-77
3.214901205078655096e-77
1.365277058657610989e-77
5.816026116352081082e-78
2.485306413752428332e-78
1.065312861393101370e-78
4.580507469877844689e-79
1.975535038303142259e-79
8.546456294647495849e-80
3.708626190587704925e-80
1.614213985853546000e-80
7.047345978760005926e-81
3.086042307120479561e-81
1.355455543738992228e-81
5.971330361049693434e-82
2.638484890309441374e-82
1.169313774278256987e-82
5.197514260413149214e-83
2.317094205225231238e-83
1.036025056080902057e-83
4.645907555492003570e-84
2.089487420951064883e-84
9.424818371518635890e-85
4.263491243824473077e-85
1.934247443652850089e-85
8.800514434552385023e-86
4.015582479381406458e-86
1.837505241588832015e-86
8.432245475012199962e-87
3.880499038720878011e-87
1.790839497255703435e-87
8.287919954509471479e-88
3.846354262067483298e-88
1.790040727990937771e-88
8.353750195198577138e-89
3.909309364485999381e-89
1.834482700066152575e-89
8.632115996655256697e-90
4.072921343956567686e-90
1.926969895766691362e-90
9.141533039553801329e-91
4.348438987098552570e-91
2.074020400779580201e-91
9.918660323215089768e-92
4.756072009407295918e-92
2.286621593910223694e-92
1.102264258288841914e-92
5.327430257859973282e-93
2.581579640589241355e-93
1.254249913321067576e-93
6.109540232431295453e-94
2.983691953001342803e-94
1.460883412231245845e-94
7.171142940375588349e-95
3.529129399455381141e-95
1.741198615670388755e-95
8.612430440086029555e-96
4.270659944759772926e-96
2.123006309023034678e-96
1.058010058182560482e-96
5.285739169504150445e-97
2.647245968469897329e-97
1.329078780673992757e-97
6.689139526634172034e-98
3.374800776040146564e-98
1.706788262070136027e-98
8.652867569273428872e-99
4.397285497642061695e-99
2.240003908416117874e-99
1.143793748245993325e-99
5.854325007724571408e-100
3.003526452705531960e-100
1.544567825527978355e-100
7.961571162878232082e-101
4.113412403075460506e-101
2.130162894764307308e-101
1.105670951030300447e-101
5.752239416952339727e-102
2.999448723916714702e-102
1.567598521354420384e-102
8.211314014683761306e-103
4.310924358033196338e-103
2.268316239506789170e-103
1.196211042593364245e-103
6.322350713157598382e-104
3.348971972695768976e-104
1.777878983132471212e-104
9.459022312178831561e-105
5.043584594309753774e-105
2.695113301275134189e-105
1.443294890136425936e-105
7.745850979318792136e-106
4.165958349459764186e-106
2.245371244779280594e-106
1.212787126140924686e-106
6.564474242806771585e-107
3.560656229220203642e-107
1.935399686004945817e-107
1.054186922389482855e-107
5.753958864966659024e-108
3.147124346658621565e-108
1.724864339715204904e-108
9.472961298857736212e-109
5.213174561198002046e-109
2.874751976876333814e-109
1.588459140959589269e-109
8.794785063223531004e-110
4.879147060356002611e-110
2.712239787436890473e-110
1.510684499817453517e-110
8.430959830304896140e-111
4.714480940104277168e-111
2.641438168301388957e-111
1.482834975878383522e-111
8.340404883976516517e-112
4.700234749665102128e-112
2.653910431532134063e-112
1.501355381855771660e-112
8.509568904470481087e-113
4.832309682060841245e-113
2.749296031565140981e-113
1.567127328270301400e-113
8.949518761585764694e-114
5.120406212406041050e-114
2.935048989481930504e-114
1.685503132540252801e-114
9.697155208765909191e-115
5.589298388810404475e-115
3.227500759533364903e-115
1.867109916469235364e-115
1.082098414942243002e-115
6.282846385929061073e-116
3.654593560965965504e-116
2.129686381411998277e-116
1.243334647606344288e-116
7.272088734893186474e-117
4.261212297573025835e-117
2.501586200848266518e-117
1.471339673528582682e-117
8.670298174707465306e-118
5.119044039686173832e-118
3.028233543588948596e-118
1.794937524568443576e-118
1.066067079949191295e-118
6.344723497077458432e-119
3.784021536316607094e-119
2.261668713000809440e-119
1.354760706239590504e-119
8.133547553665832613e-120
4.894503409641383618e-120
2.952415726784481721e-120
1.785324526591490835e-120
1.082329435390881617e-120
6.578658900041773536e-121
4.009449332748054402e-121
2.450394921103450061e-121
1.501849458323547467e-121
9.231895150807459110e-122
5.691996473563976230e-122
3.520323616963648679e-122
2.184133691928343650e-122
1.359528481349942695e-122
8.490687006426832686e-123
5.320773252314039871e-123
3.345914951019711523e-123
2.111508486991735272e-123
1.337324327013345365e-123
8.501065738613185955e-124
5.424103097615788356e-124
3.473954078362162331e-124
2.233489063013933775e-124
1.441543094164263973e-124
9.340589227971768010e-125
6.076324343910459086e-125
3.968654066505747078e-125
2.602526676651748556e-125
