# h
2.243885668397968959e-04
2.276944112189504849e-04
2.311495861201143221e-04
2.347532122980553902e-04
2.385041855490690349e-04
2.424012001646479847e-04
2.464427720333136717e-04
2.506272611093408116e-04
2.549528930135137980e-04
2.594177795773799314e-04
2.640199381871147417e-04
2.687573098248236762e-04
2.736277757429820862e-04
2.786291727411985882e-04
2.837593070432889789e-04
2.890159667967405347e-04
2.943969332361705163e-04
2.998999905676366065e-04
3.055229346420225423e-04
3.112635804936381210e-04
3.171197688251085954e-04
3.230893715220480803e-04
3.291702962813508474e-04
3.353604904356223852e-04
3.416579440536547337e-04
3.480606923932854724e-04
3.545668177787168751e-04
3.611744509696741693e-04
3.678817720848261098e-04
3.746870111368503522e-04
3.815884482315101017e-04
3.885844134782226672e-04
3.956732866549126206e-04
4.028534966654999600e-04
4.101235208242069805e-04
4.174818839970000409e-04
4.249271576269251496e-04
4.324579586668280198e-04
4.400729484399947379e-04
4.477708314465661684e-04
4.555503541311758139e-04
4.634103036250991126e-04
4.713495064742891333e-04
4.793668273629670957e-04
4.874611678409258506e-04
4.956314650613860605e-04
5.038766905350764921e-04
5.121958489051930052e-04
5.205879767470087760e-04
5.290521413951373682e-04
5.375874398007841849e-04
5.461929974207582143e-04
5.548679671395151869e-04
5.636115282250952780e-04
5.724228853194541968e-04
5.813012674634002739e-04
5.902459271560799763e-04
5.992561394487664955e-04
6.083312010725162085e-04
6.174704295991280357e-04
6.266731626347230803e-04
6.359387570451703218e-04
6.452665882125215762e-04
6.546560493215562672e-04
6.641065506755114032e-04
6.736175190400350713e-04
6.831883970143962309e-04
6.928186424289735097e-04
7.025077277680472163e-04
7.122551396169329949e-04
7.220603781324951053e-04
7.319229565361121213e-04
7.418424006281698971e-04
7.518182483231941647e-04
7.618500492047512816e-04
7.719373640992738348e-04
7.820797646679950249e-04
7.922768330162071899e-04
8.025281613190815176e-04
8.128333514633168935e-04
8.231920147039197650e-04
8.336037713354344696e-04
8.440682503769787086e-04
8.545850892704653055e-04
8.651539335914112255e-04
8.757744367717711564e-04
8.864462598342461768e-04
8.971690711375519735e-04
9.079425461321497188e-04
9.187663671259634242e-04
9.296402230596344804e-04
9.405638092908795911e-04
9.515368273875450924e-04
9.625589849289579135e-04
9.736299953152071501e-04
9.847495775839956462e-04
9.959174562347221198e-04
1.007133361059471500e-03
1.018397026980606863e-03
1.029708193894662968e-03
