# lsst_simulation
2.257734864477770148e-09
1.496493636130404376e-09
1.283822266325790069e-09
7.334321265746696881e-10
5.071956213899529379e-10
3.803447168250086531e-10
2.189793318728884009e-10
1.701619812863438558e-10
1.030944024736118476e-10
7.165016200590803015e-11
4.786878920213594592e-11
3.026675659498854345e-11
1.828023416374724249e-11
1.122202815395527773e-11
5.061107575283600411e-12
4.033660219101533432e-09
2.564572237194440367e-09
2.057637341369073745e-09
1.115036107112181941e-09
8.264598623146355615e-10
5.674390258959182423e-10
3.467072891146465766e-10
2.618349643703042146e-10
1.726856497729748103e-10
1.208980861192475308e-10
8.004710425437846540e-11
5.097514625213713986e-11
3.123596133974900602e-11
1.639633200253523609e-11
9.004852750930981599e-12
3.907843824505261208e-09
2.285819007826067407e-09
2.256817354681972602e-09
1.098722862135620518e-09
7.817556213915197535e-10
5.271028961198400520e-10
3.088218714275609995e-10
2.441082636668574322e-10
1.754016492390558160e-10
1.216083413238255961e-10
8.392523535002607446e-11
4.786978116965670959e-11
2.837870716326605924e-11
1.658002665287206163e-11
7.509620482506783547e-12
4.281987144535991398e-09
1.862681893037729361e-09
2.493599946348683469e-09
9.806997065120724738e-10
6.707751103724587154e-10
4.738288057262796305e-10
3.088337305195584268e-10
2.198265583753442620e-10
1.793762209629317505e-10
1.223159520068033925e-10
7.906400746622426340e-11
5.160729093016062721e-11
3.069624142084155514e-11
1.541375483833422598e-11
8.321028676573485114e-12
4.201053922482932507e-09
1.739841624748879714e-09
2.772733931656503758e-09
9.553871580677041355e-10
5.960539298599341851e-10
4.364021392857916647e-10
2.784560156509362064e-10
2.408502239372251348e-10
1.601983776138975589e-10
1.285336930380056407e-10
7.499907857232619838e-11
5.077362253183111532e-11
2.965908527489680305e-11
1.454011534500608707e-11
6.995443479779901857e-12
1.389364819317572245e-08
1.009241214059769622e-08
8.047577869179519820e-09
5.361742286975972645e-09
3.311527354383695792e-09
2.058258538224005995e-09
1.438246399668671112e-09
9.469897785220897445e-10
6.321387087757581072e-10
4.434637708917131900e-10
3.006138084342481960e-10
2.041648906025335977e-10
1.287868226732323125e-10
8.511199961406957462e-11
4.933204682628948470e-11
1.678431352086854821e-08
1.214379229072302489e-08
1.037555654798220853e-08
7.101725060098506000e-09
4.237969612889120730e-09
2.611154106464326002e-09
1.835789364331575706e-09
1.222931511134653717e-09
8.017487857531812549e-10
5.565852446939240987e-10
3.845997742057621926e-10
2.585898800079067262e-10
1.668004226842721657e-10
1.081802427596991203e-10
6.441933166915985777e-11
1.871363318988862052e-08
1.347764924364812955e-08
1.157013673861695265e-08
7.761263445419842633e-09
4.732038567217378654e-09
2.959030987908316586e-09
1.969337768180576060e-09
1.337170795552916856e-09
8.883652510843626865e-10
6.049237551514201606e-10
4.215085794360486354e-10
2.871361541885135241e-10
1.858208473013295820e-10
1.219544980257726488e-10
7.201991441018690004e-11
2.143130001265465053e-08
1.510958837199501169e-08
1.271170877455596382e-08
8.439146347306545899e-09
5.197224401766202377e-09
3.177818064654602108e-09
2.142368983498490009e-09
1.472925348960524275e-09
9.600212013008586934e-10
6.546585067635714522e-10
4.556446891438690960e-10
3.128288423629042820e-10
2.060320411135794918e-10
1.326048355956073859e-10
7.883146415394100610e-11
2.368314431488557740e-08
1.911377980474602577e-08
1.661695349464516283e-08
1.189176581293266414e-08
7.181080160735042277e-09
4.889770583560013571e-09
3.213064900933782250e-09
2.104060699452356066e-09
1.360926002166596480e-09
9.108171415060384793e-10
6.383800930593408439e-10
4.247049969998825922e-10
2.844842751470865701e-10
1.848282831417296115e-10
1.171022153997442404e-10
2.843984930593816600e-08
2.344521309544155250e-08
2.025983973617147755e-08
1.493018983023681931e-08
9.112144107686041890e-09
6.312293347561905574e-09
3.942985291448159736e-09
2.654185585707305176e-09
1.712241389779519621e-09
1.132710381960559445e-09
7.732054050606721098e-10
5.242073451789522059e-10
3.508657960744823689e-10
2.325691735964529129e-10
1.469782621864433412e-10
3.343302373014249621e-08
2.817607241040079389e-08
2.331320100451994276e-08
1.754921376640630853e-08
1.074624804286082208e-08
7.328667199254194543e-09
4.586973486151788666e-09
3.106588346555422247e-09
1.990210986793362351e-09
1.313063827592505834e-09
8.942517462181435032e-10
5.964615063862335350e-10
4.090179747307612158e-10
2.707596851837618402e-10
1.721017946163883876e-10
3.794731833239656457e-08
3.213109464153764080e-08
2.837272281891965514e-08
2.149472786452258668e-08
1.359769994910557610e-08
9.670872502094320491e-09
5.961565306398243973e-09
4.030246246841253107e-09
2.586946033473917802e-09
1.672546451898523109e-09
1.122012295027111179e-09
7.517664710488296258e-10
5.056035007211706657e-10
3.395138527204945533e-10
2.186213089032280527e-10
4.793134659847879715e-08
4.111073642802903360e-08
3.570140944895987880e-08
2.775579086716809807e-08
1.764203142378869219e-08
1.258846078609994410e-08
7.806618942488576499e-09
5.299428007666591111e-09
3.381439351094235520e-09
2.178452920857962733e-09
1.437426308606449619e-09
9.514426987972816711e-10
6.422619773327122158e-10
4.317108838628774114e-10
2.804210965911356926e-10
6.564101446475605585e-08
5.852436143069893690e-08
5.164112437280118206e-08
4.113035584787362981e-08
2.738537606714334960e-08
1.976742215920581446e-08
1.277416969096349544e-08
8.713799447882734513e-09
5.522722710465394154e-09
3.513213742088546491e-09
2.261725943814874178e-09
1.448567136108278350e-09
9.724835143632324145e-10
6.431512412441354132e-10
4.206815855209861303e-10
5.137005690455084335e-07
3.180300035549505303e-07
2.526570126969361160e-07
1.484814758152560236e-07
1.020874643098060544e-07
6.995597711336428618e-08
4.387085448460463802e-08
3.102865471351181686e-08
2.176470421157027982e-08
1.515439378165083879e-08
1.004759250769164730e-08
6.577328394915379069e-09
4.097287776977666150e-09
2.439063868370283924e-09
1.320413196161686102e-09
1.542837338157177335e-06
1.112619396218124324e-06
8.567901476675271195e-07
5.644570318417946208e-07
3.461728388960915672e-07
2.182796603759682566e-07
1.497049176153972753e-07
1.007992160854220196e-07
6.790167803547381071e-08
4.856431587655761252e-08
3.360948132291588375e-08
2.261092312037647943e-08
1.454332508190225368e-08
9.068703138670162254e-09
5.271212892338999479e-09
1.734913028556797890e-06
1.285543361974530330e-06
1.058506903362170386e-06
7.019819450630058621e-07
4.083003352419742521e-07
2.655901683003158079e-07
1.776011673002450162e-07
1.214920975446062604e-07
8.170317313749150569e-08
5.730219345444918166e-08
4.030373926811777191e-08
2.726755791253375769e-08
1.776254306445348804e-08
1.106610626491547224e-08
6.474024626770884266e-09
1.866530844379970844e-06
1.428346877483151036e-06
1.197822389206543054e-06
7.710084954786640492e-07
4.559906993708344025e-07
3.000276000042537431e-07
1.890238178270104750e-07
1.330530620191347723e-07
9.019046732839904340e-08
6.282201659186572455e-08
4.425704755643234334e-08
3.011678430658928769e-08
1.958923967789761117e-08
1.225280057477795112e-08
7.171350546377346195e-09
2.063960804999342354e-06
1.604893379146817380e-06
1.322280067537217555e-06
8.264588351542858993e-07
5.132657968721687951e-07
3.229341806792757059e-07
2.037941866546830060e-07
1.460312528292830344e-07
9.850426208980091498e-08
6.800237749782338534e-08
4.762383614183469838e-08
3.246761223131257344e-08
2.136154591059132857e-08
1.331142747248888587e-08
7.782959930547926995e-09
-8.925522140535621477e-08
-9.234037739292703951e-08
-3.383321528989976746e-08
-4.127049708198659660e-08
-2.787765294237082811e-08
-1.727667573291715019e-08
-1.094931776066003423e-08
-7.321360477435588835e-09
-4.194297536497856339e-09
-2.543627061938362901e-09
-1.765528784652051095e-09
-1.268142768721849679e-09
-8.883448283761277881e-10
-6.697000866680347683e-10
-4.086541147103626660e-10
5.663766507326421975e-07
4.894039851923742895e-07
3.999917091519222702e-07
3.230923517124993080e-07
1.872233505717095803e-07
1.161924334240318086e-07
8.138579153239511557e-08
5.164652380205833266e-08
3.199818095586448919e-08
2.081866711334647723e-08
1.447365287776675293e-08
1.034277370389151854e-08
7.181163830811194050e-09
4.958495819149094380e-09
3.198143136742690350e-09
1.013445255011063579e-06
8.403303144724844894e-07
6.635958939836012513e-07
5.625809273403757166e-07
3.326092499090038768e-07
2.216317630467711174e-07
1.465475496912151501e-07
9.328124170656030252e-08
5.761187362279950583e-08
3.789947122900946768e-08
2.613637605740425398e-08
1.838292964503975006e-08
1.289498389709739725e-08
8.900729242138219344e-09
5.772676201178457742e-09
1.302454979795736925e-06
1.037539339483235363e-06
7.817849296526536455e-07
7.089231792033294273e-07
4.162872550902971260e-07
2.800070498938582716e-07
1.782471053481220759e-07
1.151522357233075493e-07
7.193981909900172656e-08
4.646573691286704372e-08
3.261526571242578628e-08
2.256717034971472862e-08
1.595953547359226669e-08
1.101296482031825356e-08
7.182618483996883790e-09
1.567858144581808564e-06
1.200052576380743510e-06
8.704265220443300278e-07
8.353689823487232609e-07
4.879533259371810918e-07
3.209133326310225485e-07
2.079196074251929128e-07
1.348219388537486757e-07
8.312396156919887580e-08
5.444351017243836884e-08
3.800522714937261060e-08
2.599067175191383258e-08
1.870171659377366922e-08
1.290413961929353030e-08
8.386644573722300133e-09
-6.111456105143983179e-08
-6.680595521581284292e-08
1.716519484641709886e-09
-2.086636889067833277e-08
-1.485905383948487413e-08
-9.109562924248334594e-09
-6.934985869052873093e-09
-3.538960612009645614e-09
-2.580109536902965181e-09
-1.446608258327518076e-09
-9.019016619510275972e-10
-6.652234482065751017e-10
-4.569829924851987924e-10
-3.250980763261626871e-10
-2.277791902714614953e-10
8.327272483258360938e-08
2.315358587596031368e-08
9.148831145005881510e-08
6.590950196886970548e-08
4.178778377386918307e-08
2.456935744680447106e-08
1.323571898787856144e-08
1.117989254020196245e-08
7.305717553509306636e-09
4.014387523242114088e-09
2.727953728645721852e-09
1.939349734286764847e-09
1.276688230294580355e-09
9.739457784831161423e-10
6.620576366911256787e-10
4.379733926470387999e-07
4.550935349982005771e-07
4.578165976952994321e-07
3.448115849317439221e-07
2.388620805960523046e-07
1.734231458870643336e-07
1.012029177435763825e-07
6.717676615245317683e-08
4.197240200970441942e-08
2.560910645449089878e-08
1.719074853496182003e-08
1.140305968891690850e-08
8.073711276021584829e-09
5.663569587043119392e-09
3.855183006812833278e-09
6.049836428697445322e-07
6.870384692585545256e-07
6.216984132140774945e-07
5.083645443453195565e-07
3.469165609079116942e-07
2.513912350881311409e-07
1.471540402601754423e-07
9.793588140428299186e-08
6.062354926220241637e-08
3.785007702228947300e-08
2.507674265045218822e-08
1.673516690844861687e-08
1.170475947106473482e-08
8.234342156473772090e-09
5.633925250656386364e-09
7.913251824828973201e-07
9.415986646367379981e-07
7.823613502136406609e-07
6.801836096504518557e-07
4.424561277531453130e-07
3.220822961672334207e-07
1.853076401990009133e-07
1.245487980180347551e-07
7.800581538766422364e-08
4.862676108673091543e-08
3.208365940140717178e-08
2.097144727382593577e-08
1.487444820235915416e-08
1.045523012683429878e-08
7.155216563983933036e-09
2.276776561778517116e-08
-1.040825029318295146e-08
3.107508450825153272e-09
-1.388898220544056916e-09
-2.095125202031852648e-09
-2.273394676761148987e-09
-1.236958403254343332e-09
-1.193480063443696568e-09
-8.583451816103059707e-11
-2.010933164108569673e-10
-3.507501951978091734e-10
-1.222182477790316651e-12
-5.147108724918112692e-11
-4.404572425819966479e-11
-3.166560367969282987e-11
-8.451529990887974489e-09
-6.774136116127955664e-08
-5.187018612485905581e-09
-2.229809085515983907e-08
-2.558582230154579828e-08
-1.378853980609508279e-08
-1.016533127716606475e-08
-5.551065000856375539e-09
-3.666620313171774258e-09
-2.168746685110330591e-09
-1.274077832606537576e-09
-8.550973107873798711e-10
-6.007923367848177514e-10
-3.994889241473648701e-10
-3.093990052277490855e-10
2.309627915560362981e-07
2.227399450101585260e-07
2.255111082190353167e-07
1.570943129131148419e-07
1.107296247043337819e-07
9.606727741774362134e-08
5.367671601313513872e-08
3.759251938384244305e-08
2.363396307918696935e-08
1.451314828234654789e-08
9.041002360796170721e-09
5.835827761325050333e-09
3.989490722598662284e-09
2.793014017362323866e-09
1.940224622557371191e-09
4.981154922459465200e-07
4.741393387082674206e-07
4.640000516811224322e-07
3.464666994618295157e-07
2.376634954400640011e-07
2.010782359132753718e-07
1.130404226006288996e-07
7.997646384953354696e-08
4.872504020523378759e-08
3.020755739580569412e-08
1.881066633111244659e-08
1.229062427929878280e-08
8.300541669549893966e-09
5.833220563456444352e-09
4.010726864784910560e-09
7.768821411692473901e-07
7.616809561784252690e-07
6.497801073328583819e-07
5.159310289160262277e-07
3.493205499230931577e-07
2.869902882655647244e-07
1.598048183394473639e-07
1.130509692750852301e-07
7.031737084113553240e-08
4.308662778606447276e-08
2.703929145177008963e-08
1.738644170569926564e-08
1.175408893489773504e-08
8.187381364064375690e-09
5.701985819683373940e-09
7.374431446149895891e-09
-6.485542290728766787e-09
-2.986311469007929134e-09
3.250748367818982956e-09
-4.801911422124951031e-09
-3.897172741365604778e-09
-6.301295044062604496e-10
-3.299535700697697003e-10
-7.966185673969289673e-11
-1.159908179401335774e-10
-1.276053569560008812e-10
7.011835306453021601e-13
2.358685671517116537e-11
3.205146550860419255e-12
1.169543182686655105e-12
-1.666725331911487602e-09
-1.341527588260842666e-09
-4.064737611792368276e-08
-8.210779302071830012e-09
-2.001649413742487762e-09
-7.737639807135804774e-09
-6.118499321611843920e-09
-2.123698423172292254e-09
-1.880730492697853589e-09
-1.338038057168035405e-09
-7.358653121488483037e-10
-5.162674914646957447e-10
-2.770656091689275463e-10
-2.138375199324767795e-10
-1.446919159014780208e-10
4.431674203679200387e-08
6.077972923733357802e-08
2.206759897045022070e-09
5.678359566181519154e-08
3.417459297316704767e-08
1.810554525106472862e-08
1.090838258884852373e-08
9.167236447558244290e-09
4.994926229755808213e-09
3.294090616013391474e-09
1.910665790722218467e-09
1.182081938698467158e-09
8.623055309912353796e-10
5.606371711720729973e-10
3.831472371878111942e-10
3.067821460985391021e-07
2.891503955283878564e-07
2.506109109292589462e-07
2.526094493209161104e-07
1.794908396132910297e-07
1.264937139176322026e-07
8.506621612993251638e-08
5.750393676025566860e-08
3.572475192576005460e-08
2.193061102929900006e-08
1.325816905195311946e-08
8.423250394566663285e-09
5.581180017265314880e-09
3.739125493836544808e-09
2.573156164144778804e-09
5.116608406342268713e-07
4.686833842586438716e-07
4.564952568420277117e-07
4.131696981837329370e-07
2.936083928520466249e-07
2.116194612552865869e-07
1.470005880099131127e-07
9.760983122377054799e-08
6.014252150030007064e-08
3.723419276667582102e-08
2.264193172125719336e-08
1.419901983516547607e-08
9.282410574599200986e-09
6.264531346482457141e-09
4.336497732067629021e-09
-1.576199044614060709e-08
-1.265421749328455259e-08
5.370794011071473617e-09
-4.616262598889741579e-09
-3.979279599084801798e-09
-2.159488650429049421e-09
-7.360638643371799594e-10
3.788331677002828846e-10
2.784349139811984122e-11
-4.176793795358984417e-13
-9.233234071544019526e-11
-2.055594306586800632e-11
1.627714006861866215e-11
8.603080442302201471e-12
8.001058580524536781e-12
-5.384245150732867793e-08
-2.325914596253065906e-09
3.404885722561130857e-09
2.062531852470538351e-09
1.195764524509723650e-09
1.405693254580279723e-09
-1.390809363744847763e-09
2.847395051603840739e-11
-8.882732162924983747e-10
-3.903137573755517190e-10
-1.290357773897666641e-10
-9.949922961320540865e-11
-2.997716317400745201e-11
-3.706855646324392386e-11
-1.476121124838835387e-11
-7.277236312660204878e-08
-2.681802195482313650e-09
-9.442237726826037139e-09
1.294036471318160864e-08
-9.001295473745330930e-09
-8.037381140514507502e-09
-8.141373727451125093e-09
-2.773745544218771512e-09
-2.820747160450459368e-09
-1.507144065435522216e-09
-9.343924277168251572e-10
-5.654648849840858469e-10
-3.152295554715782925e-10
-2.388482204653513797e-10
-1.566089472447998974e-10
7.952723337887302594e-08
1.462423663690269742e-07
1.703964218625419397e-07
1.462262172959631270e-07
9.440576745084335159e-08
6.917816630492228468e-08
4.801806616754411101e-08
3.233656327746552396e-08
2.051136649246102977e-08
1.266066581942610609e-08
7.354524619829250750e-09
4.602416175784845029e-09
3.012323008513643876e-09
1.929818667533454875e-09
1.319240210558180847e-09
2.471107153990366856e-07
3.128470050624722140e-07
4.011598090449496783e-07
3.145564495056060516e-07
2.231940315300048072e-07
1.684822438262103305e-07
1.209930447996274821e-07
7.921309334699596966e-08
4.897692310872696993e-08
3.076097324718531832e-08
1.838252580972737694e-08
1.129460428565198233e-08
7.234366894390044495e-09
4.638897988118200624e-09
3.175428882147123923e-09
-1.725221304361576757e-08
9.701078170610288149e-09
6.358265111540504506e-09
-2.443261727932705820e-09
-4.347217013245320013e-10
1.789176877725079066e-10
-1.075987965951485651e-09
3.364467465851294523e-10
-3.273831114211058147e-11
2.845439116222190308e-11
-1.084458827199547136e-10
-1.764242335769306543e-11
1.292758167124456437e-11
4.570083692319598897e-12
7.107731800049786212e-12
1.984193593941037940e-08
1.684085365072048976e-08
1.118798132337217977e-08
-2.632518812795963318e-09
2.795415578312889875e-09
7.743162921108979073e-10
4.371833078970064037e-10
-5.726691567126818092e-10
-5.423611446116039449e-11
-1.350085771668272660e-10
-2.632946346683346468e-11
6.740643395346500247e-11
2.401061529565690379e-12
1.088510919262619031e-12
6.316490916049847618e-12
1.576261084065382138e-08
2.353022574384532751e-08
3.290295448490651703e-09
-2.302180610812922535e-10
-1.499474505280913537e-09
-4.603264651931062154e-10
-4.265954137813101938e-09
-2.633934105905131020e-09
-9.483236912722945512e-10
-5.406334219318462592e-10
-3.819603043685446992e-10
-2.588182669220215341e-10
-1.533754012532365033e-10
-1.096398158598217787e-10
-6.776379147239182766e-11
6.405399604586287463e-08
6.424610140067849417e-08
4.657234359598057595e-08
4.010133552304474460e-08
2.360167259603214037e-08
2.184709402762624481e-08
1.124996690994244877e-08
8.025743046970262594e-09
5.861669759180079811e-09
3.865565657071396016e-09
2.046294424145069688e-09
1.248966520192787353e-09
7.668438796151104075e-10
5.135389971377410048e-10
3.426512790812840619e-10
2.188122678577740959e-07
2.379808899160713334e-07
2.394981260716413837e-07
2.101638771019896546e-07
1.575813447504828285e-07
1.250779478391072564e-07
8.777908685846964138e-08
6.013696896347070936e-08
3.951828119776569305e-08
2.420261495943387304e-08
1.422178385523956348e-08
8.497391374213485429e-09
5.239294617161868782e-09
3.302504474582564028e-09
2.180324443693225884e-09
1.026439294388642273e-08
-3.313217647164976110e-09
1.447998614932681991e-08
-2.732610182740816340e-09
9.084838126046764239e-10
1.170861937213137925e-09
-1.713309863855567984e-10
-1.178637870832942080e-10
-1.554040044329064588e-10
1.012150804599233457e-10
-6.133402120851931841e-11
4.169047317695563388e-12
-1.017889742836422585e-11
-1.836951127278348239e-11
-5.898484191168287239e-12
5.253615570784543727e-08
1.774128303779936877e-08
1.117951998292019840e-08
-5.521937524965071572e-09
4.908674292441823364e-10
-1.946235598340066406e-09
1.513485571320687747e-11
-6.130641106118948202e-10
4.960888879313001886e-10
-1.036019957275665126e-10
4.969131646403457385e-11
3.629367617831623000e-11
1.037841519959833775e-11
2.164086274231978342e-12
9.907001428807571841e-12
7.773956515946284974e-08
2.586359843367443362e-08
9.802164219642278891e-09
-3.994961779829103756e-09
2.569699758565204453e-09
-2.804630515626054936e-09
-1.250754215789595394e-10
-6.041402613127111936e-10
-6.374713705203876721e-11
1.624902701213642239e-11
1.432409679117886623e-10
2.048842300748865932e-13
1.724486470117891693e-11
1.043965294479790630e-11
6.811531575608830636e-12
9.721383149680742403e-08
2.439471657288629013e-08
4.797558420446758303e-09
-1.740350412681957008e-09
-1.130254345491725911e-09
-5.745116961346687479e-09
-2.768009346431377854e-09
-2.237486572575353753e-09
-6.365085961563876955e-10
-8.328109339946431014e-10
-3.472170638141091249e-10
-3.066514082338671791e-10
-1.546446726032483233e-10
-9.106581738687909100e-11
-5.695166080836362655e-11
2.051408793995460846e-07
1.582281064967466738e-07
1.365490870496999083e-07
1.141047961564743844e-07
1.003095788614227606e-07
6.921371264425879295e-08
5.660881563126808392e-08
3.985529420265997431e-08
2.516581366863282843e-08
1.512750724590593321e-08
9.380574641003824198e-09
5.492422633028280795e-09
3.308245161283838878e-09
1.994195764775432514e-09
1.272022825111675161e-09
1.778776785107648026e-09
2.035617631315617981e-09
5.020424090984172193e-10
2.457747852844654950e-09
4.412791729273761347e-10
-5.938386921831129034e-10
2.047036056098239737e-11
-6.570946060180801380e-11
5.558973278437020226e-12
7.371865773069257775e-11
-1.162458670311304815e-11
-4.350123233268424753e-11
-1.057957103418011921e-11
5.414942635666256354e-12
-6.386791134410227110e-12
1.553026758677605549e-08
1.175801999149346142e-08
5.100217951938913176e-09
-3.742451233008218420e-09
3.279657137818753162e-09
-1.803877337149978274e-09
3.949646560042502591e-10
5.289173390599344726e-10
2.660851406908615268e-10
1.978564601214551628e-11
-7.238878443295269554e-11
1.077685466706450897e-11
-2.871346666556778118e-11
9.370331161520541802e-13
-3.033319731996753343e-12
2.583401604666995042e-08
1.142566007489544069e-08
7.375407010403579342e-09
-3.796961789629118268e-09
7.378118275114154257e-09
-1.991353390716506079e-09
2.924804527867732889e-10
2.754865211222332529e-10
4.802906505485957887e-11
1.034015012399936013e-10
4.589562007797462259e-11
6.781903903504941607e-13
1.044852367268779521e-12
2.040470193640177475e-11
-2.090788610430076066e-12
3.310071674817756687e-08
3.624947288209873314e-09
5.827199816963780956e-09
-2.844242092594076138e-09
6.124765840201636248e-09
-2.063772276359232385e-09
-1.332444314878569361e-10
-3.671924290583950485e-10
-3.527165853151807686e-10
-2.920435854512520483e-10
-5.904522432119278570e-11
-7.448365312839949156e-11
-6.623968307683384739e-11
-1.676155342374868875e-11
-2.092765193787379627e-11
7.270693675143598490e-08
4.247629570350366504e-08
4.433738291772450178e-08
3.175488252217650648e-08
4.164059058630230659e-08
2.927540609356802009e-08
2.182065650883406925e-08
1.687220866741985292e-08
9.858321189033372927e-09
6.446558328042545657e-09
4.063854165750802505e-09
2.238373752274971214e-09
1.302466106131953107e-09
7.955563822175202566e-10
4.707296610687502546e-10
4.327716410087688957e-09
-1.857034841870646414e-09
3.557621037837869763e-10
-1.266036295038189938e-09
1.063239364325815314e-10
1.944156369831847826e-10
4.292175867745366487e-10
-3.889979674140994911e-12
5.199702545809782842e-11
4.711280958976297999e-11
7.726260152097907671e-12
-8.975417659579378740e-12
1.064332307352724176e-11
-6.369950220783047033e-12
4.061357150924026119e-12
-2.538840889186174557e-10
-4.323559722741074203e-09
1.023215120575528989e-09
-3.110904627502466515e-09
8.502792657499397460e-10
9.303117842336961130e-10
4.954912030772456050e-11
4.458122640244009989e-10
3.715936605162718539e-11
-5.365257289707621614e-12
-1.580955181559019738e-11
6.440664456495099806e-13
-1.289302011348065169e-11
-1.302822828873062618e-11
-2.491309330304128695e-12
-2.854960490776403866e-09
-4.561322437708223150e-09
-1.797177493713017705e-10
-2.682200739717971209e-09
-7.353112643535639009e-10
8.395718303171928606e-10
2.458111771007561334e-10
1.759677728765208705e-10
2.119641126509042683e-10
-3.873622656348816989e-11
1.914667539883326814e-11
3.712738375759588548e-11
-3.677391879671442548e-12
-1.054882108459482708e-11
-2.354179255028121501e-12
-1.979313430170245392e-09
-1.259903359678348170e-08
-4.925804506681561817e-10
-1.430553366069665698e-09
-1.286062702216352112e-09
1.458078329538310588e-09
4.965188745148102953e-10
1.208746318339694483e-10
-1.069320091629182904e-10
7.353796962146663229e-11
-2.640403233468628927e-11
9.899865874676467715e-12
1.611853102311405341e-11
-4.538145995294380044e-12
1.696930283314558072e-12
1.952847154210748282e-10
-1.260646712893190472e-08
-6.560149382921592478e-10
5.677847935402909125e-09
4.289322896435751455e-09
6.444811975181745651e-09
3.022201246823775911e-09
2.383497931639836318e-09
1.373056096844621956e-09
9.845813166556039514e-10
6.032183831264435159e-10
3.687284698787848867e-10
2.069289725844834726e-10
1.074918748727530859e-10
7.449442065664241251e-11
2.037012594158530635e-04
1.471716265083847805e-04
1.091813051051077337e-04
7.124577866504445717e-05
4.494445721851502416e-05
2.895138036382058724e-05
1.931031419891691449e-05
1.302299511016772938e-05
8.827256863353180627e-06
6.251912609852072494e-06
4.387528370211816812e-06
3.006052186504381746e-06
1.952361006391570563e-06
1.211671886617684015e-06
7.030014132804431051e-07
2.139792857791201344e-05
2.178430141902348919e-05
1.906895665425718925e-05
1.682104563788021443e-05
7.150640473112810760e-06
4.850085097380851415e-06
3.434867531167401228e-06
2.313879355249314997e-06
1.406071952957938442e-06
9.083105738826587023e-07
6.524954258389663617e-07
4.732449638728185608e-07
3.268872975984459556e-07
2.205663254881403020e-07
1.389332085478360593e-07
-5.149060253695636915e-06
-7.728665305471892262e-06
3.211489143434003782e-06
1.419774699845666643e-06
-4.494253986674574928e-08
7.164793304344352831e-08
-4.829986702495944740e-07
1.181587012585493759e-07
6.534728976139148305e-08
-7.569380366675105309e-09
1.016626440900531160e-08
1.328267942856238039e-09
8.881330067189302812e-10
1.523676259175267782e-09
8.850510443414713414e-10
-1.265410883466338198e-06
-1.521575395906728145e-07
2.431859136697000498e-06
-1.703161659627860785e-07
-9.516937044500653020e-07
2.428121887869294855e-07
-3.906282726205958177e-07
-6.178309717955804199e-09
-7.716142885191253796e-09
7.182493221000464148e-09
3.569736677552965052e-09
6.147202140205682646e-10
1.441325819843347932e-09
1.195813749004107201e-09
1.518332815117768853e-10
-2.250025309990199583e-06
1.921395701031887306e-06
-6.241914494057314236e-07
9.848470662600477230e-08
6.013089417333801830e-07
2.541584751295646687e-07
-2.345719809182935359e-07
1.218977327604252756e-08
2.639040770531284475e-08
-3.553486986706893408e-09
2.779471631286606383e-09
-8.097611061994767849e-10
3.121558963667547240e-09
-8.055808732555473221e-10
6.870121042530157447e-11
-7.807306269543771819e-06
-9.374726137311105514e-07
9.096803198015422184e-07
9.206909634669768542e-07
5.727500152394660526e-07
-3.908840895549168800e-08
-1.081990857200936572e-07
1.599066268309633661e-08
-2.752300687620932761e-08
-2.934269885079745842e-09
2.063751548073441460e-10
3.969064310329410111e-10
2.009300823694802396e-09
3.423917860687000673e-11
1.277176232878323354e-11
1.031891710403471882e-06
3.064242795788434092e-06
1.480886363179848663e-06
-7.065276526276378286e-07
1.205017881400993513e-06
1.790905582265823293e-07
-4.956328786781408073e-08
-2.325697252737459334e-08
2.188301698749691054e-08
-9.052900371230665077e-10
2.633591751752590103e-09
-1.355199194755390767e-09
3.057407323056908557e-10
-2.210543875284172517e-10
8.655684853797412620e-11
6.527730209599641713e-06
1.836760074821282664e-06
1.845808717856494028e-06
-5.471835876792863261e-07
3.122087694290650647e-07
-1.465942913481619270e-07
1.960372579484577804e-08
-5.405205390288896685e-08
3.166194637360739835e-08
-6.374149793723923745e-09
3.096777402961975503e-09
-5.140487836708518261e-10
-4.015589328318099140e-10
-6.769452482239707015e-10
2.153576839117395192e-10
1.593935619261909397e-06
9.209806821220260723e-07
5.046849388312461681e-07
-4.796396665635258631e-07
4.026731884250218785e-07
-9.334617827135677668e-08
-2.849193975792185689e-09
2.533554063284080921e-08
1.886960820640405917e-08
2.713702308801267640e-09
6.091254018365753896e-10
-9.080074639492887461e-10
-6.259170393260931560e-10
4.334411105011304031e-10
-2.894384918649988052e-11
3.962573287666625681e-07
-6.960027176925082978e-07
-2.105027401359545309e-07
-2.750423910040795201e-07
1.053372330370553724e-07
7.036682042999499809e-08
5.851890393057912214e-09
3.193561216076784365e-08
8.501020853647813910e-09
2.274714628441528905e-09
5.419644024566266556e-10
1.387175504866250370e-09
3.138706182151150187e-11
-5.590092569685471758e-10
7.790684233887218500e-11
1.163179066079772267e-04
9.889405185878821108e-05
6.894506818489865680e-05
5.826115302489148133e-05
3.848882518226411412e-05
2.441729867945057066e-05
1.587941776081239524e-05
1.010800543023805696e-05
6.332907287233016891e-06
4.144144821048563484e-06
2.857059374794667194e-06
1.999157429207776659e-06
1.416038414575872168e-06
9.733286932783482264e-07
6.351163964280794812e-07
2.613984824558843591e-05
2.019899020342688534e-05
1.565798013694544102e-05
1.384635589624642242e-05
9.162890053508424110e-06
6.593382144902028122e-06
3.837989229545088711e-06
2.494596619280543163e-06
1.522524867262101353e-06
9.842941187164629149e-07
6.733808436327441459e-07
4.515613475668507181e-07
3.238887853752582111e-07
2.279397208690785464e-07
1.530225968160884217e-07
2.663611473050879373e-06
-5.169828600827349194e-06
-1.208573251685006572e-06
-4.377730725295777124e-07
-7.946141582299719746e-07
4.152315133631077008e-07
1.264785261069311912e-07
1.950461154491993913e-08
-1.087812809778167630e-09
8.709016657092502943e-09
1.791237610552761224e-08
6.996139933479414163e-09
5.970163118896562808e-09
5.014622678772831802e-09
2.962593091992436678e-09
3.787621255872981885e-06
3.420116274616197767e-07
-3.725973933345769203e-06
1.628743190757919724e-06
6.262488564727662700e-07
-2.523870463761181280e-07
-1.244992123781713159e-07
1.085642376945177876e-07
-1.027506834312836462e-08
9.982195120054294788e-09
3.303136716742289053e-09
-2.148987444149904140e-09
1.391999646562377006e-09
1.249309615491100275e-10
4.091819002804898249e-10
-1.397867767604167911e-06
2.298496467805240014e-06
-6.012376892748614340e-07
1.475529900186087778e-06
-1.916234551383163022e-07
-1.069580795507640555e-07
-1.013618629025076830e-07
1.438268534396615941e-08
1.253282638675257854e-09
-5.089386663905045174e-09
2.987015970060660388e-09
-2.283482823560871717e-09
9.265700394215221045e-10
-9.221909302567743338e-12
3.127576686443577600e-10
3.887018362078887270e-06
-1.486925260620846191e-06
7.846529779835787623e-07
6.460869532547053966e-07
-1.801682004392297685e-07
-1.771737286418004258e-07
3.324913014382891146e-08
-8.537575703136294495e-08
6.386412318210468022e-09
1.229694994104389775e-08
4.475022293699031124e-09
-4.255646393314967797e-09
8.425427290978888488e-10
3.593646672315327903e-10
2.238168219134150469e-10
1.831660019008623743e-06
3.131087260785960947e-08
-1.475163103396663374e-06
1.487394377443278363e-08
-8.363986076500002471e-09
-6.570965387382141904e-08
-1.147709333822194064e-08
-1.925201168629783723e-08
1.860068569614378953e-08
8.061614702548633721e-09
4.240488875809371577e-09
-9.960868755266990420e-10
1.285469588614995605e-09
6.798142751894503860e-10
1.402824878156124661e-10
-3.886058857389318882e-07
1.824064742578509354e-07
1.339312431076721462e-07
-3.315629895292381785e-07
5.487804345618653368e-07
-1.455167328737340190e-07
5.664716508939652622e-08
3.012597412105339227e-09
8.502819425693871390e-09
-4.069503280935571248e-09
4.884748049312302211e-09
1.351483881561855432e-09
-2.986960397611929071e-10
7.094071689586810845e-10
6.465215047431248932e-11
-4.318485951319373239e-07
7.110094381912477426e-08
4.170382466487947567e-08
2.793456089392264348e-08
3.534074261442936437e-08
-1.227003402298745604e-08
9.061430826349332729e-08
5.200507618585112123e-09
7.058571338714561049e-09
-5.396007242004044354e-09
-1.682950618294155607e-09
-2.449861823180737237e-10
-2.454409647059494309e-10
-1.328886310481458254e-10
1.499708465982360803e-10
5.612164281758563310e-05
6.610448913812094675e-05
4.959563245483150954e-05
3.842879217889720589e-05
2.865925479404010225e-05
2.038398971780421020e-05
1.257078971978330776e-05
7.854736998860101084e-06
4.906185053281514387e-06
3.089476895781672881e-06
2.031118456316027943e-06
1.356666255765287656e-06
9.542937151197582632e-07
6.705919723801181894e-07
4.590096805316037897e-07
9.845780161023655260e-06
1.726855410753465800e-05
1.421994096123102214e-05
1.022510888594340633e-05
7.427710354721016598e-06
5.648621808124111423e-06
3.402638595447847250e-06
2.202695386194362393e-06
1.384828192163500916e-06
8.637084525896850075e-07
5.349867748316234580e-07
3.552157371528008474e-07
2.449494592144925941e-07
1.722462623121273431e-07
1.196435122618439162e-07
-2.110864514696368451e-06
-3.432853135121068988e-07
-1.594962804074364136e-06
1.204552665262939358e-06
5.007196584050684963e-07
-2.906203261522873214e-07
1.928152308816693523e-07
4.812485367269995985e-08
3.914617316199193186e-08
2.777890381627578034e-08
1.351407431250754655e-08
4.588328509704517639e-09
4.889654310077261909e-09
3.962243097541992190e-09
2.317144979061817517e-09
-1.485461721678942393e-07
-2.800724622023483657e-07
2.191011546991468449e-08
2.092380106123940945e-06
1.342966474818310572e-07
2.308083686843149231e-07
-1.163388466585559049e-07
2.756868904315951863e-08
7.345881364317772090e-09
6.099362418894369655e-09
8.703526782971462467e-09
-1.189993176828544288e-09
6.630140271373090847e-10
-9.936634683005069830e-10
-4.009707401831530388e-11
-1.507306135807347625e-06
3.370892347161666053e-07
-1.154636914174692707e-06
9.016041347338173996e-07
-5.869281283948419873e-07
2.648258074635975497e-07
-1.281274464263239078e-07
1.691884256307711611e-08
1.242956010116713020e-08
1.755585686844851328e-08
5.727651847441693254e-09
1.052953625524078978e-09
-1.017573247583828834e-09
-2.656833465505971227e-10
4.708090702535016416e-10
1.157896829247820026e-06
6.776045359421030971e-08
1.546842318485587992e-07
3.721951388283714379e-07
2.060476488254684812e-07
-3.677164799158671318e-09
-4.905681876944743784e-08
-6.024918387893758255e-09
2.791198615061392695e-09
-7.154307529660831793e-09
4.553517526596293400e-09
-1.396992630836828932e-09
3.583459197613609579e-10
4.324892610250126790e-10
-3.932520342316831925e-12
1.693389434096122738e-06
7.961639932162523381e-08
2.106403367008894164e-07
2.748815061875084717e-07
2.412166174648987404e-07
-6.633913938488642164e-08
-8.259412569462618176e-09
-3.788232137061807601e-09
-1.653338670385910434e-08
3.120882375049675932e-10
3.188398656163416066e-09
-2.208222044294028604e-09
-5.407448255049810704e-10
5.057492706232060325e-10
-8.618577801773830096e-11
-5.451820704450864392e-07
3.106153488192007392e-07
1.415421415473132966e-07
-1.439059546073905018e-07
-1.482638862843241252e-07
2.540688224836706952e-08
-2.886805097040124813e-08
5.652988141810870336e-09
4.634866012346550875e-09
3.755842428508564815e-09
2.007341727351771623e-09
-6.109810280411306692e-10
1.798209259661381570e-10
-1.433979677683326959e-10
-6.186047979648664653e-11
4.148593747648779645e-05
3.913183722800340532e-05
3.274279971723278315e-05
2.751765556387923443e-05
2.020812607603816291e-05
1.563301584086831120e-05
9.189428223404149117e-06
6.316493219715445182e-06
3.897658928961803428e-06
2.385080660663534673e-06
1.480618524179523894e-06
9.678701100012018066e-07
6.536881063361149926e-07
4.555635105810380376e-07
3.164769208400764078e-07
1.136728483524602468e-05
1.046680597941603980e-05
9.757605631081819322e-06
7.496806030799576245e-06
5.138744608871383089e-06
4.324279634387361576e-06
2.637327594780706958e-06
1.817719851214893836e-06
1.105262239335034943e-06
6.821692771968643778e-07
4.162529583164433249e-07
2.651249242344121882e-07
1.747935706138588309e-07
1.211976742100194698e-07
8.387451156711280577e-08
3.337149058145291633e-06
2.545670930979108508e-06
2.407634521146294669e-06
4.953688951956731704e-07
2.073910416673031939e-07
1.382547540158223345e-08
6.684911991899150645e-09
1.176678779427987130e-07
2.392131380526205689e-08
2.576558371217363879e-08
7.121317746232802023e-09
4.485134708357354022e-09
4.401650045458658920e-09
2.144323966970133368e-09
1.633724376424685190e-09
-1.062201676647845752e-07
2.668018430214864155e-06
-4.797524199461826318e-07
9.886968674730379601e-07
1.707457264440409268e-07
2.503062241206877790e-07
-1.205267336320895907e-07
2.595162992222968738e-09
-3.131139888365154169e-09
-4.777536472239441807e-10
-1.811208260180995284e-09
-1.241347409304046216e-10
-1.289520214481252792e-10
3.581700197892986813e-11
2.980047467158684601e-11
2.310200299993563559e-06
2.076665355777768269e-06
-4.304321022993704796e-07
1.634781664649089585e-07
1.010708739693454658e-07
-1.497182048992395482e-08
-3.915216883507824791e-08
-2.911703855341763912e-08
1.506795647985592931e-08
-6.643432651512948184e-09
1.374978930670281337e-09
2.185740283637644977e-09
-3.903135290300515579e-11
-7.826637743192026742e-11
-1.143782676295704969e-10
1.797572672073412690e-06
-1.201249091222545014e-07
-7.680111936248095582e-08
-1.379227494040453828e-07
8.228086443512527562e-08
5.293217444540772547e-08
-2.660325017247870219e-08
2.320962868875958805e-08
-1.112304708837602115e-08
-2.251648734294110561e-12
1.599921419924090163e-09
5.354230852742477915e-10
-1.092702793633213391e-10
3.807707719062588010e-10
-2.481335569783228583e-10
7.940212213640126682e-08
-3.524864855930288989e-07
-8.686909059587086091e-08
1.248902092139498476e-07
-7.685190170588262627e-08
4.137112623059055274e-08
-2.629898039095692718e-08
8.421479329917589517e-10
-2.344423301751151566e-09
9.895446911625120674e-10
-8.343430018281453168e-10
-3.246827753113260345e-10
3.515553597695144803e-10
-1.538872116569453145e-10
2.279295703689137052e-11
2.579642414386898133e-05
2.301767857855160552e-05
2.516412504445227915e-05
2.003427037247481054e-05
1.487487969543635857e-05
1.119381868517164974e-05
7.779848301713172324e-06
4.983895702441443628e-06
3.040395739933301178e-06
1.886633751045249137e-06
1.156419829565620746e-06
7.299270908549282514e-07
4.750415040124130565e-07
3.211749258055507609e-07
2.231041172070525831e-07
6.176355375743893421e-06
5.914027311274320207e-06
7.378912558083358853e-06
4.700757779303967306e-06
4.103916591897425842e-06
2.929798704185543679e-06
2.113589557477984183e-06
1.348399097717927005e-06
8.484355372479720213e-07
5.209498146701803325e-07
3.198732207366433245e-07
1.977249340770426270e-07
1.279335903637862324e-07
8.435375830121677230e-08
5.827395182055841351e-08
-4.383287789558785297e-07
-2.402877955781767868e-07
7.955235899738790577e-07
1.092072402384844194e-07
-1.706239251666183413e-07
3.627739065871215157e-08
-5.718570872490597625e-08
4.905856752503367051e-08
2.219384068609813190e-08
1.820564350197918005e-08
2.526497777487469441e-09
2.727403241934859691e-09
1.712629142236056143e-09
1.338096482246019525e-09
7.489776474902450046e-10
2.960955766857613189e-07
2.469663517303403866e-07
8.979155019506681378e-08
6.668713150865301802e-08
-1.762605986680852100e-07
-1.871267310430413528e-07
6.878889086013935879e-08
8.695672388591935645e-09
1.697322305116001325e-08
2.222115184370521892e-09
-2.281138297112800538e-10
7.956465276761784867e-12
-4.278967286332887678e-10
-2.517503340769923756e-12
-4.119878154673690815e-11
-1.242555031705539698e-07
-9.261354705901238693e-07
7.524660543184252483e-08
1.658782548562889458e-07
-2.275846890079253890e-07
3.270283526046277894e-08
7.467073110790263812e-08
2.312634831501010040e-08
5.956239202464151868e-09
-1.309872016358837848e-09
1.400593998435560806e-09
1.078338997485901070e-09
-5.149699675729283178e-10
1.840809459166794306e-10
-6.828542584000324623e-12
6.362089333845318332e-08
-3.811616920652115875e-07
2.354921192439676012e-08
1.975242328743208385e-07
-5.806296174833846091e-08
1.258270098273513412e-08
-1.058820117833914725e-08
7.890508511696186435e-10
-9.572684790383490559e-09
-2.154068179400023512e-09
4.812582219634715703e-10
4.981870343396551399e-10
1.781540832811430366e-10
8.576222677882061148e-12
1.634453538925649112e-10
1.319271259471265166e-05
1.445335388483880866e-05
1.674472976000751352e-05
1.297062145343160369e-05
1.063710516910163949e-05
8.453389045067037785e-06
6.191545925641084906e-06
3.774687374214389740e-06
2.442853220435305976e-06
1.508101371659931424e-06
8.974168206564040570e-07
5.580959066824663834e-07
3.507378777271339555e-07
2.291697258671093371e-07
1.558694912585123498e-07
3.592111966684253842e-06
2.666312286894362275e-06
4.429235597651172822e-06
3.351463929560346950e-06
2.508248628460108485e-06
2.019659954745004559e-06
1.521067397321082167e-06
9.831863768555450867e-07
6.252658484134617292e-07
3.984473674416300636e-07
2.287409217299826302e-07
1.409510568220751684e-07
8.790030609662970182e-08
5.635965699610414105e-08
3.764961244316658422e-08
-2.951636705320691747e-07
-6.664982680525993262e-07
7.706326252197048408e-07
2.202249724483426976e-07
2.554152954468172639e-07
-7.292296950598045539e-08
5.087049010601273348e-08
3.192959917932665214e-08
4.692793122230995578e-09
3.075367151856442091e-09
1.478197497941136860e-09
2.038852643831349657e-09
4.672592622355334734e-10
4.271139869281747636e-10
3.385876465075406163e-10
-2.254426940313500832e-07
6.668313841187838645e-08
3.747406551324316289e-09
-4.644190921921390089e-08
-1.072013306519782142e-07
4.408315304349633716e-08
1.374606432784725547e-08
-6.102686681034327981e-09
4.239631171124970400e-09
-1.188517864095888952e-09
3.122367000770528892e-10
-1.960635621724667383e-10
1.825688407413982335e-10
-2.347200603534283236e-10
-3.144613158385400468e-11
1.071817638710841041e-08
-3.434617898690032457e-07
-1.297017120038316262e-07
2.305822514377260373e-07
1.208242191132439781e-08
3.149690393816818625e-08
1.240991401571520476e-08
-1.582822145625136104e-08
-1.164685266259726773e-08
2.089765164982587622e-09
7.322454144248286216e-10
1.909857357484773285e-10
2.193515380222109754e-11
-4.644039492605305686e-11
9.678715764084160004e-11
1.055163585285799095e-05
9.670026989883276770e-06
1.090557256471702126e-05
9.620736413764398014e-06
7.821368180172640950e-06
6.006335757771212060e-06
4.552462160366523852e-06
2.972229414486846452e-06
1.958067515921044087e-06
1.188700502910117067e-06
7.101813274906316785e-07
4.249618668642587991e-07
2.597301727828399720e-07
1.640323473336542825e-07
1.078236309441538718e-07
9.440211163495302935e-07
1.696540934403401794e-06
1.700836860956614414e-06
1.993326808648801282e-06
1.560448140660690202e-06
1.136040202216836562e-06
9.333598875731229284e-07
6.255830010719889608e-07
3.846861876977095862e-07
2.374304598217871037e-07
1.434933026106674340e-07
8.554550619922769316e-08
5.166963912273397508e-08
3.188175971861304447e-08
2.064529397610067256e-08
-5.005771820904824762e-08
7.131338508845057612e-07
-8.516758321068305567e-08
-2.213985287036354751e-07
3.965683786000395321e-08
8.047029098620296029e-08
-1.713966180277233686e-08
1.101473921335630100e-08
3.343445240589667654e-09
-8.188529198796960930e-10
1.558560112895074776e-09
3.166346045903936657e-10
1.246443347560153465e-10
4.651328520452936241e-11
-2.537994355826420825e-11
4.774975525245426439e-08
-1.093745758084878446e-07
-2.838153763858291899e-07
-1.035730722530700522e-07
2.507448580091544019e-08
2.982468528353681418e-08
4.245950001809789501e-09
-8.569185606109046566e-09
9.648215816596291154e-12
-3.662019339155424288e-09
-4.079740577472668975e-10
-1.055570608444241918e-10
2.750333226386071473e-11
5.996892539571274307e-11
-2.165465166215533445e-13
4.758958905462535037e-06
6.795949295111776381e-06
6.229291292055864343e-06
5.696058292698206172e-06
5.125519207351828895e-06
3.860661352084869031e-06
2.913941730968023697e-06
2.175176446810393953e-06
1.297810744994593602e-06
8.075817419320351900e-07
4.949180279940571977e-07
2.930309355958510188e-07
1.742873497348314157e-07
1.064433618569737341e-07
6.699785101956833145e-08
5.378685246838086701e-07
6.513869643467731279e-07
3.560526285131043618e-07
5.800739952547547593e-07
5.426621633945392396e-07
5.811709410663768710e-07
3.931064368201847488e-07
3.006493082983408461e-07
1.670231102629074874e-07
1.105997598844653022e-07
6.723738465131003523e-08
3.881146488045426497e-08
2.289250079626235291e-08
1.382817539367932878e-08
8.371127057010045614e-09
-6.726937370479902403e-08
-1.348124682997344140e-08
3.311358119010347228e-08
-1.747098740624749402e-08
5.378506526288878418e-08
1.301279410053239760e-08
-5.543245763172198766e-09
2.013925683124403584e-10
-2.818542336977660454e-09
-2.510341454923957086e-09
-7.311653570476163890e-10
-1.007167636395510415e-10
-1.470304691954940511e-11
-2.873970559589638325e-11
-8.198473831518799663e-13
2.637034575597675416e-06
2.571589650302706297e-06
3.082099584673837444e-06
3.187735067811325249e-06
2.625367849515366227e-06
2.129443382152442982e-06
1.610259112987228311e-06
1.225938231079579453e-06
7.586494013624580819e-07
5.019620687134926580e-07
3.020621863036605522e-07
1.733942428575079673e-07
1.010597820606976230e-07
5.917346619093680992e-08
3.564534889225702659e-08
1.603695368074591547e-07
2.459032132162732997e-07
1.781620550384811751e-07
2.288022963510435419e-07
1.823087223332023985e-07
1.212524581219781970e-07
8.750076898065492518e-08
6.664397637364444758e-08
4.344827957480186448e-08
3.095296014533859141e-08
1.836224447990521810e-08
1.080196417117484003e-08
6.250151447823068269e-09
3.390339426866274064e-09
2.066243825214247296e-09
4.897852190136683739e-07
6.422268908135561890e-07
7.822801126494855645e-07
8.056500086275937036e-07
7.286316585337758768e-07
5.992700809544332486e-07
4.708178406515131556e-07
3.641895218165267813e-07
2.536998198622423574e-07
1.606449894289766664e-07
9.629342815605686532e-08
5.666474351867615085e-08
3.281754595252714908e-08
1.842552463628501179e-08
1.052668140858861456e-08
