# lsst_theory
2.519426858664924212e-09
1.698855183823240887e-09
1.123618163400055976e-09
7.457759170336850409e-10
5.013916644425212496e-10
3.393190033954667763e-10
2.323673565981220936e-10
1.603943700712504465e-10
1.099583511933185703e-10
7.376573802910488252e-11
4.775535141976675066e-11
2.958181638068991895e-11
1.754977222229869663e-11
1.000120436160548447e-11
5.496700444439241630e-12
4.223859506401926484e-09
2.844705230070769687e-09
1.872365796689642341e-09
1.213085628927884144e-09
7.938459048525757987e-10
5.333507202675816844e-10
3.659279993295057282e-10
2.547856471785991841e-10
1.781347816227188553e-10
1.226519555922701675e-10
8.143029476188480894e-11
5.129639945766286619e-11
3.050064508692407639e-11
1.716104738706827753e-11
9.227195169950596053e-12
4.297298007574541902e-09
2.839812763910761281e-09
1.839763379658550209e-09
1.167314221262986669e-09
7.478243524197840674e-10
5.024146879773940248e-10
3.487607019318475529e-10
2.461379673193627104e-10
1.744818117265839405e-10
1.214920781683478075e-10
8.101431134475453343e-11
5.073792433715680894e-11
2.959772219428334518e-11
1.610440316094546563e-11
8.278390041729385226e-12
4.364590830863624842e-09
2.857174859585408916e-09
1.835893052710269370e-09
1.151682025656543098e-09
7.290852957198318439e-10
4.896839872597251644e-10
3.421068726519082001e-10
2.432351857075384859e-10
1.737302058228844039e-10
1.217162504903779617e-10
8.137661101224627599e-11
5.082813257730711588e-11
2.935929685800541087e-11
1.568402684826216216e-11
7.852661711971063602e-12
4.422951080257853462e-09
2.872442984792204392e-09
1.832758505337323474e-09
1.138320291043505821e-09
7.130369546365707862e-10
4.787863820004763015e-10
3.364238436661680340e-10
2.407685759878137083e-10
1.731061494374984922e-10
1.219257027909555040e-10
8.169991096768311971e-11
5.091271949901696500e-11
2.915705404037715909e-11
1.532239133178359679e-11
7.485379292325319482e-12
1.423517179791628233e-08
1.033351392148691537e-08
7.261168200090194435e-09
4.979761409099937798e-09
3.307275035674506737e-09
2.153987306426651857e-09
1.413080735294213990e-09
9.416396287054268481e-10
6.383678138010983017e-10
4.387529098634683048e-10
3.014005088542558077e-10
2.031961415385752761e-10
1.324455703371289171e-10
8.248664805262191677e-11
4.889018577978706878e-11
1.788934791417001315e-08
1.313307364336734857e-08
9.296148542688990161e-09
6.432108673685144741e-09
4.297182329535152703e-09
2.781966842777670890e-09
1.812291897218485601e-09
1.200366624849203342e-09
8.092126956901431011e-10
5.547351541156194506e-10
3.821991587732855832e-10
2.598386337640803128e-10
1.714506720376803388e-10
1.082162413875310768e-10
6.489010398018544765e-11
1.981544960973063853e-08
1.456435638833836640e-08
1.030839553369976736e-08
7.141278973078818493e-09
4.770648979946882874e-09
3.071816310945543281e-09
1.994209089636765722e-09
1.319437472408351290e-09
8.891290338727245188e-10
6.100685962765557761e-10
4.215785794125246846e-10
2.878625467307501565e-10
1.908247835342501034e-10
1.208827501652296873e-10
7.259615287985006028e-11
2.149894547233434253e-08
1.582047377450945752e-08
1.120020747960057897e-08
7.767571428492078540e-09
5.189881610344901856e-09
3.329951847000237195e-09
2.156525532519267000e-09
1.425517706009715249e-09
9.601616536031274350e-10
6.591143141418193485e-10
4.563744960466465831e-10
3.125683517268841596e-10
2.078920359503128420e-10
1.320532981872381506e-10
7.941299085903080871e-11
2.701232307865881567e-08
2.083830298941097810e-08
1.526982849390735191e-08
1.085994069389722382e-08
7.494606875569581959e-09
4.947567250251707813e-09
3.194926110809070826e-09
2.075547294548828789e-09
1.368892646192809654e-09
9.183235371312297304e-10
6.242655870128079856e-10
4.249369660624915322e-10
2.854555316740946594e-10
1.861207252638087040e-10
1.163345266921862641e-10
3.243558805745939427e-08
2.545287538126619844e-08
1.886806735355639165e-08
1.352603459111086329e-08
9.418812601405073461e-09
6.264232022298250081e-09
4.033441422354330764e-09
2.604721884899821498e-09
1.706869267048353817e-09
1.137579353771643652e-09
7.698042168726284723e-10
5.239685437823115898e-10
3.537793371478834699e-10
2.328771768902667823e-10
1.473399876937456304e-10
3.694315656573706957e-08
2.925284581446127880e-08
2.180065440677896033e-08
1.568093203010907461e-08
1.096642282612329631e-08
7.315823961202536081e-09
4.695622736227039149e-09
3.021651731740523932e-09
1.974001237024548360e-09
1.311676152907502812e-09
8.860967937706100137e-10
6.036798566360196357e-10
4.090907026934916149e-10
2.708216408103722685e-10
1.724630940372398076e-10
4.270987244712598395e-08
3.489819526521494124e-08
2.677399259217891104e-08
1.965683974340459413e-08
1.395731532585677103e-08
9.521371402209155195e-09
6.211813669754929017e-09
3.980499673466781812e-09
2.569490121392439553e-09
1.683825501183836468e-09
1.119775626346069031e-09
7.530472489045862754e-10
5.075119800006879749e-10
3.374479862775024703e-10
2.180298545702138552e-10
5.166244745863470764e-08
4.316367725054583574e-08
3.373225424613303292e-08
2.507897720049996628e-08
1.797566226901554291e-08
1.240554923445152387e-08
8.156406013570300713e-09
5.208225785849062492e-09
3.338082464007219313e-09
2.169907189129721726e-09
1.430646883180232944e-09
9.559295309650918882e-10
6.432659795940495062e-10
4.295982165772268966e-10
2.802988736785998650e-10
6.830535553963879375e-08
5.967487180722612294e-08
4.875023571371227274e-08
3.759892828873028622e-08
2.765610910828321095e-08
1.952916571070020054e-08
1.324199054508323002e-08
8.559897567975536158e-09
5.429722591669651556e-09
3.467831105359193945e-09
2.239234863130333578e-09
1.462877499269720957e-09
9.673462382540138138e-10
6.416660994253111157e-10
4.213235855833271415e-10
5.016655185413802204e-07
3.482117920566572477e-07
2.336539339992640155e-07
1.527483134923137431e-07
9.989026216340612923e-08
6.609234750049638488e-08
4.457521008629464585e-08
3.072647976216279082e-08
2.152073987366520907e-08
1.502539185160639522e-08
1.022054889527894223e-08
6.645606209462628360e-09
4.098778713452303248e-09
2.398905279387662601e-09
1.341771759555410886e-09
1.576897240237619885e-06
1.136766822995151898e-06
7.957173893325290803e-07
5.362944037606217998e-07
3.492785282646968651e-07
2.263306317703399125e-07
1.487117994769987168e-07
9.962077871785292311e-08
6.841892708024465752e-08
4.783272725143198743e-08
3.335081445063287579e-08
2.264454674350259114e-08
1.470721486269377680e-08
9.045429136420797507e-09
5.274184867872815369e-09
1.886210696231655131e-06
1.365837934484813154e-06
9.607950899824235938e-07
6.504356048313581075e-07
4.237427984020664162e-07
2.740041248658263017e-07
1.795182541840131711e-07
1.198441227552915666e-07
8.206386186602511821e-08
5.733049071949409975e-08
4.005848959005342875e-08
2.732361524004475986e-08
1.784936146703687341e-08
1.104046238557521925e-08
6.467995919299048411e-09
2.069111970610036758e-06
1.501244825012210610e-06
1.058352927026461654e-06
7.178612058561327554e-07
4.677161020100022979e-07
3.021579166704257419e-07
1.977138350903979268e-07
1.317910950785838449e-07
9.012694782469306534e-08
6.294441029328191811e-08
4.402367924008532600e-08
3.008927416186913471e-08
1.970598715053218115e-08
1.221878057203204540e-08
7.172796432569070682e-09
2.227132581016270395e-06
1.618231824196831456e-06
1.142639183830979788e-06
7.761151254530184080e-07
5.057078285808112356e-07
3.264820091093906831e-07
2.134343169568387371e-07
1.421129601728351511e-07
9.709323249321525711e-08
6.779468772455039033e-08
4.744949037168642925e-08
3.247870661202406776e-08
2.131003868072379759e-08
1.323680381276024199e-08
7.781721062067499119e-09
-7.570295458368987940e-08
-6.291600351686226058e-08
-4.753789687434686650e-08
-3.577788378724412438e-08
-2.583619717738914091e-08
-1.666916714377916976e-08
-1.047599502693842113e-08
-6.635305775075331142e-09
-4.221577035513577356e-09
-2.746753053600431821e-09
-1.857303782275854354e-09
-1.300582033311542739e-09
-9.238875931211379655e-10
-6.422945599635813136e-10
-4.230770696000198420e-10
6.211057397240390345e-07
4.972276728305868350e-07
3.725651466547884187e-07
2.776974337781956491e-07
1.936469323249841799e-07
1.239313182767061708e-07
7.823365743939004060e-08
4.981919728340706394e-08
3.200629988805681245e-08
2.117991527054592103e-08
1.456007135215836379e-08
1.028169837767297632e-08
7.265180693302944493e-09
4.961760029871323749e-09
3.193959368579148022e-09
1.090892904345742433e-06
8.844789105655454821e-07
6.655082838055540617e-07
4.967706546647508324e-07
3.505453677152041816e-07
2.254330928566458917e-07
1.421590250824883373e-07
9.034090147143636965e-08
5.788000072072957433e-08
3.809007449298766358e-08
2.603216268032177195e-08
1.831494702518787981e-08
1.294754519393088831e-08
8.886222743691005783e-09
5.764118104261148919e-09
1.347159534375397542e-06
1.095174231581406725e-06
8.247578902642951946e-07
6.158419072740960203e-07
4.356239754384956679e-07
2.804222027380153198e-07
1.767977179820986225e-07
1.123065749720390929e-07
7.191218885310922681e-08
4.727060621615037433e-08
3.226746184461468645e-08
2.268448849922326918e-08
1.603821620368851797e-08
1.101873988971275416e-08
7.158655578012953688e-09
1.568539275247699280e-06
1.277185121797679673e-06
9.623260994721005886e-07
7.187013020476367706e-07
5.091186349076800465e-07
3.279237422986440270e-07
2.067198246676586173e-07
1.312813344683380327e-07
8.403373732775537105e-08
5.520114303095839416e-08
3.765381585708171416e-08
2.645913437957367678e-08
1.870811091888415134e-08
1.286091955171616004e-08
8.363319949354271804e-09
-3.504560911524466845e-08
-3.099320440555292033e-08
-2.421442492883688837e-08
-1.813801427607262250e-08
-1.362801965147564735e-08
-9.144479793827626020e-09
-5.757399753492769221e-09
-3.613118826434727884e-09
-2.284705229546997962e-09
-1.458248443419805242e-09
-9.605555928039098805e-10
-6.570120487482198457e-10
-4.620651508778600481e-10
-3.245809524907082116e-10
-2.199131946217789891e-10
1.076519397401354376e-07
9.331022309735315744e-08
7.175048275471983447e-08
5.358522720907592431e-08
4.007482555334875766e-08
2.635235325973952324e-08
1.652734519866030213e-08
1.040223174128487936e-08
6.596089390302075285e-09
4.234025142558949368e-09
2.815544119439526538e-09
1.944381530507494591e-09
1.375492581698387178e-09
9.654474582444053794e-10
6.489409224926645200e-10
5.912023104459486210e-07
5.343389515621797496e-07
4.247332280262245392e-07
3.191623710327889947e-07
2.407443186196575045e-07
1.649649879648903037e-07
1.042591294670226522e-07
6.523949179618668480e-08
4.114319688556864783e-08
2.611490490566050649e-08
1.703885770369909268e-08
1.153955559051477456e-08
8.064863258846340969e-09
5.668827816786150580e-09
3.872132668460336931e-09
8.545824738688723062e-07
7.753961188987091783e-07
6.183336007323258279e-07
4.649862250111998413e-07
3.508968860427186033e-07
2.413609802116570098e-07
1.526709786656075995e-07
9.548924007400758407e-08
6.018966171211831972e-08
3.816931012585181326e-08
2.486209997364578083e-08
1.680745436834238064e-08
1.173228478878542794e-08
8.246573090515182046e-09
5.640437486382099151e-09
1.080213692033110685e-06
9.818079520326828827e-07
7.840367971883467752e-07
5.897791439914697392e-07
4.451647422452337134e-07
3.067068879001932199e-07
1.940737354164584520e-07
1.213605370021006006e-07
7.648048195524874343e-08
4.848068457783804256e-08
3.155551870905637559e-08
2.131565794248920640e-08
1.487139957665017489e-08
1.045307965662169572e-08
7.153869939931576416e-09
-2.790495819151738505e-09
-2.635328196201301335e-09
-2.173609761454262998e-09
-1.648201020725596991e-09
-1.246446615672657369e-09
-8.907345095023656770e-10
-5.683680855392208665e-10
-3.540190543293436856e-10
-2.220555659225015708e-10
-1.396429467863801645e-10
-8.950314301358818595e-11
-5.942905971473497401e-11
-4.096130035447505616e-11
-2.876443693982878688e-11
-1.992534708257037235e-11
-3.521302040027932130e-08
-3.507974978029772590e-08
-3.063522832501551106e-08
-2.384788432884372580e-08
-1.786731264686665144e-08
-1.345388345183851245e-08
-8.830119824319131975e-09
-5.495382601242178886e-09
-3.415876077918933424e-09
-2.132405896144222910e-09
-1.338470251313034356e-09
-8.642554972816209304e-10
-5.807579977863783974e-10
-4.029104605432569566e-10
-2.814458809008809005e-10
2.547608446165281017e-07
2.479738795147637384e-07
2.112752615312768106e-07
1.625602230683215545e-07
1.222691555541795123e-07
9.015031042211817722e-08
5.844417254662853591e-08
3.637519880480740529e-08
2.269500542161632793e-08
1.420847905881676785e-08
8.994354897265643619e-09
5.875728855420095567e-09
3.991598745777847398e-09
2.784604096177427726e-09
1.939099972697143698e-09
5.205198974900345023e-07
5.106160302090524437e-07
4.390185489701914817e-07
3.395569517716708993e-07
2.551217892694457882e-07
1.893585312471316705e-07
1.235234516122567574e-07
7.691119124513712946e-08
4.791281200558870345e-08
2.996538120017410471e-08
1.890915654623941878e-08
1.229656868770013103e-08
8.316220319299451051e-09
5.786064948298422168e-09
4.031226532349570543e-09
7.343901786519298771e-07
7.217271980462462965e-07
6.218302097274387978e-07
4.815262485264320286e-07
3.617010408004803641e-07
2.688697202146327373e-07
1.756362432794572723e-07
1.093689636782845186e-07
6.810949324704219455e-08
4.258670527708501565e-08
2.685449813785965471e-08
1.744534463872993536e-08
1.178632792045898144e-08
8.195411463779476957e-09
5.710505923922413520e-09
-5.228150935024805066e-11
-5.216860857121341411e-11
-4.570574623692049238e-11
-3.569448147361519427e-11
-2.674129459597482976e-11
-2.014532853089509661e-11
-1.327911526914137595e-11
-8.270658655748609452e-12
-5.137363341766615109e-12
-3.206598311599981372e-12
-2.010875599367803685e-12
-1.296149768572516195e-12
-8.691178060152126614e-13
-6.018054902389625825e-13
-4.199947972625493671e-13
-1.636536544878311424e-08
-1.677973913169131082e-08
-1.520510333681080219e-08
-1.216920912511132582e-08
-9.123048226852951676e-09
-6.955720853757110495e-09
-4.727083334113347836e-09
-2.957029032573244419e-09
-1.827562544987190601e-09
-1.136884010657356486e-09
-7.061341130166819176e-10
-4.478456796554292795e-10
-2.949472844334689646e-10
-2.015029579419747183e-10
-1.402400222317814344e-10
4.713408695713562805e-08
4.783097110388292047e-08
4.274954917886720051e-08
3.379698836077000431e-08
2.526136334111201665e-08
1.925540556443864482e-08
1.287071780919077495e-08
8.022892564727396367e-09
4.967370447726961981e-09
3.095609286900648714e-09
1.929515110955261366e-09
1.232315351183030927e-09
8.184664160346534564e-10
5.631741593459978715e-10
3.931502747269085094e-10
2.927621736673622543e-07
3.034497741030040320e-07
2.789435524093915663e-07
2.261341744588921969e-07
1.700937865397391669e-07
1.296229131542569527e-07
8.959766136515485185e-08
5.624664922823434910e-08
3.470295045089875957e-08
2.155013942206700409e-08
1.333987630926697648e-08
8.402300621012991124e-09
5.486749429818038096e-09
3.720779515126190598e-09
2.580924742523248943e-09
4.900158643949218274e-07
5.090072551595169222e-07
4.692393815638055276e-07
3.813955281504582948e-07
2.870961624605113497e-07
2.187391704329180550e-07
1.517082136306350637e-07
9.531169469667869816e-08
5.878712880851975214e-08
3.649296597459202618e-08
2.257543732997818751e-08
1.420032525312195835e-08
9.257142747706113797e-09
6.268117385754143765e-09
4.344693403352821997e-09
-2.301218430742078152e-13
-2.388934075917416334e-13
-2.198774578866320636e-13
-1.781706540773716876e-13
-1.337928460765165881e-13
-1.022464870431803286e-13
-7.057512169095224995e-14
-4.425571146790976114e-14
-2.729553544979545963e-14
-1.695463830481371527e-14
-1.049004491767587956e-14
-6.605889896835532364e-15
-4.314251792351985551e-15
-2.927334398737649177e-15
-2.032785983346546731e-15
-1.353597925731713961e-09
-1.434740468956248175e-09
-1.357962916595553431e-09
-1.130859798729128082e-09
-8.577901572723681887e-10
-6.513519393560032777e-10
-4.658452682567268069e-10
-2.947945628862302519e-10
-1.813682455538507001e-10
-1.122223172371296638e-10
-6.905599807401740908e-11
-4.292855386412047498e-11
-2.756039983066170584e-11
-1.840096757839687485e-11
-1.266205041336774840e-11
-1.507299007423093555e-08
-1.643159130882276954e-08
-1.615745438672430003e-08
-1.401451513249310472e-08
-1.085165691556035587e-08
-8.132084796953010921e-09
-6.090322771129624573e-09
-3.928935855407866343e-09
-2.414957203273104507e-09
-1.485122242469003213e-09
-9.090845558501655342e-10
-5.560671632861681179e-10
-3.485671743502332361e-10
-2.269469160540497444e-10
-1.533924164184566859e-10
1.338547118442648042e-07
1.442231556043583919e-07
1.396117212309385701e-07
1.191064660627960226e-07
9.145241654771645562e-08
6.889879773717236889e-08
5.067819842058799865e-08
3.244201300272419802e-08
1.994635228525717007e-08
1.229582605183718769e-08
7.541494268176308675e-09
4.641959106876246230e-09
2.937352499595435026e-09
1.931893452420679024e-09
1.315426654918803294e-09
3.183482658261761850e-07
3.443557044656836546e-07
3.351716914684876723e-07
2.877194262066118968e-07
2.217284586030466477e-07
1.667281681868630482e-07
1.234047064710052479e-07
7.929641626626772963e-08
4.875974245466897397e-08
3.002801485697807403e-08
1.840501697109368429e-08
1.130223723661613455e-08
7.125784837589755163e-09
4.667822306430741577e-09
3.168357906904661612e-09
-1.073588807195834766e-17
-1.132434760300803934e-17
-1.064288795125782107e-17
-8.790602782954317509e-18
-6.637996348524543501e-18
-5.058176128803515274e-18
-3.580144415096875005e-18
-2.256152529449668321e-18
-1.388374874175440829e-18
-8.602993143042871564e-19
-5.299331820151042860e-19
-3.305736615201312653e-19
-2.133065676334367012e-19
-1.431653823488981354e-19
-9.888738198914079616e-20
-2.151360315806486813e-11
-2.348583715783195000e-11
-2.314638588649915542e-11
-2.014156705896535757e-11
-1.563857688916895807e-11
-1.170757488578541328e-11
-8.788621341774482201e-12
-5.687471858103870342e-12
-3.497328908964334592e-12
-2.149411561029187568e-12
-1.315531246697991995e-12
-8.038330052719808394e-13
-5.029053834571790786e-13
-3.266568573697922668e-13
-2.202879425750501082e-13
-6.484003603715022664e-09
-7.184159832351545444e-09
-7.228911421544874904e-09
-6.448338726817516080e-09
-5.095294101033961449e-09
-3.794689043679299900e-09
-2.899767922968206153e-09
-1.913721078043996753e-09
-1.179271935713513836e-09
-7.220499868071005790e-10
-4.410408126840095941e-10
-2.673338691517833772e-10
-1.649294528996604652e-10
-1.053447751246022531e-10
-6.998897093151448851e-11
3.069204621356533785e-08
3.395841504339220287e-08
3.410155884030380117e-08
3.034256501824054955e-08
2.392510142888981235e-08
1.781860426929594260e-08
1.360408624285185500e-08
8.953564727263191904e-09
5.514916617977551318e-09
3.377900554181063255e-09
2.063735859987563250e-09
1.251844885494839540e-09
7.734343394713269336e-10
4.949334909099208030e-10
3.294157199676714514e-10
1.951195650029161490e-07
2.178471843380899824e-07
2.215898344815782472e-07
2.003713591497668799e-07
1.601421334636647881e-07
1.192338581193884289e-07
9.154799442415607449e-08
6.128752818765393671e-08
3.785171146362990683e-08
2.313278298918688301e-08
1.411479544529949767e-08
8.522842112261025824e-09
5.218499301707751914e-09
3.300619312391224210e-09
2.171859326420115439e-09
0.000000000000000000e+00
0.000000000000000000e+00
0.000000000000000000e+00
0.000000000000000000e+00
0.000000000000000000e+00
0.000000000000000000e+00
0.000000000000000000e+00
0.000000000000000000e+00
0.000000000000000000e+00
0.000000000000000000e+00
0.000000000000000000e+00
0.000000000000000000e+00
0.000000000000000000e+00
0.000000000000000000e+00
0.000000000000000000e+00
-3.550141395909101573e-14
-3.965625660440192297e-14
-4.035731004584659155e-14
-3.649459221802854908e-14
-2.913546623748005482e-14
-2.165629462295036569e-14
-1.667598785778135495e-14
-1.113471181297001980e-14
-6.871780611549680664e-15
-4.199446852628559288e-15
-2.562623355927919732e-15
-1.547132377389896635e-15
-9.474824383368687319e-16
-5.996038640245612781e-16
-3.949007623957790284e-16
-3.036972602239307589e-10
-3.434933670667763324e-10
-3.557754453451777769e-10
-3.290728556064243383e-10
-2.682017330912176011e-10
-1.999525856798136344e-10
-1.542275930305379509e-10
-1.058242465115451229e-10
-6.563122734913926336e-11
-3.999978211110212519e-11
-2.436385499058311690e-11
-1.462820368443521295e-11
-8.851052391405094730e-12
-5.508807147596867656e-12
-3.565598370175326850e-12
-4.628493858040358091e-09
-5.359817496432571266e-09
-5.737568517453521271e-09
-5.540188144341608055e-09
-4.717706714711771588e-09
-3.575744162019621252e-09
-2.722116320722904829e-09
-1.981654095919216263e-09
-1.246696927022667217e-09
-7.573490558126195499e-10
-4.592443240592336771e-10
-2.737081157252218213e-10
-1.622465489863032851e-10
-9.781710404969261678e-11
-6.102511459923948386e-11
1.009948423282793792e-07
1.157906376823924413e-07
1.222565893313508704e-07
1.159850852873221055e-07
9.702766689087487607e-08
7.304536502483743180e-08
5.591878361327114330e-08
3.976965939643906560e-08
2.488140580908158607e-08
1.513336303503029872e-08
9.192479865447730740e-09
5.493848369799178315e-09
3.282413745856167167e-09
2.003802363966687775e-09
1.268700108926579555e-09
0.000000000000000000e+00
0.000000000000000000e+00
0.000000000000000000e+00
0.000000000000000000e+00
0.000000000000000000e+00
0.000000000000000000e+00
0.000000000000000000e+00
0.000000000000000000e+00
0.000000000000000000e+00
0.000000000000000000e+00
0.000000000000000000e+00
0.000000000000000000e+00
0.000000000000000000e+00
0.000000000000000000e+00
0.000000000000000000e+00
0.000000000000000000e+00
0.000000000000000000e+00
0.000000000000000000e+00
0.000000000000000000e+00
0.000000000000000000e+00
0.000000000000000000e+00
0.000000000000000000e+00
0.000000000000000000e+00
0.000000000000000000e+00
0.000000000000000000e+00
0.000000000000000000e+00
0.000000000000000000e+00
0.000000000000000000e+00
0.000000000000000000e+00
0.000000000000000000e+00
-5.152859167903726623e-13
-5.958716329821709277e-13
-6.367348269153804428e-13
-6.136479722096262192e-13
-5.219138418895302887e-13
-3.958058381510440294e-13
-3.010393242738626615e-13
-2.189018997036752102e-13
-1.377643709592906248e-13
-8.371424384605106504e-14
-5.076048811287086535e-14
-3.026796937154737075e-14
-1.795584717229422031e-14
-1.083549381435312359e-14
-6.766112674207139691e-15
-1.432148283055198057e-09
-1.673150681345540878e-09
-1.813884770703218185e-09
-1.782790663618841402e-09
-1.551311776070329774e-09
-1.193516459364122253e-09
-8.977856864520155471e-10
-6.710474000112399083e-10
-4.277419276680641970e-10
-2.600477134608653982e-10
-1.571721957425717641e-10
-9.357452489621909092e-11
-5.505874013062085118e-11
-3.272589657843411157e-11
-2.003989809806849326e-11
3.198015420983270125e-08
3.758353371412471065e-08
4.108758109191836025e-08
4.085571391941920158e-08
3.606667849130621237e-08
2.805750879045938924e-08
2.098643857220645445e-08
1.589773409646271176e-08
1.024895638244950942e-08
6.241280703674522805e-09
3.763524927330049669e-09
2.239577409950743127e-09
1.312085132912791813e-09
7.727727868001816990e-10
4.672707453871162771e-10
0.000000000000000000e+00
0.000000000000000000e+00
0.000000000000000000e+00
0.000000000000000000e+00
0.000000000000000000e+00
0.000000000000000000e+00
0.000000000000000000e+00
0.000000000000000000e+00
0.000000000000000000e+00
0.000000000000000000e+00
0.000000000000000000e+00
0.000000000000000000e+00
0.000000000000000000e+00
0.000000000000000000e+00
0.000000000000000000e+00
0.000000000000000000e+00
0.000000000000000000e+00
0.000000000000000000e+00
0.000000000000000000e+00
0.000000000000000000e+00
0.000000000000000000e+00
0.000000000000000000e+00
0.000000000000000000e+00
0.000000000000000000e+00
0.000000000000000000e+00
0.000000000000000000e+00
0.000000000000000000e+00
0.000000000000000000e+00
0.000000000000000000e+00
0.000000000000000000e+00
0.000000000000000000e+00
0.000000000000000000e+00
0.000000000000000000e+00
0.000000000000000000e+00
0.000000000000000000e+00
0.000000000000000000e+00
0.000000000000000000e+00
0.000000000000000000e+00
0.000000000000000000e+00
0.000000000000000000e+00
0.000000000000000000e+00
0.000000000000000000e+00
0.000000000000000000e+00
0.000000000000000000e+00
0.000000000000000000e+00
-1.354782532711928092e-12
-1.614918184228013894e-12
-1.800735236146778498e-12
-1.839643680283484216e-12
-1.679213445836430859e-12
-1.342122202104818622e-12
-9.937806999701496372e-13
-7.716050417920571766e-13
-5.115971398466266043e-13
-3.131443262595514520e-13
-1.878790897782082632e-13
-1.117101562363975514e-13
-6.489633412056673385e-14
-3.748163422391073775e-14
-2.202647863935506358e-14
3.716302652665208292e-09
4.473929167471500258e-09
5.057861493402772436e-09
5.266820531676654879e-09
4.930511910975262688e-09
4.042906143473033835e-09
3.002653395129910880e-09
2.333133136900146150e-09
1.597835533138267489e-09
9.869165057545479327e-10
5.902038462870134731e-10
3.504879515874523580e-10
2.028276652933599679e-10
1.156402256049593244e-10
6.647875335864222022e-11
2.054005033349889280e-04
1.489011223240982007e-04
1.048312448522125339e-04
7.043420051561014841e-05
4.562750625314628548e-05
2.945543501071736726e-05
1.927992181025907516e-05
1.287320840131895124e-05
8.851395625956932277e-06
6.223885764366513970e-06
4.376699635371237185e-06
2.996334382666405717e-06
1.956784039475342042e-06
1.206336787747455045e-06
7.037877099418070718e-07
2.962692347143339389e-05
2.275072135583957418e-05
1.690049897758901846e-05
1.242406638879613624e-05
8.288182250421401745e-06
5.256584294340187685e-06
3.339750483147142577e-06
2.141449817102560575e-06
1.394133423208034819e-06
9.426844170433670312e-07
6.611327108933240142e-07
4.712739061381433893e-07
3.305778546308086601e-07
2.206918176602571264e-07
1.379161928430618291e-07
1.942922767431415230e-07
1.591884944888496876e-07
1.197027456900414236e-07
8.981039293261977749e-08
6.410262658507396104e-08
4.113939253370842692e-08
2.588068008987189888e-08
1.643081534512672156e-08
1.048669014973693294e-08
6.865159967432092204e-09
4.672042569898003255e-09
3.284136822109194440e-09
2.330731547103519503e-09
1.611194381758486065e-09
1.052566342137748874e-09
5.506702811542869273e-11
4.806610280849813144e-11
3.712796370635927021e-11
2.775346748687836554e-11
2.082359536539244017e-11
1.376713213965852513e-11
8.646738512387494873e-12
5.437730660969977666e-12
3.443975193699567716e-12
2.206155436563673303e-12
1.462293333576736608e-12
1.006713269050371098e-12
7.110166922480592664e-13
4.993799910653004381e-13
3.365945665717254703e-13
0.000000000000000000e+00
0.000000000000000000e+00
0.000000000000000000e+00
0.000000000000000000e+00
0.000000000000000000e+00
0.000000000000000000e+00
0.000000000000000000e+00
0.000000000000000000e+00
0.000000000000000000e+00
0.000000000000000000e+00
0.000000000000000000e+00
0.000000000000000000e+00
0.000000000000000000e+00
0.000000000000000000e+00
0.000000000000000000e+00
0.000000000000000000e+00
0.000000000000000000e+00
0.000000000000000000e+00
0.000000000000000000e+00
0.000000000000000000e+00
0.000000000000000000e+00
0.000000000000000000e+00
0.000000000000000000e+00
0.000000000000000000e+00
0.000000000000000000e+00
0.000000000000000000e+00
0.000000000000000000e+00
0.000000000000000000e+00
0.000000000000000000e+00
0.000000000000000000e+00
0.000000000000000000e+00
0.000000000000000000e+00
0.000000000000000000e+00
0.000000000000000000e+00
0.000000000000000000e+00
0.000000000000000000e+00
0.000000000000000000e+00
0.000000000000000000e+00
0.000000000000000000e+00
0.000000000000000000e+00
0.000000000000000000e+00
0.000000000000000000e+00
0.000000000000000000e+00
0.000000000000000000e+00
0.000000000000000000e+00
0.000000000000000000e+00
0.000000000000000000e+00
0.000000000000000000e+00
0.000000000000000000e+00
0.000000000000000000e+00
0.000000000000000000e+00
0.000000000000000000e+00
0.000000000000000000e+00
0.000000000000000000e+00
0.000000000000000000e+00
0.000000000000000000e+00
0.000000000000000000e+00
0.000000000000000000e+00
0.000000000000000000e+00
0.000000000000000000e+00
0.000000000000000000e+00
0.000000000000000000e+00
0.000000000000000000e+00
0.000000000000000000e+00
0.000000000000000000e+00
0.000000000000000000e+00
0.000000000000000000e+00
0.000000000000000000e+00
0.000000000000000000e+00
0.000000000000000000e+00
0.000000000000000000e+00
0.000000000000000000e+00
0.000000000000000000e+00
0.000000000000000000e+00
0.000000000000000000e+00
0.000000000000000000e+00
0.000000000000000000e+00
0.000000000000000000e+00
0.000000000000000000e+00
0.000000000000000000e+00
0.000000000000000000e+00
0.000000000000000000e+00
0.000000000000000000e+00
0.000000000000000000e+00
0.000000000000000000e+00
0.000000000000000000e+00
0.000000000000000000e+00
0.000000000000000000e+00
0.000000000000000000e+00
0.000000000000000000e+00
1.190563542536976179e-04
9.679637752112103984e-05
7.272916385490855150e-05
5.447444980103841662e-05
3.857018554190788591e-05
2.474532221094946120e-05
1.558643862787306990e-05
9.903629918175002760e-06
6.334082193067688248e-06
4.160765128683500283e-06
2.840590732981235797e-06
1.999554636924615306e-06
1.416930252648172677e-06
9.755702018402124605e-07
6.343164636182999707e-07
2.525345363091798578e-05
2.191573427325762698e-05
1.690475961172851487e-05
1.264969950974548895e-05
9.436780553402380548e-06
6.233995085688020943e-06
3.917711345765633672e-06
2.465555848408406766e-06
1.562312513885671231e-06
1.002624523924758236e-06
6.658876687861342431e-07
4.590716698334689454e-07
3.242121900113224145e-07
2.273021955550919499e-07
1.527856827628117866e-07
4.064582253559853637e-07
3.726153179955254629e-07
2.986543826526299438e-07
2.243795086940629959e-07
1.702221681847425191e-07
1.176987629437277379e-07
7.440019325689621542e-08
4.646740338131360747e-08
2.927496789730471183e-08
1.851502141574600920e-08
1.201824277795861796e-08
8.099757951793244359e-09
5.647733178746660896e-09
3.977426169105785999e-09
2.732367176422934778e-09
2.609741318504854099e-10
2.510925919675384916e-10
2.108711249911959430e-10
1.608612421323273465e-10
1.212843440351014291e-10
8.842161767111987113e-11
5.673584911593728312e-11
3.528771601463921138e-11
2.207612802575869550e-11
1.384142846651664794e-11
8.807532935689107176e-12
5.796714950980271100e-12
3.966853111576925390e-12
2.779798862084905258e-12
1.934605931954341714e-12
7.927717487798660694e-17
7.879008554103702624e-17
6.861714432624719074e-17
5.329104016054109812e-17
3.989178227988329643e-17
3.003606446312799376e-17
1.964648394755532169e-17
1.222022975268536842e-17
7.599181330566144581e-18
4.746275748072369671e-18
2.981894528993106430e-18
1.928459185610420803e-18
1.298095321901981622e-18
9.017033321570550205e-19
6.300669943739493262e-19
0.000000000000000000e+00
0.000000000000000000e+00
0.000000000000000000e+00
0.000000000000000000e+00
0.000000000000000000e+00
0.000000000000000000e+00
0.000000000000000000e+00
0.000000000000000000e+00
0.000000000000000000e+00
0.000000000000000000e+00
0.000000000000000000e+00
0.000000000000000000e+00
0.000000000000000000e+00
0.000000000000000000e+00
0.000000000000000000e+00
0.000000000000000000e+00
0.000000000000000000e+00
0.000000000000000000e+00
0.000000000000000000e+00
0.000000000000000000e+00
0.000000000000000000e+00
0.000000000000000000e+00
0.000000000000000000e+00
0.000000000000000000e+00
0.000000000000000000e+00
0.000000000000000000e+00
0.000000000000000000e+00
0.000000000000000000e+00
0.000000000000000000e+00
0.000000000000000000e+00
0.000000000000000000e+00
0.000000000000000000e+00
0.000000000000000000e+00
0.000000000000000000e+00
0.000000000000000000e+00
0.000000000000000000e+00
0.000000000000000000e+00
0.000000000000000000e+00
0.000000000000000000e+00
0.000000000000000000e+00
0.000000000000000000e+00
0.000000000000000000e+00
0.000000000000000000e+00
0.000000000000000000e+00
0.000000000000000000e+00
0.000000000000000000e+00
0.000000000000000000e+00
0.000000000000000000e+00
0.000000000000000000e+00
0.000000000000000000e+00
0.000000000000000000e+00
0.000000000000000000e+00
0.000000000000000000e+00
0.000000000000000000e+00
0.000000000000000000e+00
0.000000000000000000e+00
0.000000000000000000e+00
0.000000000000000000e+00
0.000000000000000000e+00
0.000000000000000000e+00
6.917264296197559326e-05
6.300075381062625118e-05
5.026907362031922806e-05
3.775256754978420845e-05
2.859190915346183567e-05
1.966894195617111590e-05
1.242682463207899065e-05
7.767885935789563563e-06
4.896576132733011381e-06
3.101741923743860543e-06
2.018392857927367085e-06
1.363738497749885212e-06
9.522730926771842954e-07
6.702946575928850071e-07
4.593336662876438474e-07
1.651814101947092164e-05
1.572249772340867066e-05
1.306410160818298696e-05
9.928880230548848968e-06
7.501067435024656057e-06
5.405192408314831905e-06
3.456256993144670691e-06
2.151331643445647074e-06
1.347993925307289934e-06
8.465720160650729856e-07
5.409464545116371603e-07
3.578719041330453038e-07
2.459525754645126291e-07
1.725937918101816139e-07
1.198090837134300378e-07
2.886291689308418916e-07
2.857032661621155543e-07
2.478346534753465328e-07
1.922632810342899776e-07
1.441243522203683337e-07
1.080014484321834993e-07
7.060704917388466466e-08
4.393468004401171273e-08
2.733575308463262512e-08
1.707906666691019472e-08
1.074430014018700652e-08
6.959862082783304103e-09
4.691257491488609095e-09
3.260079453736318999e-09
2.275794288934034202e-09
2.113934895451945842e-10
2.164607730000727354e-10
1.957075186200335625e-10
1.561720075838184321e-10
1.168990075193121119e-10
8.929805835756997238e-11
6.040918720230217027e-11
3.774610532100209911e-11
2.333426970351490481e-11
1.452206476876979432e-11
9.024094424771532454e-12
5.730854403238208208e-12
3.781142327194956785e-12
2.587876670178433452e-12
1.803288757965541664e-12
0.000000000000000000e+00
0.000000000000000000e+00
0.000000000000000000e+00
0.000000000000000000e+00
0.000000000000000000e+00
0.000000000000000000e+00
0.000000000000000000e+00
0.000000000000000000e+00
0.000000000000000000e+00
0.000000000000000000e+00
0.000000000000000000e+00
0.000000000000000000e+00
0.000000000000000000e+00
0.000000000000000000e+00
0.000000000000000000e+00
0.000000000000000000e+00
0.000000000000000000e+00
0.000000000000000000e+00
0.000000000000000000e+00
0.000000000000000000e+00
0.000000000000000000e+00
0.000000000000000000e+00
0.000000000000000000e+00
0.000000000000000000e+00
0.000000000000000000e+00
0.000000000000000000e+00
0.000000000000000000e+00
0.000000000000000000e+00
0.000000000000000000e+00
0.000000000000000000e+00
0.000000000000000000e+00
0.000000000000000000e+00
0.000000000000000000e+00
0.000000000000000000e+00
0.000000000000000000e+00
0.000000000000000000e+00
0.000000000000000000e+00
0.000000000000000000e+00
0.000000000000000000e+00
0.000000000000000000e+00
0.000000000000000000e+00
0.000000000000000000e+00
0.000000000000000000e+00
0.000000000000000000e+00
0.000000000000000000e+00
0.000000000000000000e+00
0.000000000000000000e+00
0.000000000000000000e+00
0.000000000000000000e+00
0.000000000000000000e+00
0.000000000000000000e+00
0.000000000000000000e+00
0.000000000000000000e+00
0.000000000000000000e+00
0.000000000000000000e+00
0.000000000000000000e+00
0.000000000000000000e+00
0.000000000000000000e+00
0.000000000000000000e+00
0.000000000000000000e+00
4.067426744075911769e-05
4.006369713563954555e-05
3.456870014263253518e-05
2.675130771897401530e-05
2.007518178309186514e-05
1.497200713479581606e-05
9.763975226131762486e-06
6.075897792514868304e-06
3.783479150422244054e-06
2.365171977734239202e-06
1.490589305903865499e-06
9.679424461225255420e-07
6.539456135231997285e-07
4.549814521460450383e-07
3.173996355504863644e-07
1.005727459314381846e-05
1.022028432235379284e-05
9.154751938035636302e-06
7.257193203220857662e-06
5.432177630054738459e-06
4.135476969701339297e-06
2.775512153090021686e-06
1.732440411684584180e-06
1.072434693433360114e-06
6.679790665455073002e-07
4.161499517596178352e-07
2.654185832766437650e-07
1.759604695840336931e-07
1.208627896997820040e-07
8.427613789208214348e-08
1.835790004313444930e-07
1.917444524115680397e-07
1.779150963577677310e-07
1.452535089050829211e-07
1.093222775819641410e-07
8.345572683787931531e-08
5.817883963308952359e-08
3.656006397354680871e-08
2.252926131226167047e-08
1.397997881975566704e-08
8.634447325110458880e-09
5.416838967502733711e-09
3.520701023266982964e-09
2.378546047283075030e-09
1.648149792865539588e-09
9.594893127654635591e-11
1.027851234810358834e-10
9.867076066100033073e-11
8.334270916337411617e-11
6.358905547681985094e-11
4.807419486769133012e-11
3.499787932976252946e-11
2.225658283103172356e-11
1.367990566566878023e-11
8.447703295526645545e-12
5.186338987357062254e-12
3.204572572757314862e-12
2.040079053362921141e-12
1.350733700504497735e-12
9.246309753901895632e-13
0.000000000000000000e+00
0.000000000000000000e+00
0.000000000000000000e+00
0.000000000000000000e+00
0.000000000000000000e+00
0.000000000000000000e+00
0.000000000000000000e+00
0.000000000000000000e+00
0.000000000000000000e+00
0.000000000000000000e+00
0.000000000000000000e+00
0.000000000000000000e+00
0.000000000000000000e+00
0.000000000000000000e+00
0.000000000000000000e+00
0.000000000000000000e+00
0.000000000000000000e+00
0.000000000000000000e+00
0.000000000000000000e+00
0.000000000000000000e+00
0.000000000000000000e+00
0.000000000000000000e+00
0.000000000000000000e+00
0.000000000000000000e+00
0.000000000000000000e+00
0.000000000000000000e+00
0.000000000000000000e+00
0.000000000000000000e+00
0.000000000000000000e+00
0.000000000000000000e+00
0.000000000000000000e+00
0.000000000000000000e+00
0.000000000000000000e+00
0.000000000000000000e+00
0.000000000000000000e+00
0.000000000000000000e+00
0.000000000000000000e+00
0.000000000000000000e+00
0.000000000000000000e+00
0.000000000000000000e+00
0.000000000000000000e+00
0.000000000000000000e+00
0.000000000000000000e+00
0.000000000000000000e+00
0.000000000000000000e+00
2.505981766783687957e-05
2.608186393338559188e-05
2.409257059745315956e-05
1.959641691708697797e-05
1.473827580786071507e-05
1.124940897149272739e-05
7.805433204288221181e-06
4.901209732878511993e-06
3.021884673319369553e-06
1.875967269362650462e-06
1.159834217567036917e-06
7.290644168523359258e-07
4.750049038265618579e-07
3.215709869734255793e-07
2.230042260182953050e-07
6.141787812337488047e-06
6.536083995828014145e-06
6.219176043796215332e-06
5.205966957088792024e-06
3.956666684186790685e-06
3.000121023072163824e-06
2.159808018120997940e-06
1.369005571955069593e-06
8.419098053216657714e-07
5.205706363932819896e-07
3.200391594147348255e-07
1.984983407527976443e-07
1.270420113591614188e-07
8.456548735795998439e-08
5.808758541825590981e-08
8.809929722786441511e-08
9.573938510548388639e-08
9.375192674440138054e-08
8.096383611878551518e-08
6.254672371247918134e-08
4.692454656974912757e-08
3.499199481131219608e-08
2.252179864525825756e-08
1.384308264676140194e-08
8.518253950871441024e-09
5.217013871503811492e-09
3.196310564042681990e-09
2.008587018555254976e-09
1.311316293607500907e-09
8.881151107160067755e-10
1.666327423693896875e-11
1.847748697626029179e-11
1.861097536584569807e-11
1.661500823147861718e-11
1.312751857531864444e-11
9.766668574089688554e-12
7.478932486608330948e-12
4.931631631642434185e-12
3.037964533418797796e-12
1.859876348127507310e-12
1.136007325837870341e-12
6.883637810717332570e-13
4.245486529495128287e-13
2.711154485881376551e-13
1.801305003713064244e-13
0.000000000000000000e+00
0.000000000000000000e+00
0.000000000000000000e+00
0.000000000000000000e+00
0.000000000000000000e+00
0.000000000000000000e+00
0.000000000000000000e+00
0.000000000000000000e+00
0.000000000000000000e+00
0.000000000000000000e+00
0.000000000000000000e+00
0.000000000000000000e+00
0.000000000000000000e+00
0.000000000000000000e+00
0.000000000000000000e+00
0.000000000000000000e+00
0.000000000000000000e+00
0.000000000000000000e+00
0.000000000000000000e+00
0.000000000000000000e+00
0.000000000000000000e+00
0.000000000000000000e+00
0.000000000000000000e+00
0.000000000000000000e+00
0.000000000000000000e+00
0.000000000000000000e+00
0.000000000000000000e+00
0.000000000000000000e+00
0.000000000000000000e+00
0.000000000000000000e+00
1.556752090743525059e-05
1.686866044538919252e-05
1.645400446519581361e-05
1.415012192900177335e-05
1.090761043896047050e-05
8.195415779131119094e-06
6.083067654214009672e-06
3.907681451305908945e-06
2.402030055828095313e-06
1.478995899490074624e-06
9.062304312399996496e-07
5.560884813616802038e-07
3.502781577911380061e-07
2.292657189935147413e-07
1.555693268995570100e-07
3.544614033311337435e-06
3.907773735685212598e-06
3.904378913694205651e-06
3.452478460798471047e-06
2.709555264316538962e-06
2.020108635233862435e-06
1.536403366693320979e-06
1.005759898890357175e-06
6.190840327259700456e-07
3.795446666093744622e-07
2.319888327002879035e-07
1.409947397555095343e-07
8.741615603397964335e-08
5.617977054815224026e-08
3.754030054836094460e-08
2.857009007855293155e-08
3.203257502088167153e-08
3.277050389696089387e-08
2.983218956008673511e-08
2.395594555432384636e-08
1.781236125416624517e-08
1.373575634555319512e-08
9.240273713126261053e-09
5.709739477330176482e-09
3.486298757033234950e-09
2.126347984408019325e-09
1.281490583675744748e-09
7.819604447947160786e-10
4.924608489296399044e-10
3.227468910940883749e-10
1.452379084861439194e-13
1.658491388417073019e-13
1.740936686171349126e-13
1.638209501332255265e-13
1.357426592449407732e-13
1.016346102449759656e-13
7.820828342546104919e-14
5.486970001848579506e-14
3.417445690570956394e-14
2.079180580120371860e-14
1.264579576275273139e-14
7.565552841610104869e-15
4.538517241342369046e-15
2.789573274961486123e-15
1.780810518396247894e-15
0.000000000000000000e+00
0.000000000000000000e+00
0.000000000000000000e+00
0.000000000000000000e+00
0.000000000000000000e+00
0.000000000000000000e+00
0.000000000000000000e+00
0.000000000000000000e+00
0.000000000000000000e+00
0.000000000000000000e+00
0.000000000000000000e+00
0.000000000000000000e+00
0.000000000000000000e+00
0.000000000000000000e+00
0.000000000000000000e+00
9.626418983146312872e-06
1.076569163819590650e-05
1.097506025179368097e-05
9.948488630571849904e-06
7.962251908824975803e-06
5.922571704464804785e-06
4.558303424747460598e-06
3.054730384198463473e-06
1.886567873095958349e-06
1.152564469355401000e-06
7.031676452663615240e-07
4.242730597489215502e-07
2.594686118054798640e-07
1.638799195994431055e-07
1.077061465915241074e-07
1.735471244811551824e-06
1.968348201839095936e-06
2.046664829141732784e-06
1.902451543894060935e-06
1.557700783579204213e-06
1.162374912461142024e-06
8.964387991191742897e-07
6.188389564507343679e-07
3.842224359812083402e-07
2.340431120535972631e-07
1.424990482512587181e-07
8.546323154810218883e-08
5.158117189145822593e-08
3.198901224550490290e-08
2.062539398003927247e-08
2.106252060185630823e-09
2.427539602511077925e-09
2.581805818171964545e-09
2.472375812723643381e-09
2.087735978302490915e-09
1.577017117680791935e-09
1.203645852704433921e-09
8.669391407742062099e-10
5.438073873653698427e-10
3.305037195097990410e-10
2.005878317906680046e-10
1.196937731987021757e-10
7.120929365396820823e-11
4.318402510500970318e-11
2.713100189945234595e-11
0.000000000000000000e+00
0.000000000000000000e+00
0.000000000000000000e+00
0.000000000000000000e+00
0.000000000000000000e+00
0.000000000000000000e+00
0.000000000000000000e+00
0.000000000000000000e+00
0.000000000000000000e+00
0.000000000000000000e+00
0.000000000000000000e+00
0.000000000000000000e+00
0.000000000000000000e+00
0.000000000000000000e+00
0.000000000000000000e+00
5.286612070165417356e-06
6.074425129456078767e-06
6.433045534176572775e-06
6.126468914650581672e-06
5.144091179032508161e-06
3.876870647299177150e-06
2.965231717896070826e-06
2.119329571522471936e-06
1.327079890426582383e-06
8.068685984964158030e-07
4.899697753485038881e-07
2.926252904548528360e-07
1.745286260923971404e-07
1.062622737592799367e-07
6.707568421177962746e-08
6.153603707891635418e-07
7.166440235344477983e-07
7.734550060157356834e-07
7.555299574874958823e-07
6.525916917399878239e-07
4.995109814574294121e-07
3.770424489082181401e-07
2.795217925548648600e-07
1.773172664966900462e-07
1.077547281763932021e-07
6.520024828907765531e-08
3.883157281904042323e-08
2.290459855244332861e-08
1.367983974974725342e-08
8.430640715876025355e-09
5.504801537479113093e-12
6.519918540101184864e-12
7.205392521598130571e-12
7.270497379183596678e-12
6.531826321275480297e-12
5.146676680260066291e-12
3.821690467853492639e-12
2.943503302030596749e-12
1.920508301157438622e-12
1.171303990202446263e-12
7.044931609666972110e-13
4.190114477045743331e-13
2.442643602130633625e-13
1.423604011293965221e-13
8.482484693866416184e-14
2.383827007294969669e-06
2.810469760391696009e-06
3.086192672331646308e-06
3.087290194674167785e-06
2.744973114788077405e-06
2.146323568529852186e-06
1.600544637483262998e-06
1.221017807939934406e-06
7.909192690503294664e-07
4.819116734352928646e-07
2.902939099361027823e-07
1.727025285657768117e-07
1.009670098882103419e-07
5.920781129898631093e-08
3.558611254951239404e-08
1.227333569122188680e-07
1.468135555945889989e-07
1.645058313579822226e-07
1.691940108372481114e-07
1.557894195596375311e-07
1.255437928874740214e-07
9.291405029940685380e-08
7.233322003776810781e-08
4.842412887271290021e-08
2.971122900929699131e-08
1.780340128830228098e-08
1.058329800497358745e-08
6.138247234478470650e-09
3.528635167735400462e-09
2.058129406954626073e-09
5.495816032451908058e-07
6.651715364599178004e-07
7.575987263721359764e-07
7.971175891858413804e-07
7.568255758477049855e-07
6.305353854976191193e-07
4.713505617885568818e-07
3.643009713929791639e-07
2.547485016921281873e-07
1.586340721538705090e-07
9.484560260644860423e-08
5.624435407155348303e-08
3.251913839143453086e-08
1.843689501423089586e-08
1.047755743961282170e-08
