# k_h
1.049778529704780910e-05
1.129099174840862490e-05
1.214413241033641772e-05
1.306173587635200988e-05
1.404867291782558583e-05
1.511018233873277569e-05
1.625189878398064532e-05
1.747988264891465061e-05
1.880065224876995448e-05
2.022121841882768687e-05
2.174912172893829810e-05
2.339247250995275047e-05
2.515999390452653558e-05
2.706106817081788520e-05
2.910578648486488815e-05
3.130500250600201054e-05
3.367038998964669056e-05
3.621450475327527815e-05
3.895085132450990884e-05
4.189395462509711818e-05
4.505943707128398770e-05
4.846410149985441517e-05
5.212602036000671917e-05
5.606463164451737472e-05
6.030084206940612902e-05
6.485713804979675195e-05
6.975770506104649624e-05
7.502855601873447300e-05
8.069766935896265623e-05
8.679513755192637674e-05
9.335332683707938577e-05
1.004070490277959588e-04
1.079937462974900548e-04
1.161536899280653592e-04
1.249301940756795026e-04
1.343698456885252174e-04
1.445227517970608941e-04
1.554428054893463316e-04
1.671879719833157575e-04
1.798205963145056913e-04
1.934077342724827009e-04
2.080215083426338759e-04
2.237394905427064241e-04
2.406451141862535217e-04
2.588281167586795571e-04
2.783850162567370846e-04
2.994196235199587963e-04
3.220435932735456262e-04
3.463770168077288003e-04
3.725490594396411027e-04
4.006986461414215679e-04
4.309751989739793281e-04
4.635394302408160725e-04
4.985641955720833277e-04
5.362354114671631080e-04
5.767530421662293285e-04
6.203321610892347480e-04
6.672040924766046250e-04
7.176176392916264017e-04
7.718404039024159445e-04
8.301602085538310315e-04
8.928866231694082903e-04
9.603526085931054189e-04
1.032916283993424739e-03
1.110962827811540514e-03
1.194906522343946011e-03
1.285192952812556607e-03
1.382301372595255706e-03
1.486747247171846861e-03
1.599084990289080521e-03
1.719910906868667459e-03
1.849866358279708993e-03
1.989641166777212592e-03
2.139977277177998374e-03
2.301672695210645395e-03
2.475585723444848063e-03
2.662639517285095465e-03
2.863826985212514307e-03
3.080216059286124391e-03
3.312955363880015335e-03
3.563280312746993934e-03
3.832519666772715109e-03
4.122102587229866180e-03
4.433566221972072563e-03
4.768563864836089863e-03
5.128873731563666355e-03
5.516408398826797531e-03
5.933224956460232159e-03
6.381535926790583325e-03
6.863721009023546378e-03
7.382339711030076745e-03
7.940144935582801877e-03
8.540097593160518932e-03
9.185382318887451783e-03
9.879424377035274027e-03
1.062590784281917076e-02
1.142879515799981489e-02
1.229234816409491629e-02
1.322115072484790835e-02
1.422013305803699994e-02
1.529459790578120877e-02
1.645024868225944750e-02
1.769321974825439556e-02
1.903010897322326284e-02
2.046801275773909093e-02
2.201456370220731401e-02
2.367797112180799676e-02
2.546706462272332536e-02
2.739134097095912920e-02
2.946101450254660914e-02
3.168707134270945525e-02
3.408132772179878894e-02
3.665649269754611000e-02
3.942623561657215142e-02
4.240525867324777820e-02
4.560937495105953782e-02
4.905559236073430557e-02
5.276220392067951931e-02
5.674888485895954876e-02
6.103679705224063917e-02
6.564870135608011359e-02
7.060907842282626579e-02
7.594425864844750462e-02
8.168256193806631982e-02
8.785444803209545295e-02
9.449267819092688203e-02
1.016324890964215716e-01
1.093117798932916468e-01
1.175713133632203117e-01
1.264549322995778269e-01
1.360097922312842600e-01
1.462866117311490133e-01
1.573399416373619242e-01
1.692284546171983206e-01
1.820152566099891289e-01
1.957682218025362797e-01
2.105603529150743003e-01
2.264701687102224081e-01
2.435821207818881229e-01
2.619870418364914633e-01
2.817826278460541789e-01
3.030739566324933132e-01
3.259740456358323213e-01
3.506044518270542421e-01
3.770959169500109898e-01
4.055890615174355673e-01
4.362351312448740082e-01
4.691967998847318966e-01
5.046490327219834704e-01
5.427800153151048912e-01
5.837921524121298944e-01
6.279031423442003046e-01
6.753471325996693864e-01
7.263759627126958884e-01
7.812605010637649894e-01
8.402920826880745375e-01
9.037840557238566719e-01
9.720734447094363517e-01
1.045522739558023328e+00
1.124521819706392201e+00
1.209490023651079937e+00
1.300878374857535658e+00
1.399171975857637973e+00
1.504892583243807369e+00
1.618601377228163996e+00
1.740901940467909581e+00
1.872443461969023559e+00
2.013924183075010088e+00
2.166095103832541557e+00
2.329763969407856017e+00
2.505799557714464054e+00
2.695136291011450691e+00
2.898779195951414867e+00
3.117809238406728856e+00
3.353389061392060277e+00
3.606769156540983179e+00
3.879294501895686587e+00
4.172411701244144844e+00
4.487676662901429303e+00
4.826762858695106573e+00
5.191470206994789116e+00
5.583734626938069212e+00
6.005638314568216174e+00
6.459420795430612650e+00
6.947490812296988061e+00
7.472439111118994504e+00
8.037052193080867823e+00
8.644327105749166407e+00
9.297487351832840474e+00
1.000000000000000178e+01
1.019852905968821588e+01
1.040099949813050095e+01
1.060748956314864344e+01
1.081807905601109177e+01
1.103284936227335500e+01
1.125188348323073839e+01
1.147526606799545590e+01
1.170308344621057550e+01
1.193542366141346811e+01
1.217237650506155511e+01
1.241403355123363639e+01
1.266048819202007181e+01
1.291183567361561835e+01
1.316817313312878746e+01
1.342959963612195118e+01
1.369621621489680408e+01
1.396812590753979499e+01
1.424543379774284624e+01
1.452824705541450356e+01
1.481667497809745271e+01
1.511082903320821558e+01
1.541082290111543251e+01
1.571677251907344086e+01
1.602879612602796300e+01
1.634701430831140101e+01
1.667155004624529013e+01
1.700252876166789662e+01
1.734007836640547850e+01
1.768432931170571720e+01
1.803541463865268213e+01
1.839347002958256283e+01
1.875863386052019877e+01
1.913104725465666434e+01
1.951085413688843673e+01
1.989820128943947353e+01
2.029323840858740269e+01
2.069611816251596181e+01
2.110699625031601201e+01
2.152603146215779972e+01
2.195338574065790738e+01
2.238922424346446149e+01
2.283371540708482783e+01
2.328703101198050618e+01
2.374934624895438162e+01
2.422083978685586203e+01
2.470169384163019899e+01
2.519209424673870501e+01
2.569223052497689253e+01
2.620229596171853714e+01
2.672248767961377425e+01
2.725300671477013381e+01
2.779405809444613240e+01
2.834585091628712661e+01
2.890859842913440048e+01
2.948251811543843459e+01
3.006783177530830642e+01
3.066476561222984998e+01
3.127355032048539485e+01
3.189442117430919410e+01
3.252761811881275378e+01
3.317338586271528555e+01
3.383197397291519337e+01
3.450363697093909110e+01
3.518863443130548774e+01
3.588723108184144195e+01
3.659969690599061920e+01
3.732630724715260584e+01
3.806734291509366130e+01
3.882309029446989257e+01
3.959384145550507839e+01
4.037989426686565508e+01
4.118155251077668311e+01
4.199912600042321031e+01
4.283293069968229361e+01
4.368328884523214128e+01
4.455052907108541405e+01
4.543498653559491629e+01
4.633700305098074068e+01
4.725692721542884556e+01
4.819511454781221005e+01
4.915192762508652180e+01
5.012773622241367377e+01
5.112291745606712823e+01
5.213785592917426470e+01
5.317294388035211483e+01
5.422858133529418012e+01
5.530517626136634846e+01
5.640314472527234102e+01
5.752291105384904313e+01
5.866490799805398382e+01
5.982957690020889885e+01
6.101736786456311279e+01
6.222873993124326120e+01
6.346416125365646366e+01
6.472410927941547243e+01
6.600907093485542987e+01
6.731954281321436895e+01
6.865603136654914351e+01
7.001905310146175054e+01
7.140913477871097825e+01
7.282681361678761789e+01
7.427263749953057470e+01
7.574716518786510733e+01
7.725096653574456695e+01
7.878462271037926712e+01
8.034872641683756456e+01
8.194388212710558150e+01
8.357070631369525415e+01
8.522982768788902774e+01
8.692188744271552991e+01
8.864753950074823763e+01
9.040745076682395620e+01
9.220230138577855428e+01
9.403278500529934547e+01
9.589960904399602271e+01
9.780349496479320237e+01
9.974517855375133024e+01
1.017254102044223316e+02
1.037449552078504951e+02
1.058045940483315377e+02
1.079051227050423734e+02
1.100473529596596904e+02
1.122321127100855023e+02
1.144602462904009883e+02
1.167326147971725447e+02
1.190500964222354554e+02
1.214135867920853116e+02
1.238239993140059028e+02
1.262822655290702585e+02
1.287893354721486219e+02
1.313461780390641422e+02
1.339537813610377555e+02
1.366131531865664783e+02
1.393253212708835633e+02
1.420913337731503532e+02
1.449122596615331133e+02
1.477891891263230946e+02
1.507232340012563157e+02
1.537155281931999014e+02
1.567672281203672071e+02
1.598795131592336247e+02
1.630535861003248215e+02
1.662906736130536558e+02
1.695920267197857072e+02
1.729589212793154616e+02
1.763926584799424688e+02
1.798945653423353406e+02
1.834659952323787024e+02
1.871083283842033325e+02
1.908229724335982382e+02
1.946113629620134589e+02
1.984749640513624627e+02
2.024152688498393502e+02
2.064338001489690555e+02
2.105321109721130028e+02
2.147117851746600081e+02
2.189744380561302819e+02
2.233217169844341186e+02
2.277553020325217972e+02
2.322769066276739522e+02
2.368882782136818435e+02
2.415911989261740587e+02
2.463874862813501920e+02
2.512789938783882917e+02
2.562676121157959415e+02
2.613552689219854415e+02
2.665439305003496315e+02
2.718356020891331468e+02
2.772323287363865916e+02
2.827361960903074305e+02
2.883493312052705164e+02
2.940739033638612909e+02
2.999121249152285031e+02
3.058662521300799426e+02
3.119385860726541750e+02
3.181314734900019516e+02
3.244473077189215360e+02
3.308885296109024807e+02
3.374576284754293169e+02
3.441571430420134448e+02
3.509896624413246968e+02
3.579578272058006405e+02
3.650643302901212905e+02
3.723119181119417931e+02
3.797033916132900231e+02
3.872416073430312053e+02
3.949294785608275902e+02
4.027699763630113239e+02
4.107661308308105959e+02
4.189210322013711902e+02
4.272378320620265981e+02
4.357197445682774628e+02
4.443700476859502828e+02
4.531920844580200765e+02
4.621892642965797222e+02
4.713650643004584140e+02
4.807230305990028114e+02
4.902667797225316235e+02
4.999999999999998295e+02
