# lsst_theory
2.583050186881319304e-09
1.625828039217246550e-09
1.000035811670134671e-09
6.341454642029477755e-10
4.329691533746487894e-10
3.210439836118153407e-10
2.486023362354687010e-10
1.875906770897848381e-10
1.308650444415464695e-10
8.211661091537302398e-11
4.492636085165249170e-11
2.024427570907679724e-11
6.737523847075265002e-12
1.223956058009070570e-12
1.977760130953916820e-13
4.528125365995529328e-09
2.835595952185808598e-09
1.673363227767207725e-09
9.819189077695473490e-10
6.215083677945677780e-10
4.537862794589436580e-10
3.703721156340173919e-10
3.047948026873737585e-10
2.305602877106527788e-10
1.539472166957078193e-10
8.836575815037894872e-11
4.081321228139056439e-11
1.242390812109096480e-11
-2.896676745139693793e-13
-2.915067167387210044e-12
4.665179602041342879e-09
2.836533074927326056e-09
1.598495439521034472e-09
8.861532357789172323e-10
5.430780146197140513e-10
4.097008021882873767e-10
3.570354789720668053e-10
3.099283804485261807e-10
2.407250427525502834e-10
1.608312781768429720e-10
8.987284597035588612e-11
3.831760164050467093e-11
8.130319469262167709e-12
-4.461404187121876625e-12
-5.817534219090472835e-12
4.770070137927986240e-09
2.858626936147739753e-09
1.571962114856133470e-09
8.428598345153990425e-10
5.057042706194647221e-10
3.889595154116032421e-10
3.519961611957748583e-10
3.144461470509047103e-10
2.476430445200815998e-10
1.656422080262685850e-10
9.144548684885066055e-11
3.742623007742285341e-11
6.037743189584017638e-12
-6.632787538532961425e-12
-7.373812661910458908e-12
4.860990142278229100e-09
2.878009081119375658e-09
1.549303120124208466e-09
8.056740659927965264e-10
4.735778044196499537e-10
3.711476245822862224e-10
3.477045324776260839e-10
3.183818633655853313e-10
2.536369333653353515e-10
1.698090824181012643e-10
9.281281508864728247e-11
3.666403611314647792e-11
4.236591326036944187e-12
-8.503676841355701853e-12
-8.715070021958422916e-12
1.529607010614048028e-08
1.103023775035621940e-08
7.391773564920774774e-09
4.673193296368367215e-09
2.840466876823721959e-09
1.730781127635798656e-09
1.140970192048028947e-09
8.483839229316415275e-10
6.778438215432370225e-10
5.280764739582639500e-10
3.769982382185861678e-10
2.377487290812034058e-10
1.267334738377169222e-10
5.151593244941401644e-11
9.592188024537491145e-12
1.919044342296683267e-08
1.414755547068647862e-08
9.663353998623229592e-09
6.184003882589336772e-09
3.754392542896934200e-09
2.239753387651039756e-09
1.424304575829460057e-09
1.029070075829902106e-09
8.234217991244171113e-10
6.574690833519661515e-10
4.851788655120004839e-10
3.176533983668156660e-10
1.775594301619754307e-10
7.764329043984873037e-11
1.864800379933898523e-11
2.126332301405363345e-08
1.576304809341650992e-08
1.080033852854795290e-08
6.907119451406318151e-09
4.167216281267462364e-09
2.455154364473057878e-09
1.540837668145395707e-09
1.108605136918103318e-09
8.951671278577877672e-10
7.253163088122505685e-10
5.423229699506575809e-10
3.587042175330079519e-10
2.022734282628272608e-10
8.896053057735282713e-11
2.077759811668355234e-11
2.307294636722884485e-08
1.717808797177375361e-08
1.180080402415215649e-08
7.547330920698670449e-09
4.535790036186625702e-09
2.649489226475489083e-09
1.646545818802785990e-09
1.180025054215952207e-09
9.585200756150794452e-10
7.846673224908183520e-10
5.922356295790609041e-10
3.946849223788941238e-10
2.240907008143833679e-10
9.911799684692078274e-11
2.292254152996271154e-11
2.851913453892931033e-08
2.236694065566554148e-08
1.630345696211954234e-08
1.110890911354214229e-08
7.083906535176731446e-09
4.269827298038829934e-09
2.565927409583236516e-09
1.662260185475182902e-09
1.221832048109787394e-09
9.654636084458079137e-10
7.500827255299768922e-10
5.362397301024726210e-10
3.394561509398574985e-10
1.816206769349661412e-10
7.406142540905010833e-11
3.405583041025640057e-08
2.726731980507111142e-08
2.028373126098319437e-08
1.407875234533388030e-08
9.105598980388882912e-09
5.509880794641083362e-09
3.263936170185574145e-09
2.047711816075303026e-09
1.460957492107951789e-09
1.147738643196206810e-09
9.065404595476574568e-10
6.662945906531471437e-10
4.364544478109457624e-10
2.443163733510531605e-10
1.072455863242513001e-10
3.866608668372108864e-08
3.131732371604786048e-08
2.354281351667080903e-08
1.648346209975905833e-08
1.072043851157539694e-08
6.483789395069073196e-09
3.802781844739938781e-09
2.343532188461337052e-09
1.647997160281530984e-09
1.295116376029034037e-09
1.035595909535826566e-09
7.737062274798562971e-10
5.157544244930476447e-10
2.946490324494952393e-10
1.329857912635339831e-10
4.433938435243512389e-08
3.698221402382257858e-08
2.875858814155149474e-08
2.089454778815307057e-08
1.413020617898886403e-08
8.857022805530215401e-09
5.276511231203341730e-09
3.163858881059284025e-09
2.081571017909698331e-09
1.541986370729916299e-09
1.211002080389768349e-09
9.249569175194330043e-10
6.462452173483538698e-10
3.962677722097428616e-10
2.019135927772178014e-10
5.329880144184878697e-08
4.547085269101907016e-08
3.619280394726754262e-08
2.690158466015141101e-08
1.858251754430961539e-08
1.184174209811327706e-08
7.082289656187183437e-09
4.168487920694866646e-09
2.638003652276586040e-09
1.891482097806132983e-09
1.477667363526866472e-09
1.150461573733823946e-09
8.297948143318172842e-10
5.299318110204431396e-10
2.856095330440395271e-10
6.978517539960968212e-08
6.204931354972548040e-08
5.171203571190247378e-08
4.037079284452750770e-08
2.935171193141468469e-08
1.967910917260252953e-08
1.223686141101918014e-08
7.220733615169334437e-09
4.308095470151040621e-09
2.819001069599129969e-09
2.066995454610789307e-09
1.602851577002321975e-09
1.208900992913044841e-09
8.315640635359363112e-10
4.984219345573928781e-10
5.538725093287310697e-07
3.634513603940576724e-07
2.207536675882730663e-07
1.287646513758102081e-07
7.703697879607440273e-08
5.183590770632826961e-08
4.074565342723621048e-08
3.433328678430794626e-08
2.748471672027855602e-08
1.978584586869750846e-08
1.249661686733794101e-08
6.618684674424717784e-09
2.660675295485629660e-09
5.405463537919237629e-10
-2.085525508829517192e-10
1.757698118862560833e-06
1.260297131780098178e-06
8.271986253112968742e-07
5.025520120702756267e-07
2.894558758110747752e-07
1.698033112779187545e-07
1.138951064562024849e-07
9.110162320536873612e-08
7.773340105195457643e-08
6.229478144234846712e-08
4.484998746156349997e-08
2.818430317231480106e-08
1.474293421281085611e-08
5.699398044323108037e-09
9.168507931904523694e-10
2.101597039299684364e-06
1.522870854090579167e-06
1.008951614141258437e-06
6.167351306515279145e-07
3.548214776661989912e-07
2.054859918220505161e-07
1.349410966145624467e-07
1.066880121510215005e-07
9.155991983789543834e-08
7.430262431656722135e-08
5.427782483216437064e-08
3.469679813037393951e-08
1.855928606787801041e-08
7.446915342666627727e-09
1.385368083606853927e-09
2.305030749863484873e-06
1.678096104686050021e-06
1.116320847243240898e-06
6.841364278319731709e-07
3.933822644489127446e-07
2.265353535607512628e-07
1.473692001571157296e-07
1.159085368669811093e-07
9.974538897019991753e-08
8.140878967857635836e-08
5.985320940779154895e-08
3.854457501542461446e-08
2.081116606407607726e-08
8.475766205388033666e-09
1.659345762239008549e-09
2.480795453304353287e-06
1.812209177382999849e-06
1.209086796270798928e-06
7.423704775227928969e-07
4.266984000503429223e-07
2.447217923102417773e-07
1.581069578027174313e-07
1.238749784755073448e-07
1.068175529285333194e-07
8.754844591924083552e-08
6.467028624667699924e-08
4.186901596624188012e-08
2.275676796014673791e-08
9.364683090520657133e-09
1.896059729522214277e-09
-7.587476515050155920e-08
-6.817318370029838561e-08
-5.538806987770403498e-08
-4.070513332747537713e-08
-2.663680417226886527e-08
-1.529387076352099387e-08
-8.023955484310119497e-09
-4.127502919279646295e-09
-2.633894601434264293e-09
-2.348890385426139154e-09
-2.203465072389200152e-09
-1.876641676069530843e-09
-1.401545848168544270e-09
-8.813792306155195622e-10
-4.273155289947234422e-10
6.377963020400668680e-07
5.527210790001247640e-07
4.330798711274088623e-07
3.063421638756891705e-07
1.931258854389198056e-07
1.081046962509172813e-07
5.651133729511208942e-08
3.066036197020337360e-08
2.206186706187217998e-08
2.034840305418170395e-08
1.848443120730434272e-08
1.506235581113426835e-08
1.067978547878943287e-08
6.269108163301292867e-09
2.712641139691989335e-09
1.113270320014687457e-06
9.749001231861396169e-07
7.723943712434254339e-07
5.532393678658793538e-07
3.535590659515929117e-07
2.001377197385917940e-07
1.050433149745872389e-07
5.619325157176961588e-08
3.890515010287776780e-08
3.527800733402206167e-08
3.226315335840102252e-08
2.662074981715655997e-08
1.917748724720198638e-08
1.152261103519980417e-08
5.204870094171510113e-09
1.372966018963415274e-06
1.204996588605149998e-06
9.569228722581790941e-07
6.871864499552253498e-07
4.403774861352735069e-07
2.498402353513831193e-07
1.312326015641258518e-07
7.000365687746535104e-08
4.808211680146723728e-08
4.344388417794786243e-08
3.978924723096021147e-08
3.291802287119385840e-08
2.379286118399503003e-08
1.436349762822885273e-08
6.542439975216502939e-09
1.597314231677519840e-06
1.403772389086406797e-06
1.116331530009045712e-06
8.028977751182498743e-07
5.153753954756911334e-07
2.927750958982062839e-07
1.538556310936546690e-07
8.193354055260479435e-08
5.600964691478640092e-08
5.049828294378384686e-08
4.629096366006491521e-08
3.835810347410218932e-08
2.777990731124784630e-08
1.681754021988172720e-08
7.697742087987669269e-09
-3.457058726243425568e-08
-3.236254812768937459e-08
-2.744823475968757527e-08
-2.115788903268099374e-08
-1.463909523978309125e-08
-8.886441616838025132e-09
-4.820980544614808749e-09
-2.462133806698851082e-09
-1.379381580044192801e-09
-1.067275217696405460e-09
-9.986963743206780843e-10
-8.887608749204847919e-10
-7.026787617053130227e-10
-4.783696852554765067e-10
-2.629934937550902273e-10
1.066261032920785937e-07
9.847329494096130972e-08
8.228127821665812059e-08
6.239648505568509484e-08
4.233597740727920143e-08
2.513656968289629268e-08
1.341821042155682375e-08
6.824541333116529950e-09
3.964914643419470045e-09
3.248674272248258198e-09
3.082186310330245641e-09
2.710198929488754404e-09
2.102500375724697736e-09
1.395124101183398810e-09
7.355747708087485728e-10
5.807261324725657534e-07
5.517178477194310254e-07
4.754585120921480254e-07
3.727517114738603653e-07
2.630342492544737920e-07
1.631760563117046532e-07
8.988557614501258205e-08
4.610299996999719234e-08
2.497527347286919701e-08
1.819727716028052053e-08
1.676361663110102552e-08
1.511270413167157871e-08
1.219204286876004156e-08
8.519406800075585142e-09
4.874596485739540471e-09
8.388414792012805758e-07
7.990578828879435827e-07
6.905907570228648454e-07
5.430439478788500409e-07
3.845326506221694636e-07
2.394659835834205706e-07
1.322818327360799350e-07
6.791364302902135771e-08
3.659493824516944932e-08
2.637626170283061515e-08
2.421380904062770665e-08
2.187624345001194696e-08
1.771207892469678783e-08
1.243318990322040492e-08
7.162584940239465040e-09
1.059981737867782019e-06
1.010900042014314301e-06
8.747826895892239269e-07
6.887905771255762253e-07
4.884733660445739576e-07
3.046985184943386911e-07
1.685182002064290610e-07
8.655169761603904791e-08
4.652958481880892287e-08
3.337866532636435526e-08
3.059657569996765859e-08
2.766959142373294441e-08
2.243825899202133212e-08
1.578226358351002541e-08
9.118778483484228329e-09
-2.720322707938512726e-09
-2.663679189383923695e-09
-2.370663534590660462e-09
-1.920749544805768841e-09
-1.406572650078958784e-09
-9.085656743515782497e-10
-5.154487243328944701e-10
-2.672950934060181155e-10
-1.375703387722897320e-10
-8.904603622209419927e-11
-7.852887965752791581e-11
-7.247977594573777060e-11
-6.087164863038955006e-11
-4.467569493472212825e-11
-2.741890145048354670e-11
-3.417032731915710034e-08
-3.472075512244264421e-08
-3.221770246641167329e-08
-2.721990988283862374e-08
-2.088041744092344037e-08
-1.422983962002794600e-08
-8.475269999383737039e-09
-4.515669874634347231e-09
-2.264494577569981212e-09
-1.274930656488837197e-09
-1.001450696723168367e-09
-9.316661756239716702e-10
-8.212317031329546251e-10
-6.391205596380881893e-10
-4.249889862550282811e-10
2.476724812491335593e-07
2.476125296960634003e-07
2.256476337009706938e-07
1.872747842564624636e-07
1.409067573360251941e-07
9.394308551738879429e-08
5.485177205494927775e-08
2.890444472761724100e-08
1.462444783551181786e-08
8.708261507833392064e-09
7.204282994022785023e-09
6.685673212802473194e-09
5.771925485708117879e-09
4.382029998919111114e-09
2.820283578329750629e-09
5.058219305497413488e-07
5.084626883121893962e-07
4.663139808444640910e-07
3.895555880176866687e-07
2.952482694268179112e-07
1.985597347297317091e-07
1.169534461593318522e-07
6.195587930731232818e-08
3.128595755306197967e-08
1.825210967004816438e-08
1.477994591888726469e-08
1.369860720531408417e-08
1.190777136871837155e-08
9.121426138337878761e-09
5.942906232892845054e-09
7.135857296536860744e-07
7.182255448465254444e-07
6.596611120042555755e-07
5.519073888204297315e-07
4.189926534223190441e-07
2.823333766416175364e-07
1.666220222941130484e-07
8.837128382644362628e-08
4.460563560847751486e-08
2.590334874306024408e-08
2.087263048493490100e-08
1.934000523709604761e-08
1.683845820748984461e-08
1.292490332020899567e-08
8.444430328070697576e-09
-5.074958974842193639e-11
-5.162770842851936739e-11
-4.799151394581631797e-11
-4.063256516312842466e-11
-3.124637959388513130e-11
-2.136642400565282310e-11
-1.278335220424517947e-11
-6.832250402898271151e-12
-3.432795536292464458e-12
-1.923322158994493346e-12
-1.493579744904317253e-12
-1.384229633882166700e-12
-1.221660285954082871e-12
-9.532326731084484680e-13
-6.363177873354266958e-13
-1.588250714068534237e-08
-1.647691989356996298e-08
-1.567493176182405087e-08
-1.359370297701271244e-08
-1.072614710121383309e-08
-7.561639368829056198e-09
-4.675982551014097172e-09
-2.553350547946159184e-09
-1.286997018087961429e-09
-6.812631317176247922e-10
-4.827104393334824467e-10
-4.384749053695642063e-10
-3.953126871425256588e-10
-3.183820345199869955e-10
-2.213755710611563560e-10
4.573016866456512347e-08
4.708197964322372513e-08
4.437592178372478933e-08
3.809451813696062501e-08
2.973120211366666145e-08
2.068310200395266939e-08
1.259227550824030841e-08
6.795588911166066175e-09
3.408949214101500928e-09
1.840431472823493501e-09
1.360252967526275772e-09
1.255513582908920380e-09
1.124660790442997327e-09
8.940988126445589915e-10
6.113956418400514790e-10
2.842268310759730754e-07
2.972453598352868149e-07
2.855420476311394049e-07
2.502522410325365841e-07
1.996701694586719853e-07
1.426376037649087610e-07
8.956283125442348663e-08
4.946397083204974418e-08
2.505136052383247756e-08
1.302285293113581905e-08
8.841753701026403689e-09
7.893501293829311304e-09
7.163030538397575122e-09
5.847428372227072872e-09
4.134736651942119059e-09
4.757737776262289487e-07
4.983706449540025034e-07
4.796818060950655827e-07
4.212863242621819381e-07
3.368767523048795633e-07
2.412807231057978854e-07
1.519562166137171962e-07
8.411378733249010733e-08
4.264316390889882662e-08
2.209528318338437797e-08
1.487518082542575748e-08
1.322976686647902696e-08
1.201982324403266629e-08
9.838669016746776075e-09
6.980000328139811330e-09
-2.233728579067843476e-13
-2.338500239283339218e-13
-2.248637449122398318e-13
-1.971866610682626256e-13
-1.574034093425541282e-13
-1.124725864783417772e-13
-7.058739554754376084e-14
-3.892356239929849649e-14
-1.967641761715434441e-14
-1.019596990528253755e-14
-6.917934229209889548e-15
-6.203456654818904200e-15
-5.642841446706296415e-15
-4.611164124991536920e-15
-3.264036620334612215e-15
-1.315500170809804432e-09
-1.399009444666842482e-09
-1.371100524012513762e-09
-1.227811376656978576e-09
-1.001584272781260771e-09
-7.341400531311733280e-10
-4.746726176649974094e-10
-2.680361211101668762e-10
-1.371476078398037839e-10
-6.922261721556065646e-11
-4.321447466071110520e-11
-3.702888322033107383e-11
-3.398998683463777054e-11
-2.852254968468502611e-11
-2.084418975792167539e-11
-1.468611266053559958e-08
-1.596321995658030304e-08
-1.606251092963529151e-08
-1.481559478737051707e-08
-1.245380238204892679e-08
-9.446118734897417091e-09
-6.357690578361568508e-09
-3.720823339191251835e-09
-1.943049837873598166e-09
-9.621041798247278992e-10
-5.405269908699848578e-10
-4.244231299827383469e-10
-3.902823589077741633e-10
-3.395907269413941243e-10
-2.589666878705236800e-10
1.302741737547011527e-07
1.403166615743334026e-07
1.396608948601559840e-07
1.272715032048904673e-07
1.056985876158047811e-07
7.909347725642800367e-08
5.240882321255596597e-08
3.025207512252024459e-08
1.567544118625435737e-08
7.814260341521740314e-09
4.573051962891324307e-09
3.723007868003046800e-09
3.422001825420789811e-09
2.933607812041649804e-09
2.199116007318648510e-09
3.099642786807529265e-07
3.348974069287301500e-07
3.345986275040050259e-07
3.062495934649015889e-07
2.554843723916401748e-07
1.921610001810952166e-07
1.281141150072738675e-07
7.439445589970915243e-08
3.868580126475342810e-08
1.925164926927432484e-08
1.109778066742771934e-08
8.901454506409214479e-09
8.173421552936583164e-09
7.042585589279804629e-09
5.312342812017958169e-09
-1.042855892476251298e-17
-1.104867687613366700e-17
-1.077670215730478058e-17
-9.596123226481727515e-18
-7.781645844284472690e-18
-5.663428853843195607e-18
-3.629613002207369301e-18
-2.032557120909216762e-18
-1.034754962228318622e-18
-5.244064152637964331e-19
-3.348957626727585677e-19
-2.922097854160925141e-19
-2.682158133985150070e-19
-2.235314572641406842e-19
-1.619992315441362155e-19
-2.096670188755282101e-11
-2.281765098143550432e-11
-2.299598617667290034e-11
-2.125413455052086997e-11
-1.790567450314225574e-11
-1.361649577267163155e-11
-9.195068352608526354e-12
-5.402659872205841498e-12
-2.828530654863139655e-12
-1.401575405769970637e-12
-7.823936043804816690e-13
-6.081371222044710526e-13
-5.578492824509625287e-13
-4.863550026214423950e-13
-3.719549724812880357e-13
-6.331316240796039549e-09
-6.974428262472881236e-09
-7.133180974418445988e-09
-6.706933968523263635e-09
-5.751306517432869239e-09
-4.460678351254310457e-09
-3.083829902973285056e-09
-1.857389403389192595e-09
-9.873478145769659731e-10
-4.892162327651886353e-10
-2.598890248711291570e-10
-1.887187224740441238e-10
-1.709388574374285780e-10
-1.517352253155290146e-10
-1.188616934822215902e-10
2.996278884788964195e-08
3.296708101970514553e-08
3.366870713836940091e-08
3.160224548039976135e-08
2.704922647509998482e-08
2.093616294693404629e-08
1.443802447620906915e-08
8.671317843448037956e-09
4.600569547072334251e-09
2.278198108050220224e-09
1.215621237125911257e-09
8.895812592916807659e-10
8.077182688722759523e-10
7.159349367733086489e-10
5.594629182816377737e-10
1.907420223837964273e-07
2.114830362614624082e-07
2.180013608671959876e-07
2.068924595025548862e-07
1.791807945550386827e-07
1.404880410236345720e-07
9.839401142297254714e-08
6.014318791234296076e-08
3.228331762754099896e-08
1.604405172245285443e-08
8.334163718736317130e-09
5.807301033338881282e-09
5.192689974383819696e-09
4.645949345398931370e-09
3.687277307593513967e-09
0.000000000000000000e+00
0.000000000000000000e+00
0.000000000000000000e+00
0.000000000000000000e+00
0.000000000000000000e+00
0.000000000000000000e+00
0.000000000000000000e+00
0.000000000000000000e+00
0.000000000000000000e+00
0.000000000000000000e+00
0.000000000000000000e+00
0.000000000000000000e+00
0.000000000000000000e+00
0.000000000000000000e+00
0.000000000000000000e+00
-3.470495514491497015e-14
-3.849007643743093948e-14
-3.968756480174700098e-14
-3.767039849771843085e-14
-3.261862775211313126e-14
-2.556788514117663406e-14
-1.789721060003529548e-14
-1.092471939590417567e-14
-5.855130902223802031e-15
-2.904857465922120905e-15
-1.507109584726590301e-15
-1.052663891049736339e-15
-9.447362057449684252e-16
-8.464331438597315934e-16
-6.717919688728178104e-16
-2.974790815424797500e-10
-3.335124840755167623e-10
-3.483837937295671500e-10
-3.358276250855065235e-10
-2.956947181302125862e-10
-2.359772563545828747e-10
-1.687358169849341323e-10
-1.055860824161885782e-10
-5.756927720013864084e-11
-2.878124486803622031e-11
-1.448286552734840646e-11
-9.423730146812572156e-12
-8.218634959907806727e-12
-7.442098200187807295e-12
-6.036926035378761498e-12
-4.552819025151191349e-09
-5.213746892773613639e-09
-5.583876150736726725e-09
-5.544346368287099977e-09
-5.045371945792932234e-09
-4.166499641259789129e-09
-3.099275357879850562e-09
-2.031982109941544323e-09
-1.148353461364452594e-09
-5.861130733102136315e-10
-2.844198053054504991e-10
-1.620590935075048714e-10
-1.302463890123534696e-10
-1.190055784655161083e-10
-1.007629092155651436e-10
9.916547271627788052e-08
1.125435786019516630e-07
1.192795217014444507e-07
1.169949741225088713e-07
1.050440104470039899e-07
8.556767006390758668e-08
6.267249737535604297e-08
4.036160380199206645e-08
2.250432194157179397e-08
1.139740136917571168e-08
5.603497337009525856e-09
3.362975571782706793e-09
2.795271452438079341e-09
2.545026461579559487e-09
2.117034258536892065e-09
0.000000000000000000e+00
0.000000000000000000e+00
0.000000000000000000e+00
0.000000000000000000e+00
0.000000000000000000e+00
0.000000000000000000e+00
0.000000000000000000e+00
0.000000000000000000e+00
0.000000000000000000e+00
0.000000000000000000e+00
0.000000000000000000e+00
0.000000000000000000e+00
0.000000000000000000e+00
0.000000000000000000e+00
0.000000000000000000e+00
0.000000000000000000e+00
0.000000000000000000e+00
0.000000000000000000e+00
0.000000000000000000e+00
0.000000000000000000e+00
0.000000000000000000e+00
0.000000000000000000e+00
0.000000000000000000e+00
0.000000000000000000e+00
0.000000000000000000e+00
0.000000000000000000e+00
0.000000000000000000e+00
0.000000000000000000e+00
0.000000000000000000e+00
0.000000000000000000e+00
-5.067415681767411329e-13
-5.796296640883901705e-13
-6.199752510838314055e-13
-6.147341166412028934e-13
-5.587174003666703034e-13
-4.608565521016949315e-13
-3.424050139167292096e-13
-2.242675225842602161e-13
-1.267319143694314404e-13
-6.470670816023959498e-14
-3.147884224189539505e-14
-1.801853177842500865e-14
-1.448205334155497235e-14
-1.320677076398517589e-14
-1.116191090315724045e-14
-1.411192781922802159e-09
-1.629922979030014235e-09
-1.763311993739650005e-09
-1.772397262514614169e-09
-1.636943136236487097e-09
-1.372815972601344741e-09
-1.039355212640076772e-09
-6.965114286350768892e-10
-4.020404258468294301e-10
-2.081737832647747073e-10
-1.007363481571972657e-10
-5.446695917339748005e-11
-4.130420209248716565e-11
-3.740668029157233785e-11
-3.224737972713787789e-11
3.155066682243112196e-08
3.665240057430945255e-08
3.992309259307202417e-08
4.045939175069486827e-08
3.773977288095612634e-08
3.198308609873920327e-08
2.449993690925849272e-08
1.665623248065232494e-08
9.759964997921347867e-09
5.105548663062401547e-09
2.472811623015157751e-09
1.296457096721361482e-09
9.424232760087057580e-10
8.446814187243928254e-10
7.360950174329573789e-10
0.000000000000000000e+00
0.000000000000000000e+00
0.000000000000000000e+00
0.000000000000000000e+00
0.000000000000000000e+00
0.000000000000000000e+00
0.000000000000000000e+00
0.000000000000000000e+00
0.000000000000000000e+00
0.000000000000000000e+00
0.000000000000000000e+00
0.000000000000000000e+00
0.000000000000000000e+00
0.000000000000000000e+00
0.000000000000000000e+00
0.000000000000000000e+00
0.000000000000000000e+00
0.000000000000000000e+00
0.000000000000000000e+00
0.000000000000000000e+00
0.000000000000000000e+00
0.000000000000000000e+00
0.000000000000000000e+00
0.000000000000000000e+00
0.000000000000000000e+00
0.000000000000000000e+00
0.000000000000000000e+00
0.000000000000000000e+00
0.000000000000000000e+00
0.000000000000000000e+00
0.000000000000000000e+00
0.000000000000000000e+00
0.000000000000000000e+00
0.000000000000000000e+00
0.000000000000000000e+00
0.000000000000000000e+00
0.000000000000000000e+00
0.000000000000000000e+00
0.000000000000000000e+00
0.000000000000000000e+00
0.000000000000000000e+00
0.000000000000000000e+00
0.000000000000000000e+00
0.000000000000000000e+00
0.000000000000000000e+00
-1.340275115853309046e-12
-1.578974138237066243e-12
-1.748211389582411514e-12
-1.806332663528749907e-12
-1.724450764664487935e-12
-1.497244438021501355e-12
-1.177563920434699854e-12
-8.262113840839440634e-13
-5.005672120619347230e-13
-2.677901838990006415e-13
-1.303933504082886339e-13
-6.439063341209954563e-14
-4.230828450090406737e-14
-3.677693027613566642e-14
-3.281289291337439914e-14
3.685684232847801757e-09
4.386132246615355939e-09
4.915069725398848274e-09
5.151216886926590502e-09
5.004072873740523379e-09
4.429774075765646805e-09
3.556210604919240054e-09
2.557075148632252854e-09
1.594989554823995066e-09
8.719216574787165549e-10
4.300516092715297090e-10
2.062866094575427742e-10
1.244692380792805544e-10
1.034351844863100729e-10
9.310151203129730979e-11
2.315710514182997624e-04
1.677252404105507582e-04
1.103259881188197161e-04
6.645600353105297485e-05
3.747658029926075003e-05
2.132004183755974229e-05
1.403075135192219506e-05
1.142244358697516238e-05
1.006797816184903351e-05
8.271012757384281583e-06
6.073949500242681692e-06
3.877469525196991940e-06
2.048392300936777113e-06
7.890153427793547480e-07
1.099280379018258198e-07
3.126676973807220652e-05
2.603932725953872542e-05
1.954453016126806757e-05
1.316613244509507001e-05
7.889798712416357167e-06
4.262371418517429054e-06
2.220207195917705448e-06
1.306470493229869403e-06
1.083611091978025733e-06
1.030438126628242576e-06
9.038418195046371430e-07
7.007936917988627254e-07
4.657077401449739374e-07
2.476124403914743177e-07
8.626674881994245122e-08
1.963469452196674237e-07
1.740934832070572579e-07
1.395811552939509696e-07
1.011661177097524199e-07
6.528088780233077130e-08
3.706637704415932841e-08
1.938505746265326982e-08
1.012870403336864046e-08
6.751659201470865664e-09
6.133777327561079662e-09
5.699229397825696813e-09
4.777866601553491012e-09
3.502925934479882693e-09
2.150362753007437271e-09
1.002447760538586744e-09
5.443469482619921612e-11
5.052415203872467009e-11
4.244162688342521641e-11
3.237173342525530335e-11
2.211084733844405230e-11
1.322083381423723448e-11
7.096033109111515797e-12
3.610278184873374000e-12
2.068187534828811343e-12
1.664165289254399463e-12
1.573627862301270674e-12
1.390029078864523154e-12
1.085756887709150912e-12
7.270762200439701898e-13
3.888756549013570569e-13
0.000000000000000000e+00
0.000000000000000000e+00
0.000000000000000000e+00
0.000000000000000000e+00
0.000000000000000000e+00
0.000000000000000000e+00
0.000000000000000000e+00
0.000000000000000000e+00
0.000000000000000000e+00
0.000000000000000000e+00
0.000000000000000000e+00
0.000000000000000000e+00
0.000000000000000000e+00
0.000000000000000000e+00
0.000000000000000000e+00
0.000000000000000000e+00
0.000000000000000000e+00
0.000000000000000000e+00
0.000000000000000000e+00
0.000000000000000000e+00
0.000000000000000000e+00
0.000000000000000000e+00
0.000000000000000000e+00
0.000000000000000000e+00
0.000000000000000000e+00
0.000000000000000000e+00
0.000000000000000000e+00
0.000000000000000000e+00
0.000000000000000000e+00
0.000000000000000000e+00
0.000000000000000000e+00
0.000000000000000000e+00
0.000000000000000000e+00
0.000000000000000000e+00
0.000000000000000000e+00
0.000000000000000000e+00
0.000000000000000000e+00
0.000000000000000000e+00
0.000000000000000000e+00
0.000000000000000000e+00
0.000000000000000000e+00
0.000000000000000000e+00
0.000000000000000000e+00
0.000000000000000000e+00
0.000000000000000000e+00
0.000000000000000000e+00
0.000000000000000000e+00
0.000000000000000000e+00
0.000000000000000000e+00
0.000000000000000000e+00
0.000000000000000000e+00
0.000000000000000000e+00
0.000000000000000000e+00
0.000000000000000000e+00
0.000000000000000000e+00
0.000000000000000000e+00
0.000000000000000000e+00
0.000000000000000000e+00
0.000000000000000000e+00
0.000000000000000000e+00
0.000000000000000000e+00
0.000000000000000000e+00
0.000000000000000000e+00
0.000000000000000000e+00
0.000000000000000000e+00
0.000000000000000000e+00
0.000000000000000000e+00
0.000000000000000000e+00
0.000000000000000000e+00
0.000000000000000000e+00
0.000000000000000000e+00
0.000000000000000000e+00
0.000000000000000000e+00
0.000000000000000000e+00
0.000000000000000000e+00
0.000000000000000000e+00
0.000000000000000000e+00
0.000000000000000000e+00
0.000000000000000000e+00
0.000000000000000000e+00
0.000000000000000000e+00
0.000000000000000000e+00
0.000000000000000000e+00
0.000000000000000000e+00
0.000000000000000000e+00
0.000000000000000000e+00
0.000000000000000000e+00
0.000000000000000000e+00
0.000000000000000000e+00
0.000000000000000000e+00
1.209522904401341453e-04
1.064454619942442132e-04
8.471838792167577718e-05
6.093114275818389890e-05
3.903500509385782538e-05
2.207578667048585108e-05
1.154568809634637662e-05
6.104751053144267270e-06
4.172187765397941192e-06
3.806909217063629756e-06
3.509247304841736313e-06
2.914659110467886947e-06
2.114231056807634499e-06
1.279887125300404690e-06
5.838515684679428228e-07
2.502174632940467962e-05
2.312350639959378937e-05
1.934620116903531858e-05
1.469485305493613136e-05
9.995075714428506365e-06
5.958316020495921983e-06
3.195325223116091631e-06
1.630743554101533341e-06
9.461768303820678245e-07
7.684327544480873547e-07
7.237024682261788746e-07
6.358643714650004990e-07
4.939342025344452046e-07
3.284762592173209892e-07
1.741083027854764392e-07
3.978155872793292621e-07
3.817456997096927513e-07
3.322240709617574587e-07
2.630435787112007460e-07
1.876002432914218910e-07
1.175579229354864617e-07
6.508503261998310594e-08
3.335187227609962582e-08
1.767736242836783133e-08
1.246648436244646786e-08
1.146830346170203691e-08
1.044932637244523533e-08
8.538369491965724165e-09
6.058941312077181223e-09
3.539334933436805431e-09
2.538287386576167287e-10
2.517365650755722054e-10
2.271908397399185048e-10
1.866432429132598045e-10
1.388055439495124591e-10
9.122245069230005246e-11
5.246547495937599635e-11
2.739280620200183172e-11
1.389618777839603434e-11
8.557866646084828398e-12
7.333307788348351989e-12
6.821702587840639057e-12
5.828084398146436939e-12
4.363822244139407150e-12
2.753435438992316846e-12
7.693749083831677180e-17
7.803913625798675046e-17
7.226595108012578366e-17
6.092063618408192805e-17
4.661978210781771070e-17
3.167893948475476398e-17
1.880466239742154492e-17
9.996220511530242921e-18
5.011524775979807834e-18
2.837809683748328739e-18
2.246859582859687376e-18
2.095121039077270990e-18
1.843615088909108693e-18
1.430616879949932278e-18
9.477033825288706263e-19
0.000000000000000000e+00
0.000000000000000000e+00
0.000000000000000000e+00
0.000000000000000000e+00
0.000000000000000000e+00
0.000000000000000000e+00
0.000000000000000000e+00
0.000000000000000000e+00
0.000000000000000000e+00
0.000000000000000000e+00
0.000000000000000000e+00
0.000000000000000000e+00
0.000000000000000000e+00
0.000000000000000000e+00
0.000000000000000000e+00
0.000000000000000000e+00
0.000000000000000000e+00
0.000000000000000000e+00
0.000000000000000000e+00
0.000000000000000000e+00
0.000000000000000000e+00
0.000000000000000000e+00
0.000000000000000000e+00
0.000000000000000000e+00
0.000000000000000000e+00
0.000000000000000000e+00
0.000000000000000000e+00
0.000000000000000000e+00
0.000000000000000000e+00
0.000000000000000000e+00
0.000000000000000000e+00
0.000000000000000000e+00
0.000000000000000000e+00
0.000000000000000000e+00
0.000000000000000000e+00
0.000000000000000000e+00
0.000000000000000000e+00
0.000000000000000000e+00
0.000000000000000000e+00
0.000000000000000000e+00
0.000000000000000000e+00
0.000000000000000000e+00
0.000000000000000000e+00
0.000000000000000000e+00
0.000000000000000000e+00
0.000000000000000000e+00
0.000000000000000000e+00
0.000000000000000000e+00
0.000000000000000000e+00
0.000000000000000000e+00
0.000000000000000000e+00
0.000000000000000000e+00
0.000000000000000000e+00
0.000000000000000000e+00
0.000000000000000000e+00
0.000000000000000000e+00
0.000000000000000000e+00
0.000000000000000000e+00
0.000000000000000000e+00
0.000000000000000000e+00
6.779808061097692242e-05
6.476568499871011918e-05
5.610607294671629558e-05
4.421635660152247902e-05
3.137271930187084383e-05
1.955664782424707012e-05
1.079385244358611511e-05
5.528802133125193499e-06
2.957694641630139160e-06
2.120085082147071735e-06
1.955422301846427165e-06
1.773827264061744967e-06
1.440934704261418657e-06
1.015212606093952074e-06
5.871411327780023880e-07
1.608592840185282455e-05
1.583592974128727849e-05
1.417636780169298804e-05
1.155287996021969166e-05
8.515223187021460168e-06
5.540091652913512656e-06
3.160493490915054306e-06
1.643274025814375710e-06
8.401311865743660076e-07
5.324774230158726926e-07
4.644417706544583227e-07
4.302050147575663671e-07
3.639148606261986283e-07
2.693538912840516446e-07
1.672631076501415396e-07
2.802226172097389311e-07
2.834503647320368002e-07
2.617064543394754860e-07
2.200206709406345904e-07
1.678882579058577246e-07
1.137350026146629045e-07
6.736624530687875088e-08
3.577855762941851658e-08
1.797736437652057075e-08
1.027175273553684529e-08
8.187937321338071978e-09
7.618041798576565314e-09
6.677957163725762647e-09
5.161884797021507742e-09
3.402537201753522867e-09
2.051155837751351851e-10
2.125728653554038002e-10
2.019376414606139000e-10
1.748072960800117895e-10
1.376563331827718013e-10
9.679289357229115474e-11
5.964629034609313033e-11
3.246966042931699649e-11
1.633302611509663960e-11
8.665025382124723954e-12
6.193051914089145268e-12
5.656779413565103807e-12
5.098954742551392583e-12
4.097781374902040813e-12
2.841118749307880049e-12
0.000000000000000000e+00
0.000000000000000000e+00
0.000000000000000000e+00
0.000000000000000000e+00
0.000000000000000000e+00
0.000000000000000000e+00
0.000000000000000000e+00
0.000000000000000000e+00
0.000000000000000000e+00
0.000000000000000000e+00
0.000000000000000000e+00
0.000000000000000000e+00
0.000000000000000000e+00
0.000000000000000000e+00
0.000000000000000000e+00
0.000000000000000000e+00
0.000000000000000000e+00
0.000000000000000000e+00
0.000000000000000000e+00
0.000000000000000000e+00
0.000000000000000000e+00
0.000000000000000000e+00
0.000000000000000000e+00
0.000000000000000000e+00
0.000000000000000000e+00
0.000000000000000000e+00
0.000000000000000000e+00
0.000000000000000000e+00
0.000000000000000000e+00
0.000000000000000000e+00
0.000000000000000000e+00
0.000000000000000000e+00
0.000000000000000000e+00
0.000000000000000000e+00
0.000000000000000000e+00
0.000000000000000000e+00
0.000000000000000000e+00
0.000000000000000000e+00
0.000000000000000000e+00
0.000000000000000000e+00
0.000000000000000000e+00
0.000000000000000000e+00
0.000000000000000000e+00
0.000000000000000000e+00
0.000000000000000000e+00
0.000000000000000000e+00
0.000000000000000000e+00
0.000000000000000000e+00
0.000000000000000000e+00
0.000000000000000000e+00
0.000000000000000000e+00
0.000000000000000000e+00
0.000000000000000000e+00
0.000000000000000000e+00
0.000000000000000000e+00
0.000000000000000000e+00
0.000000000000000000e+00
0.000000000000000000e+00
0.000000000000000000e+00
0.000000000000000000e+00
3.950384336195362139e-05
3.982176972809414679e-05
3.662580916204862653e-05
3.067606583588371026e-05
2.331217211844217581e-05
1.571967292549196051e-05
9.272121678849103724e-06
4.913281882165133478e-06
2.473227642641706650e-06
1.429930798489705299e-06
1.152745228916184449e-06
1.071769239393090375e-06
9.352996639036170899e-07
7.191837080810388342e-07
4.708029392991254776e-07
9.759054358954231856e-06
1.005835418782234539e-05
9.493931269726614181e-06
8.164836047075311554e-06
6.385303087173562514e-06
4.453761130332931232e-06
2.721063176194587524e-06
1.473394726551057908e-06
7.406046963920797349e-07
3.987910698650631018e-07
2.922113072203123403e-07
2.682507742609049795e-07
2.403348240912509764e-07
1.914785067344078449e-07
1.313167676296847023e-07
1.782426909210013737e-07
1.874568292002841936e-07
1.812483503269587230e-07
1.598918613355515052e-07
1.284286009966630078e-07
9.244344238953916766e-08
5.851094664764357816e-08
3.247159572100068608e-08
1.646384864963467729e-08
8.455246995721646108e-09
5.600565750307190598e-09
4.967439898780581437e-09
4.533772607644826125e-09
3.733252595805176561e-09
2.667250914460887010e-09
9.331995116682876971e-11
1.000507824579168008e-10
9.901137138151129759e-11
8.961436827715975260e-11
7.389365158013347801e-11
5.483474522279940356e-11
3.596282986853188430e-11
2.054286427659875031e-11
1.057628194804673068e-11
5.284312141180473240e-12
3.169975756314980896e-12
2.646281542843887244e-12
2.437939997481195059e-12
2.073696942078146805e-12
1.539321270398603751e-12
0.000000000000000000e+00
0.000000000000000000e+00
0.000000000000000000e+00
0.000000000000000000e+00
0.000000000000000000e+00
0.000000000000000000e+00
0.000000000000000000e+00
0.000000000000000000e+00
0.000000000000000000e+00
0.000000000000000000e+00
0.000000000000000000e+00
0.000000000000000000e+00
0.000000000000000000e+00
0.000000000000000000e+00
0.000000000000000000e+00
0.000000000000000000e+00
0.000000000000000000e+00
0.000000000000000000e+00
0.000000000000000000e+00
0.000000000000000000e+00
0.000000000000000000e+00
0.000000000000000000e+00
0.000000000000000000e+00
0.000000000000000000e+00
0.000000000000000000e+00
0.000000000000000000e+00
0.000000000000000000e+00
0.000000000000000000e+00
0.000000000000000000e+00
0.000000000000000000e+00
0.000000000000000000e+00
0.000000000000000000e+00
0.000000000000000000e+00
0.000000000000000000e+00
0.000000000000000000e+00
0.000000000000000000e+00
0.000000000000000000e+00
0.000000000000000000e+00
0.000000000000000000e+00
0.000000000000000000e+00
0.000000000000000000e+00
0.000000000000000000e+00
0.000000000000000000e+00
0.000000000000000000e+00
0.000000000000000000e+00
2.432901785289218264e-05
2.551969427592155098e-05
2.459855769963534102e-05
2.163063188361427145e-05
1.731713654202522842e-05
1.241776111421249103e-05
7.826951015560106102e-06
4.331500273420825859e-06
2.193933164066387367e-06
1.132775502122123991e-06
7.597214174087689761e-07
6.768117761058651098e-07
6.162649289736844600e-07
5.053391585602842502e-07
3.592391203004184097e-07
5.970459357228582539e-06
6.368801282897776261e-06
6.264472576892894228e-06
5.632034169049278891e-06
4.612718443334301873e-06
3.396566472449201630e-06
2.207689399392090103e-06
1.251782908224212444e-06
6.418719682553719716e-07
3.226162226922968293e-07
1.984148003062474713e-07
1.684957621416937484e-07
1.549219709344351135e-07
1.306610462219814903e-07
9.604687758575495764e-08
8.581185815852223141e-08
9.304503033374467933e-08
9.335175406857149474e-08
8.582898565776226290e-08
7.191538584755045731e-08
5.435285355038632563e-08
3.643247175503946446e-08
2.124274824440074861e-08
1.106975186061948897e-08
5.489637899081003405e-09
3.116756996190387609e-09
2.471451915079936389e-09
2.273173580894828832e-09
1.970342539283920274e-09
1.495756354086178431e-09
1.627183800934658225e-11
1.793528336417355987e-11
1.835565504029256309e-11
1.726993137305699362e-11
1.481634900164514531e-11
1.149695636553538392e-11
7.951512311485110008e-12
4.788763702685891799e-12
2.544632403675919561e-12
1.259553312231620799e-12
6.676997419741635112e-13
4.845209477151812227e-13
4.395623765577865808e-13
3.906929083397335696e-13
3.062992916182523291e-13
0.000000000000000000e+00
0.000000000000000000e+00
0.000000000000000000e+00
0.000000000000000000e+00
0.000000000000000000e+00
0.000000000000000000e+00
0.000000000000000000e+00
0.000000000000000000e+00
0.000000000000000000e+00
0.000000000000000000e+00
0.000000000000000000e+00
0.000000000000000000e+00
0.000000000000000000e+00
0.000000000000000000e+00
0.000000000000000000e+00
0.000000000000000000e+00
0.000000000000000000e+00
0.000000000000000000e+00
0.000000000000000000e+00
0.000000000000000000e+00
0.000000000000000000e+00
0.000000000000000000e+00
0.000000000000000000e+00
0.000000000000000000e+00
0.000000000000000000e+00
0.000000000000000000e+00
0.000000000000000000e+00
0.000000000000000000e+00
0.000000000000000000e+00
0.000000000000000000e+00
1.515896991035937189e-05
1.639956737285422795e-05
1.640908985960979247e-05
1.504112365165982448e-05
1.256481603022192632e-05
9.464225650309518155e-06
6.318986898889544356e-06
3.671624525857259654e-06
1.909523860729278680e-06
9.484551829673789155e-07
5.439893943087930224e-07
4.353977684316151121e-07
4.004362558612907601e-07
3.457918116299591879e-07
2.613824444942168845e-07
3.458695020244934991e-06
3.794148319794941547e-06
3.860870941345998666e-06
3.608479946544313688e-06
3.074920669374648072e-06
2.368327480754670777e-06
1.623672838368512647e-06
9.689186843529738368e-07
5.120349012225309113e-07
2.534337816890263801e-07
1.368174856981803395e-07
1.019168093579987471e-07
9.290394807147281803e-08
8.199641603690751722e-08
6.369555628919279191e-08
2.794502429149421349e-08
3.109190055039678065e-08
3.218268726789564372e-08
3.068669923572710078e-08
2.670145912315801423e-08
2.104064385963577012e-08
1.482111932844215949e-08
9.112797982489260159e-09
4.907760003166586783e-09
2.439408550586920946e-09
1.253077896487474031e-09
8.573693385829526162e-10
7.638980438317333189e-10
6.868637054891342366e-10
5.486479748577856687e-10
1.424945865481666461e-13
1.611106645598399823e-13
1.699856613999536483e-13
1.658082241452484464e-13
1.478861991640119046e-13
1.196215042600789647e-13
8.688736324770997078e-14
5.537174303069990755e-14
3.058584223823515055e-14
1.539420315316736191e-14
7.604454364802634047e-15
4.690847067281676655e-15
3.985436481966161825e-15
3.632167009575763777e-15
2.996398400731691593e-15
0.000000000000000000e+00
0.000000000000000000e+00
0.000000000000000000e+00
0.000000000000000000e+00
0.000000000000000000e+00
0.000000000000000000e+00
0.000000000000000000e+00
0.000000000000000000e+00
0.000000000000000000e+00
0.000000000000000000e+00
0.000000000000000000e+00
0.000000000000000000e+00
0.000000000000000000e+00
0.000000000000000000e+00
0.000000000000000000e+00
9.412307879917387467e-06
1.044987075553713874e-05
1.078896459530531722e-05
1.025708808570287757e-05
8.897932007967948307e-06
6.988702939367864999e-06
4.904201427563416435e-06
3.002953646696519928e-06
1.613171275575100806e-06
8.013496643225171231e-07
4.144088098489282734e-07
2.870529835966700068e-07
2.566158653341070768e-07
2.301022367019501402e-07
1.830503113463568059e-07
1.700705513895825290e-06
1.911353266971072572e-06
2.002350711144836829e-06
1.936770383131458730e-06
1.711591640435585855e-06
1.371218565924089866e-06
9.849250930761136990e-07
6.195345033212940682e-07
3.390138946011447951e-07
1.697806301188729856e-07
8.493663933066128309e-08
5.442774459117620372e-08
4.714664871211446119e-08
4.278359539776312617e-08
3.487299383239367525e-08
2.069997342349546380e-09
2.360382368883647056e-09
2.515463287768329047e-09
2.483272324771490285e-09
2.245489342752363897e-09
1.842420627858147374e-09
1.360580154947529078e-09
8.845911286657055710e-10
4.966701323685569920e-10
2.525336227624030030e-10
1.232320533349503875e-10
7.193245623424622739e-11
5.878086029379848335e-11
5.364360153458247282e-11
4.504361316363156204e-11
0.000000000000000000e+00
0.000000000000000000e+00
0.000000000000000000e+00
0.000000000000000000e+00
0.000000000000000000e+00
0.000000000000000000e+00
0.000000000000000000e+00
0.000000000000000000e+00
0.000000000000000000e+00
0.000000000000000000e+00
0.000000000000000000e+00
0.000000000000000000e+00
0.000000000000000000e+00
0.000000000000000000e+00
0.000000000000000000e+00
5.192724432688091413e-06
5.904789661311954893e-06
6.272446770013932326e-06
6.168643764989563653e-06
5.554405858055385361e-06
4.537742521147622768e-06
3.334560563982216441e-06
2.155551372572791581e-06
1.204996666715424442e-06
6.111136503476885255e-07
2.994305102067136517e-07
1.776950123045862926e-07
1.467896749014630080e-07
1.338225047581659767e-07
1.117441042846128687e-07
6.059745745186892955e-07
6.977711845984098125e-07
7.521830875021191500e-07
7.528177131789946876e-07
6.917277126319500261e-07
5.770246750456153507e-07
4.342341696775338989e-07
2.888553105162822392e-07
1.655283918560956312e-07
8.529371840029971620e-08
4.130318620683145882e-08
2.272322019151714215e-08
1.758286955825689036e-08
1.597967189760338426e-08
1.369214663133853146e-08
5.438899968521551496e-12
6.366496035247594582e-12
6.995759625199460242e-12
7.163626578434295458e-12
6.764463523528370618e-12
5.804869055549480352e-12
4.507958398297307672e-12
3.114956457016447523e-12
1.854921949540700141e-12
9.805841855544488254e-13
4.750915954716596778e-13
2.405782435233960994e-13
1.663894501142933955e-13
1.474739294544593545e-13
1.303428651948450448e-13
2.353142041392380712e-06
2.742120741972687884e-06
2.997548299720663753e-06
3.050734641783039239e-06
2.859951287058758828e-06
2.436154749326732936e-06
1.876696095320987674e-06
1.284448886686065585e-06
7.576015700725189758e-07
3.980191878075600758e-07
1.927546937525133936e-07
9.957998330287267117e-08
7.095372528422257676e-08
6.332908645271738369e-08
5.551109036658654433e-08
1.215070959277907141e-07
1.436556536960759907e-07
1.597192105927585234e-07
1.658467658596451195e-07
1.592835253372348749e-07
1.391984655013353950e-07
1.102397626297850734e-07
7.799085136254414581e-08
4.770417599696073137e-08
2.569253128376232380e-08
1.255297432953743686e-08
6.125823998942308015e-09
3.911539183409981336e-09
3.357706238995358726e-09
3.008986849636484930e-09
5.454388485689352976e-07
6.526600340836940417e-07
7.363013139112752551e-07
7.778056352132387408e-07
7.629748248626157972e-07
6.831532419624857385e-07
5.550279842679279101e-07
4.047764992243530952e-07
2.569365699672284227e-07
1.425502267826769078e-07
7.105683780235054639e-08
3.378253485104841531e-08
1.943870454492277584e-08
1.558810542405325502e-08
1.401661055887514321e-08
