# d_v
0.000000000000000000e+00
2.683726327822471944e+02
5.257186738446863501e+02
7.717877707879175659e+02
1.006488938329009670e+03
1.229872268726724315e+03
1.442107665834589170e+03
1.643462632660158306e+03
1.834280675825290473e+03
2.014961402461686930e+03
2.185942945401794532e+03
2.347686997193654861e+03
2.500666472540295672e+03
2.645355645499937964e+03
2.782222506912820791e+03
2.911723041236105473e+03
3.034297113552266183e+03
3.150365673085980688e+03
3.260329008559841895e+03
3.364565825680392663e+03
3.463432953073242970e+03
3.557265517124375947e+03
3.646377456861545852e+03
3.731062276575354190e+03
3.811593956262221582e+03
3.888227958430471062e+03
3.961202284771741688e+03
4.030738548149258804e+03
4.097043034776065724e+03
4.160307738797258025e+03
4.220711357145033617e+03
4.278420236840889629e+03
4.333589270156789098e+03
4.386362735447378327e+03
4.436875083214848019e+03
4.485251668216216785e+03
4.531609429287828789e+03
4.576057519136895280e+03
4.618697886707355792e+03
4.659625814923769212e+03
4.698930416695482563e+03
4.736695092057388138e+03
4.772997949258428889e+03
4.807912192503582446e+03
4.841506478923863142e+03
4.873845247202370047e+03
4.904989020130380595e+03
4.934994683211670235e+03
4.963915741279346548e+03
4.991802554940569280e+03
