# rs_dv
inf
5.480898016603584777e-01
2.797928062873903388e-01
1.905864651399226672e-01
1.461439837748194914e-01
1.195996582840048728e-01
1.019981424116232910e-01
8.950145877950507756e-02
8.019072817550636223e-02
7.300005989841115706e-02
6.729009253517009848e-02
6.265413713519579764e-02
5.882124013253961503e-02
5.560398025229524449e-02
5.286863387352810223e-02
5.051727138519223476e-02
4.847656559920894559e-02
4.669054907790021886e-02
4.511578515121916766e-02
4.371806369477463511e-02
4.247008822320993970e-02
4.134982400494845861e-02
4.033929696303468343e-02
3.942370621758847088e-02
3.859075881601001928e-02
3.783016444573965992e-02
3.713324705342041510e-02
3.649264305057214886e-02
3.590206444446035483e-02
3.535611120605587632e-02
3.485012136945288969e-02
3.438005032614194906e-02
3.394237291205749046e-02
3.353400343803353278e-02
3.315222995619512836e-02
3.279465990317504548e-02
3.245917489735155453e-02
3.214389294882497722e-02
3.184713672134339979e-02
3.156740667918210563e-02
3.130335843021787856e-02
3.105378332649473549e-02
3.081759192777661777e-02
3.059379979976201494e-02
3.038151528094199666e-02
3.017992890860421787e-02
2.998830424865669281e-02
2.980596991770794249e-02
2.963231262136403060e-02
2.946677106167524055e-02
