# h
2.243552104302770471e-04
2.363773894886211414e-04
2.501515139400584771e-04
2.656135961362823122e-04
2.826826569883162635e-04
3.012694918015421499e-04
3.212831819213018687e-04
3.426354641711666063e-04
3.652433479618250023e-04
3.890304410182398383e-04
4.139274003149452240e-04
4.398718359012461607e-04
4.668079030235170921e-04
4.946857404309934524e-04
5.234608545530384724e-04
5.530935086197825198e-04
5.835481489503710571e-04
6.147928836884755492e-04
6.467990190531382839e-04
6.795406523507841389e-04
