# k_h
1.049778529704781249e-05
1.159184830612502992e-05
1.279993284697411582e-05
1.413392146787373349e-05
1.560693817737046629e-05
1.723346758808474988e-05
1.902951407828368247e-05
2.101274003507569432e-05
2.320265593880321831e-05
2.562080044299364090e-05
2.829096047207713127e-05
3.123940041405148804e-05
3.449512223596684635e-05
3.809015106526203454e-05
4.205984805594198406e-05
4.644325963454321027e-05
5.128350312588736415e-05
5.662819239660166204e-05
6.252989260246977210e-05
6.904666224727407098e-05
7.624259887961670756e-05
8.418848301516845822e-05
9.296248026657849550e-05
1.026508834911510348e-04
1.133490004576742649e-04
1.251620560651645064e-04
1.382062619086354971e-04
1.526098931208252907e-04
1.685146708041429520e-04
1.860769989434629679e-04
2.054696669802069664e-04
2.268833923153579235e-04
2.505288284737616777e-04
2.766385441645979881e-04
3.054694097954779863e-04
3.373049548827111721e-04
3.724583366420120001e-04
4.112753958906978369e-04
4.541378584690392017e-04
5.014674388803541660e-04
5.537295946851372719e-04
6.114384159445762634e-04
6.751616019755601883e-04
7.455258746631443501e-04
8.232234395109117031e-04
9.090185048989951611e-04
1.003755023702979088e-03
1.108364784158766270e-03
1.223876839503645897e-03
1.351427403278648853e-03
1.492271083407104015e-03
1.647793222218751907e-03
1.819523749873042107e-03
2.009151736274361610e-03
2.218542387709021568e-03
2.449755324050784111e-03
2.705065067857503891e-03
2.986982930451631546e-03
3.298281691968441010e-03
3.642023308202624321e-03
4.021589644253253937e-03
4.440713208168745041e-03
4.903517663478851318e-03
5.414554383605718613e-03
5.978851113468408585e-03
6.601957604289054871e-03
7.290003355592489243e-03
8.049756288528442383e-03
8.888689801096916199e-03
9.815054945647716522e-03
1.083796471357345581e-02
1.196748111397027969e-02
1.321471296250820160e-02
1.459193043410778046e-02
1.611267961561679840e-02
1.779191754758358002e-02
1.964616402983665466e-02
2.169365622103214264e-02
2.395453490316867828e-02
2.645104005932807922e-02
2.920772694051265717e-02
3.225171193480491638e-02
3.561293333768844604e-02
3.932445868849754333e-02
4.342279210686683655e-02
4.776507243514060974e-02
5.210735276341438293e-02
5.644963309168815613e-02
6.079190969467163086e-02
6.513419002294540405e-02
6.947647035121917725e-02
7.381875067949295044e-02
7.816103100776672363e-02
8.250331133604049683e-02
8.684559166431427002e-02
9.118786454200744629e-02
9.657466411590576172e-02
1.019614562392234802e-01
1.073482483625411987e-01
1.127350404858589172e-01
1.181218326091766357e-01
1.235086247324943542e-01
1.288954168558120728e-01
1.342822015285491943e-01
1.396690011024475098e-01
1.450557857751846313e-01
1.504425853490829468e-01
1.558293849229812622e-01
1.612161695957183838e-01
1.666029691696166992e-01
1.719897538423538208e-01
1.773765534162521362e-01
1.827633380889892578e-01
1.881501376628875732e-01
1.935369223356246948e-01
1.989237219095230103e-01
2.043105065822601318e-01
2.096973061561584473e-01
2.150840908288955688e-01
2.204708904027938843e-01
2.258576750755310059e-01
2.312444746494293213e-01
2.366312593221664429e-01
2.420180588960647583e-01
2.474048435688018799e-01
2.527916431427001953e-01
2.581784427165985107e-01
2.635652124881744385e-01
2.689520120620727539e-01
2.743388116359710693e-01
2.797256112098693848e-01
2.851124107837677002e-01
2.904991805553436279e-01
2.958859801292419434e-01
3.012727797031402588e-01
3.066595792770385742e-01
3.120463490486145020e-01
3.174331486225128174e-01
3.228199481964111328e-01
3.282067477703094482e-01
3.335935175418853760e-01
3.389803171157836914e-01
3.443671166896820068e-01
3.497539162635803223e-01
3.551406860351562500e-01
3.605274856090545654e-01
3.659142851829528809e-01
3.713010847568511963e-01
3.766878545284271240e-01
3.820746541023254395e-01
3.874614536762237549e-01
3.928482532501220703e-01
3.982350528240203857e-01
4.036218225955963135e-01
4.090086221694946289e-01
4.143954217433929443e-01
4.197822213172912598e-01
4.251689910888671875e-01
4.305557906627655029e-01
4.359425902366638184e-01
4.413293898105621338e-01
4.467161595821380615e-01
4.521029591560363770e-01
4.574897587299346924e-01
4.628765583038330078e-01
4.682633280754089355e-01
4.736501276493072510e-01
4.790369272232055664e-01
4.844237267971038818e-01
4.898104965686798096e-01
4.951972961425781250e-01
5.005841255187988281e-01
5.059708952903747559e-01
5.113576650619506836e-01
5.167444944381713867e-01
5.221312642097473145e-01
5.275180339813232422e-01
5.329048633575439453e-01
5.382916331291198730e-01
5.436784625053405762e-01
5.490652322769165039e-01
5.544520020484924316e-01
5.598388314247131348e-01
5.652256011962890625e-01
5.706123709678649902e-01
5.759992003440856934e-01
5.813859701156616211e-01
5.867727994918823242e-01
5.921595692634582520e-01
5.975463390350341797e-01
6.029331684112548828e-01
6.083199381828308105e-01
6.137067079544067383e-01
6.190935373306274414e-01
6.244803071022033691e-01
6.298671364784240723e-01
6.561115980148315430e-01
8.125916719436645508e-01
1.009893298149108887e+00
1.255100846290588379e+00
1.559846043586730957e+00
1.938584923744201660e+00
2.409283876419067383e+00
2.994270801544189453e+00
3.721295833587646484e+00
4.624846458435058594e+00
5.747784137725830078e+00
7.143376827239990234e+00
8.877826690673828125e+00
1.103341102600097656e+01
1.371238231658935547e+01
1.704182243347167969e+01
2.117966842651367188e+01
2.632220458984375000e+01
3.271337890625000000e+01
4.065636062622070312e+01
5.052794265747070312e+01
6.279639816284179688e+01
7.804370117187500000e+01
