# lsst_simulation
2.065363940135442724e-09
2.011713824588953950e-09
1.145027309249942332e-09
7.775741566808215284e-10
5.097871962484803142e-10
3.195642388643451750e-10
2.442962083675117005e-10
1.794455005989956786e-10
1.139910561257358742e-10
7.999687151090985499e-11
4.887472639484807644e-11
2.962848017014824107e-11
1.930138219473028794e-11
1.026503920847853786e-11
5.855209343632261132e-12
3.995877403242036449e-09
2.851978736035510350e-09
1.766050884654600633e-09
1.195335531747367626e-09
7.738664432595881275e-10
4.950971642090129465e-10
3.870268086834053769e-10
2.743232714002460449e-10
1.724347532806216592e-10
1.234507020631874503e-10
7.935171757376398828e-11
4.997384920810168026e-11
3.077044818121098759e-11
1.768690505131604858e-11
9.695487406405562700e-12
4.821482907770403851e-09
2.944041951713904065e-09
1.613271380245531503e-09
1.152129330155709869e-09
7.853879780976934658e-10
4.419238816061675901e-10
3.776049620288366811e-10
2.614755496258367291e-10
1.702213917808260214e-10
1.200224082201142701e-10
7.615637359889925425e-11
5.086738539914098987e-11
3.008770911975850981e-11
1.690744321304015695e-11
8.342664557254419731e-12
5.008319033457852724e-09
3.148986936493750042e-09
1.423106509776196384e-09
1.137381438118397433e-09
7.355896191576868452e-10
3.961393793452239564e-10
3.718597032751865356e-10
2.528100563403213979e-10
1.841237494150143162e-10
1.168669324264654168e-10
7.866449507701045670e-11
4.878070935234560238e-11
2.788685625931239251e-11
1.462047877492937907e-11
6.951105820042517027e-12
5.304969460447377540e-09
3.630857864540775704e-09
1.338322882415412464e-09
9.823019501492562738e-10
7.548942544213680305e-10
3.465071691987508620e-10
3.625499492758399648e-10
2.647248570925900455e-10
1.724615145943559206e-10
1.144544416774587642e-10
7.589830010514723666e-11
4.849974699230383716e-11
3.308806995132051424e-11
1.399885265073127470e-11
8.150225774998747195e-12
1.441882497845367426e-08
9.320053916666393038e-09
6.469354772171983710e-09
5.219721230594522564e-09
3.100011245094614153e-09
2.064624301491462455e-09
1.466801084057774400e-09
9.785743100856289425e-10
6.506227010196265659e-10
4.388195686362711521e-10
3.033639167922091080e-10
2.042957248829550959e-10
1.340593403772034653e-10
8.206765536369937700e-11
4.876348560523093887e-11
1.929976522559427050e-08
1.186804122194702471e-08
8.200603818642843993e-09
6.743738828433937492e-09
4.016894222048051585e-09
2.637694360178911103e-09
1.907204733261615723e-09
1.208676057798149261e-09
8.059331501247843298e-10
5.549488986397219476e-10
3.859161987350998873e-10
2.637177251749140550e-10
1.708246523254043565e-10
1.067350413858741962e-10
6.463273720676980518e-11
2.074767675688084263e-08
1.327618456719716864e-08
9.446426160923116892e-09
7.184381034756039745e-09
4.430786981257397609e-09
2.961967581536222290e-09
2.100156729859960003e-09
1.325539730067931165e-09
8.988459077017536645e-10
5.971863552782064607e-10
4.307884244501115074e-10
2.884329513715340239e-10
1.900251092108331412e-10
1.209208154582411987e-10
7.303336534377961267e-11
2.224179927156552628e-08
1.404075256897278809e-08
1.011007730800549602e-08
7.657050038163577061e-09
4.950628951681175909e-09
3.190161149946996777e-09
2.336985590185480996e-09
1.437330401630254454e-09
9.558835341932858432e-10
6.385308656472292210e-10
4.639988644196207798e-10
3.114998759794076131e-10
2.051361669108859127e-10
1.311409222870174826e-10
7.862198488583484320e-11
2.990076348586449572e-08
1.810316499994937955e-08
1.383540413631117674e-08
1.130535456839327645e-08
7.124431449858522360e-09
4.787721620931638496e-09
3.313043402944820279e-09
2.069096633189950379e-09
1.360933258018086232e-09
9.141260324293303236e-10
6.288215307957449550e-10
4.300516849736653488e-10
2.897284357261002262e-10
1.864651547774352994e-10
1.151829036654064303e-10
3.474224842687787820e-08
2.236345341668313652e-08
1.778828797633413042e-08
1.368685345903957119e-08
8.939902095228365168e-09
6.132832355481179702e-09
4.206019136796383475e-09
2.616149226429837181e-09
1.715186858879588018e-09
1.134142948240109227e-09
7.724833871017897197e-10
5.277505837161424660e-10
3.523514295188972171e-10
2.340771480279813642e-10
1.469418638241738706e-10
3.856915205447841453e-08
2.509829491993133758e-08
2.128318907743425659e-08
1.561133211725893318e-08
1.053399554864657003e-08
7.268021294441800709e-09
5.012773936654818762e-09
3.043048558450929301e-09
1.952400258008152311e-09
1.297523912652763807e-09
8.883489966437810766e-10
6.100444321357764956e-10
4.121417786236688657e-10
2.716947951816829609e-10
1.723938344723367398e-10
4.441790955124378968e-08
3.173498287570388772e-08
2.604645223288125883e-08
1.957007531744454269e-08
1.349634383955001074e-08
9.340767271862990893e-09
6.435075725708796958e-09
3.985858765155944541e-09
2.600490783794826451e-09
1.671299141771063695e-09
1.116125054734716092e-09
7.597455718365638870e-10
5.104611733481356976e-10
3.400691329742329930e-10
2.181685032938140137e-10
5.207191969569850917e-08
3.921610921808529193e-08
3.380159204150857446e-08
2.483747597711006835e-08
1.755946988036024526e-08
1.232398662846652651e-08
8.515093353051583060e-09
5.242942258523529579e-09
3.358540721774344773e-09
2.155803667618269034e-09
1.426936135880424662e-09
9.597381862521123065e-10
6.442970663266819938e-10
4.309118143053317916e-10
2.799566631982653972e-10
6.541699003745715965e-08
5.450221589117344182e-08
4.996914734740135797e-08
3.688456133949525029e-08
2.739946839820229809e-08
1.955941839973779137e-08
1.377889983872189114e-08
8.578330966000987955e-09
5.456441018610231336e-09
3.460186975814910720e-09
2.228995362440908312e-09
1.464230394461745945e-09
9.735942147016142446e-10
6.427304776014411079e-10
4.216749526871766930e-10
4.617187048729330360e-07
3.727259892406320928e-07
2.298481727942492651e-07
1.458911549805834892e-07
1.011428484931074423e-07
6.226515653218669013e-08
4.732304218795594905e-08
3.245122863832092259e-08
2.163413896328229799e-08
1.467094023284341660e-08
9.991829028555165940e-09
6.577591408269755401e-09
4.127149731675113117e-09
2.400423086713700536e-09
1.327162577863933982e-09
1.609523420751431774e-06
1.056558550117492112e-06
7.275542432382557163e-07
5.462469010887343701e-07
3.350390408152063984e-07
2.210339974625215020e-07
1.531102045406334674e-07
1.011418161594636676e-07
6.746877539038263378e-08
4.802285592090442044e-08
3.352078291695139060e-08
2.257454388302237982e-08
1.475318692048184546e-08
9.043944026187932832e-09
5.265059878473342947e-09
2.044052436925269025e-06
1.288734680955551059e-06
8.560806135950818592e-07
6.542166362622517939e-07
4.029559405190928583e-07
2.649989721336313924e-07
1.882178200561832790e-07
1.199170614344103073e-07
8.061324749055615812e-08
5.767101053230823122e-08
4.006520058316013419e-08
2.741215591219071253e-08
1.784423577200058467e-08
1.104366187939176210e-08
6.472312934777178948e-09
2.190954637714795382e-06
1.447439692041851571e-06
9.895346697975777541e-07
6.969500817513426094e-07
4.508714284943178453e-07
2.932707310479579828e-07
2.104061469003196164e-07
1.323750039289269548e-07
8.960217491962535807e-08
6.297992350623064126e-08
4.393404384618162489e-08
3.013336876708402273e-08
1.972034589223994734e-08
1.222785517162509164e-08
7.145410829563406850e-09
2.356611939912825196e-06
1.568119842894934406e-06
1.048254224458726313e-06
7.240044618753031555e-07
4.982854536463167579e-07
3.209812704516761443e-07
2.318021853038603472e-07
1.422359533051155535e-07
9.523972632341328266e-08
6.712462336751131306e-08
4.726678500049415434e-08
3.264594922825571911e-08
2.139341870938863348e-08
1.322198809366727602e-08
7.760412452747223607e-09
-3.095652276979786628e-08
-7.841947158710849644e-08
-7.615984924100106651e-08
-4.227084127614949690e-08
-2.750800835678279407e-08
-2.028200940939918274e-08
-9.604026301592122122e-09
-5.841844901306515722e-09
-4.293701726296436764e-09
-2.979937174073830145e-09
-1.939064602934771404e-09
-1.448823663178819666e-09
-9.067362269420080614e-10
-6.512187904995961396e-10
-4.257450256642692720e-10
6.062928433938950972e-07
4.393408619373520325e-07
2.857643218750437347e-07
2.850628971816058887e-07
1.695653593897511482e-07
1.141539903726825931e-07
8.139418483364324883e-08
5.016185596550810027e-08
3.298368396543333115e-08
2.076132389941356081e-08
1.485139574557937114e-08
1.042789721170426599e-08
7.246475749694836810e-09
4.937436326013529856e-09
3.200571405625836781e-09
1.094378679126109980e-06
7.136942835104923105e-07
5.687679168747642114e-07
5.308134609645720873e-07
3.212510829298220555e-07
2.128161307363264952e-07
1.479854191218695611e-07
8.840854048606167102e-08
5.827828003625754711e-08
3.794927353205669382e-08
2.629911932934062846e-08
1.850515490614182665e-08
1.297416963616720210e-08
8.889401565835467074e-09
5.742368499512466603e-09
1.294863872087067052e-06
8.734200205763118618e-07
7.599497847550787159e-07
6.284937603053421616e-07
3.959711116402954700e-07
2.708522535286441020e-07
1.820402800304621808e-07
1.092224999335569729e-07
7.260777263783353495e-08
4.679596481991617946e-08
3.242665711480570381e-08
2.281549918431998396e-08
1.612791669680123514e-08
1.101563342057388578e-08
7.171681414843139661e-09
1.445750944322613590e-06
9.423274256651682216e-07
9.457372901607772957e-07
7.641463957528882750e-07
4.634004073120742292e-07
3.187617845376347243e-07
2.184194585632638196e-07
1.285261358768487276e-07
8.431177615202889021e-08
5.551776290520389258e-08
3.753551490442923318e-08
2.666674976023428746e-08
1.871102173155318156e-08
1.283837591453480870e-08
8.356708176695822021e-09
6.496107792625523393e-08
-6.189986452464911195e-08
-1.482980551760003471e-08
-9.024069340330705361e-09
-1.675101759622348497e-08
-1.091750799193975778e-08
-5.030208423294695262e-09
-3.701747512052680779e-09
-2.397018452182190533e-09
-1.727146748951489404e-09
-1.105168236333930808e-09
-6.717391839729334540e-10
-4.973528032089280798e-10
-3.120103373007632045e-10
-2.159202774242659647e-10
2.920040998236285936e-07
3.571452056475421980e-08
9.325516763591441278e-08
5.588185386527130684e-08
2.335206605477811448e-08
2.139737633570862816e-08
2.071456275076453586e-08
1.022404744235223266e-08
6.550205213853381003e-09
3.887053676495572808e-09
2.856099660718835903e-09
2.001805849546281568e-09
1.403274394378383995e-09
9.598505211098428996e-10
6.362385830016343871e-10
8.113340267428846804e-07
4.080476936514366816e-07
4.517605437096341722e-07
3.280938540138977719e-07
2.282760111623809928e-07
1.639447503351128060e-07
1.089252789154839365e-07
6.577215261677395949e-08
4.133072519679202788e-08
2.563215458901134940e-08
1.706599927239941176e-08
1.164315011151738356e-08
8.120697128567034621e-09
5.733469932165976933e-09
3.842137806884710939e-09
1.082378569674373201e-06
6.319335047512384178e-07
6.580140063238995497e-07
4.834080534988309279e-07
3.346121513773989416e-07
2.448623971168444860e-07
1.603076251033298915e-07
9.646837544986054600e-08
6.033731270607472673e-08
3.760831184790611071e-08
2.471875340247720939e-08
1.697469528043553601e-08
1.181864705587176041e-08
8.314373994117550710e-09
5.647014539225728220e-09
1.286166306336977687e-06
7.617006954629205832e-07
8.678598723404330261e-07
6.038970551828438792e-07
4.309827526517015801e-07
3.211335039335807812e-07
2.089720166858931663e-07
1.235253960433521486e-07
7.570449214532384015e-08
4.797469021161306155e-08
3.124486123074275803e-08
2.134952047476339146e-08
1.493878869354039053e-08
1.047000063663078086e-08
7.171935956697994819e-09
4.835090149101646850e-09
2.381864987754071855e-08
-9.864601646959650244e-09
-3.983809624253216796e-09
4.434638298653805095e-09
-2.359468912985978314e-09
-8.498310934104471024e-10
-7.846033154102713905e-10
3.085680121334906301e-10
-1.638993341306437565e-10
-1.656910510511272496e-10
-4.187842243149059362e-11
-5.581934138493989289e-11
-2.732943646792396696e-11
3.695579101635919072e-13
6.108382975533324773e-09
-1.869075697610977028e-08
-6.889880027836641584e-09
-4.074813741394051733e-08
-1.090248067410322494e-08
-1.120354225293191465e-08
-7.748990065077258997e-09
-6.100987447772198767e-09
-3.217332295930542705e-09
-2.555710544512559325e-09
-1.289149243336410631e-09
-9.033685779414597534e-10
-6.215493450749301219e-10
-4.012551677526682097e-10
-2.712177040025468770e-10
3.217523936926181836e-07
1.889903063886370318e-07
2.384983805824079146e-07
1.398203630350297992e-07
1.214214378638294877e-07
9.526737684748084514e-08
5.681969962091444001e-08
3.810317899149752425e-08
2.329354863903704701e-08
1.406028102577484539e-08
9.135441595471108945e-09
5.882058496527315247e-09
3.962411582273677323e-09
2.819126850888619652e-09
1.937616713147450976e-09
6.156640202554007818e-07
4.273649466571800726e-07
4.430115560655601656e-07
3.110423966944542231e-07
2.562982880318819717e-07
1.881800051710612417e-07
1.196317700020418870e-07
8.015518476091583328e-08
4.907902088795512597e-08
2.959987767807811507e-08
1.909401557194568029e-08
1.224260588689488420e-08
8.276228538143796964e-09
5.834752302976819794e-09
4.049870540793923942e-09
7.951094363974990589e-07
6.447154821165617800e-07
6.476368061014990601e-07
4.315699087195026374e-07
3.578883708949078322e-07
2.695429886285557835e-07
1.709774555000556603e-07
1.145668830862573043e-07
6.912298324003389811e-08
4.175968321741266440e-08
2.713154000984260222e-08
1.732749229393220670e-08
1.176346100027299497e-08
8.263607378131751041e-09
5.716320039811667660e-09
-5.062856388601430603e-09
1.733653727602565696e-08
-2.082478548382191123e-08
-9.091739279843140888e-10
1.822933644460755204e-09
2.691229715486659402e-10
-6.414591108943030532e-10
2.304365454954724728e-10
2.967280968440089869e-10
1.664467658542646945e-10
3.757558036275092848e-11
2.366329242559268341e-11
-1.813083396647555207e-11
5.394515838693180508e-12
1.808913103879129869e-11
-7.724018194448241056e-08
-1.083601155942797443e-08
-9.870912755548503212e-09
-1.339766408126654360e-08
-6.702706878252544628e-09
-2.834459271559597353e-09
-3.212528532349822152e-09
-2.864482327411826574e-09
-1.637831298246948600e-09
-1.444143624384317328e-09
-5.862052128900584750e-10
-5.173566177389459444e-10
-3.153030511620760855e-10
-2.260992423339545156e-10
-1.300394877597134535e-10
-4.671296283201375998e-08
5.113055015796484048e-08
6.859272254715290480e-08
2.255546532883116541e-08
3.035967171360801256e-08
2.116249849483385962e-08
1.610331487929035360e-08
9.356619490904356874e-09
4.466061936373431890e-09
3.137983732876320220e-09
1.973154637384484212e-09
1.207052808309320779e-09
8.128059284373566374e-10
5.725147077072031106e-10
3.888247703399651913e-10
1.717651249341952345e-07
3.435733069647667421e-07
2.808262254375847629e-07
2.249458104692038231e-07
1.777385773518006309e-07
1.248320504798622552e-07
9.519114914178837185e-08
5.791265216560782411e-08
3.493047382886060745e-08
2.158927323375330344e-08
1.335084620725123616e-08
8.377687049943145538e-09
5.519176379124554190e-09
3.726962288091518744e-09
2.581289808180897554e-09
3.094464983418531374e-07
5.939741480040591702e-07
4.839685140978670020e-07
3.746531166154495970e-07
2.960913727276429654e-07
2.082716818916878175e-07
1.569986136856615647e-07
9.766238649661885994e-08
5.875231967301889699e-08
3.628505740814765501e-08
2.256852699474643686e-08
1.413456680119180817e-08
9.311274619605492076e-09
6.290210532167421674e-09
4.340719728545805849e-09
-1.552589587791573126e-08
5.294649958595969622e-09
-2.340648410448838052e-09
-3.018721274973492674e-09
-2.960543237238879546e-09
7.581381649091793161e-10
-2.513822449390210779e-11
-2.511819220279514831e-10
-2.455540072476018735e-10
8.359971753712347422e-11
-1.765604253160696560e-11
5.424470822462259035e-11
-4.480838838249002608e-12
1.827645568080170323e-11
-1.173034474439125318e-11
-4.590721268194591165e-08
-6.380623104951685118e-09
6.961990931559250005e-09
-3.124438362905227213e-09
1.546177577665775001e-09
1.646941519212948659e-09
-6.186158144139379345e-11
-6.347911659337208097e-10
-5.806866528699872542e-10
-1.808195930056097772e-10
-9.888596680311154845e-11
-8.036693753726079884e-11
-2.680477279732469059e-11
-2.536869556021622683e-11
-3.340817164625209024e-11
-9.693921048004914606e-08
-1.305648001702740246e-09
1.276291079998112495e-08
-1.066456184045561455e-08
-1.100731623753518520e-08
-3.318301882288510254e-09
-3.425198003609820643e-09
-3.599814446856295918e-09
-2.747860788040013389e-09
-1.696256887905362065e-09
-1.023546909514634336e-09
-5.181955201442701507e-10
-3.506950548709696826e-10
-2.422760119705501093e-10
-1.534092703031386323e-10
4.196356828300168735e-08
1.874994867311107376e-07
1.828615498116294500e-07
1.242645881465519687e-07
1.007719452492840691e-07
7.245687649623946513e-08
5.393045794988928029e-08
3.208755245665007847e-08
1.995829991094969459e-08
1.256143828844994132e-08
7.345235610445900237e-09
4.708396215671931414e-09
2.897437883957444989e-09
1.943714481135368466e-09
1.312543912144391441e-09
1.877705512492164493e-07
4.054731669552635223e-07
3.979798296587731871e-07
2.934660517316873508e-07
2.381923517083213717e-07
1.727830171498294891e-07
1.276988762723595905e-07
7.640649190711733235e-08
4.913162844779122031e-08
3.080101039668682632e-08
1.806052180687258561e-08
1.138039293459808263e-08
7.119740730420244777e-09
4.673033740289605089e-09
3.179493029456980953e-09
2.204216869940229148e-09
6.228335975809425574e-09
6.490224326962258201e-09
1.749322143083521632e-09
-2.575612090396616111e-10
-1.292009648263040303e-09
4.495467559153285802e-10
-1.135366237578184278e-10
-3.626841447570144446e-10
7.827792876648180790e-11
-5.383199288972605487e-11
-1.203939143762085327e-11
5.520850612357102487e-11
5.615589259282054446e-12
8.439449817391988798e-12
-1.505713423657913787e-08
-6.479935963677334040e-09
7.235960217517354961e-11
3.732745823796868148e-09
3.778538475194005279e-09
-5.310229921570440680e-09
1.894063693313841943e-09
8.465045567773563360e-11
-3.307177186684656013e-10
-1.726950665278848925e-10
-3.099498180672778415e-11
1.174848626345272104e-11
-2.701064166775690471e-11
-2.523601782128000975e-11
-8.815629893671023850e-12
-3.637355559870444585e-08
-2.528385942459658424e-08
1.746460879519843385e-08
-1.380032703137625385e-09
-3.989468846111279931e-09
-4.468374732935325394e-09
-9.676005974897343501e-10
-2.009914967072686139e-09
-1.521529650932752960e-09
-9.212599225726749485e-10
-5.560536745226271315e-10
-2.135777648774987354e-10
-1.648274147704453358e-10
-1.309742939942402105e-10
-8.333959802503044059e-11
-3.111461815293403699e-09
3.237277616707743033e-08
7.428607020244492105e-08
3.355691058322094099e-08
2.394095748464684338e-08
1.669103712356378554e-08
1.467869328620968501e-08
8.941806433374278767e-09
5.873381791332939674e-09
3.398779950783747124e-09
2.010703666542053450e-09
1.251159716424870843e-09
7.496410252304571968e-10
5.028779582469971100e-10
3.212639070837380241e-10
1.212841224573845121e-07
1.993258468975915678e-07
2.538564904683595072e-07
1.999911870692733693e-07
1.669302506923251391e-07
1.176765111161237719e-07
9.214015185437552683e-08
6.024297578592360390e-08
4.040957325633985929e-08
2.349396726646968426e-08
1.407723265219451328e-08
8.523363109123386475e-09
5.238285329389997924e-09
3.304342400589171516e-09
2.160033825733241861e-09
1.299373814300273245e-08
1.046239295595065130e-08
-9.792719470248384127e-10
-5.837971163734955851e-09
3.173755571422700529e-09
-3.676420298000862968e-10
8.126803372706786342e-12
2.796349869929030081e-10
-1.128556583118001349e-10
1.773036628102401266e-11
8.815750498257207350e-12
-2.035287688836713229e-11
2.873376416985284251e-11
1.988213018796256676e-12
-4.308292911810204553e-15
1.514956551000063558e-08
-5.280386226194946186e-09
-1.412602596848161807e-08
-1.178377411766479994e-08
7.867345852249422189e-09
5.736190351491545949e-10
-2.552498517951326584e-10
1.817818574475551667e-10
-1.560313694096872206e-11
-9.321719300629382732e-11
2.624225512616139401e-11
5.740776808710848665e-11
-3.101991517932352625e-12
-1.995325554736893799e-12
1.042838456641013511e-11
1.771031869986701428e-08
2.338100662840066384e-10
4.232027397024212073e-10
-1.418422163017677561e-08
6.871211641699220636e-09
-1.184054251424804875e-10
1.693848908628376141e-09
-7.507795435801722990e-10
-4.316670559514743548e-10
-3.054912345609170910e-10
-1.613806317836707041e-11
-5.948107912655228149e-11
1.528585747470368215e-11
2.164350811405928660e-13
-1.389367951004694656e-12
1.897463096752494309e-08
1.123077344500355235e-08
-1.885022661754131233e-09
-1.700214748470892582e-08
2.418119768820995825e-09
-1.299389201288226840e-09
-1.817173167926971957e-09
-2.627843072039760515e-09
-1.085521625292105900e-09
-8.619057855001479486e-10
-4.118748835167923093e-10
-2.698028896625912082e-10
-1.514592196197104101e-10
-1.007252742204288697e-10
-5.243032292054583108e-11
1.104377104134871465e-07
1.367084205652594407e-07
1.286621630422610942e-07
1.018516480731725671e-07
1.028910698346338707e-07
7.604868896392908047e-08
5.722760917473533238e-08
3.905425147202401643e-08
2.507762230058310443e-08
1.492251140162306115e-08
9.242693893283027551e-09
5.486069665634220795e-09
3.316214999295051049e-09
1.987514415774774809e-09
1.277846382918402070e-09
2.845303833319345505e-09
3.609209487409092676e-09
-4.804893828420195294e-09
-1.840511283158773838e-09
-6.554468192402411685e-10
-1.130369752254154043e-09
-3.918562209762870978e-10
-1.059076678289654647e-10
1.828573119245052175e-10
8.689283304074034835e-11
6.623275095567456262e-11
-2.473600438581880077e-12
-2.216228070869582581e-11
1.227581639409767741e-11
-7.986136615874510169e-13
-9.383652056954274694e-10
1.912873185250530523e-09
-8.127826572000077915e-09
-6.684357980850884880e-10
9.773109443505174083e-10
2.517758004139421044e-10
7.965637811015255555e-11
5.502707134008505823e-10
-9.529736970605054195e-11
-4.652921921899628826e-11
-5.385933038262849295e-11
-4.666097697502007007e-12
1.725042848910948261e-11
1.057942298709918159e-11
5.975637754468135314e-12
-2.215998369748521146e-09
1.090009636806299425e-08
-1.654380123839307720e-08
-8.791016073164734888e-09
2.564523377907235028e-09
6.899524431150518544e-10
1.027293007896749409e-09
7.272905881858238822e-10
-3.564069134172792040e-10
1.403459552530635361e-10
1.695649768897987960e-11
4.658197823152152060e-11
-2.734358374935197694e-11
-5.868524117542375551e-12
1.154654343567789656e-12
-1.193352039517524293e-08
6.258769309182618909e-09
-1.702510681361893938e-08
-1.277864136067076768e-08
-3.314849455719540154e-10
5.858349301330690336e-10
1.883360363017666078e-11
-1.005758202328557569e-11
-2.834065965732409529e-10
-4.382991013202366597e-10
-1.754862678967500466e-10
-6.552104988594144403e-11
-9.239638406948536101e-11
-5.174436928915372263e-11
-2.253520006764132007e-11
6.719702064055802142e-09
4.729353818699974647e-08
2.517285756661540482e-08
2.538649889510630522e-08
3.401929483831448627e-08
3.051613058913834302e-08
2.166791493716248881e-08
1.579799731980994770e-08
1.032146438241729112e-08
6.368505715888558244e-09
3.785889420067488781e-09
2.278142763358607691e-09
1.299344139184059551e-09
7.620270822771425343e-10
4.779472830128392939e-10
-2.649555398734770882e-09
1.258347164056026436e-09
-2.633734106340506720e-10
-5.566938493287034916e-10
-5.240407084396714683e-10
8.686838808102948153e-10
5.604606614807566317e-11
1.184718406235929118e-11
5.369438689771590230e-11
7.530742765017046645e-11
-4.469114644483885567e-11
-8.539886679705300970e-12
1.043609177029357337e-11
-3.610658771381511724e-12
9.815174416870147639e-13
-7.389757372461502144e-09
6.321915985775704568e-09
-3.798369141344964946e-09
-8.369066328562102345e-10
-1.211240896249250453e-10
1.134864920739128627e-09
-1.026025827705964091e-10
-1.241140004440598212e-10
-7.304810969366448158e-11
3.767686796636031663e-11
-2.083023211166386600e-11
-5.321659821415445193e-12
-1.269475308461614260e-11
-3.367367429366115896e-12
-2.431540108830502828e-12
-9.003825926081641492e-09
6.531435217722190415e-09
-2.042012050885519898e-09
-2.937869818769401680e-09
-1.220463139761601657e-09
1.222966718405359804e-09
3.676609125520194567e-10
-1.607677001326637901e-10
-4.238442623715935953e-12
-6.212610584075909579e-11
8.918801658151450687e-11
-1.586800978140443118e-13
-2.336671903525557937e-12
-5.301890135346317154e-12
-2.957761617123685404e-12
-1.237608146641041444e-08
1.115256146143160530e-08
-4.174792561951226259e-11
-3.929037497567208402e-09
-1.062460573068583363e-09
1.176202316688999212e-09
5.961803202026155455e-11
-3.456600786717969365e-10
2.315155462306588678e-10
-8.280716708076517420e-11
9.900823054138878204e-11
1.995363861407540202e-11
2.174773217087005958e-12
-1.377902767069965761e-11
-5.687615460484195339e-12
-1.215510632007165117e-08
2.173566274893254434e-08
6.030531519550737124e-09
-5.024179103957389253e-10
4.471919224469883687e-09
4.810963125330787318e-09
2.357498087816326881e-09
1.978586696117371857e-09
2.053562685481097299e-09
9.649328742954358673e-10
6.536110803763169617e-10
3.762044828716035133e-10
2.063059384374685328e-10
1.052516523268181122e-10
7.106647277848018491e-11
2.114228063429586676e-04
1.473333790688984024e-04
9.879866046997554346e-05
7.006618646383718516e-05
4.533999997890894357e-05
2.925768599029053362e-05
1.984119466334408733e-05
1.302191798078343538e-05
8.732628443212881391e-06
6.261865238175902094e-06
4.366328320843986431e-06
2.998780675439600229e-06
1.960914639057146342e-06
1.202388397812086132e-06
7.021564996448606762e-07
3.032018295502213206e-05
1.195818488909001657e-05
8.588870732104968739e-06
1.268920057839446131e-05
6.172889025341529731e-06
4.262455003867366600e-06
3.611002795998179097e-06
2.025981086852041833e-06
1.378116255517372358e-06
9.370243274248332213e-07
6.728325397441719353e-07
4.789231630539734048e-07
3.338021018893164971e-07
2.196882450577928101e-07
1.377353311520482293e-07
1.935401673368014049e-05
-2.656713289393564691e-06
1.798198351930224972e-06
-9.834380440493478439e-07
-1.401555110292210969e-06
-2.652597667223598411e-07
3.264598316568596994e-07
2.047748560231300340e-08
-1.631473505253119245e-08
-1.461148872513837571e-08
8.440678572894663849e-09
4.806858222717692406e-09
3.681110024327586459e-09
2.793929141935560429e-09
1.032671965720117466e-09
1.874209529634453020e-06
4.714757729577191571e-06
2.787361293942514602e-06
-1.748299637366771948e-06
4.491174862916966802e-07
2.937384528164692239e-07
7.753076677205936720e-08
2.612208316598577798e-08
4.821214661094081416e-09
-1.213699187074480101e-08
5.581427713569003270e-09
-1.117317797278509348e-09
-1.842253075497910276e-09
1.752100990262716537e-09
2.437381133640377086e-10
-4.464041252129653730e-06
2.494925668100248860e-06
3.820168228317736900e-07
-1.810661955015858402e-07
9.159390521266036691e-07
2.419464092285521633e-07
2.329090136092357849e-07
1.784700835904909066e-08
9.694120734148296467e-11
-9.445716446088862212e-09
-1.798075968502571580e-09
-9.066943578463255529e-10
-5.422740380978622357e-10
5.099204787348741966e-10
-1.662423424987727007e-10
-3.964900577156827108e-06
-2.881518299592930959e-07
5.974277666806129093e-07
-5.231741047564379066e-07
1.238751041155680595e-07
2.645343009103403829e-07
2.418802547298891518e-07
-1.184328011859375014e-08
-5.739658726736316229e-09
-2.939293938924745714e-10
-9.845071228459080495e-09
-2.549769499947814645e-09
-3.372162080097678478e-10
2.958953475154941655e-10
-4.433052629576464957e-10
-1.917552341048698766e-06
3.225624103492773231e-07
2.494587715903999111e-07
1.060705864313523798e-07
1.464293271973992967e-07
-2.657488434394073336e-07
1.058408497208726137e-07
1.184601689396719090e-08
7.665291053367839839e-10
-2.272233181263665438e-09
-2.678792960611013878e-09
-4.023299809876853522e-10
5.293990709100650873e-10
2.063697035759518214e-10
-1.762401671769899258e-10
1.966783500547357168e-06
-6.124770036591923501e-07
-9.670006293966410401e-07
-9.464569478744414071e-07
7.826074562835943344e-07
3.909772128690815547e-08
-5.235424471374584629e-08
1.461921154004421679e-09
-1.036968349220577941e-08
-1.494267769198734132e-08
1.220352430994296427e-09
7.753595354795515444e-10
-2.588753947959072456e-10
1.302896612026345653e-10
9.198219800063697192e-11
-2.880569601154178579e-07
5.102525278973108787e-07
-1.214667848275410208e-07
-1.507810909360474421e-07
4.146718869588757127e-08
-9.680599134524765860e-08
-1.089890353243945724e-08
3.003400514634212160e-08
-8.700040376250107504e-09
-5.179401666801071628e-09
-4.308518761550363306e-10
1.450825600645198693e-09
-1.812921895809078432e-09
1.167000198847506896e-10
2.289762410196664407e-10
-1.116333714669675383e-06
7.702084183446099462e-07
-4.449044714118053822e-07
2.541887035095586845e-08
-6.172469142804508491e-09
1.234945966031038684e-07
-1.683513147652352111e-08
-1.368594566260237222e-08
1.277119521994224678e-09
-5.777241526884269736e-10
1.110607973703693756e-09
-1.440685306287561825e-10
-4.919035335131081663e-10
-5.748741997856998329e-10
-2.636819345648928454e-11
1.053528414597779041e-04
9.665786714271184946e-05
6.926540796339901971e-05
5.437303562018363102e-05
3.661134963390827045e-05
2.403364023530298041e-05
1.569735661790033283e-05
9.833705859860870655e-06
6.380798802190980158e-06
4.175657266708615362e-06
2.857051161470877374e-06
2.004012462072936624e-06
1.418435152377435847e-06
9.740860117218729154e-07
6.336326417065241456e-07
3.254991725583398045e-05
1.402635341097999283e-05
1.702023867756106924e-05
1.431095459077393198e-05
8.796664348503201779e-06
6.342914140855578577e-06
4.107449822141415902e-06
2.406918554890760551e-06
1.551617182973267288e-06
1.000485680186901559e-06
6.579154863914035900e-07
4.624372204626856372e-07
3.243103083356882387e-07
2.271912930686810743e-07
1.524697909477894162e-07
5.217040258870662107e-06
-7.559430833098815213e-06
2.193537445104874150e-06
-6.423492105498569146e-07
3.611578029074049627e-07
4.326250319938569015e-07
1.159647643260020809e-07
-5.268913320360985486e-08
1.463229831129713391e-08
-1.070443591353419625e-09
1.820883514146074060e-08
5.390920591729825505e-09
6.672480429029690415e-09
5.503859530847761106e-09
3.094628196352514352e-09
-4.901787483961870958e-06
-1.683873096802391886e-06
3.500816673569862411e-06
5.454633509946669166e-07
-9.307700802145494369e-08
2.461662301530324063e-07
1.691732340489357708e-07
1.369107016205074271e-08
2.295648147975294813e-08
1.143438579661358932e-08
1.278090605077779571e-09
2.436188091895413248e-09
3.243540052322976241e-10
-6.403889994226906844e-10
3.253075604344051424e-10
-6.309940214020326365e-07
9.114281041336018456e-09
2.214024047862837297e-06
9.264533377759711935e-07
1.526677340995006052e-07
1.575471268869877643e-07
-2.866933095192759530e-09
-2.243706243871817815e-08
-8.688903930646553714e-09
4.799070908488822678e-09
-8.551432256395260469e-09
2.281978644367894296e-09
-6.060670342450270672e-10
5.355989647887315907e-10
-1.733280400797345406e-10
-2.560291064705963905e-06
-2.070292586785434066e-06
8.300194047713744546e-07
7.323745789404956972e-07
5.285952742580758157e-08
-2.248358032918597760e-07
6.883419419230357924e-08
3.204729948371316054e-09
1.023809610304031354e-08
9.979220376105293534e-10
-5.009793936611302937e-09
2.335830512165155371e-09
-1.533841574663018028e-09
-1.247958558001374123e-11
-2.454542945659949997e-10
-8.579089871936121063e-07
-8.469839197438545999e-08
-5.939661775038577272e-07
-1.958505009441238977e-07
-1.626931188826390800e-07
-4.769621711792021991e-08
1.372201890188888393e-07
-2.559370778806088557e-08
-7.239120834752304298e-09
3.984085954726506290e-09
-1.437143646917588983e-09
1.406683750363920077e-09
1.429033855546272129e-10
-1.196336424320311351e-10
-1.520691261677469008e-10
2.766686666169020696e-07
3.635770310508553358e-07
-1.711580766103028697e-07
-1.635120742508657669e-08
-2.559569803586615701e-08
1.314166600595034845e-07
8.251680067860944485e-08
5.421751624922249157e-08
1.666684692849543784e-08
2.532380651492239302e-09
1.413393837350774963e-09
1.820094691187141154e-11
-5.143257666416661488e-10
-3.946082212431377683e-10
2.239125296598109149e-10
1.857049452587318451e-08
2.942123873639699668e-07
2.706938083823782474e-08
-1.372420891556851165e-07
-1.271027953762103924e-07
2.946734382976144443e-08
-1.039609017676751569e-08
-2.254869026065298810e-08
4.335678063947036745e-09
-1.892649645380602390e-09
-7.542298093023839660e-11
1.030874124107755894e-09
1.748344058455334840e-10
2.238361938481785590e-11
-9.894927884673633987e-11
6.989073360868902466e-05
5.820874151365755322e-05
5.146252988438168260e-05
3.871073759147294582e-05
2.893274195387420409e-05
1.969226003367334596e-05
1.270832287259906480e-05
7.801846453940172103e-06
4.914198711448744060e-06
3.086082186075117793e-06
2.004522365007251193e-06
1.367360648694976562e-06
9.544159989853819428e-07
6.711491199850028666e-07
4.596180602142218711e-07
1.917140363406123646e-05
1.179605746526547854e-05
1.401060037777417980e-05
1.034092955543611283e-05
7.763027958616880572e-06
5.552116188768310153e-06
3.451702222652560679e-06
2.202119750581123809e-06
1.362081944349462490e-06
8.215675006337794338e-07
5.437595559941128272e-07
3.534729661607616791e-07
2.454866321380657566e-07
1.736340035337268049e-07
1.199611263155567033e-07
-3.305068737746819962e-06
7.933674262456590329e-07
7.569878722059431050e-07
-8.776186017382325186e-07
1.013289550034134129e-07
2.279293030811997180e-07
1.929153366216459290e-07
1.297735020174573768e-07
9.285682017399015386e-09
2.280849382095747784e-08
1.184816831082084954e-08
6.998175510195280362e-09
5.156377988897202676e-09
3.577388068995580715e-09
2.779374522376391840e-09
-3.812294213894992359e-06
1.094979005608780862e-06
1.262323443180169400e-06
6.981119300054850765e-07
6.589853669882178004e-08
2.803863262302575934e-07
1.275585781645008017e-07
4.966387665475205512e-08
3.654134382184062611e-09
6.164303721873682715e-09
-3.480467471031568440e-09
6.708869041438761230e-09
-1.973579285458155119e-10
1.321912478286259173e-10
2.791952496809713406e-10
-1.262360033691962334e-06
-1.780193941024514891e-06
2.251363643394307486e-06
-2.449114039647569690e-08
-3.319364482353390244e-07
3.395496392169085748e-07
2.279541683968251468e-08
-1.076545096040943912e-08
-1.277751358638133393e-08
1.562695858642176567e-10
-1.067897779322873300e-09
-2.352014358376550527e-10
-7.091050233715966444e-10
-3.700117923064206287e-10
-1.826923577797905321e-11
1.388635690940822373e-06
-3.321223971371193332e-07
8.410868254848155531e-07
6.831858320605638218e-08
1.772283768666273518e-07
1.589586269164761567e-07
1.128472938510238310e-07
-1.774233841217555565e-08
-1.117221372583657550e-08
-5.214978315660023290e-09
1.451564998706576080e-10
-2.399874376836494872e-09
-2.086630437044188529e-10
-5.456237457005502812e-10
-2.607496557064187756e-11
-3.218959204161082841e-07
9.651967066166056834e-08
-1.395536482564828686e-06
-8.541092117406390045e-07
1.737831492986861044e-07
-3.910289900603363444e-08
7.194645978592828019e-08
1.207208617199135825e-08
-8.820128687668224566e-09
5.886397452464608494e-09
-4.161668693414082842e-09
4.004429625879349115e-10
1.010609724666216599e-10
-6.474788127122944106e-10
7.245402600808913180e-11
1.460757328709631346e-07
-1.397275920622266348e-07
6.853277322887610373e-08
-1.672420521709906334e-07
5.542850850993931296e-08
-2.888327479946911503e-08
8.992401662692059344e-09
-5.833964467712567924e-09
8.823105016009252960e-09
-1.141847340209482954e-09
1.777020915664879270e-09
-1.909473755539171938e-10
6.506055316222382161e-10
-8.376308630490841682e-11
-3.497720192514870302e-11
4.389935528656385542e-05
3.484081121668846693e-05
3.249988942827609429e-05
2.648565893387916891e-05
1.928422184722034980e-05
1.463267277943326173e-05
9.319794740307982118e-06
6.404505935166656569e-06
3.857510012703016403e-06
2.362648697602295041e-06
1.495599055939316325e-06
9.657316932753837582e-07
6.517738948285538742e-07
4.562339827915696486e-07
3.171226043896754358e-07
8.996273612529192458e-06
9.756760076276701029e-06
7.559166553572141627e-06
6.835586078593656528e-06
5.240511142558309088e-06
3.591517443170444315e-06
2.701486903958443106e-06
1.862446658494547391e-06
1.080937131041848522e-06
6.623663879535542665e-07
4.183679560655685065e-07
2.656333448401454419e-07
1.761755464063706702e-07
1.214723153500284463e-07
8.438789295938468744e-08
-1.920040792253032029e-06
1.983763118213870107e-06
-6.685364777045784779e-08
-1.307199243191384936e-08
2.911293628536830579e-07
9.139942048133127482e-08
7.472686047117772031e-09
7.694041349042487871e-08
1.092435074049462031e-08
2.253939721233620282e-08
9.932953761186140096e-09
7.634821338194713552e-09
3.477693029683149155e-09
2.611106480364605216e-09
1.901942844355375571e-09
-8.206671702730586007e-07
5.762517222001500619e-07
5.826089067350827756e-07
-2.449851964961937163e-07
-7.748678384264944051e-09
1.826227824453337231e-07
-8.264753572851838755e-09
-2.650331665615871701e-09
9.351105734908884099e-09
-1.427867258762331575e-09
4.356727778519531210e-11
-2.000739634387519066e-09
-2.011441885704857821e-09
3.538869903887465953e-10
-5.010002968716568005e-11
-8.117298355007738329e-08
1.339472600867578973e-06
9.398529521443745455e-07
-5.694964104413439873e-07
-6.627707330044981787e-08
5.700560076678740753e-09
4.478900097891765623e-08
-3.211253723493999903e-08
7.948123037475608499e-09
-6.808489755577953754e-09
3.167030301226642327e-09
-1.448907101960317570e-09
2.753351801118408019e-10
-2.374407702675904222e-11
2.631316829813775883e-11
-3.707483740810128109e-07
5.160038483301309826e-08
-3.283147243754431618e-07
-5.429496708571981850e-07
1.998992304852602879e-08
4.281723107646078043e-08
-3.428177456155594043e-08
3.446754586297130009e-10
4.584405029265835310e-09
1.518526612761758909e-09
7.353877185577147091e-10
1.153642917779801678e-09
-8.225448841211854097e-10
-4.038688283175683299e-10
1.349543951224855388e-11
1.545659662016915595e-08
-1.334522191933933149e-08
2.966181265624552847e-07
-1.540206071102726555e-07
-5.065648881248060439e-08
-1.448986097651448431e-08
9.485067259880627083e-09
-7.516857074580737646e-09
5.649732809487603793e-09
-1.282839412560713306e-09
4.218577166167486864e-10
-1.137067453605738474e-10
-2.748698520915187929e-10
-2.740610706217764593e-10
6.476375283711125076e-12
2.468919751176774458e-05
2.926316492368659258e-05
2.224448481480765648e-05
1.993787300226175122e-05
1.464230201296308458e-05
1.065074326206555353e-05
7.885095726359913682e-06
4.898873991050828757e-06
3.012955660985743362e-06
1.873937008070407876e-06
1.158913827397376724e-06
7.295096058670174940e-07
4.739398869204713167e-07
3.208220109341701074e-07
2.236378072065038220e-07
4.524811619777287593e-06
7.902697244819989209e-06
6.474612665078280573e-06
5.402841115735594255e-06
4.123015626932949079e-06
2.811176255872989661e-06
2.328651431842459327e-06
1.334475069238365211e-06
8.317309582791750496e-07
5.228768025576082749e-07
3.148730525572861304e-07
1.987357774957402453e-07
1.263015065043144664e-07
8.458228056946120918e-08
5.841178382386565070e-08
-4.401037568486522589e-07
6.213238740313686791e-07
3.466073188605273635e-07
8.682696181598002261e-08
2.202932782217713593e-07
3.526138549059384076e-08
-3.567243862886100746e-08
2.966739603198975177e-08
3.423667859433407509e-08
7.370198484460237165e-09
6.386948054477302373e-09
1.966976656536111056e-09
2.335328954736130250e-09
1.497638211838103163e-09
8.164898189095121489e-10
8.427823076264804812e-07
1.337963462099202973e-06
4.891533890496061878e-07
1.431600472714011134e-07
8.981746950828993656e-08
-4.500082949258917375e-08
-7.384699397675820094e-08
1.762997026460086707e-08
9.399152410985189415e-09
-4.547971684721962181e-09
-1.970508539295005298e-09
-1.244717918207702952e-09
6.681282321141748461e-11
1.899229508322054103e-10
-2.201524854072161917e-11
-6.619222266059688681e-07
8.161002723622205534e-07
5.449498124492253255e-07
-6.337077622044793479e-08
3.364883978888556219e-08
1.008522716238438279e-07
-4.005851173443821535e-09
3.804567656986468680e-09
7.257294813745097852e-09
-3.542834163029461498e-09
3.695319359941144504e-09
5.831884831804463628e-10
-6.683267324339545701e-10
1.356159333594251407e-10
-3.827604712764340531e-11
-3.189081351727822268e-07
3.014413761807971112e-07
-1.078465903222965604e-07
-2.044591500281125532e-07
-2.400370053987294099e-08
9.994170164591453266e-09
8.340871245782741604e-09
3.045897046087862412e-09
1.359816396672326981e-08
1.931105342271463901e-09
7.442477219014263909e-10
4.804951632686492647e-10
2.393399136724027824e-10
-1.864586916354162831e-10
4.955221217533305429e-12
1.680078868034430762e-05
1.734337294248654773e-05
1.751247815700725219e-05
1.351106321467231025e-05
1.135340399930590702e-05
8.135509363965786597e-06
6.163551389598207180e-06
3.726792211814126837e-06
2.442590456880046291e-06
1.512367263946213789e-06
9.062384581366440552e-07
5.557360022695449170e-07
3.487835105102421167e-07
2.292244838657969705e-07
1.553071315483155563e-07
3.582637431944680338e-06
5.434245599553627004e-06
4.230966820687009940e-06
2.829712407703177948e-06
3.012857607694489138e-06
1.952893026259871698e-06
1.511915526619665665e-06
9.857343990888311997e-07
6.617653715203074771e-07
3.898339461241453951e-07
2.309547119351119624e-07
1.418018492801054540e-07
8.668817403078253815e-08
5.621439633480408939e-08
3.741611679204799498e-08
-7.602970488505003137e-07
4.563346200439199166e-07
9.261026732807472931e-08
3.951409272127684867e-07
3.432044509932797221e-08
1.594649281310644080e-07
-8.650683892653826511e-09
9.837147586080379757e-09
-1.702404856820571642e-09
5.411409196507090260e-09
-1.758036296462109560e-09
6.931389846940658796e-10
4.295642447435928306e-10
2.855032117880803748e-10
3.611803298705855867e-10
-3.324503747879840794e-07
-5.505945966196870327e-07
2.693276752423445175e-07
5.884602247574108083e-08
4.001622482257400672e-09
3.248419739351648057e-08
9.195400412930127546e-09
-3.466394328127961435e-08
1.347274136128732320e-08
-2.294896207834132905e-09
-1.721087058930077067e-09
-1.521018853328689486e-10
-7.991078113539211192e-11
1.105059244120168933e-10
-2.554903104186626805e-11
-3.735635804804068403e-07
4.621938415386461397e-07
9.467634802737950487e-08
1.145396847017334817e-07
2.915949095678377115e-08
-1.903231264730363194e-08
-1.777012643793676960e-08
-5.649738101762183585e-09
-1.715853248681024765e-09
9.763958997771796649e-10
8.137429241748594486e-10
-4.292011880314011356e-10
3.830589190335661325e-11
-2.421920337648287171e-10
-7.059859038594561434e-11
9.855231355610546878e-06
1.100529880710259170e-05
1.046603048125370349e-05
1.004060599507847918e-05
8.157055202285257958e-06
5.897642842723047925e-06
4.580660343348575939e-06
3.001342863078324836e-06
1.987506926774650971e-06
1.177525699849246137e-06
7.059153593641573679e-07
4.263369865806236320e-07
2.593141891957247096e-07
1.636669884013856354e-07
1.076679124670149971e-07
7.765381115746749763e-07
1.223534302836150625e-06
1.616559731157254891e-06
2.172274260574510423e-06
1.502512188094663524e-06
1.177338661572683733e-06
9.063686600069261276e-07
6.171780901080702122e-07
4.089817486756001373e-07
2.318323756292855966e-07
1.413995495390916451e-07
8.595142414979505298e-08
5.187371384426812880e-08
3.183116258795843189e-08
2.055277814290196654e-08
-6.586692198534422144e-07
-5.301549545034031057e-07
-2.375493863062490261e-07
-2.088695779399505998e-07
-7.131160196820973755e-09
2.061663180187554635e-08
-1.634423457338628036e-08
-2.995393904650569727e-08
9.564471080914486642e-09
-1.626915434076782721e-09
-1.298616214000674212e-09
-9.209251322234761296e-10
-5.804795540751569675e-11
3.589854960231729773e-11
-4.813508701146126160e-11
8.843735676371512783e-08
9.677162041821583331e-08
1.891039909796038346e-07
-5.083464678385792586e-08
1.307471123321575203e-08
-3.786211274196107221e-08
-1.136472278216163221e-08
5.664020969080963491e-09
-1.478942131332480267e-09
-8.934234453479658748e-10
-6.595556110291185940e-10
-5.522482473702192190e-10
1.193545461924086541e-10
8.391825114563442472e-11
-4.593776077548679173e-11
4.789805211416191994e-06
5.967802048663312851e-06
6.730128180822839459e-06
5.711449369732603780e-06
5.044862828523560402e-06
3.848742979237764946e-06
2.935762284917155733e-06
2.128470033104266011e-06
1.316581395432776640e-06
8.092511696963966368e-07
4.917651314579017053e-07
2.938074486560080278e-07
1.754737447114476137e-07
1.061558287117875002e-07
6.728215786059460017e-08
6.396021159475154392e-07
6.548959567055050866e-07
7.662428924488164144e-07
7.936104480111229267e-07
4.526933281652798593e-07
5.036151676755281484e-07
3.729524284304081793e-07
2.852549989768532021e-07
1.661756302927998343e-07
1.073528339918683400e-07
6.570362585522262443e-08
3.898920124785082071e-08
2.298316489839456421e-08
1.368881828179802231e-08
8.374978324519479871e-09
-1.078903067210792276e-08
-1.539649264353494566e-07
-1.346996965836232146e-07
3.384869345858940703e-08
4.983223139766094841e-08
5.542824532190035336e-09
-1.664499119157269550e-08
7.974910871074580890e-09
6.382523792035610143e-09
-5.901189872483858366e-10
-2.489763224997782729e-10
-2.392298403341269636e-10
1.076398165414667290e-10
1.291479081385682320e-10
-1.018544631985471804e-10
2.696560155900485101e-06
3.082104398399908146e-06
3.256917958537017010e-06
3.263493080090193403e-06
2.653984269247521583e-06
2.142709624835659849e-06
1.585925472889551672e-06
1.218063510888206812e-06
7.548274842106170936e-07
5.064653000794088678e-07
3.023464057207452446e-07
1.744604381880319597e-07
1.010538716928969537e-07
5.934448618815412315e-08
3.552902559281180206e-08
1.518793897949373650e-07
1.287144491664915631e-07
1.742676492988451416e-07
1.747694079979564726e-07
1.141310833894818309e-07
1.152899009607646202e-07
8.749607832566770053e-08
7.290333651145190278e-08
4.786961904981959158e-08
3.223154406428002732e-08
1.864509201870854119e-08
1.083309014253292472e-08
6.326274743325429776e-09
3.564709936418878629e-09
2.053590469215203257e-09
5.992882785888150213e-07
7.093602862579082701e-07
7.340028791696700657e-07
8.400479306305397070e-07
7.382696758638684599e-07
6.403716368086835983e-07
4.742588359664127341e-07
3.641234948803198361e-07
2.563084275664906142e-07
1.592857763899821174e-07
9.615174354162848864e-08
5.679301323509937308e-08
3.278225286848164418e-08
1.832934675605505347e-08
1.047674546730613467e-08
