# k_h
1.049778529704781249e-05
1.159175189968664199e-05
1.279972093470860273e-05
1.413357131241355091e-05
1.560642158437985927e-05
1.723275454423855990e-05
1.902856820379383862e-05
2.101152313116472214e-05
2.320111889275722206e-05
2.561889232310932130e-05
2.828861943271476775e-05
3.123655915260314941e-05
3.449169889790937304e-05
3.808605470112524927e-05
4.205497680231928825e-05
4.643749707611277699e-05
5.127671465743333101e-05
5.662022886099293828e-05
6.252057937672361732e-05
6.903580651851370931e-05
7.622998236911371350e-05
8.417385834036394954e-05
9.294555638916790485e-05
1.026313548209145665e-04
1.133264959207735956e-04
1.251361682079732418e-04
1.381765323458239436e-04
1.525758125353604555e-04
1.684756280155852437e-04
1.860323536675423384e-04
2.054186625173315406e-04
2.268251992063596845e-04
2.504625008441507816e-04
2.765630197245627642e-04
3.053834661841392517e-04
3.372072824276983738e-04
3.723474219441413879e-04
4.111494927201420069e-04
4.539951041806489229e-04
5.013056215830147266e-04
5.535462987609207630e-04
6.112310220487415791e-04
6.749269668944180012e-04
7.452606805600225925e-04
8.229237864725291729e-04
9.086800855584442616e-04
1.003373065032064915e-03
1.107933814637362957e-03
1.223390805535018444e-03
1.350879552774131298e-03
1.491653849370777607e-03
1.647097989916801453e-03
1.818740973249077797e-03
2.008270705118775368e-03
2.217551227658987045e-03
2.448640763759613037e-03
2.703811973333358765e-03
2.985574305057525635e-03
3.296699142083525658e-03
3.640245879068970680e-03
4.019593354314565659e-03
4.438472446054220200e-03
4.901002626866102219e-03
5.411732476204633713e-03
5.975685548037290573e-03
6.598407868295907974e-03
7.286023348569869995e-03
8.045295253396034241e-03
8.883689530193805695e-03
9.809453040361404419e-03
1.083168946206569672e-02
1.196045242249965668e-02
1.320684235543012619e-02
1.458311825990676880e-02
1.610281504690647125e-02
1.778087951242923737e-02
1.963381282985210419e-02
2.167983911931514740e-02
2.393907867372035980e-02
2.643375471234321594e-02
2.918839827179908752e-02
3.223010152578353882e-02
3.558877855539321899e-02
3.929746150970458984e-02
4.339262098073959351e-02
4.773188382387161255e-02
5.207114666700363159e-02
5.641040951013565063e-02
6.074967235326766968e-02
6.508893519639968872e-02
6.942819803953170776e-02
7.376746088266372681e-02
7.810672372579574585e-02
8.244598656892776489e-02
8.678524941205978394e-02
9.112450480461120605e-02
9.651193767786026001e-02
1.018993631005287170e-01
1.072867885231971741e-01
1.126742139458656311e-01
1.180616393685340881e-01
1.234490647912025452e-01
1.288364976644515991e-01
1.342239230871200562e-01
1.396113485097885132e-01
1.449987739324569702e-01
1.503861993551254272e-01
1.557736247777938843e-01
1.611610502004623413e-01
1.665484756231307983e-01
1.719359010457992554e-01
1.773233264684677124e-01
1.827107518911361694e-01
1.880981773138046265e-01
1.934856027364730835e-01
1.988730281591415405e-01
2.042604535818099976e-01
2.096478790044784546e-01
2.150353044271469116e-01
2.204227298498153687e-01
2.258101552724838257e-01
2.311975806951522827e-01
2.365850061178207397e-01
2.419724315404891968e-01
2.473598569631576538e-01
2.527472972869873047e-01
2.581347227096557617e-01
2.635221481323242188e-01
2.689095735549926758e-01
2.742969989776611328e-01
2.796844244003295898e-01
2.850718498229980469e-01
2.904592752456665039e-01
2.958467006683349609e-01
3.012341260910034180e-01
3.066215515136718750e-01
3.120089769363403320e-01
3.173964023590087891e-01
3.227838277816772461e-01
3.281712532043457031e-01
3.335586786270141602e-01
3.389461040496826172e-01
3.443335294723510742e-01
3.497209548950195312e-01
3.551083803176879883e-01
3.604958057403564453e-01
3.658832311630249023e-01
3.712706565856933594e-01
3.766580820083618164e-01
3.820455074310302734e-01
3.874329328536987305e-01
3.928203582763671875e-01
3.982077836990356445e-01
4.035952091217041016e-01
4.089826345443725586e-01
4.143700599670410156e-01
4.197574853897094727e-01
4.251449108123779297e-01
4.305323362350463867e-01
4.359197914600372314e-01
4.413072168827056885e-01
4.466946423053741455e-01
4.520820677280426025e-01
4.574694931507110596e-01
4.628569185733795166e-01
4.682443439960479736e-01
4.736317694187164307e-01
4.790191948413848877e-01
4.844066202640533447e-01
4.897940456867218018e-01
4.951814711093902588e-01
5.005688667297363281e-01
5.059562921524047852e-01
5.113437175750732422e-01
5.167311429977416992e-01
5.221185684204101562e-01
5.275059938430786133e-01
5.328934192657470703e-01
5.382808446884155273e-01
5.436682701110839844e-01
5.490556955337524414e-01
5.544431209564208984e-01
5.598306059837341309e-01
5.652180314064025879e-01
5.706054568290710449e-01
5.759928822517395020e-01
5.813803076744079590e-01
5.867677330970764160e-01
5.921551585197448730e-01
5.975425839424133301e-01
6.029300093650817871e-01
6.083174347877502441e-01
6.137048602104187012e-01
6.190922856330871582e-01
6.244797110557556152e-01
6.298671364784240723e-01
6.561115980148315430e-01
8.078470826148986816e-01
9.981344938278198242e-01
1.233243823051452637e+00
1.523733019828796387e+00
1.882646441459655762e+00
2.326101541519165039e+00
2.874012231826782227e+00
3.550982236862182617e+00
4.387412071228027344e+00
5.420861721038818359e+00
6.697739124298095703e+00
8.275383949279785156e+00
1.022463989257812500e+01
1.263304233551025391e+01
1.560873985290527344e+01
