# lsst_data
2.520130109931763737e-09
1.700520402248334559e-09
1.125722008664045383e-09
7.480631767478122428e-10
5.032458922803982794e-10
3.393842281878847249e-10
2.325907493910043538e-10
1.604593988563215739e-10
1.099666397068686928e-10
7.376786392077600353e-11
4.775562523592798871e-11
2.958166202797062706e-11
1.754994469702998269e-11
1.000170178896437778e-11
5.497188776611316758e-12
4.223478323425679937e-09
2.846145412384493042e-09
1.875256110434303980e-09
1.216639866785350411e-09
7.978232894284885234e-10
5.357194714589865446e-10
3.652670703647328811e-10
2.545861950544258515e-10
1.781229044135395612e-10
1.226526650482588460e-10
8.143120311124461245e-11
5.129572509608818935e-11
3.049988296167927001e-11
1.716122576608047870e-11
9.228041866450978306e-12
4.296615925285044723e-09
2.841118895457667811e-09
1.843026856642794908e-09
1.171137313212980597e-09
7.519339173992722889e-10
5.064022304546329778e-10
3.470213389550640707e-10
2.455607999897483624e-10
1.744222901905772892e-10
1.214861269458032092e-10
8.101432749228681903e-11
5.073678080037596679e-11
2.959642708733510436e-11
1.610430514667591987e-11
8.279324021954415705e-12
4.363730971749210060e-09
2.858404857655470407e-09
1.839359419735535517e-09
1.155660954381583368e-09
7.333084273094887235e-10
4.945250915812928395e-10
3.398300459786211471e-10
2.424562169482354922e-10
1.736436000800267691e-10
1.217066026630257690e-10
8.137616380671037008e-11
5.082673739270131137e-11
2.935770551136082119e-11
1.568377765321596422e-11
7.853651000972872579e-12
4.421937089863699450e-09
2.873607867811705052e-09
1.836402052315769486e-09
1.142430541765499434e-09
7.173578154025413225e-10
4.843676330807756091e-10
3.336806536315550994e-10
2.398162161038326141e-10
1.729963665781467541e-10
1.219128881708710437e-10
8.169906666425467631e-11
5.091110738404974894e-11
2.915520617174508502e-11
1.532201253319048343e-11
7.486420685663858075e-12
1.423249563525040816e-08
1.033134876523950030e-08
7.262119842820764732e-09
4.983664319313586860e-09
3.312863556281268741e-09
2.164475441758295135e-09
1.419381518170446535e-09
9.430546513473194321e-10
6.385994625608315669e-10
4.387998104856934751e-10
3.014161104540013570e-10
2.032033340851810745e-10
1.324476678285334886e-10
8.248650977881665330e-11
4.889041670178498156e-11
1.788634435229940517e-08
1.312983872466535191e-08
9.295485770584637710e-09
6.436003025405245954e-09
4.303859791510450161e-09
2.790489041227925023e-09
1.826330434716694583e-09
1.201951411327796363e-09
8.091739068057879401e-10
5.547534910598420221e-10
3.822160631112529052e-10
2.598486739250767557e-10
1.714545087742614012e-10
1.082162983922789778e-10
6.488977300844985654e-11
1.981224009204690765e-08
1.456046902541690107e-08
1.030685570816153922e-08
7.145197401244158735e-09
4.777836071165220567e-09
3.079520372608203378e-09
2.012966477778946398e-09
1.320418715762710404e-09
8.887023692656978660e-10
6.100255743586980871e-10
4.215890891965215949e-10
2.878727432938326970e-10
1.908290599382708991e-10
1.208825696319531701e-10
7.259530199345431525e-11
2.149555803104883386e-08
1.581602326664589391e-08
1.119791139648516925e-08
7.771503336106746942e-09
5.197503484350533772e-09
3.336979562455060368e-09
2.179254145624914330e-09
1.426094164735327462e-09
9.594307328484233328e-10
6.590230416673949676e-10
4.563802024951864832e-10
3.125788514433035746e-10
2.078967609050225907e-10
1.320529561754447746e-10
7.941171767644609012e-11
2.700932989343261752e-08
2.083444006914951437e-08
1.526667403000090673e-08
1.086076034491400322e-08
7.500547950466358932e-09
4.956186618080717911e-09
3.211193933123923564e-09
2.087318263017021228e-09
1.371620066546359815e-09
9.187422298728009022e-10
6.243380587420041603e-10
4.249610837260872868e-10
2.854672547859888554e-10
1.861252671822468843e-10
1.163355489059671081e-10
3.243253843562692879e-08
2.544860087286474560e-08
1.886362846332714448e-08
1.352487715856235503e-08
9.424225427635619141e-09
6.274939907209913649e-09
4.046450894574970796e-09
2.626513685416654222e-09
1.711334731068433320e-09
1.138042765004657589e-09
7.698846298460116231e-10
5.240021405020662371e-10
3.537964465554073066e-10
2.328850266296221404e-10
1.473422903534183409e-10
3.694005784258425101e-08
2.924821104768768627e-08
2.179509596305750019e-08
1.567810763786650307e-08
1.097145306062723842e-08
7.328259199175837187e-09
4.705856247266615338e-09
3.052614668987241198e-09
1.979167640740966197e-09
1.311865799293769576e-09
8.861279138449385757e-10
6.037154103178903532e-10
4.091115277844286154e-10
2.708320288712550618e-10
1.724663278159218630e-10
4.270676585587518480e-08
3.489377288620218737e-08
2.676863155542633181e-08
1.965308786776022593e-08
1.395968407453755680e-08
9.531721588051378880e-09
6.223048422315920348e-09
4.010095381483144075e-09
2.582919560096018830e-09
1.686789398939869961e-09
1.120229664858180116e-09
7.531337047455646471e-10
5.075465332441090152e-10
3.374653645732923721e-10
2.180377770542282099e-10
5.165931196111030839e-08
4.315912014318091556e-08
3.372608752997860049e-08
2.507307185000809594e-08
1.797509782208886752e-08
1.241491560775688807e-08
8.170007658147007394e-09
5.237595007826254642e-09
3.362862026985755763e-09
2.176263025482059171e-09
1.431583671312195426e-09
9.560679571302728464e-10
6.433148840361740829e-10
4.296235360702945687e-10
2.803115340187433499e-10
6.830212614508547325e-08
5.967030790277954011e-08
4.874368698244770955e-08
3.759112671420081302e-08
2.765087181525713736e-08
1.953344260014746885e-08
1.325995079929483033e-08
8.577437500543487580e-09
5.478303909713824707e-09
3.489137514713613531e-09
2.244179883927978686e-09
1.463677116219184324e-09
9.674959181088449252e-10
6.417186367739485378e-10
4.213490403988582318e-10
