# f_z
5.276570848989692308e-01
5.398816317144475851e-01
5.518873500856895653e-01
5.636682130491713627e-01
5.752190792919668061e-01
5.865356776499635050e-01
5.976145571793068934e-01
6.084530504554295227e-01
6.190492671345976250e-01
6.294019546160952716e-01
6.395105875217964586e-01
6.493752183759297081e-01
6.589964774188052932e-01
6.683755329464635686e-01
6.775140309249303439e-01
6.864140528679899544e-01
6.950780923692445601e-01
7.035089926957363016e-01
7.117099342378853111e-01
7.196843603533871203e-01
7.274359913862272764e-01
7.349687371129972613e-01
7.422867070508356591e-01
7.493942051044457653e-01
7.562955816507164197e-01
7.629953603188569522e-01
7.694981428270073476e-01
7.758085508948355802e-01
7.819312737009075365e-01
7.878710382936672252e-01
7.936325388621959798e-01
7.992204751699101273e-01
8.046395544999216387e-01
8.098944038332499540e-01
8.149896418503186357e-01
8.199298158090575495e-01
8.247194227226701813e-01
8.293628586522036050e-01
8.338644812980801069e-01
8.382285557624150618e-01
8.424592874815408639e-01
8.465607327848826413e-01
8.505369166452784180e-01
8.543917196881123388e-01
8.581289917327632466e-01
8.617524307946323736e-01
8.652656441081585381e-01
8.686722031866047633e-01
8.719754715049092830e-01
8.751788176370542960e-01
8.782854669931682290e-01
8.812985686615650849e-01
8.842211440717552273e-01
8.870561520784231435e-01
8.898064727928183260e-01
8.924748519239804612e-01
8.950639962668296423e-01
8.975764770962317840e-01
9.000148457271147651e-01
9.023814998854297054e-01
9.046788183138029238e-01
9.069090636613293954e-01
9.090744123661783638e-01
9.111770431548166238e-01
9.132189406866191295e-01
9.152021738327419387e-01
9.171285882791918587e-01
9.190000488894718433e-01
9.208183657104770381e-01
9.225852482938798893e-01
9.243023695025972541e-01
9.259713382008744054e-01
9.275937119179220591e-01
9.291709811411814623e-01
9.307045993283514784e-01
9.321959685364052950e-01
9.336464232840568922e-01
9.350572965145037552e-01
9.364298249735926172e-01
9.377652086800395415e-01
9.390646489377557637e-01
9.403292436363469564e-01
9.415601249236074111e-01
9.427583294969325012e-01
9.439248484147603202e-01
9.450606861558281668e-01
9.461668119809222288e-01
9.472441101395060459e-01
9.482934666628921594e-01
9.493157695236192906e-01
9.503118040711316938e-01
9.512824119971009518e-01
9.522283121591041954e-01
9.531502745940054755e-01
9.540490175768784331e-01
9.549252339245312138e-01
9.557795859287950835e-01
9.566127323841233654e-01
9.574252954249496961e-01
9.582178783924912846e-01
9.589910669479151384e-01
9.597454139064836021e-01
9.604815136158627586e-01
9.611998334090536833e-01
9.619009155692425095e-01
9.625852696016614640e-01
9.632533433533017053e-01
9.639056088197557326e-01
9.645425094911989072e-01
9.651645167631780486e-01
9.657719972701749311e-01
9.663653682188634297e-01
9.669450418246666734e-01
9.675113924625831086e-01
9.680647901709746872e-01
9.686055709094036903e-01
9.691341099818570060e-01
9.696507009676299527e-01
9.701557165012474337e-01
9.706494260346283376e-01
9.711321657470152191e-01
9.716041979012871588e-01
9.720658505608261724e-01
9.725173482263207436e-01
9.729589990074827277e-01
9.733910459718199126e-01
9.738137431581246339e-01
9.742273496514128883e-01
9.746320709103482027e-01
9.750281507061451247e-01
9.754158206980334533e-01
9.757952905473621374e-01
9.761667613750119044e-01
9.765304491593711500e-01
9.768865558382454628e-01
9.772352241422820329e-01
9.775767257387809606e-01
9.779111787540398781e-01
9.782387640407207430e-01
9.785596630052538769e-01
9.788740459466402921e-01
9.791820599076200837e-01
9.794838495205053785e-01
9.797795984029187277e-01
9.800694444920852177e-01
9.803535147493489532e-01
9.806319605201861966e-01
9.809048928148690338e-01
9.811725040705131518e-01
9.814348494708543535e-01
