# fsigma_8
4.387372628894067317e-01
4.441351483562561153e-01
4.491781434198713341e-01
4.538719645675243775e-01
4.582231579624462814e-01
4.622389889994432122e-01
4.659273580298859962e-01
4.692967181554411615e-01
4.723560039500129815e-01
4.751145147391566126e-01
4.775818800434635802e-01
4.797679831229652025e-01
4.816828617161999504e-01
4.833366980635115384e-01
4.847397282290587528e-01
4.859021981063795792e-01
4.868343272514474851e-01
4.875462596470195864e-01
4.880480297848635574e-01
4.883495136409387594e-01
4.884604342144311384e-01
4.883903090582275563e-01
4.881484348409805829e-01
4.877438879044125875e-01
4.871854567140103676e-01
4.864817102688699380e-01
4.856409282024949925e-01
4.846711053550137871e-01
4.835799582143239794e-01
4.823749268477368068e-01
4.810631545847759427e-01
4.796515030856975947e-01
4.781465587131936701e-01
4.765546099186818152e-01
4.748816886072124155e-01
4.731335403285076846e-01
4.713156621011845848e-01
4.694332678639080991e-01
4.674913428997407583e-01
4.654946232645669202e-01
4.634476052624753040e-01
4.613545531587237569e-01
4.592195165781080557e-01
4.570463157495110451e-01
4.548386009400390839e-01
4.525997963393727508e-01
4.503331398164238664e-01
4.480417068767598154e-01
4.457283731557314388e-01
4.433958772188348330e-01
4.410467738333631593e-01
4.386834950137713518e-01
4.363082971430810586e-01
4.339233251417323189e-01
4.315305864770707100e-01
4.291319645049708198e-01
4.267292197848205904e-01
4.243240081435598610e-01
4.219178795390217673e-01
4.195122834871168882e-01
4.171085675960078953e-01
4.147080005355781585e-01
4.123117557427269375e-01
4.099209348209748582e-01
4.075365481829512082e-01
4.051595641095887546e-01
4.027908470117526618e-01
4.004312171485104876e-01
3.980814333602278876e-01
3.957421923466933888e-01
3.934141387888467345e-01
3.910978683858705729e-01
3.887939291961887145e-01
3.865028127273663072e-01
3.842249866945962600e-01
3.819608640643123998e-01
3.797108231995577343e-01
3.774752214989438026e-01
3.752543623054290234e-01
3.730485199938856633e-01
3.708579557641932256e-01
3.686828866756542977e-01
3.665235166758620267e-01
3.643800197901337912e-01
3.622525344463815578e-01
3.601411965051199426e-01
3.580461276876950594e-01
3.559674034505883045e-01
3.539051017203326821e-01
3.518592807713465942e-01
3.498299796877298862e-01
3.478172325299737633e-01
3.458210436578120217e-01
3.438414204130651464e-01
3.418783505049997617e-01
3.399318157558098297e-01
3.380017831056398303e-01
3.360882136700349965e-01
3.341910588847526453e-01
3.323102600999005563e-01
3.304457555794761414e-01
3.285974704978558147e-01
3.267653349024424725e-01
3.249492586657556914e-01
3.231491545381763864e-01
3.213649330560952588e-01
3.195964935026792686e-01
3.178437323368634160e-01
3.161065411904647182e-01
3.143848221997322945e-01
3.126784500374206743e-01
3.109873143403241169e-01
3.093112998804022351e-01
3.076502827154881103e-01
3.060041406316799106e-01
3.043727514755034114e-01
3.027559931219028777e-01
3.011537289243328419e-01
2.995658381148705862e-01
2.979921891118234578e-01
2.964326556033420879e-01
2.948871004445150490e-01
2.933553987747847813e-01
2.918374164785163538e-01
2.903330177910954935e-01
2.888420793913510920e-01
2.873644604880043474e-01
2.859000371884387603e-01
2.844486684793378073e-01
2.830102290875973758e-01
2.815845870699679732e-01
2.801716119195746257e-01
2.787711696012483698e-01
2.773831368258722896e-01
2.760073779492888124e-01
2.746437623788695603e-01
2.732921747717052541e-01
2.719524795821477992e-01
2.706245457035475477e-01
2.693082551428179205e-01
2.680034820289964870e-01
2.667101023424960915e-01
2.654279916406616091e-01
2.641570297939361822e-01
2.628970967028491645e-01
2.616480718850354159e-01
2.604098371646580978e-01
2.591822700876007524e-01
2.579652655989830290e-01
2.567586949559524934e-01
