# rs_dv
inf
1.644385358294328192e+00
8.275835556034768503e-01
5.553952928002848788e-01
4.193596131303760632e-01
3.377842945508531813e-01
2.834385735324282951e-01
2.446521055521469756e-01
2.155897051617101379e-01
1.930095926198547585e-01
1.749666924876140950e-01
1.602232238416669841e-01
1.479539953250641748e-01
1.375877178127493938e-01
1.287163258828677992e-01
1.210405706502384326e-01
1.143360152406715929e-01
1.084310318187943489e-01
1.031921328989917064e-01
9.851393483584178212e-02
9.431213223210863084e-02
9.051847962614141541e-02
8.707714178000333649e-02
8.394199603887428363e-02
8.107460907550463614e-02
7.844269919314797446e-02
7.601895346092017725e-02
7.378010768919662787e-02
7.170622353620269285e-02
6.978011516352378152e-02
6.798689054685036481e-02
6.631358155307202906e-02
6.474884336702599330e-02
6.328270855825188224e-02
6.190638453916001011e-02
6.061208573709310488e-02
5.939289373105902797e-02
5.824264006316696302e-02
5.715580754843910954e-02
5.612744676331618554e-02
5.515310505707674005e-02
5.422876594855728649e-02
5.335079717769311558e-02
5.251590600331929037e-02
5.172110059474505778e-02
5.096365656947506734e-02
5.024108789423122057e-02
4.955112149965617413e-02
4.889167506732901985e-02
4.826083753609081844e-02
4.765685194714092132e-02
4.707810030704059207e-02
4.652309019711018540e-02
4.599044289867521701e-02
4.547888283776012341e-02
4.498722818138404383e-02
4.451438244158220647e-02
4.405932696345937066e-02
4.362111419063648132e-02
4.319886161590267420e-02
4.279174633717093557e-02
4.239900014930856470e-02
4.201990511136706463e-02
4.165378953641101639e-02
4.130002435774147301e-02
4.095801983099262022e-02
4.062722253648890641e-02
4.030711265049953529e-02
3.999720145771400170e-02
3.969702908047021556e-02
3.940616240305985785e-02
3.912419317187758316e-02
3.885073625431546135e-02
3.858542804117731650e-02
3.832792497903202145e-02
3.807790222037299444e-02
3.783505238072740195e-02
3.759908439298585009e-02
3.736972245022072286e-02
3.714670502914538958e-02
3.692978398715050098e-02
3.671872372655143185e-02
3.651330042030161843e-02
3.631330129397994377e-02
3.611852395935521293e-02
3.592877579527226778e-02
3.574387337200042591e-02
3.556364191553957471e-02
3.538791480869833000e-02
3.521653312604447472e-02
3.504934520008633897e-02
3.488620621627558371e-02
3.472697783463174481e-02
3.457152783597834678e-02
3.441972979095112017e-02
3.427146275009452375e-02
3.412661095350263268e-02
3.398506355858843531e-02
3.384671438468087046e-02
3.371146167325451970e-02
3.357920786269245894e-02
3.344985937657005137e-02
3.332332642452689314e-02
3.319952281486681506e-02
3.307836577809231127e-02
3.295977580063989831e-02
3.284367646813888403e-02
3.272999431756645067e-02
3.261865869771887749e-02
3.250960163746099280e-02
3.240275772125569831e-02
3.229806397151098463e-02
3.219545973731510746e-02
3.209488658916164611e-02
3.199628823119229221e-02
3.189961035994692828e-02
3.180480064417849639e-02
3.171180859459758750e-02
3.162058549467849228e-02
3.153108432437614489e-02
3.144325968771691932e-02
3.135706774403670266e-02
3.127246614265547647e-02
3.118941396079033188e-02
3.110787164452271172e-02
3.102780095264679253e-02
3.094916490323734379e-02
3.087192772278566505e-02
3.079605479776139840e-02
3.072151262846726724e-02
3.064826878506186902e-02
3.057629186563321985e-02
3.050555145621313552e-02
3.043601809262894142e-02
3.036766322409548136e-02
3.030045917845598791e-02
3.023437912898592136e-02
3.016939706267881757e-02
3.010548774993808407e-02
3.004262671560291656e-02
2.998079021124081325e-02
2.991995518864290146e-02
2.986009927446196116e-02
2.980120074593643753e-02
2.974323850764691232e-02
2.968619206925447382e-02
2.963004152417317988e-02
2.957476752913160145e-02
2.952035128458048441e-02
2.946677451590661023e-02
