# lsst_theory
2.520234811394853796e-09
1.700573716655419972e-09
1.125749731313835784e-09
7.480868959288584509e-10
5.032567811239325926e-10
3.393938420524315007e-10
2.325969149846926734e-10
1.604616940381169638e-10
1.099674716317382192e-10
7.377062081501271157e-11
4.775980830795323906e-11
2.958755026651785093e-11
1.755825542146485193e-11
1.001311769029887862e-11
5.512403130977630395e-12
4.223693239067037338e-09
2.846281676510687743e-09
1.875292726339474332e-09
1.216645614662213704e-09
7.978513045278968115e-10
5.357344192653748104e-10
3.652643726739972621e-10
2.545899042012273416e-10
1.781285216517302560e-10
1.226554002833923624e-10
8.143523356812044001e-11
5.130176650443345728e-11
3.050863415710796442e-11
1.717347544216405853e-11
9.244717932718049727e-12
4.296856486901832513e-09
2.841277689213872550e-09
1.843058754754474988e-09
1.171126867335899383e-09
7.519654562803681151e-10
5.064126968671605955e-10
3.470237139280759406e-10
2.455683940265391095e-10
1.744302517643529702e-10
1.214870457708428199e-10
8.101797299291396503e-11
5.074283673554673944e-11
2.960528071995599849e-11
1.611679137187438337e-11
8.296410642123827494e-12
4.363986740369853439e-09
2.858576888567228331e-09
1.839388719160708098e-09
1.155641383890123195e-09
7.333416246665162153e-10
4.945335802324313116e-10
3.398339861058764993e-10
2.424651538672347439e-10
1.736526635478352398e-10
1.217066805162307882e-10
8.137962395023028458e-11
5.083280060671328314e-11
2.936661767591288206e-11
1.569640273953711927e-11
7.870991623849544337e-12
4.422206040892483537e-09
2.873791327876337223e-09
1.836428992804771021e-09
1.142403208344808424e-09
7.173924808614713080e-10
4.843744071617781437e-10
3.336859678363959910e-10
2.398263354154811358e-10
1.730063734837940027e-10
1.219122338055120077e-10
8.170236527467870077e-11
5.091717707222499329e-11
2.916416950406340100e-11
1.533476180907281040e-11
7.503997328831215855e-12
1.423293484096329901e-08
1.033182485189669774e-08
7.262484248330891426e-09
4.983836367925535029e-09
3.312918177957104938e-09
2.164522330581674777e-09
1.419446648221541481e-09
9.430706591760559124e-10
6.386012803095903994e-10
4.388024852447842299e-10
3.014211946780096872e-10
2.032097913838050099e-10
1.324565453493054640e-10
8.249929159590813549e-11
4.890834145569130596e-11
1.788682209095323267e-08
1.313040100527296495e-08
9.295986322441901291e-09
6.436267153431825606e-09
4.303900610569597008e-09
2.790570333828795130e-09
1.826373747254409008e-09
1.201957823953687645e-09
8.091902289601925752e-10
5.547769865670956678e-10
3.822233773529505006e-10
2.598548129396282157e-10
1.714633549493176613e-10
1.082291384139345336e-10
6.490792804170250903e-11
1.981274149351429068e-08
1.456108375431453426e-08
1.030743539093965987e-08
7.145515047136693657e-09
4.777873737784107503e-09
3.079619982148718764e-09
2.013001929671137072e-09
1.320444018257327692e-09
8.887311773377906200e-10
6.100599488629572665e-10
4.215945538326563152e-10
2.878780421041661172e-10
1.908379027481647282e-10
1.208954606771383539e-10
7.261361825830714379e-11
2.149607984738983409e-08
1.581668322501252911e-08
1.119855931830060346e-08
7.771867023070666824e-09
5.197537661311324609e-09
3.337093746900766063e-09
2.179282847591118146e-09
1.426132074932590525e-09
9.594694116099633963e-10
6.590661775920525478e-10
4.563844352046759548e-10
3.125835293672183378e-10
2.079056008011124572e-10
1.320658913145040748e-10
7.943017160457173628e-11
2.700978549957564752e-08
2.083506279437294949e-08
1.526736587839505437e-08
1.086132325128534281e-08
7.500834281087705363e-09
4.956262227730613666e-09
3.211266856568592487e-09
2.087422522405264485e-09
1.371640929219722222e-09
9.187412776294938091e-10
6.243438738554275306e-10
4.249685643973813971e-10
2.854764041059609554e-10
1.861381460698717321e-10
1.163537730867771571e-10
3.243301099056352044e-08
2.544927059577942211e-08
1.886442447857147664e-08
1.352560214339774004e-08
9.424635192844996430e-09
6.274970457298708819e-09
4.046563482455438423e-09
2.626586414326941312e-09
1.711307742413188823e-09
1.138028788005566250e-09
7.699056375021439867e-10
5.240143248922126445e-10
3.538057937256673393e-10
2.328978682763730646e-10
1.473605745860138600e-10
3.694054532410184807e-08
2.924892198027995564e-08
2.179598291736600011e-08
1.567897394378313727e-08
1.097197473659662671e-08
7.328262666336188131e-09
4.706006372287080906e-09
3.052663639402553670e-09
1.979119469956640022e-09
1.311865449764057418e-09
8.861746358095155712e-10
6.037325187829478644e-10
4.091206801805383304e-10
2.708448494188644806e-10
1.724846849615461748e-10
4.270729510028454315e-08
3.489448848225622133e-08
2.676952012277517579e-08
1.965403073370912869e-08
1.396041489204140301e-08
9.532040676290330520e-09
6.223174408684741184e-09
4.010143259157375940e-09
2.583043985955443728e-09
1.686852644019835763e-09
1.120283890258373526e-09
7.531489978913869801e-10
5.075558624746534048e-10
3.374783392091157161e-10
2.180560169135047889e-10
5.165985494792910365e-08
4.315986921751511472e-08
3.372706297283089387e-08
2.507419260136986262e-08
1.797608921678622460e-08
1.241544675157490884e-08
8.170069039901449246e-09
5.237700678832800538e-09
3.363036133877325914e-09
2.176265713493468370e-09
1.431554628619758811e-09
9.560705210668835212e-10
6.433261176409027866e-10
4.296368019317949045e-10
2.803297809820256747e-10
6.830269399353360618e-08
5.967107148727543437e-08
4.874474743448399468e-08
3.759246249029115640e-08
2.765223456546020041e-08
1.953447842865535792e-08
1.326029699474712319e-08
8.577598505497066987e-09
5.478339446267705816e-09
3.489210937110297304e-09
2.244271333085303940e-09
1.463785325713944681e-09
9.675323123030168432e-10
6.417324009951082606e-10
4.213673745405085672e-10
