# p_k
3.214330264418135243e+02 1.725899000077613437e+03 8.629712099238489827e+03 2.468588760311029910e+04 8.105502523894917431e+03 8.598274164958372694e+02 1.189917478347992130e+02 4.432807694805888765e+00 7.517805403434914269e-02 1.015299862154973171e-03
3.146369271675397385e+02 1.689420429373706156e+03 8.447417071282279721e+03 2.416637039381818249e+04 7.945544346656480229e+03 8.346563345454090950e+02 1.147246401774379052e+02 4.244482316707613556e+00 7.160003633306723236e-02 9.645374990133020457e-04
3.079670102552498179e+02 1.653618843178671113e+03 8.268504871573533819e+03 2.365636998842048342e+04 7.788027774307524851e+03 8.102165183347324273e+02 1.106563832112485386e+02 4.068205836885927518e+00 6.826012475251959366e-02 9.151582592296028532e-04
3.014247168955987490e+02 1.618501544030769992e+03 8.093011699431627676e+03 2.315599134419654365e+04 7.633005505350071871e+03 7.864979089927917357e+02 1.067858832321480946e+02 3.903111204144491087e+00 6.514123403845249738e-02 8.678079693480539271e-04
2.950107318430925716e+02 1.584073697810722706e+03 7.920961522462272114e+03 2.266532270322159820e+04 7.480534419968091242e+03 7.634834132038904499e+02 1.030759373056603323e+02 3.747827561152094145e+00 6.223981135333186282e-02 8.241799251160621771e-04
2.887257494424976585e+02 1.550337477108644407e+03 7.752369104658184369e+03 2.218441859784633198e+04 7.330653712688825181e+03 7.411657677163919971e+02 9.954783111115528982e+01 3.602137326846037713e+00 5.954797489148098283e-02 7.849866510337875306e-04
2.825701219221568294e+02 1.517295588775551550e+03 7.587245786162208788e+03 2.171329774788895884e+04 7.183395272213558201e+03 7.195250086482546976e+02 9.616409015172203567e+01 3.464740565637680181e+00 5.705019069084334843e-02 7.501064560725539130e-04
2.765437254747819793e+02 1.484947023567818860e+03 7.425587586354752602e+03 2.125197431341716219e+04 7.038782393468203736e+03 6.985486078324086066e+02 9.292761319240001683e+01 3.335236975860306874e+00 5.472791752361930162e-02 7.188066958648543477e-04
2.706462512858691980e+02 1.453290111199612966e+03 7.267384505628007901e+03 2.080043126188459428e+04 6.896837090014760179e+03 6.782221108883255738e+02 8.983177221228558551e+01 3.213037730895048405e+00 5.255706982110119191e-02 6.898537972983823010e-04
2.648771181662672802e+02 1.422322451885763257e+03 7.112622927755321143e+03 2.035862941976526054e+04 6.757568964701492405e+03 6.585274531355873933e+02 8.685546901559233390e+01 3.097319423005606698e+00 5.051413244298656735e-02 6.620939132227257303e-04
2.592355789141160471e+02 1.392039383053563370e+03 6.961284363169392236e+03 1.992652192597575777e+04 6.620987297201132606e+03 6.394534241213611949e+02 8.401502222976426992e+01 2.988123994211029810e+00 4.858463055780089940e-02 6.350227027689402158e-04
2.537206160439926066e+02 1.362435248314399587e+03 6.813339872843151170e+03 1.950403517734310299e+04 6.487095165587487827e+03 6.209814452262644409e+02 8.127924200683304434e+01 2.884418943384108314e+00 4.676113632048925495e-02 6.089228372837993900e-04
2.483310589451198780e+02 1.333504371980924816e+03 6.668756773884006179e+03 1.909108140396530507e+04 6.355887123692883506e+03 6.030977117114186967e+02 7.865949766578515323e+01 2.786245545373791543e+00 4.504169428081705034e-02 5.842791673235690026e-04
2.430654770765223702e+02 1.305238730043260830e+03 6.527499296121355655e+03 1.868756515777505410e+04 6.227357909581617605e+03 5.857858507442643941e+02 7.614043100015392440e+01 2.692962414506451907e+00 4.342247022783572025e-02 5.614408701938446806e-04
2.379224653645525223e+02 1.277630946519124791e+03 6.389527708970690583e+03 1.829338233991586458e+04 6.101498509220178676e+03 5.690317687000263049e+02 7.371831676311104786e+01 2.604298616561377511e+00 4.189870511870075892e-02 5.404993423259398964e-04
2.329003125616463876e+02 1.250671602625357082e+03 6.254795334517149968e+03 1.790840123811116791e+04 5.978286831838101534e+03 5.528190764394593089e+02 7.139379487111754941e+01 2.520084620977128154e+00 4.046474494894942292e-02 5.213739712572163605e-04
2.279972326741160771e+02 1.224351589106686788e+03 6.123258591431818786e+03 1.753249480750056318e+04 5.857606643900138806e+03 5.371020438016528260e+02 6.914850751000416551e+01 2.439654422409867518e+00 3.911257153204194398e-02 5.038558034414375051e-04
2.232113987942014717e+02 1.198660654097253882e+03 5.994864747830736633e+03 1.716553178487717014e+04 5.739722336290287785e+03 5.219529735076885117e+02 6.700107270898607226e+01 2.363418325080660853e+00 3.783623075001447955e-02 4.875566719461148983e-04
2.185408727702181011e+02 1.173588630634239280e+03 5.869563026290661583e+03 1.680736179903084485e+04 5.624320684137202079e+03 5.072695865289856556e+02 6.492483494509902187e+01 2.290444019413875321e+00 3.662469777723107583e-02 4.720870786845313247e-04
2.139836075886225331e+02 1.149124122145601632e+03 5.747297845483893070e+03 1.645783400074190649e+04 5.511467776301743470e+03 4.930670593195590072e+02 6.292907858430103119e+01 2.220973628802521027e+00 3.547192461180206924e-02 4.571238629907119666e-04
2.095374740594925811e+02 1.125256335850291634e+03 5.628013067461588435e+03 1.611678770613987035e+04 5.401130501667256794e+03 4.793288463069113732e+02 6.100424232444064643e+01 2.154546712109218554e+00 3.437228506440829362e-02 4.425546514870491006e-04
2.052003844689929224e+02 1.101973371298907296e+03 5.511652949340341365e+03 1.578406795563938431e+04 5.293262034029047754e+03 4.660367166774103680e+02 5.914800816969861330e+01 2.091047631628469183e+00 3.332272496275888451e-02 4.284068174641410200e-04
2.009701410918276281e+02 1.079264014065325910e+03 5.398156940020601724e+03 1.545950857721174725e+04 5.187866603356764244e+03 4.531895915121240250e+02 5.736080930309024950e+01 2.030416570504243623e+00 3.232167068424634387e-02 4.147905847369786226e-04
1.968444712823576026e+02 1.057116203060290673e+03 5.287466137621557209e+03 1.514294514154843273e+04 5.084866458130434694e+03 4.407600377186187188e+02 5.563288013026539858e+01 1.972209702925899810e+00 3.136674237643236746e-02 4.018320418118657891e-04
1.928212134633949972e+02 1.035517707930154984e+03 5.179522280742168732e+03 1.483420425379625703e+04 4.984233435013064991e+03 4.287387101080475418e+02 5.397017030697232798e+01 1.916704369344500503e+00 3.045713075861266814e-02 3.895874608427824957e-04
1.888980360637785907e+02 1.014456724612593803e+03 5.074263281805516272e+03 1.453311704489735166e+04 4.885926370183402469e+03 4.171111992971848963e+02 5.236116758413705696e+01 1.863288595497761158e+00 2.958993981711381324e-02 3.781154950536474838e-04
1.850728060450723262e+02 9.939210174716660049e+02 4.971627911601312917e+03 1.423951694026511177e+04 4.789910455788437503e+03 4.058671796335407294e+02 5.081060849199914031e+01 1.812248516134598475e+00 2.876398547130260344e-02 3.673853794487456654e-04
1.813431491320541511e+02 9.738984402495734685e+02 4.871558293190906625e+03 1.395322932844564457e+04 4.696135747510680631e+03 3.949912813788607764e+02 4.931116970628806939e+01 1.763151319787638949e+00 2.797628440278151704e-02 3.573710561180768646e-04
1.777068819997906814e+02 9.543770541898394413e+02 4.773991982385744450e+03 1.367408395319309784e+04 4.604560415794063374e+03 3.844714352334523824e+02 4.786279446880956101e+01 1.716046574059820529e+00 2.722462132826540884e-02 3.479787921153325628e-04
1.741616936929974599e+02 9.353446871912595952e+02 4.678869970323431517e+03 1.340191327890245884e+04 4.515140972535916262e+03 3.742957522634842462e+02 4.646349953888509532e+01 1.670814440903798603e+00 2.650617700374939198e-02 3.391037949221480672e-04
1.707054396066811819e+02 9.167893436508394416e+02 4.586131927844481652e+03 1.313654658772459152e+04 4.427836380488350187e+03 3.644528807298225956e+02 4.510941313541868425e+01 1.627231004208347542e+00 2.581793768816556880e-02 3.306449083247113454e-04
1.673358958852791716e+02 8.986996288753197177e+02 4.495718665829188467e+03 1.287781816727539263e+04 4.342598167563614879e+03 3.549311019066178119e+02 4.380204600321204111e+01 1.585474725447947542e+00 2.515798368017563291e-02 3.224902624007078083e-04
1.640508790923317690e+02 8.810634300944818733e+02 4.407572424582873282e+03 1.262555998672589521e+04 4.259383951164078098e+03 3.457187515977742009e+02 4.253539256102310873e+01 1.545090957269854348e+00 2.452323623603138575e-02 3.145893737459525821e-04
1.608482248898005480e+02 8.638693400476420265e+02 4.321636726431721399e+03 1.237961275181356905e+04 4.178148840315916459e+03 3.368056368569489223e+02 4.131210808505221621e+01 1.506425215247627625e+00 2.391295910057363375e-02 3.068738526631426618e-04
1.577258282013102360e+02 8.471059044964554232e+02 4.237853036793954743e+03 1.213979761909610716e+04 4.098455325462383371e+03 3.280379739506921624e+02 4.011505082409681222e+01 1.468758979910458784e+00 2.332177379179493915e-02 2.993349517707480476e-04
1.546815683199693865e+02 8.307621630727496722e+02 4.156163748961876991e+03 1.190599640144959994e+04 4.021439538948788140e+03 3.198354737670697432e+02 3.898060942279514762e+01 1.433047336533507465e+00 2.275858650172529057e-02 2.920610931363133668e-04
1.517134313013418137e+02 8.148267244976558459e+02 4.076517544586382883e+03 1.167800213218793215e+04 3.945546636345583920e+03 3.116352321608666216e+02 3.786031261608285803e+01 1.398104970060169983e+00 2.221018214756368195e-02 2.849602660503365559e-04
1.488194110311454779e+02 7.992892180782896503e+02 3.998857475376311868e+03 1.145570899962595468e+04 3.872116291177921084e+03 3.039403161950256731e+02 3.679565825843738480e+01 1.364792809733781809e+00 2.168707342960164014e-02 2.781655257707904886e-04
1.459975143778563904e+02 7.841387732598087723e+02 3.923133752964738505e+03 1.123893343875386199e+04 3.800117192594508651e+03 2.963726988609924433e+02 3.575530869410219736e+01 1.332516608635557542e+00 2.118074875811751939e-02 2.716021911372279180e-04
1.432457724457170229e+02 7.693649726013678674e+02 3.849290382879611570e+03 1.102753663193335342e+04 3.729836484090979411e+03 2.890464302517819988e+02 3.474659051585725678e+01 1.301177383645352625e+00 2.069247713016106327e-02 2.653306297032553959e-04
1.405623252500839726e+02 7.549576544108191456e+02 3.777278867123978671e+03 1.082137372733047050e+04 3.661230708120018335e+03 2.819528881280765518e+02 3.377065878625097639e+01 1.271112180409061043e+00 2.022270836183137979e-02 2.593268043601985005e-04
1.379453087438635919e+02 7.409070568182187344e+02 3.707049324412470924e+03 1.062030666487066810e+04 3.594259821933123931e+03 2.750840282931194452e+02 3.282421900661816494e+01 1.241882623208485414e+00 1.976953948067700778e-02 2.536174291938853281e-04
1.353928896636934667e+02 7.272032108833401480e+02 3.638552926270098851e+03 1.042419228809215201e+04 3.528881944021263735e+03 2.684315016412124919e+02 3.190753318846102005e+01 1.213715152064308134e+00 1.933307417445666310e-02 2.481685658465190543e-04
1.329033182076385913e+02 7.138366225278927004e+02 3.571742802674546510e+03 1.023289795502427114e+04 3.465058451524752854e+03 2.619882505659389835e+02 3.101895450585459102e+01 1.186411272701039188e+00 1.891199463549489077e-02 2.429760374107260733e-04
1.304748788113510329e+02 7.007979310597884250e+02 3.506571492882822440e+03 1.004629026021830032e+04 3.402749240272803036e+03 2.557463241819767177e+02 3.015755227613879086e+01 1.159968581305347080e+00 1.850557509297333023e-02 2.380103946945587268e-04
1.281058481489276915e+02 6.880784002815357780e+02 3.442993238570550147e+03 9.864239553679934033e+03 3.341914676649899775e+03 2.496988914771683312e+02 2.932278395278336092e+01 1.134423760638642253e+00 1.811319585092454124e-02 2.332373174462305874e-04
1.257946121902825070e+02 6.756690100982456215e+02 3.380964926129414835e+03 9.686623846072703600e+03 3.282518959799705954e+03 2.438389416290200700e+02 2.851300932681025202e+01 1.109555656400552426e+00 1.773337709513958874e-02 2.286441918723692180e-04
1.235395386664379629e+02 6.635612523588813474e+02 3.320444408905547789e+03 9.513317317252811335e+03 3.224522198787492925e+03 2.381592742567962091e+02 2.772833420802423632e+01 1.085622180661647285e+00 1.736644712796026752e-02 2.241826113208381511e-04
1.213390926693305545e+02 6.517465669822861400e+02 3.261388746359817105e+03 9.344201325521873514e+03 3.167888642213226831e+03 2.326541539078142762e+02 2.696699543704471580e+01 1.062279991120701039e+00 1.701050847991852910e-02 2.198603313762771661e-04
1.191917157380187717e+02 6.402168091244637935e+02 3.203756547006005803e+03 9.179160348612547750e+03 3.112583581373958623e+03 2.273169253373118863e+02 2.622884359876809413e+01 1.039741559081198696e+00 1.666585921272912413e-02 2.156368399118137444e-04
1.170959955932941341e+02 6.289642409046425655e+02 3.147509187966416448e+03 9.018077621461647141e+03 3.058571768190060993e+03 2.221420741099225609e+02 2.551278133663726422e+01 1.017823940526988880e+00 1.633132443679442478e-02 2.115173350312146998e-04
1.150504221732568624e+02 6.179808760425812579e+02 3.092607834040076796e+03 8.860842210248285483e+03 3.005680119430173818e+03 2.170608619350046524e+02 2.481234651320861317e+01 9.964077497686356644e-01 1.600499703715114672e-02 2.074785114407603289e-04
1.130536373639772734e+02 6.072595924981783355e+02 3.039015369217093848e+03 8.707361277660640553e+03 2.954290461765250711e+03 2.122551212907590070e+02 2.414427706844055521e+01 9.759381906935108431e-01 1.569173427081149708e-02 2.035653755964668583e-04
1.111042771821242638e+02 5.967925506871866901e+02 2.986694601927689746e+03 8.557513268187782160e+03 2.903956644010710988e+03 2.075327658362912189e+02 2.349032192813949393e+01 9.558174799151466505e-01 1.538539021190301302e-02 1.997368298995254841e-04
1.092009980725885612e+02 5.865731323628519931e+02 2.935609684659259074e+03 8.411204810396577159e+03 2.854785465141943405e+03 2.029512174267476325e+02 2.285610204865191974e+01 9.364210680177280643e-01 1.508846360579628627e-02 1.959796260053993887e-04
1.073425226305410121e+02 5.765941038533186429e+02 2.885726848761682959e+03 8.268336272796374033e+03 2.806744924859663115e+03 1.985051098464826111e+02 2.224047209303392592e+01 9.174544943888391924e-01 1.479941852754362505e-02 1.923302632905006721e-04
1.055276247579643325e+02 5.668491646145248524e+02 2.837012541198151212e+03 8.128809775173525850e+03 2.759807062083809342e+03 1.941904191719614232e+02 2.164319446320035567e+01 8.990883429145699601e-01 1.451899662215646453e-02 1.887753354469266863e-04
1.037550676311388571e+02 5.573313680778799153e+02 2.789434246651063859e+03 7.992537478108941286e+03 2.713941072106741103e+03 1.900023150880930700e+02 2.106353299362500664e+01 8.812004994347859554e-01 1.424635551123273024e-02 1.853249923194326822e-04
1.020236714312685393e+02 5.480346349839072673e+02 2.742961786223105719e+03 7.859424423876483161e+03 2.669119412222548817e+03 1.859365558520691479e+02 2.050093036181966610e+01 8.637750425465682280e-01 1.398129168356089524e-02 1.819797826010760122e-04
1.003323242395886865e+02 5.389528219114796457e+02 2.697562003526398712e+03 7.729387642206807868e+03 2.625330282220299068e+03 1.819970025440030383e+02 1.995575381825933192e+01 8.469020964876632362e-01 1.372428940948148580e-02 1.787354193193968477e-04
9.867990413106221581e+01 5.300799550844940313e+02 2.653205717907417238e+03 7.602336923619317531e+03 2.582522611406127453e+03 1.781677825405630529e+02 1.942615266324605727e+01 8.303736705865022438e-01 1.347381741041555649e-02 1.756031276334812637e-04
9.706531441121370563e+01 5.214100313300727976e+02 2.609865926834112088e+03 7.478192753355053355e+03 2.540641798069108063e+03 1.744303768739412419e+02 1.891045426694402920e+01 8.143528953042024066e-01 1.323047485938365526e-02 1.725472600285814847e-04
9.548752220117522427e+01 5.129378763667734802e+02 2.567512941316861998e+03 7.356874339325489018e+03 2.499724389830433665e+03 1.708123286008052730e+02 1.841098332529744042e+01 7.987024302368320727e-01 1.299371303258215447e-02 1.696000852996362262e-04
9.394549591450810055e+01 5.046577315487005535e+02 2.526119757782018041e+03 7.238304672376385497e+03 2.459718310281506547e+03 1.672967836407974573e+02 1.792609780478159820e+01 7.834823689364127652e-01 1.276365664314228765e-02 1.667431017154538079e-04
9.243830485025017651e+01 4.965644443121349809e+02 2.485660094773706078e+03 7.122408402258213755e+03 2.420599985951120289e+03 1.638802210545161984e+02 1.745533136459982515e+01 7.686552392775313214e-01 1.253984417520315892e-02 1.639722938467113352e-04
9.096492642948595631e+01 4.886528327100745628e+02 2.446108070263744594e+03 7.009111542079504034e+03 2.382346147789442966e+03 1.605594359352510878e+02 1.699820854382430824e+01 7.541517791015402983e-01 1.232163197179095109e-02 1.612872585267681111e-04
8.952449193775683511e+01 4.809180171234671661e+02 2.407439547737769772e+03 6.898343048483529856e+03 2.344933883783257897e+03 1.573312321247457248e+02 1.655441513471845383e+01 7.400883325610888575e-01 1.210974465234246518e-02 1.586685298063436730e-04
8.811608853498042038e+01 4.733550389563693557e+02 2.369630840628419264e+03 6.790033616732816881e+03 2.308341466149212010e+03 1.541925904877061555e+02 1.612343918002618182e+01 7.262974839534063198e-01 1.190273831188735053e-02 1.561267982861497781e-04
8.673882269022413993e+01 4.659593461774134653e+02 2.332656744466497003e+03 6.684118033748610287e+03 2.272545955396916725e+03 1.511402646473055427e+02 1.570494657209943590e+01 7.129002373961895733e-01 1.170149312350670517e-02 1.536401959850917617e-04
8.539185097625744447e+01 4.587263645809557033e+02 2.296497084111561890e+03 6.580530390646596970e+03 2.237526910182425127e+03 1.481714448215487607e+02 1.529851474345190177e+01 6.997984161768922018e-01 1.150502883620445685e-02 1.512150426494441246e-04
8.407439969531162660e+01 4.516516418294561390e+02 2.261127706960857267e+03 6.479209254021380730e+03 2.203263716787449084e+03 1.452832574376943739e+02 1.490376746141058284e+01 6.869968801518896440e-01 1.131333790530193208e-02 1.488456854143543851e-04
8.278562459698254372e+01 4.447310145801005206e+02 2.226528329966541150e+03 6.380091923131631120e+03 2.169736407985663845e+03 1.424729644544807172e+02 1.452037158941937456e+01 6.745355484646883282e-01 1.112668807056209699e-02 1.465224081461763655e-04
8.152478299056470235e+01 4.379602614119921782e+02 2.192678259307963799e+03 6.283118224085661495e+03 2.136925844774439156e+03 1.397380548401742715e+02 1.414793653039134469e+01 6.623051618993187617e-01 1.094392529410190620e-02 1.442546511289403619e-04
8.029110097485006747e+01 4.313354146215971809e+02 2.159557449621452633e+03 6.188234951261431888e+03 2.104813341962385948e+03 1.370759560157189298e+02 1.378617677365887140e+01 6.504277578519999103e-01 1.076626459074237277e-02 1.420241522016349022e-04
7.908387261029815818e+01 4.248525438721162573e+02 2.127146072750549592e+03 6.095382557194247966e+03 2.073380829093518059e+03 1.344846215559847451e+02 1.343475516998751473e+01 6.387795322975037271e-01 1.059231008909387005e-02 1.398431858393700523e-04
7.790239763905864834e+01 4.185079521868186134e+02 2.095424940732251343e+03 6.004508627220788185e+03 2.042611152011481181e+03 1.319617446235540683e+02 1.309337226614423777e+01 6.274037682558155637e-01 1.042253703465995801e-02 1.377060757693949350e-04
7.674598529835428451e+01 4.122978735825181502e+02 2.064376896556530482e+03 5.915560480274506517e+03 2.012486589646967332e+03 1.295050693630031731e+02 1.276172891021151301e+01 6.162998794312093409e-01 1.025686915312279922e-02 1.356103517202442220e-04
7.561397387845843809e+01 4.062188261057612522e+02 2.033983408862838814e+03 5.828488852913458686e+03 1.982990806732251031e+03 1.271123527584055637e+02 1.243949566052036637e+01 6.053968722028052474e-01 1.009444456129148307e-02 1.335623797574698210e-04
7.450573870436303991e+01 4.002673904985360878e+02 2.004227803753610260e+03 5.743241612108696245e+03 1.954107133070967848e+03 1.247814368420274747e+02 1.212641094838661537e+01 5.948005893113965659e-01 9.936641822465756488e-03 1.315541083036602104e-04
7.342063112840820338e+01 3.944401872442359149e+02 1.975093155648827860e+03 5.659773507055426307e+03 1.925819913751269041e+03 1.225104567211575954e+02 1.182217759075037300e+01 5.843914478016024594e-01 9.781824626250769719e-03 1.295924744837077651e-04
7.235807414452857245e+01 3.887339782018422056e+02 1.946562505390112847e+03 5.578035963055779575e+03 1.898121576508806356e+03 1.203023247306988850e+02 1.152703998311145561e+01 5.742372285568132506e-01 9.630954311977557233e-03 1.276743353403459434e-04
7.131743722006542896e+01 3.831455942591376242e+02 1.918621289551828568e+03 5.497986511666341357e+03 1.870975518032550781e+03 1.181410058750260959e+02 1.123927834446952723e+01 5.642787602191965401e-01 9.483212405869245742e-03 1.257948470517314995e-04
7.029820953810430240e+01 3.776720035918138478e+02 1.891253807740600450e+03 5.419579872102279296e+03 1.844388862913100638e+03 1.160391175565787449e+02 1.096010674523046546e+01 5.545151832562515981e-01 9.338495830524214114e-03 1.239619689788376393e-04
6.929979793435329327e+01 3.723102177398338881e+02 1.864445076704212624e+03 5.342773772643133270e+03 1.818340797813663130e+03 1.139900958495755248e+02 1.068880877972920018e+01 5.450067467882471206e-01 9.197787561764010980e-03 1.221628081600100368e-04
6.832169190270685988e+01 3.670574227985196671e+02 1.838181356651051374e+03 5.267527714322137399e+03 1.792817333946786903e+03 1.119921101706727598e+02 1.042510401600953429e+01 5.356619234067913071e-01 9.059620228345575954e-03 1.204081083619311257e-04
6.736336427679745498e+01 3.619108882801234017e+02 1.812447747926700458e+03 5.193802460464013166e+03 1.767805040210707602e+03 1.100435850203305677e+02 1.016877973025744097e+01 5.265255605594280075e-01 8.924786212922789300e-03 1.186913178052646003e-04
6.642430604846072129e+01 3.568677926743114313e+02 1.787231379623223802e+03 5.121557851936642692e+03 1.743291728076983418e+03 1.081431303439341747e+02 9.919624913566634561e+00 5.175793999671904899e-01 8.792935821241666672e-03 1.170126843420583331e-04
6.550401806387931458e+01 3.519254765365510593e+02 1.762519392644710706e+03 5.050756591414636205e+03 1.719264465324827825e+03 1.062893831029052762e+02 9.677432702900516048e+00 5.087924563079981866e-01 8.663525975654283104e-03 1.153746732831867003e-04
6.460205039485792611e+01 3.470815433379418096e+02 1.738298216237812312e+03 4.981364055633714997e+03 1.695711668798767050e+03 1.044808327424262018e+02 9.441995684644592046e+00 5.002208364806306484e-01 8.537749958986130816e-03 1.137766608767753996e-04
6.371793813369373538e+01 3.423334210908609521e+02 1.714556502639699374e+03 4.913342179607672733e+03 1.672621531327097046e+03 1.027160754343797180e+02 9.213098266855190843e+00 4.917945127257922766e-01 8.414100745489169406e-03 1.122152971505948563e-04
6.285123477049005203e+01 3.376787266172773911e+02 1.691281805081804578e+03 4.846659001303092737e+03 1.649981746924921481e+03 1.009937088759255204e+02 8.990544805396943673e+00 4.835460119481851393e-01 8.293416028279421842e-03 1.106936689050355742e-04
6.200149213483763333e+01 3.331151092804428231e+02 1.668462284985070255e+03 4.781279614884455441e+03 1.627782360632407745e+03 9.931240817574851576e+01 8.774138929241221518e+00 4.754628615404203895e-01 8.175374199110433879e-03 1.092085945285150981e-04
6.116830053078805207e+01 3.286404017775701050e+02 1.646086744977232229e+03 4.717172195544790156e+03 1.606011362909218633e+03 9.767115449971011287e+01 8.563716976595818764e+00 4.675183042150556356e-01 8.059313683524079591e-03 1.077554367505655238e-04
6.035123804211710308e+01 3.242523472654126522e+02 1.624144280847433492e+03 4.654305527962015731e+03 1.584660118600729675e+03 9.606877749535684075e+01 8.359109217235564770e+00 4.597584985162504467e-01 7.946558236944890191e-03 1.063384438142333811e-04
5.954992473501257422e+01 3.199488021621071994e+02 1.602624459150079247e+03 4.592648888673783404e+03 1.563717134014423436e+03 9.450402820218806710e+01 8.160126831109700163e+00 4.521286453086326151e-01 7.835565762378333271e-03 1.049500728689083660e-04
5.876396517898829330e+01 3.157277195449146348e+02 1.581516717815638231e+03 4.532172591975252544e+03 1.543172781236803303e+03 9.297574052422146451e+01 7.966604304429020900e+00 4.446507082100292774e-01 7.727059491239442884e-03 1.035905240943860427e-04
5.799298486741454184e+01 3.115870378990558720e+02 1.560811078079260596e+03 4.472848481939097837e+03 1.523016922862319461e+03 9.148255612261813496e+01 7.778340537682917777e+00 4.373171409748938254e-01 7.620835461734984731e-03 1.022567576439796500e-04
5.723662640908816002e+01 3.075248368944214690e+02 1.540497599019296104e+03 4.414648670436211432e+03 1.503241524479198461e+03 9.002429488092838028e+01 7.595271786772156197e+00 4.301075679869278967e-01 7.516232642034851794e-03 1.009486757072296676e-04
5.649453709763198361e+01 3.035392737484787631e+02 1.520566885005892800e+03 4.357544051433441382e+03 1.483836577898403448e+03 8.859927836491955588e+01 7.417177775468696055e+00 4.230535219155687754e-01 7.414456724900212597e-03 9.966419721628280097e-05
5.576635853823776756e+01 2.996284794786589600e+02 1.501009963477752763e+03 4.301510510023800634e+03 1.464793427328173493e+03 8.720673003577806526e+01 7.243927399433350622e+00 4.161184916057272809e-01 7.314225078500578153e-03 9.840296356290135420e-05
5.505178453611859624e+01 2.957905808458721140e+02 1.481817173909232224e+03 4.246521609533824630e+03 1.446103356085557607e+03 8.584567600339333637e+01 7.075375238473527340e+00 4.093107841321456664e-01 7.215968067812077689e-03 9.716620252376660780e-05
5.435045776791742611e+01 2.920239508702740068e+02 1.462980986591322335e+03 4.192552316850819807e+03 1.427760304609747664e+03 8.451677861690673410e+01 6.911549187988971887e+00 4.026406849173119751e-01 7.119996668364495657e-03 9.595427742511453432e-05
5.366209050263514513e+01 2.883268238330405779e+02 1.444491866280438217e+03 4.139578481304365596e+03 1.409750173707956264e+03 8.321447809818181440e+01 6.751813025327389362e+00 3.960696688414106492e-01 7.025218101793866479e-03 9.476138271846268476e-05
5.298637015551307883e+01 2.846976073733471821e+02 1.426342446176065778e+03 4.087577374036706715e+03 1.392071186904556271e+03 8.194274766027579915e+01 6.596554555312056145e+00 3.896343348232322312e-01 6.932952088332213977e-03 9.359977659020449279e-05
5.232298874712445524e+01 2.811346157852805163e+02 1.408524275532643060e+03 4.036524839257417170e+03 1.374713506050990873e+03 8.069914048979161691e+01 6.445470109459007446e+00 3.833102724295825436e-01 6.842197895725757838e-03 9.245933283008616775e-05
5.167165541557405106e+01 2.776364811237451704e+02 1.391029646801582203e+03 3.986399292049869473e+03 1.357669209740837914e+03 7.948280408874941827e+01 6.298431244957289010e+00 3.770951875498537165e-01 6.752975729022254493e-03 9.134140685249913789e-05
5.103211117773824412e+01 2.742014663611078049e+02 1.373850964883293500e+03 3.937180080394898141e+03 1.340931887876022984e+03 7.829301127370440838e+01 6.155324008444831740e+00 3.709991137003378348e-01 6.666022547393589404e-03 9.025614774209129098e-05
5.040406567413626959e+01 2.708282375989391539e+02 1.356981248130058702e+03 3.888844372702819328e+03 1.324494077175799021e+03 7.712906886556427821e+01 6.016036150142505257e+00 3.650035812384216372e-01 6.580208043941036290e-03 8.918747247075198715e-05
4.978725407520349222e+01 2.675154161288107275e+02 1.340413141371755501e+03 3.841372878521940493e+03 1.308349255374153699e+03 7.599029121373190776e+01 5.880461190293265972e+00 3.591176533937492366e-01 6.496358826371905620e-03 8.814855831098457220e-05
4.918143523897452241e+01 2.642614897030717884e+02 1.324139140035650144e+03 3.794745679675293559e+03 1.292490019004968872e+03 7.487594428081499132e+01 5.748484441933682021e+00 3.533351404323932243e-01 6.414097630555791289e-03 8.713335026293364137e-05
4.858632536103784361e+01 2.610651437639561436e+02 1.308153891401824694e+03 3.748943280368422165e+03 1.276910751317656832e+03 7.378529455532596160e+01 5.619995551079791873e+00 3.476475828882878427e-01 6.332885069592313586e-03 8.613317436621536506e-05
4.800170288422050646e+01 2.579251417497095531e+02 1.292449539727631418e+03 3.703947101577150534e+03 1.261604442888004542e+03 7.271778809308152347e+01 5.494902649305475784e+00 3.420674048946405477e-01 6.253979275687017274e-03 8.516755381586111056e-05
4.742733668841471939e+01 2.548401577426873246e+02 1.277020228855628375e+03 3.659738797136560606e+03 1.246566558162647880e+03 7.167408153748836241e+01 5.373244706075924526e+00 3.365840468085513071e-01 6.176123280848240006e-03 8.421678009292460506e-05
4.686297861152030464e+01 2.518089025782424528e+02 1.261859402594030144e+03 3.616299943786882977e+03 1.231787190495321511e+03 7.064978362704982828e+01 5.254517784982907003e+00 3.311852041008272463e-01 6.099552555087482328e-03 8.328458707435576057e-05
4.630841431777193407e+01 2.488302429105010276e+02 1.246961310586625132e+03 3.573614874520295871e+03 1.217264391583302313e+03 6.964800136162767785e+01 5.139028860516550168e+00 3.258865349868039774e-01 6.024723387392161809e-03 8.237673943346721366e-05
4.576340706270308090e+01 2.459029452142478362e+02 1.232320479131082493e+03 3.531665196749857841e+03 1.202991280387587494e+03 6.866689220110733061e+01 5.026549007648069001e+00 3.206744804621113332e-01 5.950795354076812184e-03 8.148166554109874176e-05
4.522776595885443385e+01 2.430258976788486223e+02 1.217930864066228196e+03 3.490435858335375087e+03 1.188962263548688725e+03 6.770605592847432774e+01 4.917008874350988101e+00 3.155547167811965648e-01 5.878591633571627305e-03 8.061002673026072102e-05
4.470127515057626510e+01 2.401979805218922195e+02 1.203786796611043201e+03 3.449909057240090078e+03 1.175171996473554145e+03 6.676488958572400634e+01 4.810316034587414968e+00 3.105211415613052806e-01 5.807531714699115319e-03 7.975397002169593616e-05
4.418373690217882910e+01 2.374181612757064102e+02 1.189882802208352359e+03 3.410070446846392770e+03 1.161615259304693382e+03 6.584289063643034012e+01 4.706389683415376446e+00 3.055707353062597220e-01 5.737404387796165607e-03 7.891069849453060910e-05
4.367493973441285959e+01 2.346852892296776929e+02 1.176213930203332666e+03 3.370905555729410025e+03 1.148286719063052033e+03 6.493950075797417298e+01 4.605143884771545792e+00 3.007074590253082103e-01 5.669061623332842352e-03 7.809204005490425534e-05
4.317470200939832381e+01 2.319983992068427767e+02 1.162774186114879967e+03 3.332398783163367170e+03 1.135181684820819100e+03 6.405429070150394466e+01 4.506508660527337007e+00 2.959238807014087369e-01 5.601500252178997011e-03 7.728354898066509772e-05
4.268285377112142243e+01 2.293564621776557146e+02 1.149559824400894968e+03 3.294535795728741959e+03 1.122295496999094667e+03 6.318678689969051732e+01 4.410408494203974961e+00 2.912208784237247383e-01 5.535153079309694350e-03 7.649244129258150925e-05
4.219917316783739381e+01 2.267585537499254542e+02 1.136565367232125936e+03 3.257302370378378782e+03 1.109622990497952969e+03 6.233651286384040446e+01 4.316768291397923285e+00 2.865978377426926516e-01 5.470137184870452196e-03 7.572033632655499860e-05
4.172353390107834770e+01 2.242036451696186816e+02 1.123785710192294573e+03 3.220686260822558324e+03 1.097159794158308841e+03 6.150306805804603982e+01 4.225521841061935291e+00 2.820503912490027743e-01 5.405844186712421492e-03 7.495705796980826896e-05
4.125572130875243460e+01 2.216908998393890613e+02 1.111216905760749341e+03 3.184672588554868526e+03 1.084901443040001368e+03 6.068601388585720002e+01 4.136601383279115751e+00 2.775804947643004672e-01 5.343016585475163921e-03 7.421735427793574812e-05
4.079559125743156045e+01 2.192193527631166035e+02 1.098854125999533153e+03 3.149249986531277045e+03 1.072843819504286103e+03 5.988492692751884050e+01 4.049938769614906953e+00 2.731846297649724309e-01 5.281115253037242489e-03 7.349019986062212768e-05
4.034297667545821042e+01 2.167881268349011634e+02 1.086692899326669021e+03 3.114405203486157461e+03 1.060982172520531549e+03 5.909935394762916872e+01 3.965465339311651682e+00 2.688605389998498518e-01 5.219941421425654433e-03 7.277194483635821183e-05
3.989770649862299479e+01 2.143964384280663182e+02 1.074729127483985167e+03 3.080126092720756787e+03 1.049312839732681596e+03 5.832906309102706643e+01 3.883135243888812482e+00 2.646105141218843548e-01 5.160331904707869156e-03 7.208177889196526488e-05
3.945964668834762534e+01 2.120433911407923233e+02 1.062958821247833839e+03 3.046400662676959655e+03 1.037831634104970135e+03 5.757352047688202390e+01 3.802872331276001994e+00 2.604295844901438062e-01 5.101343714548385241e-03 7.139782465295231009e-05
3.902863302982829907e+01 2.097281611217633213e+02 1.051377488858535798e+03 3.013217071200580904e+03 1.026534444613234655e+03 5.683242039265132206e+01 3.724624429801996151e+00 2.563178150826913582e-01 5.043314038542899905e-03 7.072895752848319759e-05
3.860451828186339185e+01 2.074500553469184467e+02 1.039981454460304803e+03 2.980563713386517065e+03 1.015417753731260632e+03 5.610539205685520869e+01 3.648333097531383906e+00 2.522746358230982255e-01 4.986468313103051275e-03 7.008090319830589335e-05
3.818715968382734616e+01 2.052081881310600409e+02 1.028766562718793011e+03 2.948430480282312146e+03 1.004477527916241456e+03 5.539211992957071828e+01 3.573947530049290666e+00 2.482974165932474997e-01 4.930205072109475513e-03 6.943810928029087951e-05
3.777641838814711406e+01 2.030018751420168144e+02 1.017729813391363223e+03 2.916806631388925325e+03 9.937112149548102025e+02 5.469309221867542448e+01 3.501503879009221887e+00 2.443901240851292234e-01 4.875143786526347708e-03 6.881710638338032419e-05
3.737215856717038065e+01 2.008303223351611280e+02 1.006866698502934923e+03 2.885681485282040285e+03 9.831128027365321032e+02 5.400546863323574343e+01 3.430675600012213611e+00 2.405395383395713960e-01 4.820825560761133645e-03 6.820792906118210521e-05
3.697424178887658286e+01 1.986928967957433940e+02 9.961739915927057609e+02 2.855044225103516055e+03 9.726810148738620683e+02 5.333143020246912869e+01 3.361685049500453104e+00 2.367552868309659164e-01 4.767104487164888597e-03 6.760368772871257063e-05
3.658255185165361922e+01 1.965888471226287209e+02 9.856484166328724541e+02 2.824884917128257712e+03 9.624118742732736109e+02 5.266985151505047469e+01 3.294395323030733902e+00 2.330340404761961914e-01 4.714676314179741361e-03 6.702617470086821101e-05
3.619695245290130714e+01 1.945175677669408856e+02 9.752863204804021962e+02 2.795194822134602873e+03 9.523028961014349534e+02 5.202130859754583270e+01 3.228853957798579088e+00 2.293775012645831168e-01 4.662879419286856952e-03 6.645473964175224843e-05
3.581732623482079703e+01 1.924783099450144448e+02 9.650843416817702973e+02 2.765963153317352408e+03 9.423484354522278181e+02 5.138289532055068065e+01 3.164729549898511074e+00 2.257725809305652087e-01 4.611619599259695647e-03 6.589019686508875947e-05
3.544353704864646204e+01 1.904704396661411465e+02 9.550398027327934187e+02 2.737182142236746131e+03 9.325475767903742508e+02 5.075693306970907770e+01 3.102262067908058807e+00 2.222311094658039610e-01 4.561522430419732987e-03 6.534839173168699022e-05
3.507548340190036384e+01 1.884933428447938581e+02 9.451484512745660140e+02 2.708841419577294346e+03 9.228969143098715904e+02 5.014230024719749679e+01 3.041315747541199155e+00 2.187472429313417899e-01 4.511910050783733174e-03 6.480974169636466735e-05
3.471304499250385334e+01 1.865464406374732107e+02 9.354083466460004956e+02 2.680932710785408744e+03 9.133929288845947667e+02 4.953874533385161527e+01 2.981850287563356794e+00 2.153204517225216497e-01 4.463088982763631363e-03 6.428400873456206093e-05
3.435611328718286472e+01 1.846291058743034625e+02 9.258159906503618686e+02 2.653448262617476757e+03 9.040329955110735227e+02 4.894596409807478921e+01 2.923820516738008912e+00 2.119496935045112884e-01 4.415112841491022379e-03 6.377304130711440025e-05
3.400458325619584343e+01 1.827407122395576948e+02 9.163685612371720026e+02 2.626378105316332949e+03 8.948141741813270755e+02 4.836373305717177118e+01 2.867188856283354959e+00 2.086336233073801671e-01 4.367595379773899986e-03 6.326492987188365796e-05
3.365834092305166791e+01 1.808807556606144544e+02 9.070630019550881116e+02 2.599714702999298424e+03 8.857339526032394588e+02 4.779181701449270037e+01 2.811919618257106901e+00 2.053718814899700429e-01 4.320966122074287180e-03 6.277336707850293305e-05
3.331727481431867943e+01 1.790486115169335051e+02 8.978967227008776035e+02 2.573450669143634059e+03 8.767893131474324946e+02 4.722993853172138756e+01 2.757969353332454077e+00 2.021630723231021276e-01 4.274969988689163516e-03 6.229055815702496811e-05
3.298130134481642983e+01 1.772438232616518690e+02 8.888668109981888392e+02 2.547577908790686706e+03 8.679775275177935328e+02 4.667791183340533934e+01 2.705309134812518224e+00 1.990063707033128126e-01 4.229408438308225257e-03 6.181000136504566952e-05
3.265030959002937294e+01 1.754657784096599187e+02 8.799709081460304105e+02 2.522088544379534142e+03 8.592965672648549571e+02 4.613553500434744592e+01 2.653904653503438293e+00 1.959014250127301127e-01 4.184806771319797211e-03 6.134921978600899799e-05
3.232421105653101989e+01 1.737139908298871092e+02 8.712064378190804064e+02 2.496975050903087777e+03 8.507434440535165550e+02 4.560251973689534566e+01 2.603716158577911166e+00 1.928467048767527336e-01 4.140665405274998427e-03 6.089190249243530702e-05
3.200290426344472650e+01 1.719879621452881224e+02 8.625705151338219139e+02 2.472230797008507579e+03 8.423157743180196348e+02 4.507870275678321548e+01 2.554714189172145211e+00 1.898415076698857507e-01 4.097009251136246762e-03 6.043906508785187848e-05
3.168630251559658362e+01 1.702871536716184835e+02 8.540607398508141159e+02 2.447847922388933512e+03 8.340111483684687528e+02 4.456385775227591495e+01 2.506865942209176357e+00 1.868852788114701013e-01 4.054211294238040456e-03 6.000353413654666663e-05
