# tt
1.045606844956308123e+03
9.877949354780109843e+02
9.305420638434266039e+02
8.860406655334300012e+02
8.540266193154267285e+02
8.323208351633456914e+02
8.182879492924113265e+02
8.102024538908065097e+02
8.067740267879275962e+02
8.065331121613979803e+02
8.098834889203628791e+02
8.147897684574738832e+02
8.211759321045442448e+02
8.279029841684279063e+02
8.366638042250938270e+02
8.472463404408260885e+02
8.584597406724675466e+02
8.710636672772864131e+02
8.834543743650823444e+02
8.963144180661051905e+02
9.096543989159519015e+02
9.230792284549044098e+02
9.369015987666234651e+02
9.512465436383441784e+02
9.656162181573988619e+02
9.804179682159257254e+02
9.954836788443601563e+02
1.010743816682769307e+03
1.026403700982239798e+03
1.041864390717555807e+03
1.057935164382331095e+03
1.074084956110050825e+03
1.090287577372314445e+03
1.107113347060310616e+03
1.123652491788924408e+03
1.140434124765982915e+03
1.157569561665990022e+03
1.174957098034713681e+03
1.192510486625548992e+03
1.210139997656134028e+03
1.227853396454827816e+03
1.245669822514730413e+03
1.263645557080193157e+03
1.281851738096067265e+03
1.300259858689020348e+03
1.318851391976737432e+03
1.337597306461720791e+03
1.356483427346972576e+03
1.375562434987745519e+03
1.394890696281023565e+03
1.414413042336474064e+03
1.434055705754745304e+03
1.453796917588236511e+03
1.473629765589847011e+03
1.493664451560513498e+03
1.514004219077323341e+03
1.534609433506652067e+03
1.555395890113374890e+03
1.576346239314617378e+03
1.597470067149866964e+03
1.618773276894312403e+03
1.640273850745004893e+03
1.661974914198495071e+03
1.683901877802084073e+03
1.706092025860674767e+03
1.728526140806077137e+03
1.751167165426703377e+03
1.773970614160714376e+03
1.796906858146772720e+03
1.819953794369165962e+03
1.843223420098186580e+03
1.866827830099502762e+03
1.890775122235281970e+03
1.915065966017443543e+03
1.939655072599380219e+03
1.964417316603884501e+03
1.989337609650471904e+03
2.014460290160660179e+03
2.039807411505215896e+03
2.065403440284193493e+03
2.091260210964047474e+03
2.117354829489269378e+03
2.143686686855099651e+03
2.170247745706532442e+03
2.197034335281927724e+03
2.224015681091630086e+03
2.251172803589603518e+03
2.278516436630812223e+03
2.306049885719970462e+03
2.333783393608212464e+03
2.361717810281106722e+03
2.389868351320891179e+03
2.418227947259054872e+03
2.446811813677836199e+03
2.475612881108724196e+03
2.504631508433457384e+03
2.533875482884023768e+03
2.563322878291411598e+03
2.592988910237861546e+03
2.622866509254860375e+03
2.652956034224146606e+03
2.683242987326959337e+03
2.713727727445037544e+03
2.744403185109869810e+03
2.775262290852943352e+03
2.806297975205749026e+03
2.837495740349523203e+03
2.868863373516256161e+03
2.900386376887185179e+03
2.932057565801561395e+03
2.963876723179925648e+03
2.995836088400332756e+03
3.027927900840836628e+03
3.060144399879491175e+03
3.092485253244599335e+03
3.124942700314215926e+03
3.157501552116143557e+03
3.190161476378686984e+03
3.222914712479899208e+03
3.255753499797834138e+03
3.288662649360295745e+03
3.321641828895588333e+03
3.354683277781763991e+03
3.387771807046628965e+03
3.420907084418483919e+03
3.454073920925136008e+03
3.487264555944635504e+03
3.520478657205289437e+03
3.553701035734899051e+03
3.586916758776210827e+03
3.620134203482483372e+03
3.653332289820920323e+03
3.686512222809469677e+03
3.719660350765584099e+03
3.752777878707214313e+03
3.785851154951812077e+03
3.818873956167079086e+03
3.851832630670463914e+03
3.884735811830169951e+03
3.917562419613398106e+03
3.950306230687848256e+03
3.982968450071472034e+03
4.015527997731473079e+03
4.047986078685798475e+03
4.080314184551401013e+03
4.112506091995981478e+03
4.144548149336992537e+03
4.176426704891884583e+03
4.208128106978108008e+03
4.239631046670248907e+03
4.270943012873431144e+03
4.302048980549414409e+03
4.332948781360455541e+03
4.363634818618565987e+03
4.394114352336252523e+03
4.424364929125023991e+03
4.454393808997390806e+03
4.484185966915109930e+03
4.513733806190191899e+03
4.543014873434142828e+03
4.572021571958975073e+03
4.600746305076693716e+03
4.629166619398809416e+03
4.657282346587581742e+03
4.685078461604767654e+03
4.712547367762375870e+03
4.739681468372417839e+03
4.766473166746899551e+03
4.792914866197830634e+03
4.818991541686968958e+03
4.844710453226825848e+03
4.870049147428908327e+03
4.895000027605224204e+03
4.919562925418034865e+03
4.943722952565315609e+03
4.967473196040176845e+03
4.990799451221694653e+03
5.013702370189444991e+03
5.036175176672758425e+03
5.058203666050709217e+03
5.079788490402875141e+03
5.100922873458584945e+03
5.121592610596914710e+03
5.141798353897441302e+03
5.161525898739243530e+03
5.180775897201898260e+03
5.199541573014731512e+03
5.217808721556821183e+03
5.235577994907745051e+03
5.252842616796830043e+03
5.269588382603154059e+03
5.285808516056043118e+03
5.301511097585325842e+03
5.316681922570078314e+03
5.331321643089878307e+03
5.345430911224303600e+03
5.359010379052930148e+03
5.372038413604587731e+03
5.384530523659350365e+03
5.396472370734715696e+03
5.407856509252096657e+03
5.418660503070826962e+03
5.428891629451240078e+03
5.438520023902417961e+03
5.447552963684693168e+03
5.455975441007649351e+03
5.463779876431117373e+03
5.470995832266183243e+03
5.477608300722426065e+03
5.483624559060180218e+03
5.489059312890029105e+03
5.493912411122054436e+03
5.498191131016589679e+03
5.501895321483716543e+03
5.505009974733018680e+03
5.507534939674577799e+03
5.509470065218479249e+03
5.510807771924552071e+03
5.511540480352631675e+03
5.511675467763049710e+03
5.511197726365389826e+03
5.510114533419982763e+03
5.508433166187162897e+03
5.506153473577012846e+03
5.503267876149366202e+03
5.499783651164552793e+03
5.495700647532657058e+03
5.491026142514014282e+03
5.485752556668452598e+03
5.479887167256307293e+03
5.473437251537911834e+03
5.466395230073097082e+03
5.458760951771945656e+03
5.450549122245042781e+03
5.441744733701968471e+03
5.432369920103556979e+03
5.422417102009640985e+03
5.411893556680553047e+03
5.400799133026374875e+03
5.389133679957189997e+03
5.376911903083581819e+03
5.364133651315632051e+03
5.350798773563424220e+03
5.336921975437540823e+03
5.322510534198314417e+03
5.307556870405578593e+03
5.292083118020163965e+03
5.276081697601904125e+03
5.259567314761383386e+03
5.242532347801713513e+03
5.224983862699627934e+03
5.206921454824893772e+03
5.188359576247772566e+03
5.169282965637529742e+03
5.149706075064429569e+03
5.129635928248488199e+03
5.109086977259968080e+03
5.088066245818884454e+03
5.066595614345752438e+03
5.044674678210334605e+03
5.022325317833146983e+03
4.999554556934203902e+03
4.976369419233520603e+03
4.952769500100859659e+03
4.928761823256236312e+03
4.904360840769915740e+03
4.879566148011660516e+03
4.854377340351237763e+03
4.828801441508659991e+03
4.802860331904443228e+03
4.776546178558101019e+03
4.749888290240396600e+03
4.722878833970846244e+03
4.695532261819713312e+03
4.667870454207512921e+03
4.639893006504009463e+03
4.611606942429218179e+03
4.583026714053402429e+03
4.554166773446826483e+03
4.525026715979255641e+03
4.495620993720954175e+03
4.465964058742185443e+03
4.436055506412715658e+03
4.405909788802808180e+03
4.375533929632478248e+03
4.344949809322239162e+03
4.314157023241857132e+03
4.283162595111345581e+03
4.251988405351217807e+03
4.220641477681489960e+03
4.189121407471925522e+03
4.157442646792791493e+03
4.125619647714348503e+03
4.093652005606363218e+03
4.061554172539099909e+03
4.029325743882322058e+03
3.996988600056545692e+03
3.964549764781784688e+03
3.932016261778052922e+03
3.899402546111335141e+03
3.866723084830496646e+03
3.833984919629873275e+03
3.801202520554050807e+03
3.768390357647613200e+03
3.735548044254646811e+03
3.702697478769986901e+03
3.669845702887967946e+03
3.636999758302927148e+03
3.604159258358948136e+03
3.571353529801116565e+03
3.538574757623268397e+03
3.505844840220238439e+03
3.473170819286363439e+03
3.440552308165726572e+03
3.408011205253164917e+03
3.375554552243013404e+03
3.343196819179856902e+03
3.310937619407780858e+03
3.278783994621121110e+03
3.246765271564962859e+03
3.214866206882891674e+03
3.183116127319992302e+03
3.151507217870100249e+03
3.120061376928051232e+03
3.088778217837930697e+03
3.057672210644323968e+03
3.026750397041565975e+03
2.996019818723992557e+03
2.965494945736189038e+03
2.935175391422239954e+03
2.905075625826731994e+03
2.875195262293749238e+03
2.845548770867878375e+03
2.816150621593703818e+03
2.787000427815311468e+03
2.758105231227035802e+03
2.729472073523213112e+03
2.701115424748428268e+03
2.673042326597017109e+03
2.645252392413064626e+03
2.617752663890906206e+03
2.590550182724877686e+03
2.563644562259063605e+03
2.537042844187799801e+03
2.510752070205421660e+03
2.484771853656014628e+03
2.459109236233913634e+03
2.433778687983704913e+03
2.408779822249472545e+03
2.384127174840921271e+03
2.359828116277977642e+03
2.335882654495435418e+03
2.312298225778340111e+03
2.289089694761987630e+03
2.266249641030920884e+03
2.243785500870185842e+03
2.221704710564827110e+03
2.200007278049639353e+03
2.178693211259418149e+03
2.157769946479207192e+03
2.137237491643802059e+03
2.117110711388497748e+03
2.097374756947588139e+03
2.078051921306619533e+03
2.059134784050135295e+03
2.040630781463181165e+03
2.022539921480551811e+03
2.004862212037042127e+03
1.987612517767946883e+03
1.970775989907560643e+03
1.954367493091178858e+03
1.938379606903345120e+03
1.922819767629106309e+03
1.907680554853005333e+03
1.892969404860088162e+03
1.878693753935399172e+03
1.864838753313233155e+03
1.851419267628885109e+03
1.838435304817149927e+03
1.825879444462572565e+03
1.813759122850197400e+03
1.802074347914819327e+03
1.790817699240983984e+03
1.779989184763485582e+03
1.769596240767368727e+03
1.759638875187428539e+03
1.750102239257960036e+03
1.740993769264007824e+03
1.732313473140366796e+03
1.724061358821831845e+03
1.716222577542697536e+03
1.708811993938259320e+03
1.701814759242811533e+03
1.695230881391149296e+03
1.689060368318067049e+03
1.683295799608109974e+03
1.677944611546322903e+03
1.672999383717250339e+03
1.668460124055687629e+03
1.664326886587824674e+03
1.660592481355184418e+03
1.657257192840934749e+03
1.654321305528243556e+03
1.651770247199779305e+03
1.649604302338709658e+03
1.647823755428202958e+03
1.646421462601176927e+03
1.645382851640300260e+03
1.644723063729240721e+03
1.644412669950166219e+03
1.644466811486744746e+03
1.644878344471894707e+03
1.645640125038534052e+03
1.646737580969330565e+03
1.648185853447952923e+03
1.649962941906818514e+03
1.652076559179346077e+03
1.654512133048203168e+03
1.657277376346808069e+03
1.660357716857828791e+03
1.663746010714183285e+03
1.667449970749290060e+03
1.671455024745816445e+03
1.675754028836681528e+03
1.680347267505052514e+03
1.685212740183347705e+03
1.690365588055235548e+03
1.695776382202883497e+03
1.701445407109460120e+03
1.707372947258133081e+03
1.713544430431570618e+03
1.719967569463191239e+03
1.726620363785412110e+03
1.733510526231652420e+03
1.740630912934828984e+03
1.747974380027860661e+03
1.755533783643665856e+03
1.763309408265412003e+03
1.771286681675767113e+03
1.779458460007649592e+03
1.787810171043727451e+03
1.796342099267168351e+03
1.805039672460641214e+03
1.813895746757063080e+03
1.822903178289352809e+03
1.832054823190428351e+03
1.841358394293707306e+03
1.850799319381858368e+03
1.860370454587799259e+03
1.870072078379351979e+03
1.879904445162954516e+03
1.889845518278948930e+03
1.899895546118426182e+03
1.910039920371979633e+03
1.920271461080449853e+03
1.930582988284679004e+03
1.940959893675259309e+03
1.951387568942781854e+03
1.961881119178839299e+03
1.972411079373523080e+03
1.982999982968675340e+03
1.993618364954387289e+03
2.004288758772501296e+03
2.014981699413108799e+03
2.025712291967802457e+03
2.036465928127173129e+03
2.047227999581813265e+03
2.057998754722814738e+03
2.068763585240769316e+03
2.079507882826268087e+03
2.090231895870403605e+03
2.100921016063768548e+03
2.111575491797452742e+03
2.122188143112299713e+03
2.132759218399401107e+03
2.143274109349347327e+03
2.153740492703482232e+03
2.164158616852896103e+03
2.174506445137931678e+03
2.184799082650180480e+03
2.195007064379734402e+03
2.205138067067935481e+03
2.215177482405375031e+03
2.225110702082645275e+03
2.234945402841088708e+03
2.244666976371295732e+03
2.254268242714108965e+03
2.263756878610870444e+03
2.273118275752171485e+03
2.282352682529104641e+03
2.291460347332761103e+03
2.300441518554232971e+03
2.309289016234361952e+03
2.317995660413990208e+03
2.326561699484209385e+03
2.334972525135611704e+03
2.343228385759287903e+03
2.351322101396081052e+03
2.359246492086832404e+03
2.366994334931429876e+03
2.374565663616197526e+03
2.381953040536253866e+03
2.389156456436969165e+03
2.396183330413962267e+03
2.403018796512103108e+03
2.409670273827010533e+03
2.416130324753805326e+03
2.422391511687605998e+03
2.428468682074281787e+03
2.434339541608453146e+03
2.440018937735988857e+03
2.445492004501758402e+03
2.450758732651131595e+03
2.455819112929477797e+03
2.460673136082166366e+03
2.465313364504317633e+03
2.469732360591049655e+03
2.473937543437982640e+03
2.477914047089986070e+03
2.481669290642679698e+03
2.485195836491182945e+03
2.488486247030614777e+03
2.491555369706844886e+03
2.494388338564743208e+03
2.497000001050178980e+03
2.499382919558271624e+03
2.501537084834390498e+03
2.503462487623905417e+03
2.505166547022435680e+03
2.506634397074850767e+03
2.507880885227019917e+03
2.508898573874063004e+03
2.509680025411099450e+03
2.510240087283999401e+03
2.510563893537630975e+03
2.510666291617864317e+03
2.510539843919819305e+03
2.510191969539114325e+03
2.509607802520620226e+03
2.508809618660455271e+03
2.507789980353740702e+03
2.506541449995593666e+03
2.505078875031885673e+03
2.503402246207985172e+03
2.501504125919011585e+03
2.499391933260585120e+03
2.497065658978074225e+03
2.494525293816849626e+03
2.491770828522279771e+03
2.488817077214242545e+03
2.485649007307644297e+03
2.482281266292402051e+03
2.478721073308178802e+03
2.474960790794140394e+03
2.471000209539702610e+03
2.466861405385030139e+03
2.462529312419037069e+03
2.458011149781389577e+03
2.453306708261502536e+03
2.448430635349290696e+03
2.443367865133669056e+03
2.438133045104553275e+03
2.432733394401608166e+03
2.427153847113748725e+03
2.421409050730889703e+03
2.415506224392697277e+03
2.409437730538334563e+03
2.403210788307469102e+03
2.396825188489513948e+03
2.390288150224135279e+03
2.383606892650997452e+03
2.376781206559515795e+03
2.369810882739105637e+03
2.362717997029932121e+03
2.355487483520910700e+03
2.348141418052204699e+03
2.340672163062980871e+03
2.333086937692903575e+03
2.325392961081638532e+03
2.317597452368849645e+03
2.309700202343953151e+03
2.301701001796363471e+03
2.293614498215995809e+03
2.285440482392265494e+03
2.277178745114587400e+03
2.268836505522626794e+03
2.260428411106297972e+03
2.251939395954516840e+03
2.243391535907448542e+03
2.234784621754507953e+03
2.226118444285109490e+03
2.217400222638918876e+03
2.208629747605351440e+03
2.199821666674321932e+03
2.190975770635244771e+03
2.182091850277536651e+03
2.173177124740860563e+03
2.164238813164883595e+03
2.155276706339019256e+03
2.146305462242231897e+03
2.137310067408679970e+03
2.128320088963071157e+03
2.119320523928611692e+03
2.110318654379258987e+03
2.101329190739219484e+03
2.092344558381952083e+03
2.083379467731662317e+03
2.074441200862307596e+03
2.065514754797095065e+03
2.056629696660731952e+03
2.047771023476425853e+03
2.038946017318132590e+03
2.030176816960311044e+03
2.021440991075916372e+03
2.012768106789657168e+03
2.004150589474989602e+03
1.995595721205871314e+03
1.987103355706009324e+03
1.978680775049360363e+03
1.970342689660132237e+03
1.962081524911781798e+03
1.953897134528015613e+03
1.945804228933041486e+03
1.937802661850566210e+03
1.929899715354547197e+03
1.922087814818440847e+03
1.914389099016704677e+03
1.906788564972545601e+03
1.899300923110171198e+03
1.891926027153288487e+03
1.884663730825604034e+03
1.877528744551325872e+03
1.870513493703909717e+03
1.863625260357314346e+03
1.856871326585495808e+03
1.850251546112161122e+03
1.843765772661017536e+03
1.837421288306022689e+03
1.831217946770883373e+03
1.825163030129556319e+03
1.819248963755499290e+03
1.813497886423168438e+03
1.807887366805522106e+03
1.802439543677016900e+03
1.797154270761358930e+03
1.792023973432006869e+03
1.787055933762916766e+03
1.782250005477796549e+03
1.777620899000852432e+03
1.773153646613866840e+03
1.768855706683672906e+03
1.764734572835677454e+03
1.760790310345037597e+03
1.757030412837161521e+03
1.753440088886706462e+03
1.750034260469329638e+03
1.746812992860189070e+03
1.743776351334441642e+03
1.740924401167245378e+03
1.738257207633756934e+03
1.735782264359384499e+03
1.733492208269035473e+03
1.731394532988117135e+03
1.729489303791787279e+03
1.727769157604953079e+03
1.726241588053021815e+03
1.724914088761400990e+03
1.723771868304748523e+03
1.722829848658721858e+03
1.722080666748227713e+03
1.721524387848424340e+03
1.721161077234468848e+03
1.720990800181518807e+03
1.721021050314981721e+03
1.721244464559765447e+03
1.721661108191026869e+03
1.722263618133673162e+03
1.723066916363362452e+03
1.724063639805001912e+03
1.725246425383499627e+03
1.726615338374012026e+03
1.728177872401947752e+03
1.729934092742463235e+03
1.731869207970215939e+03
1.733990711710614733e+03
1.736298669238815364e+03
1.738793145829976083e+03
1.741474206759254457e+03
1.744334488951557432e+03
1.747374057682043258e+03
1.750592978225869047e+03
1.753991315858192138e+03
1.757561707503920161e+03
1.761311646788460621e+03
1.765218913936220588e+03
1.769305859273108354e+03
1.773550263023530306e+03
1.777967047163144798e+03
1.782541420266608839e+03
1.787273467598481147e+03
1.792155926030675573e+03
1.797196409125006085e+03
1.802395102093037167e+03
1.807729905095584172e+03
1.813223288394960946e+03
1.818853152151982158e+03
1.824619681578212976e+03
1.830530490235467141e+03
1.836570906634809944e+03
1.842741115987805415e+03
1.849048731856268660e+03
1.855471654401013893e+03
1.862017497183855767e+03
1.868686445416358538e+03
1.875463827609587042e+03
1.882349828975106220e+03
1.889344634724480329e+03
1.896441001719023689e+03
1.903639115170301466e+03
1.910931731939627298e+03
1.918319037238566807e+03
1.925801216278684024e+03
1.933371025921293949e+03
1.941028651377959704e+03
1.948766849509997883e+03
1.956585805528972514e+03
1.964485704646446948e+03
1.972444447023236762e+03
1.980477074571406547e+03
1.988576344152270622e+03
1.996727584276893822e+03
2.004938408507090116e+03
2.013201573704174734e+03
2.021502408379212511e+03
2.029855954444266899e+03
2.038240112060153479e+03
2.046662494788686445e+03
2.055115859491179890e+03
2.063592963028949725e+03
2.072086562263309133e+03
2.080596842405823281e+03
2.089123988668056427e+03
2.097653329561073861e+03
2.106185050296439385e+03
2.114711907735468230e+03
2.123234087089724653e+03
2.131744345220522519e+03
2.140242867339428358e+03
2.148722410307754672e+03
2.157175719418423796e+03
2.165595493690791500e+03
2.173989277276316443e+03
2.182349757625960592e+03
2.190669622190685459e+03
2.198941558421451646e+03
2.207180538819970479e+03
2.215371822486953533e+03
2.223515525223610894e+03
2.231604334480904527e+03
2.239638366060045428e+03
2.247610307411994199e+03
2.255520274337962746e+03
2.263353525938662187e+03
2.271110178015302608e+03
2.278790346369096369e+03
2.286379290100753678e+03
2.293884553361736835e+03
2.301283966902505199e+03
2.308592503224771463e+03
2.315795421429246744e+03
2.322885408966891191e+03
2.329870009989166192e+03
2.336734483596782866e+03
2.343478945590953117e+03
2.350110940123137425e+03
2.356623154644296847e+03
2.363015704955642832e+03
2.369288706858385922e+03
2.375434847803488537e+03
2.381461671942410248e+03
2.387354438375863083e+03
2.393120691255308429e+03
2.398745689681456042e+03
2.404229549455518736e+03
2.409557529678207175e+03
2.414737174500981382e+03
2.419761171374803780e+03
2.424614779400385032e+03
2.429312971079436011e+03
2.433841005512667834e+03
2.438206426851542801e+03
2.442401922547020604e+03
2.446427608400312693e+03
2.450276171862381034e+03
2.453955157084685652e+03
2.457464679868438907e+03
2.460797427664600491e+03
2.463960944624632248e+03
2.466947918199495689e+03
2.469758436114855158e+03
2.472399902144439693e+03
2.474857406935681865e+03
2.477138326186764971e+03
2.479227750545120671e+03
2.481118199008432384e+03
2.482809618924632559e+03
2.484301957641654099e+03
2.485587734157179966e+03
2.486666895819141700e+03
2.487539389975472659e+03
2.488220020674606076e+03
2.488701306914223551e+03
2.488990624392508835e+03
2.489095348807644314e+03
2.489015427507561981e+03
2.488743379489945255e+03
2.488279152102726130e+03
2.487615264343587569e+03
2.486744235210212992e+03
2.485658583700283998e+03
2.484358257161733945e+03
2.482835774592245343e+03
2.481098511690000578e+03
2.479153844153182945e+03
2.477001719329724438e+03
2.474649512917808352e+03
2.472097172265367135e+03
2.469359501420833567e+03
2.466436447732139641e+03
2.463327958547218714e+03
2.460026552863753750e+03
2.456524749679426350e+03
2.452829924692420263e+03
2.448927168550168062e+03
2.444809000250351801e+03
2.440482795491154320e+03
2.435955929970758916e+03
2.431213494336597250e+03
2.426285149337602888e+03
2.421163413971458340e+03
2.415855663936345991e+03
2.410361846580198289e+03
2.404704194301698863e+03
2.398860369398029434e+03
2.392845175917623237e+03
2.386643704507913299e+03
2.380263330867081550e+03
2.373696573992810499e+03
2.366935952882783113e+03
2.359996253004649134e+03
2.352869900452174534e+03
2.345564159438841216e+03
2.338078865827882055e+03
2.330436140533280195e+03
2.322620962717767725e+03
2.314655453295326879e+03
2.306539448129190987e+03
2.298272783082592014e+03
2.289855294018763288e+03
2.281294245151186715e+03
2.272582043992845229e+03
2.263733383107471127e+03
2.254740670008047346e+03
2.245603740557806759e+03
2.236337287320480755e+03
2.226926289458803240e+03
2.217378011186256572e+03
2.207699716716322200e+03
2.197883813561984425e+03
2.187937565936724241e+03
2.177868238054025824e+03
2.167668237426870292e+03
2.157352256618991305e+03
2.146920131493620829e+03
2.136379126264241222e+03
2.125729076794086268e+03
2.114992103997137292e+03
2.104153187036127747e+03
2.093227018474789929e+03
2.082206005826105866e+03
2.071104841653809672e+03
2.059915933470882010e+03
2.048639117140556209e+03
2.037281656876315992e+03
2.025843388541392414e+03
2.014324147999018578e+03
2.002738627812927689e+03
1.991071807145851608e+03
1.979345806911773025e+03
1.967553034623674648e+03
1.955700754495039291e+03
1.943788802389099146e+03
1.931831870869587192e+03
1.919814939099235744e+03
1.907760127992027037e+03
1.895659845060944463e+03
1.883521354519470378e+03
1.871351920581087143e+03
1.859151379109027403e+03
1.846919575513028121e+03
1.834671250089342038e+03
1.822406295980228379e+03
1.810124606327942956e+03
1.797833502624994480e+03
1.785532878013640357e+03
1.773237482336637640e+03
1.760939780385994482e+03
1.748647093654218907e+03
1.736359315283567639e+03
1.724083766766548933e+03
1.711827769595670361e+03
1.699591216913189101e+03
1.687374001861363467e+03
1.675176017582450413e+03
1.663012013919207902e+03
1.650874455663643403e+03
1.638763235958014548e+03
1.626693104645079302e+03
1.614663954867094844e+03
1.602668251416069097e+03
1.590720744134759570e+03
1.578828754515673836e+03
1.566977319000569423e+03
1.555188615782454690e+03
1.543455109653335967e+03
1.531784122105721963e+03
1.520182974632119567e+03
1.508651560374787095e+03
1.497189772475981727e+03
1.485797504077961094e+03
1.474489505023482707e+03
1.463258240104554716e+03
1.452111030813684465e+03
1.441047770293129361e+03
1.430068351685147036e+03
1.419180096482245517e+03
1.408382897826682211e+03
1.397684077210964460e+03
1.387076099427100189e+03
1.376573714317846907e+03
1.366169386675212536e+03
1.355870437991704421e+03
1.345676761409579967e+03
1.335595678421347202e+03
1.325619653819013593e+03
1.315763437445336876e+03
1.306019494092324294e+03
1.296387716902233933e+03
1.286882855717823304e+03
1.277497396964271957e+03
1.268231341949699299e+03
1.259092141965646988e+03
1.250072391603155893e+03
1.241186970504017609e+03
1.232428473259273460e+03
1.223804351160465103e+03
1.215307198798633181e+03
1.206944467465320031e+03
1.198723608452066628e+03
1.190637216349914070e+03
1.182692742450404012e+03
1.174890209694827945e+03
1.167229641024477132e+03
1.159711059380643064e+03
1.152334487704616777e+03
1.145107377287939926e+03
1.138022322721653836e+03
1.131086775297299937e+03
1.124300757956169946e+03
1.117656865289304505e+03
1.111162548588245272e+03
1.104817830794283964e+03
1.098630163198961554e+03
1.092584712043069885e+03
1.086688928618149703e+03
1.080950264215742891e+03
1.075361313426890547e+03
1.069922099192884389e+03
1.064640072805265618e+03
1.059507828855075559e+03
1.054525390283605475e+03
1.049692780032147084e+03
1.045017449392241588e+03
1.040491992954930311e+03
1.036116433661504743e+03
1.031898222803506087e+03
1.027829954971976122e+03
1.023911653108205883e+03
1.020143340153486861e+03
1.016525039049110433e+03
1.013064201086617800e+03
1.009745992506800803e+03
1.006585292951450356e+03
1.003567268661357843e+03
1.000699370928065264e+03
9.979816226928633114e+02
9.954140468970434767e+02
9.929892381316474257e+02
9.907146476882164734e+02
9.885754576705512591e+02
9.865866270354893004e+02
9.847334172018782965e+02
9.830233746393145111e+02
9.814417607666459844e+02
9.800035504037190321e+02
9.786940049693811261e+02
9.775206709332292121e+02
9.764836664146107523e+02
9.755682528323719680e+02
9.747894050063609939e+02
9.741323843554241648e+02
9.735973089989089431e+02
9.731991537566623265e+02
9.729157516972813937e+02
9.727620776406130290e+02
9.727382497060046944e+02
9.728295293123032934e+02
9.730434629291061128e+02
9.733801686757599327e+02
9.738323363213620496e+02
9.744000839852592435e+02
9.750686730862992135e+02
9.758530784443287303e+02
9.767311331279444175e+02
9.777178119569939554e+02
9.787983763503244745e+02
9.799729444272827550e+02
9.812564910077159084e+02
9.826268491602211270e+02
9.840989937046457499e+02
9.856581860598364528e+02
9.873194010456402339e+02
9.890679000809046784e+02
9.909112296352267322e+02
9.928346511274531849e+02
9.948308543266812194e+02
9.969148140527582882e+02
9.990717917245311810e+02
1.001294477111096967e+03
1.003590416682052819e+03
1.005952300206496034e+03
1.008372817453523226e+03
1.010866943242981733e+03
1.013419938993718802e+03
1.016031922825081210e+03
1.018703012856416535e+03
1.021433327207071329e+03
1.024215555646142775e+03
1.027049816292978448e+03
1.029928792775891225e+03
1.032852572510309301e+03
1.035821236770877022e+03
1.038834866832239186e+03
1.041878687268539807e+03
1.044960207704673394e+03
1.048072081065034808e+03
1.051214388624267940e+03
1.054379783306767195e+03
1.057575774737427082e+03
1.060795015840642236e+03
1.064037587891057001e+03
1.067296143813065555e+03
1.070570764881312698e+03
1.073854104020192381e+03
1.077153670854599341e+03
1.080454689958677818e+03
1.083772099307572262e+03
1.087083695125177428e+03
1.090404415386637083e+03
1.093719484666096378e+03
1.097036412588448911e+03
1.100340423727840061e+03
1.103639027709163202e+03
1.106924877456813419e+03
1.110205482595685226e+03
1.113466067699922633e+03
1.116714142394419923e+03
1.119934931253322020e+03
1.123143372251773144e+03
1.126324689963917763e+03
1.129478965664399993e+03
1.132606280627864635e+03
1.135706716128955577e+03
1.138772925092067908e+03
1.141804988791845744e+03
1.144802988502933431e+03
1.147759577149725146e+03
1.150674836006866144e+03
1.153548846348999859e+03
1.156381689450771091e+03
1.159166018236574473e+03
1.161901913981054122e+03
1.164589457958854609e+03
1.167228731444620507e+03
1.169812387362745767e+03
1.172347935338124898e+03
1.174828028295152990e+03
1.177245319158223538e+03
1.179614745902481673e+03
1.181914088633457595e+03
1.184158204734478431e+03
1.186332222069506543e+03
1.188450981903505408e+03
1.190499612100437389e+03
1.192478097224765634e+03
1.194393850191203455e+03
1.196231998863713216e+03
1.198007384507257939e+03
1.199705134985800441e+03
1.201332663214054264e+03
1.202882525406231707e+03
1.204362134477045856e+03
1.205764046640709694e+03
1.207088246461686140e+03
1.208334718504438115e+03
1.209503447333428312e+03
1.210594417513119879e+03
1.211600185257725798e+03
1.212520735131708989e+03
1.213363480049782083e+03
1.214120976226157836e+03
1.214793208225300077e+03
1.215387588961921210e+03
1.215889246299983597e+03
1.216298164803951067e+03
1.216629185738785964e+03
1.216874865318701495e+03
1.217027759757910417e+03
1.217102710321375753e+03
1.217084844873060320e+03
1.216981576327676748e+03
1.216792889249688642e+03
1.216511339853308755e+03
1.216144341053249491e+03
1.215691877413974225e+03
1.215146505149695940e+03
1.214515637175127040e+03
1.213799258054730899e+03
1.212982495652470334e+03
1.212087619583558308e+03
1.211099757711957636e+03
1.210026322952381179e+03
1.208859871519041917e+03
1.207607816326653165e+03
1.206270141939677160e+03
1.204846832922577050e+03
1.203330445489566046e+03
1.201728392555357004e+03
1.200040658684412392e+03
1.198267217616403286e+03
1.196407999791830662e+03
1.194470353176653589e+03
1.192439340686080186e+03
1.190329738636320599e+03
1.188134038292832656e+03
1.185859587621575656e+03
1.183506306238257821e+03
1.181074113758588737e+03
1.178562929798277310e+03
1.175972673973032215e+03
1.173310694248811615e+03
1.170569481891075384e+03
1.167756384865781911e+03
1.164871322788639873e+03
1.161906786925108236e+03
1.158870125241146297e+03
1.155761257352462508e+03
1.152587531225015709e+03
1.149341438124265096e+03
1.146030326016169056e+03
1.142654114516436493e+03
1.139212723240776995e+03
1.135706071804898102e+03
1.132134079824510081e+03
1.128504095265570641e+03
1.124816037743789366e+03
1.121062398524624768e+03
1.117257953924286085e+03
1.113395195208231598e+03
1.109474041992170442e+03
1.105501842242061457e+03
1.101478515573613777e+03
1.097403981602535850e+03
1.093278159944537038e+03
1.089100970215325333e+03
1.084879760380860262e+03
1.080614450056850728e+03
1.076304958859005183e+03
1.071943778052782818e+03
1.067553112304642355e+03
1.063118024529792592e+03
1.058645862694192601e+03
1.054143974763800998e+03
1.049604852004076747e+03
1.045028414030728527e+03
1.040422008809715635e+03
1.035792984306996232e+03
1.031133831788029966e+03
1.026444470868525059e+03
1.021732253316409242e+03
1.016997117757233923e+03
1.012239006618519284e+03
1.007465290678035217e+03
1.002668484013051625e+03
9.978559574013387419e+02
9.930276532704166357e+02
9.881909423980549718e+02
9.833457672117742732e+02
9.784846417888443284e+02
9.736149369070353714e+02
9.687440233441169539e+02
9.638644151773597741e+02
9.589834831845333838e+02
9.541085981434077894e+02
9.492248457810034097e+02
9.443470252253400758e+02
9.394750789039375150e+02
9.346089492443163635e+02
9.297411503237464103e+02
9.248939096204976522e+02
9.200448845113398875e+02
9.152163024745435678e+02
9.103932492371285434e+02
9.055905239271149867e+02
9.008006406217725726e+02
8.960309700988715349e+02
8.912814547859321692e+02
8.865594654607239136e+02
8.818575162005173524e+02
8.771755494328324403e+02
8.725209359354388425e+02
8.679010464861072478e+02
8.633009668118570517e+02
8.587354960407086537e+02
8.541971482499319563e+02
8.496932942172969661e+02
8.452238763703237510e+02
8.407888371365324929e+02
8.363881189434430325e+02
8.320290925688254902e+02
8.277117004401999338e+02
8.234284566348361523e+02
8.191867319305046067e+02
8.149864687547251378e+02
8.108350378852675249e+02
8.067249533994023523e+02
8.026635860748989444e+02
7.986434499890279994e+02
7.946793442698092349e+02
7.907563666814070302e+02
7.868819481873132418e+02
7.830635317881635729e+02
7.792937037840944186e+02
7.755799071757413685e+02
7.719221566134909835e+02
7.683204667477286876e+02
7.647748522288410413e+02
7.612778993569637578e+02
7.578519078332328718e+02
7.544746072572845605e+02
7.511608689800048069e+02
7.479107076517793757e+02
7.447167095727447759e+02
7.415863177435364832e+02
7.385121184642908929e+02
7.355089830858938740e+02
7.325694979084815941e+02
7.296936775824399319e+02
7.268815367581547662e+02
7.241330900860125439e+02
7.214557805666488548e+02
7.188421945001999802e+02
7.162916037020269187e+02
7.138114511727654872e+02
7.113995230577270377e+02
7.090558340072972214e+02
7.067803986718623719e+02
7.045732317018084814e+02
7.024350905825465361e+02
7.003659899644621873e+02
6.983659444979421096e+02
6.964349688333717268e+02
6.945730776211374859e+02
6.927810283466501460e+02
6.910580928252708190e+02
6.894050285424107187e+02
6.878211073134305025e+02
6.863063437887165037e+02
6.848622382887044751e+02
6.834873197937306486e+02
6.821816029541809030e+02
6.809451024204414580e+02
6.797785756779230724e+02
6.786798088719369844e+02
6.776503023229191740e+02
6.766885850112055323e+02
6.757954144222072728e+02
6.749693195362602864e+02
6.742103150037505657e+02
6.735184235702931801e+02
6.728929575273941737e+02
6.723332372617883266e+02
6.718385831602104190e+02
6.714105441144706674e+02
6.710462120062289841e+02
6.707463928922700234e+02
6.705104071593290200e+02
6.703375751941406406e+02
6.702264745484148989e+02
6.701779112789369037e+02
6.701904629374162141e+02
6.702634499105880650e+02
6.703961925851872365e+02
6.705880113479486226e+02
6.708382265856073445e+02
6.711461586848981824e+02
6.715111280325558027e+02
6.719324550153155542e+02
6.724087171848872231e+02
6.729399777630306971e+02
6.735255571364808702e+02
6.741632900219226485e+02
6.748532396411160335e+02
6.755939835457710387e+02
6.763848421226223309e+02
6.772251357584050311e+02
6.781134420048290394e+02
6.790483384136041423e+02
6.800298882064903410e+02
6.810566689351976493e+02
6.821265153164109734e+02
6.832402334069150811e+02
6.843956579233951061e+02
6.855913664175608346e+02
6.868274221111721545e+02
6.881016597209140855e+02
6.894141424685466291e+02
6.907627050707543503e+02
6.921459250792477178e+02
6.935638657157861644e+02
6.950143616970548237e+02
6.964967334097885896e+02
6.980088155706724820e+02
6.995506714014662748e+02
7.011201356188549880e+02
7.027165286095735155e+02
7.043376850903066497e+02
7.059836682828146195e+02
7.076523129037821036e+02
7.093429364990216754e+02
7.110541024156308367e+02
7.127865996648598639e+02
7.145315604026338860e+02
7.162994304955279858e+02
7.180828277695176212e+02
7.198817984008275062e+02
7.216963885656833781e+02
7.235192160900597855e+02
7.253503271501821246e+02
7.271897679222759052e+02
7.290450129328158937e+02
7.309012516575272684e+02
7.327659586228854778e+02
7.346391800051153496e+02
7.365061052799421759e+02
7.383816373240913435e+02
7.402583939635376282e+02
7.421289930242563742e+02
7.440083373829728544e+02
7.458741881651620815e+02
7.477414482475493287e+02
7.496027354561098264e+02
7.514580959670684024e+02
7.533001476064005146e+02
7.551363649005812704e+02
7.569667940258358385e+02
7.587840528081393359e+02
7.605881874237170450e+02
7.623718156985439691e+02
7.641498405093452675e+02
7.659074513318464597e+02
7.676446943422721461e+02
7.693616157168479504e+02
7.710656899820488661e+02
7.727495349638498965e+02
7.744057684882264994e+02
7.760418650816537820e+02
7.776504425701068612e+02
7.792389754800607307e+02
7.808000816374907345e+02
7.823338072186220415e+02
7.838476267499297592e+02
7.853267297071390658e+02
7.867711622664752440e+02
7.881883989544132874e+02
7.895784859471784785e+02
7.909266127204958821e+02
7.922476821510906575e+02
7.935268837146880969e+02
7.947791111096711347e+02
7.959895079200534838e+02
7.971654936022569018e+02
7.983070592624532082e+02
7.994067676565638294e+02
8.004646098907606984e+02
8.014805770712151798e+02
8.024620886543493725e+02
8.033942790458345371e+02
8.042919960523424834e+02
8.051403740795449266e+02
8.059468325838636247e+02
8.067039343212201175e+02
8.074190987480359354e+02
8.080848886202330732e+02
8.087087233942330613e+02
8.092831658259575534e+02
8.098156353718280798e+02
8.102986947877666353e+02
8.107323351799445845e+02
8.111165476545337469e+02
8.114513233177058282e+02
8.117440816258823588e+02
8.119799569847351677e+02
8.121663688506858989e+02
8.123033083299061445e+02
8.123833381783175582e+02
8.124138778523418978e+02
8.123949184581508689e+02
8.123264511019160636e+02
8.122010385395591356e+02
8.120261002275018427e+02
8.117941989216657248e+02
8.115127540784726534e+02
8.111743284538440548e+02
8.107863415042018005e+02
8.103413559854674304e+02
8.098393630038128777e+02
8.092877820156593316e+02
8.086866041271789527e+02
8.080283920942931672e+02
8.073131370231735673e+02
8.065408300199919722e+02
8.057188905411701398e+02
8.048398813426296101e+02
8.039037935305419751e+02
8.029180465613289925e+02
8.018752031909124298e+02
8.007752545254639926e+02
7.996256200214049841e+02
7.984262844351322883e+02
7.971697787736915188e+02
7.958560560446035197e+02
7.944924976056389596e+02
7.930790564643184553e+02
7.916156856281627370e+02
7.901023381046925351e+02
7.885315385511784143e+02
7.869106683253910433e+02
7.852396804348511523e+02
7.835185278870795855e+02
7.817471636895967322e+02
7.799255408499234363e+02
7.780536123755804283e+02
7.761313312740883248e+02
7.741660789032177945e+02
7.721503799202395157e+02
7.700916156829242709e+02
7.679823108485425109e+02
7.658224184246151935e+02
7.636267481191628121e+02
7.613803962392062203e+02
7.590833157922658074e+02
7.567503164863626353e+02
7.543664946285171027e+02
7.519466599267500442e+02
7.494833370383320243e+02
7.469764789707837735e+02
7.444334670818760742e+02
7.418468260288794909e+02
7.392239371695646923e+02
7.365573251612025842e+02
7.338543713615634942e+02
7.311224571284183185e+02
7.283466787687876831e+02
7.255418459906923090e+02
7.226930551011529360e+02
7.198151158081900576e+02
7.169079811193245177e+02
7.139604615167020256e+02
7.109836525332182191e+02
7.079760215063436135e+02
7.049382642786241604e+02
7.018703338575802491e+02
6.987736689207828249e+02
6.956489653107774984e+02
6.924976617051348740e+02
6.893197111113756819e+02
6.861165522070706402e+02
6.828888808347653594e+02
6.796373942749185062e+02
6.763642812296894817e+02
6.730687604990511090e+02
6.697522793880508516e+02
6.664162852017360592e+02
6.630607395751045487e+02
6.596863469781785625e+02
6.562945547160059050e+02
6.528860672586089322e+02
6.494615890760103412e+02
6.460218246382322604e+02
6.425697069203725960e+02
6.391044547224039434e+02
6.356282581843986463e+02
6.321425646114041683e+02
6.286473356384180988e+02
6.251440185704880150e+02
6.216340607126614941e+02
6.181174236999360119e+02
6.145955548373590318e+02
6.110691585949531373e+02
6.075389394427407979e+02
6.040056018507449380e+02
6.004705931240123391e+02
5.969346177325663803e+02
5.933991229814538428e+02
5.898640705056726574e+02
5.863309076102704012e+02
5.828010816002943102e+02
5.792745541107420877e+02
5.757527724466613108e+02
5.722356982430495691e+02
5.687255216399790925e+02
5.652222042724478115e+02
5.617264506104779684e+02
5.582397079591171405e+02
5.547611951183379233e+02
5.512938450632377680e+02
5.478376194288143779e+02
5.443932226850899951e+02
5.409613593020874305e+02
5.375442194198790276e+02
5.341410218384374957e+02
5.307539566978350649e+02
5.273822427980446719e+02
5.240280702791385465e+02
5.206921436111391586e+02
5.173736815940194447e+02
5.140748743678515211e+02
5.107956835676330343e+02
5.075368202891175429e+02
5.042990221309814842e+02
5.010837761526579470e+02
4.978903409085041858e+02
4.947202034579528345e+02
4.915741080254118742e+02
4.884527988352886609e+02
4.853570201119907210e+02
4.822875160799259788e+02
4.792442881284769101e+02
4.762280804820510980e+02
4.732403802000812902e+02
4.702804458369250824e+02
4.673505072870400454e+02
4.644498231047837749e+02
4.615798803495891320e+02
4.587399375758135989e+02
4.559314818428896956e+02
4.531552573752252897e+02
4.504105227271777494e+02
4.476995077932049298e+02
4.450207282926393759e+02
4.423756712849136647e+02
4.397650809944355501e+02
4.371889588105876783e+02
4.346473061227524113e+02
4.321416099903626673e+02
4.296718718028009789e+02
4.272388357844749862e+02
4.248417604897423416e+02
4.224821329780355654e+02
4.201599546387374176e+02
4.178752268612304874e+02
4.156279510348974213e+02
4.134181285491207518e+02
4.112472464633332265e+02
4.091145633318924979e+02
4.070200805441811553e+02
4.049645423246067253e+02
4.029479500625519677e+02
4.009703051473994719e+02
3.990323518035569350e+02
3.971333485853818388e+02
3.952740397172819371e+02
3.934544265886398762e+02
3.916737677538131948e+02
3.899335502722345836e+02
3.882330326982615816e+02
3.865714735862520115e+02
3.849511028306632738e+02
3.833696982704499305e+02
3.818280289032529140e+02
3.803261258463351169e+02
3.788640202169593181e+02
3.774417431323883534e+02
3.760585828748599511e+02
3.747153133966620544e+02
3.734112229800323917e+02
3.721463427422336849e+02
3.709207038005289405e+02
3.697343372721807668e+02
3.685872742744521133e+02
3.674788030895807083e+02
3.664089548348293874e+02
3.653777606274609866e+02
3.643852515847382278e+02
3.634307159888990100e+02
3.625141849572061687e+02
3.616349467718973756e+02
3.607930325502355231e+02
3.599884734094833902e+02
3.592205576318788189e+02
3.584893163346846450e+02
3.577940378001385966e+02
3.571347531455035096e+02
3.565114934880421629e+02
3.559228042749674614e+02
3.553694594585671780e+02
3.548507473210790408e+02
3.543659561447409487e+02
3.539151170468156238e+02
3.534975183095409079e+02
3.531124482151546999e+02
3.527606807159447158e+02
3.524407612591237466e+02
3.521519781269296345e+02
3.518951052716502090e+02
3.516686881404982614e+02
3.514727578507365138e+02
3.513066026846029217e+02
3.511695109243352135e+02
3.510615136871962250e+02
3.509818992554237980e+02
3.509306987462805409e+02
3.509064576069794725e+02
3.509092069547834285e+02
3.509382350719299666e+02
3.509928302406571561e+02
3.510730235782277191e+02
3.511773605318543900e+02
3.513058717843445038e+02
3.514585862806831074e+02
3.516333040263245948e+02
3.518315392018486136e+02
3.520510918127095010e+02
3.522912475344119230e+02
3.525527777125101920e+02
3.528342251874839803e+02
3.531356184698626635e+02
3.534555004001257430e+02
3.537938994888026514e+02
3.541493585763731176e+02
3.545226490083913973e+02
3.549123136253370490e+02
3.553176381027146249e+02
3.557379081160285637e+02
3.561731521758084114e+02
3.566226559575586066e+02
3.570849623017585941e+02
3.575600997189380337e+02
3.580473538846012502e+02
3.585460104742528529e+02
3.590553551633972234e+02
3.595754164625639646e+02
3.601047372122325783e+02
3.606433459229324399e+02
3.611905282701681017e+02
3.617463127644691099e+02
3.623084994112898585e+02
3.628771167211599504e+02
3.634529360396337552e+02
3.640330145371409571e+02
3.646181235592358689e+02
3.652075487814230996e+02
3.658005758792070310e+02
3.663964905280921585e+02
3.669945784035831480e+02
3.675948680162092614e+02
3.681966450414751648e+02
3.687984523198603029e+02
3.694003183618942217e+02
3.700022716781062968e+02
3.706021122739510361e+02
3.712013543300080300e+02
3.717970550167066790e+02
3.723907285146265735e+02
3.729809176642471016e+02
3.735661653060478216e+02
3.741472427855832734e+02
3.747234357783577821e+02
3.752940254954022521e+02
3.758582752898524291e+02
3.764161868853952342e+02
3.769670191706928222e+02
3.775107738694320005e+02
3.780459670352499870e+02
3.785726003918337028e+02
3.790899328278451890e+02
3.795987089019963605e+02
3.800967018328993845e+02
3.805846561792661760e+02
3.810610879947337821e+02
3.815259990029892379e+02
3.819793909277194643e+02
3.824205226575866163e+02
3.828493959162775582e+02
3.832645267574293371e+02
3.836659169047291016e+02
3.840543109168887099e+02
3.844274820125202154e+02
3.847869175853606407e+02
3.851311336890470329e+02
3.854593892122413763e+02
3.857731715486806934e+02
3.860702539169770375e+02
3.863506380408172731e+02
3.866150684789135425e+02
3.868620612849028930e+02
3.870916181824722457e+02
3.873037408953086356e+02
3.874976883120740467e+02
3.876734621564555709e+02
3.878303213171151356e+02
3.879682675177398892e+02
3.880865596469917023e+02
3.881866850986076543e+02
3.882671599262246787e+02
3.883279858535299240e+02
3.883691646042103116e+02
3.883906979019529331e+02
3.883925874704446528e+02
3.883740921983476824e+02
3.883352138093488861e+02
3.882752111921103051e+02
3.881955717403689619e+02
3.880940686727369098e+02
3.879714465479261207e+02
3.878284499246486234e+02
3.876628520215164144e+02
3.874768830672915101e+02
3.872690554130145983e+02
3.870400951044159683e+02
3.867899816496043854e+02
3.865179517216637919e+02
3.862239848287031805e+02
3.859088033138563674e+02
3.855716438502072378e+02
3.852124859458647848e+02
3.848313091089377735e+02
3.844288356825602477e+02
3.840043023398158653e+02
3.835576885888138463e+02
3.830897167726878365e+02
3.825996235645218349e+02
3.820888741424747650e+02
3.815567051796304554e+02
3.810030961840978421e+02
3.804287694990107980e+02
3.798337046324782591e+02
3.792178810926091046e+02
3.785812783875122136e+02
3.779238760252965221e+02
3.772463963490959031e+02
3.765480760319941851e+02
3.758303802521504053e+02
3.750918028476233985e+02
3.743338089965720314e+02
3.735563782071052401e+02
3.727587471523069098e+02
3.719423810103359074e+02
3.711065164542761750e+02
3.702518758272615855e+02
3.693784386374010182e+02
3.684869272278284598e+02
3.675765782716277954e+02
3.666488569469577214e+02
3.657037427619274013e+02
3.647404723896206065e+02
3.637605110081962039e+02
3.627638381257631295e+02
3.617496904154053254e+02
3.607195330552816586e+02
3.596733455535010080e+02
3.586103645831473159e+02
3.575320553223793354e+02
3.564376544442811792e+02
3.553286271270116004e+02
3.542042100436544843e+02
3.530658683723688682e+02
3.519128387862385239e+02
3.507465865818383577e+02
3.495670918593568217e+02
3.483743348373985214e+02
3.471690385695929422e+02
3.459519261095693992e+02
3.447229776759326683e+02
3.434821734872870138e+02
3.422302365972620919e+02
3.409671472244622237e+02
3.396936284225170084e+02
3.384096604100309946e+02
3.371159662406334974e+02
3.358125261329291789e+02
3.345000631405474110e+02
3.331793003171177929e+02
3.318502178812448165e+02
3.305135388865577966e+02
3.291692435516613955e+02
3.278180549301850988e+02
3.264599532407333413e+02
3.250956615369356086e+02
3.237259028724214431e+02
3.223499146307702858e+02
3.209684198656116223e+02
3.195828844656000456e+02
3.181925458143149399e+02
3.167981269653859044e+02
3.154003509724422543e+02
3.139999408891136454e+02
3.125961340989795190e+02
3.111911393257193481e+02
3.097841939529126876e+02
3.083760210341889092e+02
3.069666007881526184e+02
3.055566562684332439e+02
3.041469105286602712e+02
3.027366009524133119e+02
3.013271934283467317e+02
2.999179253400400853e+02
2.985102625761477384e+02
2.971041853552743532e+02
2.956996738960243647e+02
2.942981940870522521e+02
2.928989833119374566e+02
2.915027646243095774e+02
2.901102610777979294e+02
2.887221957260322824e+02
2.873370631175669132e+02
2.859570719760813517e+02
2.845814596851551528e+02
2.832109523754618863e+02
2.818462884858519146e+02
2.804867238621695833e+02
2.791337428553345603e+02
2.777873441462161850e+02
2.764482692507089041e+02
2.751157740146571768e+02
2.737913427889805575e+02
2.724742314195232780e+02
2.711666670922300568e+02
2.698664199828953087e+02
2.685757172774633545e+02
2.672945576568037609e+02
2.660229398017859239e+02
2.647608623932794671e+02
2.635083241121536162e+02
2.622668093093280390e+02
2.610363166656720182e+02
2.598161020270301265e+02
2.586076497443218045e+02
2.574109584984165053e+02
2.562252841351586881e+02
2.550521110054678218e+02
2.538906949551883372e+02
2.527425203352396750e+02
2.516068429914664364e+02
2.504844044397628977e+02
2.493752033609986256e+02
2.482792384360431299e+02
2.471965083457656931e+02
2.461284974410859263e+02
2.450744615678483171e+02
2.440343994069221196e+02
2.430083096391770141e+02
2.419969337805073906e+02
2.410010133468076958e+02
2.400190613488973383e+02
2.390525621376959009e+02
2.381007715590477289e+02
2.371644311288473546e+02
2.362435395279641739e+02
2.353388382722926622e+02
2.344495832076773922e+02
2.335757730149876181e+02
2.327181492101179856e+02
2.318767104739379192e+02
2.310514554873168152e+02
2.302423829311241548e+02
2.294494914862294479e+02
2.286735226685270845e+02
2.279129920441424701e+02
2.271693967405245473e+02
2.264420079353531889e+02
2.257315824763583123e+02
2.250373915412197618e+02
2.243601919776673128e+02
2.236992549633810086e+02
2.230545945110655737e+02
2.224277103034759477e+02
2.218171306832669245e+02
2.212228696631435412e+02
2.206456840908355161e+02
2.200848451440227223e+02
2.195403668354101114e+02
2.190130060127274874e+02
2.185020338536547513e+02
2.180074643708967415e+02
2.175293115771583530e+02
2.170683323201694179e+02
2.166230549425849290e+02
2.161942362921346330e+02
2.157818903815233966e+02
2.153852883884311495e+02
2.150059299956126893e+02
2.146416007106979862e+02
2.142930573814168440e+02
2.139610568554991517e+02
2.136441274755997313e+02
2.133430260894485286e+02
2.130577667097503536e+02
2.127876205141851358e+02
2.125318586804326628e+02
2.122919808912478743e+02
2.120665154892855355e+02
2.118562193222757060e+02
2.116603635678980595e+02
2.114789622388576049e+02
2.113120293478591520e+02
2.111588360725825169e+02
2.110193964257326797e+02
2.108937244200144789e+02
2.107818340681326958e+02
2.106837393827922824e+02
2.105979687066481176e+02
2.105252788874300052e+02
2.104656839378428401e+02
2.104184550355665522e+02
2.103836061933059511e+02
2.103604085887409383e+02
2.103488762345762950e+02
2.103497662196064937e+02
2.103616080918088471e+02
2.103844173102751256e+02
2.104182093340972415e+02
2.104629996223669366e+02
2.105180607991510726e+02
2.105834083235414766e+02
2.106590576546299474e+02
2.107442814164833749e+02
2.108390950681935294e+02
2.109435140688522665e+02
2.110560682075014256e+02
2.111782586132827930e+02
2.113086150752382082e+02
2.114464102174345044e+02
2.115931451690134963e+02
2.117473497190170519e+02
2.119082964915119760e+02
2.120774866156400549e+02
2.122527070454181626e+02
2.124347160749630916e+02
2.126235291633666975e+02
2.128176760996707912e+02
2.130179151779922222e+02
2.132242618574228175e+02
2.134352459270043596e+02
2.136508828458286757e+02
2.138711880729876782e+02
2.140954342325481150e+02
2.143243796186268071e+02
2.145565540202656223e+02
2.147927157315813531e+02
2.150321373766408612e+02
2.152740915795109800e+02
2.155193366343085017e+02
2.157664023300752660e+02
2.160160469609280653e+02
2.162675431509337614e+02
2.165201635241591873e+02
2.167746663747211642e+02
2.170303243266864968e+02
2.172864100041220752e+02
2.175421960310946758e+02
2.177991835367460851e+02
2.180551594750931770e+02
2.183116249752778515e+02
2.185671098263417775e+02
2.188208866523519021e+02
2.190744565824500114e+02
2.193256065706529512e+02
2.195758355427567778e+02
2.198236622710747667e+02
2.200690889946243942e+02
2.203121179524232218e+02
2.205527513834886690e+02
2.207902486918132468e+02
2.210238692813895796e+02
2.212543582262600808e+02
2.214809749304172328e+02
2.217037216328785973e+02
2.219218577376366852e+02
2.221353854837089443e+02
2.223435642750878856e+02
2.225471391858160644e+02
2.227453696198860200e+02
2.229375149812901498e+02
2.231250631790960597e+02
2.233057879472461309e+02
2.234811771948079979e+02
2.236497474907490925e+02
2.238122439091119418e+02
2.239686686889141072e+02
2.241175383991229637e+02
2.242595981137811521e+02
2.243948500719061201e+02
2.245218108424653565e+02
2.246412254995013598e+02
2.247530962820317200e+02
2.248566825940488059e+02
2.249519866745702643e+02
2.250397535976384802e+02
2.251184999322210558e+02
2.251882279173354391e+02
2.252496826270241854e+02
2.253021234652796920e+02
2.253455526711196057e+02
2.253792296485363806e+02
2.254038994715724584e+02
2.254188215442204637e+02
2.254239981054978159e+02
2.254186885593969976e+02
2.254036379799606209e+02
2.253788486062060485e+02
2.253435798421258767e+02
2.252985767617626607e+02
2.252430987691087694e+02
2.251764052681568273e+02
2.250999841679743270e+02
2.250130948725537223e+02
2.249157396209125466e+02
2.248071758468136636e+02
2.246881387731516782e+02
2.245578759825415318e+02
2.244163778926231316e+02
2.242636349210364983e+02
2.241003803204464759e+02
2.239251188384429838e+02
2.237393265627161156e+02
2.235415082408557055e+02
2.233331399605517618e+02
2.231127264693942038e+02
2.228817438550728980e+02
2.226386968651779341e+02
2.223843187523740994e+02
2.221193427693264653e+02
2.218422736636249510e+02
2.215538446879344860e+02
2.212547890949199711e+02
2.209436116321714110e+02
2.206217883873787571e+02
2.202885669431568942e+02
2.199431948821207641e+02
2.195871482919604318e+02
2.192196747552907254e+02
2.188415075247766595e+02
2.184511513480080680e+02
2.180500823126750447e+02
2.176375480013923891e+02
2.172142816668252010e+02
2.167802737266132453e+02
2.163355145983965997e+02
2.158799946998152279e+02
2.154137044485089518e+02
2.149366342621178489e+02
2.144502602283317003e+02
2.139523442597156304e+02
2.134443624439594487e+02
2.129270480337281981e+02
2.123989057766117412e+02
2.118606689252750925e+02
2.113123278973581591e+02
2.107538731105008480e+02
2.101860378173682022e+02
2.096088124356000719e+02
2.090214445478115124e+02
2.084254102416923331e+02
2.078199570998575609e+02
2.072050755399471029e+02
2.065814988146259452e+02
2.059484745065090010e+02
2.053067355484991481e+02
2.046562707594260644e+02
2.039970686383572342e+02
2.033291176843603125e+02
2.026531492315277205e+02
2.019684089439022046e+02
2.012763709906011513e+02
2.005755382006422849e+02
1.998681275781680426e+02
1.991526419521959781e+02
1.984305554918437906e+02
1.977011138611539138e+02
1.969650483942189396e+02
1.962216047550814721e+02
1.954722571128590403e+02
1.947162511315941913e+02
1.939543181453795171e+02
1.931857038182575934e+02
1.924118823193459207e+02
1.916313564776621376e+02
1.908463432973487386e+02
1.900553456074233338e+02
1.892590947419784584e+02
1.884590648701316979e+02
1.876530159858755837e+02
1.868431650933526953e+02
1.860287578566056084e+02
1.852105256097268580e+02
1.843884568517840137e+02
1.835617972468196513e+02
1.827320209639512996e+02
1.818983736672216196e+02
1.810615866907230327e+02
1.802216485335232221e+02
1.793792905297146376e+02
1.785345011783649340e+02
1.776865261435166587e+02
1.768368395942872837e+02
1.759854300297445207e+02
1.751322859489558539e+02
1.742773958509887962e+02
1.734214910699359677e+02
1.725638172698399444e+02
1.717058486198182834e+02
1.708468307839134752e+02
1.699867522611931747e+02
1.691263443857499169e+02
1.682655956566512714e+02
1.674052374079897163e+02
1.665445153038079127e+02
1.656841620734077765e+02
1.648241731919037534e+02
1.639652883646446071e+02
1.631067616269292273e+02
1.622500755191313999e+02
1.613937412415249071e+02
1.605392413344836484e+02
1.596865726683313937e+02
1.588349892783669191e+02
1.579859737049641240e+02
1.571387799834217844e+02
1.562941478190887210e+02
1.554520740822887319e+02
1.546125556433456438e+02
1.537755893725833403e+02
1.529419149753505565e+02
1.521115293219711191e+02
1.512844292827689117e+02
1.504606117280676472e+02
1.496408163632162598e+02
1.488242972235134971e+02
1.480125368493331450e+02
1.472047892759740932e+02
1.464017942087851338e+02
1.456035485180900650e+02
1.448100490742127704e+02
1.440212927474769629e+02
1.432372764082065260e+02
1.424587397617502802e+02
1.416856796784320238e+02
1.409173501935505897e+02
1.401552338474797921e+02
1.393985846755184070e+02
1.386481423830153403e+02
1.379031610052693395e+02
1.371643802476292251e+02
1.364325398154438460e+02
1.357061509089870128e+02
1.349866960686325115e+02
1.342741721647041970e+02
1.335678332325009023e+02
1.328684189773713911e+02
1.321759262696394899e+02
1.314896091446040316e+02
1.308109501426388590e+02
1.301399461340677419e+02
1.294758511541895700e+02
1.288186620733280847e+02
1.281691185968321349e+02
1.275272175950255047e+02
1.268929574106264369e+02
1.262663422759304979e+02
1.256473778956276277e+02
1.250368128094328171e+02
1.244339098870110689e+02
1.238386748330522522e+02
1.232518561872713860e+02
1.226727168193334307e+02
1.221020052689533486e+02
1.215397272408210938e+02
1.209851456046016409e+02
1.204390089000099522e+02
1.199013228317359392e+02
1.193720931044696130e+02
1.188505825878759339e+02
1.183382826566948722e+02
1.178344561805913884e+02
1.173391088642553939e+02
1.168515035773519060e+02
1.163731316946208807e+02
1.159032560857272358e+02
1.154418824553610250e+02
1.149897593432371110e+02
1.145454067839955314e+02
1.141103161523761713e+02
1.136830074830190824e+02
1.132649721506641640e+02
1.128554730249764333e+02
1.124537729756207369e+02
1.120613633773371873e+02
1.116775070997906312e+02
1.113022098476711079e+02
1.109347344906435495e+02
1.105765724034478978e+02
1.102262436207241478e+02
1.098852395172122129e+02
1.095520801275521308e+02
1.092275139914588067e+02
1.089108039785972295e+02
1.086034414637073553e+02
1.083032036464041141e+02
1.080115819014275189e+02
1.077285819334674954e+02
1.074534666121890467e+02
1.071862416422820843e+02
1.069269127284366334e+02
1.066754855753425772e+02
1.064319658876899268e+02
1.061963593701686364e+02
1.059686717274687027e+02
1.057489090238119189e+02
1.055363359265226961e+02
1.053309602974823633e+02
1.051335328335972008e+02
1.049425757266984789e+02
1.047595825087175427e+02
1.045838182065106281e+02
1.044152906819590925e+02
1.042532649619191716e+02
1.040984917432971741e+02
1.039509788879744008e+02
1.038099914228071725e+02
1.036747943746517251e+02
1.035468812754394037e+02
1.034255171520264867e+02
1.033107098662942605e+02
1.032017244450990177e+02
1.030985687503220589e+02
1.030019934788696787e+02
1.029112636575981838e+02
1.028263871483888323e+02
1.027473718131229532e+02
1.026742255136818187e+02
1.026062132769217357e+02
1.025433429647240189e+02
1.024863652739949060e+02
1.024338023965657243e+02
1.023864050293427681e+02
1.023441810342073381e+02
1.023071382730407350e+02
1.022745417726992088e+02
1.022463993950640884e+02
1.022219761669916807e+02
1.022027656204132313e+02
1.021872899471600675e+02
1.021762998441384980e+02
1.021690603382047868e+02
1.021655792912402489e+02
1.021658645651261565e+02
1.021699240217438103e+02
1.021770226879495027e+02
1.021879112606495710e+02
1.022018547667002508e+02
1.022188610679828429e+02
1.022389380263786904e+02
1.022613506687440150e+02
1.022868496919851680e+02
1.023147001229584419e+02
1.023456526585701027e+02
1.023782294906514352e+02
1.024131805550123886e+02
1.024505099080522683e+02
1.024887351750240327e+02
1.025300881563056663e+02
1.025723436421251193e+02
1.026162477628103176e+02
1.026618038136642213e+02
1.027082722549648111e+02
1.027556563820150330e+02
1.028047023251428271e+02
1.028546705446261740e+02
1.029048215007429974e+02
1.029559013238212657e+02
1.030079133091639534e+02
1.030601179170489985e+02
1.031125184427793471e+02
1.031651181816579737e+02
1.032179204289878243e+02
1.032701856450468512e+02
1.033226599601630227e+02
1.033746038346142768e+02
1.034260205637035881e+02
1.034776562777588822e+02
1.035280286020331317e+02
1.035778836668543192e+02
1.036264819325003543e+02
1.036745695292992195e+02
1.037214069175288529e+02
1.037677402275172085e+02
1.038120870845172590e+02
1.038551936188569584e+02
1.038970631258392814e+02
1.039376989007671170e+02
1.039763614039184887e+02
1.040130539305963140e+02
1.040477797761035532e+02
1.040812850707681747e+02
1.041120874398431226e+02
1.041409330136563511e+02
1.041678250875108489e+02
1.041920241216845113e+02
1.042142762465053352e+02
1.042338419222512726e+02
1.042507244442252414e+02
1.042649271077302444e+02
1.042771960430942357e+02
1.042860488755701454e+02
1.042922317354859274e+02
1.042950050831195483e+02
1.042951150487989622e+02
1.042925638716146324e+02
1.042866067307818554e+02
1.042772405843284957e+02
1.042644623902824179e+02
1.042490119416964092e+02
1.042294005265483179e+02
1.042071107729160104e+02
1.041806539687772926e+02
1.041515127422100022e+02
1.041181983811920162e+02
1.040814506787761076e+02
1.040405237579651470e+02
1.039961574118119501e+02
1.039476057633193875e+02
1.038956086055402608e+02
1.038401628965024202e+02
1.037797799241837282e+02
1.037159423166619376e+02
1.036486470319649698e+02
1.035764053580706445e+02
1.035006999230567715e+02
1.034207848499261928e+02
1.033373999317317526e+02
1.032490564564512852e+02
1.031572370521626141e+02
1.030611958418685958e+02
1.029601869485720584e+02
1.028556930003508256e+02
1.027469681202077396e+02
1.026347521011956587e+02
1.025175562312923887e+02
1.023961203035507594e+02
1.022704412759986496e+02
1.021405161066638669e+02
1.020070845885992270e+02
1.018686580097826067e+02
1.017259761632668216e+02
1.015797788421047017e+02
1.014293201692990891e+02
1.012738542678528262e+02
1.011148637658437508e+02
1.009523456212996564e+02
1.007848111221984482e+02
1.006137428966179073e+02
1.004383950675608901e+02
1.002595074280802407e+02
1.000763341011787873e+02
9.988887204488435145e+01
9.969786105224979167e+01
9.950255524627792170e+01
9.930295094142658741e+01
9.910052754792361895e+01
9.889304965730178765e+01
9.868273887124392729e+01
9.846810261630784566e+01
9.824987682412636048e+01
9.802805459130726717e+01
9.780188617943338159e+01
9.757285035516251526e+01
9.733945454505249018e+01
9.710317751576110368e+01
9.686252669384613512e+01
9.661898084596548131e+01
9.637179023370184439e+01
9.612094795366311928e+01
9.586718993748208106e+01
9.560976644674153135e+01
9.534941341307430207e+01
9.508538109806320904e+01
9.481914826836602117e+01
9.454922235054058888e+01
9.427633927621971566e+01
9.400123497703620501e+01
9.372241687954785050e+01
9.344136375041249210e+01
9.315732585121293141e+01
9.287029627855696390e+01
9.258101096407740727e+01
9.228946300438208539e+01
9.199490266105379987e+01
9.169806586572535423e+01
9.139894571500455811e+01
9.109753530549923539e+01
9.079457056884218957e+01
9.048855893159124264e+01
9.018097916040416351e+01
8.987108151686381063e+01
8.955960193260295910e+01
8.924579066920445314e+01
8.893038365830106784e+01
8.861337399650064128e+01
8.829475478041096892e+01
8.797377627161486657e+01
8.765191723677014579e+01
8.732917077248460203e+01
8.700404430531605726e+01
8.667875943694731689e+01
8.635182359393621709e+01
8.602322987289053913e+01
8.569445704046810874e+01
8.536401429384129358e+01
8.503338925274094606e+01
8.470109996741237524e+01
8.436863582820100760e+01
8.403525772037720287e+01
8.370171219926135109e+01
8.336800298514882002e+01
8.303339096330996938e+01
8.269787985404022379e+01
8.236295904768493870e+01
8.202788942951450224e+01
8.169193188479925993e+01
8.135731863890964632e+01
8.102182490706597662e+01
8.068694007961369152e+01
8.035192504182312234e+01
8.001752634901467331e+01
7.968374772148371221e+01
7.935059287952563523e+01
7.901732270841080208e+01
7.868542659848459664e+01
7.835416543501740705e+01
7.802354293830460108e+01
7.769356282864157492e+01
7.736497166134867598e+01
7.703703032169630660e+01
7.671048536500485682e+01
7.638534051156966598e+01
7.606159948168615870e+01
7.573852316062468049e+01
7.541760093873062942e+01
7.509809370127436523e+01
7.478000516855128410e+01
7.446333906085676801e+01
7.414884193351119279e+01
7.383651750680989778e+01
7.352562666602334218e+01
7.321691596647183076e+01
7.290964629342576586e+01
7.260456420220556595e+01
7.230241624813154999e+01
7.200172048144912651e+01
7.170322345747867132e+01
7.140730031402807754e+01
7.111365763738268697e+01
7.082252199834540818e+01
7.053382283370912376e+01
7.024771243077420024e+01
6.996412022633350603e+01
6.968319850768745027e+01
