# f_z
5.276531700930022772e-01
5.459687362642182684e-01
5.637816793753047673e-01
5.810737470331478471e-01
5.978310858880119261e-01
6.140439878339607471e-01
6.297065760590778716e-01
6.448164466507121384e-01
6.593743558250968473e-01
6.733838757157041277e-01
6.868510439457105043e-01
6.997840568983832998e-01
7.121929528593282654e-01
7.240893111691824036e-01
7.354860189487881783e-01
7.463969393121179241e-01
7.568367734618144382e-01
7.668208242812536435e-01
7.763647672034090785e-01
7.854845520311800611e-01
7.941962394378547785e-01
8.025158743112713600e-01
8.104593615860633538e-01
8.180424301816695554e-01
8.252805280370305585e-01
8.321887295667722562e-01
8.387817811871604023e-01
8.450739447938986348e-01
8.510790524724636263e-01
8.568104672774218278e-01
8.622810572670573936e-01
8.675032046406702113e-01
8.724887953758078130e-01
8.772491883271790192e-01
8.817953016075542605e-01
8.861375231627025562e-01
8.902857956323070310e-01
8.942495820463697287e-01
8.980379098823408901e-01
9.016593747890411237e-01
9.051221344776747557e-01
9.084339665120239049e-01
9.116022574244787569e-01
9.146340144355841195e-01
9.175358930102677224e-01
9.203142274104203491e-01
9.229749743494427561e-01
9.255238592552355037e-01
9.279662723060673191e-01
9.303073244865737168e-01
9.325518661981868629e-01
9.347045037037151616e-01
9.367695899573638130e-01
9.387512720903735675e-01
9.406534782859411470e-01
9.424799154714916805e-01
9.442341403714000769e-01
9.459194487024541464e-01
9.475390580779099459e-01
9.490959773457412485e-01
9.505930517613045971e-01
9.520329941522425177e-01
9.534183882699294177e-01
9.547516562257258865e-01
9.560351600618147705e-01
9.572710829824799816e-01
9.584615043677946478e-01
9.596084250189985676e-01
9.607137419943506673e-01
9.617792512093975565e-01
9.628066588102450751e-01
9.637975789147509298e-01
9.647535932439452733e-01
9.656761235025637102e-01
9.665666056675252804e-01
9.674263684753658943e-01
9.682566746143784764e-01
9.690587295956367697e-01
9.698337013519084948e-01
9.705826790413657479e-01
9.713066970770736219e-01
9.720067680952766409e-01
9.726838307636211933e-01
9.733388288834931013e-01
9.739725914500574344e-01
9.745859642654758348e-01
9.751797123881016383e-01
9.757546251182661612e-01
9.763114081969854752e-01
9.768507436296457458e-01
9.773733163695315085e-01
9.778797055048185083e-01
9.783705622430852733e-01
9.788464465591084629e-01
9.793078910980722585e-01
9.797554381647783917e-01
9.801896078659309008e-01
9.806108638331689775e-01
9.810196737985891202e-01
9.814164915005798573e-01
