# h
6.726999999999999602e+01
6.826106721219194640e+01
6.929690258863175245e+01
7.037724253822985077e+01
7.150175602904349148e+01
7.267005161950982028e+01
7.388168438420076711e+01
7.513616264977709136e+01
7.643295447073232651e+01
7.777149378840492489e+01
7.915118623012318722e+01
8.057141451785145136e+01
8.203154346706138256e+01
8.353092456659051379e+01
8.506890013888431668e+01
8.664480708724123303e+01
8.825798024253344920e+01
8.990775532644859425e+01
9.159347155170527799e+01
9.331447388206862570e+01
9.507011497647107490e+01
9.685975684227000215e+01
9.868277222277441751e+01
1.005385457437807162e+02
1.024264748430716452e+02
1.043459705057649529e+02
1.062964578271196388e+02
1.082773764229991116e+02
1.102881807067058162e+02
1.123283400493897375e+02
1.143973388397301676e+02
1.164946764571246973e+02
1.186198671712148496e+02
1.207724399792450356e+02
1.229519383915031909e+02
1.251579201739315010e+02
1.273899570559293295e+02
1.296476344103907650e+02
1.319305509121332989e+02
1.342383181800697685e+02
1.365705604077556643e+02
1.389269139862947497e+02
1.413070271230140520e+02
1.437105594588055624e+02
1.461371816865817266e+02
1.485865751728940438e+02
1.510584315844159278e+02
1.535524525206844260e+02
1.560683491542326067e+02
1.586058418790117628e+02
1.611646599678041127e+02
1.637445412391567743e+02
1.663452317342184870e+02
1.689664854037376926e+02
1.716080638053713017e+02
1.742697358113681787e+02
1.769512773266101817e+02
1.796524710169364596e+02
1.823731060476218602e+02
1.851129778318385490e+02
1.878718877888973680e+02
1.906496431120364150e+02
1.934460565455056837e+02
1.962609461706786078e+02
1.990941352009131151e+02
2.019454517848739101e+02
2.048147288180257135e+02
2.077018037620050563e+02
2.106065184715777150e+02
2.135287190288935051e+02
2.164682555847501533e+02
2.194249822065882256e+02
2.223987567329398019e+02
2.253894406340647549e+02
2.283968988785133547e+02
2.314209998053622428e+02
2.344616150018797782e+02
2.375186191863843135e+02
2.405918900960679707e+02
2.436813083795656496e+02
2.467867574940602253e+02
2.499081236067198404e+02
2.530452955002738804e+02
2.561981644825422109e+02
2.593666242997379641e+02
2.625505710533748243e+02
2.657499031206153290e+02
2.689645210779035551e+02
2.721943276277355608e+02
2.754392275284229754e+02
2.786991275267160972e+02
2.819739362931559867e+02
2.852635643600338540e+02
2.885679240618372319e+02
2.918869294780744212e+02
2.952204963783677840e+02
2.985685421697147603e+02
3.019309858458204303e+02
3.053077479384084540e+02
3.086987504704216008e+02
