# sigma_8
8.314275508873645304e-01
8.181669617095479463e-01
8.050712980905539995e-01
7.921534658834648024e-01
7.794246783972403891e-01
7.668945355127201324e-01
7.545710871511368545e-01
7.424609870698638536e-01
7.305695654897284008e-01
7.189009330001040476e-01
7.074581090560498886e-01
6.962430726119338553e-01
6.852569088320464852e-01
6.744998655622613803e-01
6.639714573848977119e-01
6.536705600284452577e-01
6.435954558466596698e-01
6.337439273051033162e-01
6.241133284008454352e-01
6.147006345197479904e-01
6.055025106131174395e-01
5.965153332768891037e-01
5.877352837240104044e-01
5.791583495288394889e-01
5.707803762854116725e-01
5.625971243144632927e-01
5.546042334573642041e-01
5.467973385940377851e-01
5.391720214269909439e-01
5.317238601839840983e-01
5.244484449452513353e-01
5.173413869650349550e-01
5.103983446711312100e-01
5.036150193689395982e-01
4.969871721060331593e-01
4.905106378447176008e-01
4.841813186768857968e-01
4.779952004737719751e-01
4.719483493744651148e-01
4.660369184506211182e-01
4.602571615210757638e-01
4.546054066270968641e-01
4.490780831161099163e-01
4.436717158885334356e-01
4.383829216439401044e-01
4.332084001064733236e-01
4.281449649997554618e-01
4.231894984001385307e-01
4.183389842472076681e-01
4.135904964294725983e-01
4.089411879860243570e-01
4.043883082514104776e-01
3.999291842544764330e-01
3.955612247648536695e-01
3.912819146946380222e-01
3.870888256576127673e-01
3.829795917763241242e-01
3.789519458810926555e-01
3.750036600380075580e-01
3.711325963003405115e-01
3.673366762972352650e-01
3.636138924403315986e-01
3.599623012813926159e-01
3.563800107552560492e-01
3.528651971249346375e-01
3.494160884686995372e-01
3.460309741348466250e-01
3.427081986051797591e-01
3.394461449194918212e-01
3.362432619766277941e-01
3.330980399873017528e-01
3.300090160075137002e-01
3.269747653886716510e-01
3.239939341508646931e-01
3.210651776411253544e-01
3.181872071267757285e-01
3.153587737851253348e-01
3.125786701112099331e-01
3.098457116564875546e-01
3.071587656614427342e-01
3.045167251429127808e-01
3.019185186201201465e-01
2.993631044850950662e-01
2.968494730571090146e-01
2.943766455039358854e-01
2.919436689235343496e-01
2.895496271334835892e-01
2.871936173516902446e-01
2.848747727469435054e-01
2.825922503950016318e-01
2.803452252041363502e-01
2.781329072261946589e-01
2.759545154770205455e-01
2.738093006139709629e-01
2.716965365914474906e-01
2.696155061987209889e-01
2.675655183753155031e-01
2.655459071040727204e-01
2.635560149267565655e-01
2.615952107028953200e-01
