# d_l
0.000000000000000000e+00
1.533314446182331210e+02
3.140392294851448014e+02
4.818428327559385593e+02
6.564663910576609851e+02
8.376397029499104292e+02
1.025099088280215710e+03
1.218588105128977077e+03
1.417858129241029019e+03
1.622668803382315218e+03
1.832788365953654647e+03
2.047993869482719901e+03
2.268071300364522358e+03
2.492815611507126050e+03
2.722030679444737871e+03
2.955529197086368640e+03
3.193132512650759054e+03
3.434670424565743360e+03
3.679980941241351502e+03
3.928910013709510622e+03
4.181311248198422618e+03
4.437045604805994117e+03
4.695981087576451500e+03
4.957992430481855081e+03
5.222960783075136533e+03
5.490773398918053317e+03
5.761323329296953489e+03
6.034509124220426202e+03
6.310234542241652889e+03
6.588408270260791141e+03
6.868943654133016025e+03
7.151758440630529549e+03
7.436774531076338462e+03
7.723917746777889079e+03
8.013117606235128733e+03
8.304307113974404274e+03
8.597422560763583533e+03
8.892403334889542748e+03
9.189191744124242177e+03
9.487732847966255576e+03
9.787974299718183829e+03
1.008986619794497165e+04
1.039336094685065109e+04
1.069841312511135038e+04
1.100497936270733226e+04
1.131301822530649042e+04
1.162249010576443652e+04
1.193335712232123478e+04
1.224558302309179089e+04
1.255913309646442940e+04
1.287397408704087866e+04
1.319007411676946140e+04
1.350740261094206107e+04
1.382593022874381495e+04
1.414562879806256387e+04
1.446647125428265099e+04
1.478843158280426724e+04
1.511148476504605787e+04
1.543560672770366364e+04
1.576077429505189684e+04
1.608696514409184601e+04
1.641415776235731391e+04
1.674233140820750850e+04
1.707146607344414952e+04
1.740154244810232194e+04
1.773254188727446672e+04
1.806444637983633584e+04
1.839723851895279950e+04
1.873090147424957468e+04
1.906541896554476989e+04
1.940077523804128214e+04
1.973695503888789244e+04
2.007394359502313091e+04
2.041172659222175207e+04
2.075029015526923104e+04
2.108962082919455861e+04
2.142970556149644472e+04
2.177053168530229595e+04
2.211208690340347312e+04
2.245435927311401247e+04
2.279733719190362172e+04
2.314100938375885744e+04
2.348536488622955221e+04
2.383039303812031358e+04
2.417608346778955820e+04
2.452242608202096380e+04
2.486941105543446611e+04
2.521702882040614713e+04
2.556527005746812210e+04
2.591412568616156204e+04
2.626358685631760090e+04
2.661364493974242578e+04
2.696429152228434032e+04
2.731551839626209767e+04
2.766731755323490142e+04
2.801968117709571743e+04
2.837260163747068145e+04
2.872607148340856293e+04
2.908008343734487426e+04
2.943463038932650670e+04
2.978970539148334501e+04
3.014530165273418243e+04
3.050141253371519633e+04
3.085803154191956128e+04
3.121515232703772199e+04
3.157276867648837288e+04
3.193087451113070347e+04
3.228946388114906949e+04
3.264853096210180229e+04
3.300807005112605839e+04
3.336807556329141516e+04
3.372854202809516573e+04
3.408946408609260106e+04
3.445083648565589101e+04
3.481265407985580532e+04
3.517491182346045389e+04
3.553760477004582208e+04
3.590072806921297888e+04
3.626427696390719211e+04
3.662824678783440322e+04
3.699263296297070337e+04
3.735743099716088909e+04
3.772263648180201562e+04
3.808824508960842650e+04
3.845425257245459943e+04
3.882065475929275271e+04
3.918744755414172687e+04
3.955462693414447858e+04
3.992218894769100734e+04
4.029012971260432096e+04
4.065844541438662418e+04
4.102713230452332209e+04
4.139618669884264818e+04
4.176560497592843603e+04
4.213538357558419375e+04
4.250551899734616018e+04
4.287600779904369119e+04
4.324684659540494613e+04
4.361803205670612806e+04
4.398956090746282280e+04
4.436142992516145023e+04
4.473363593902967841e+04
4.510617582884410513e+04
4.547904652377389721e+04
4.585224500125903432e+04
4.622576828592186212e+04
4.659961344851084868e+04
4.697377760487511841e+04
4.734825791496904276e+04
4.772305158188534551e+04
