# d_z
1.000000000000000000e+00
9.823919412047642519e-01
9.650277372729784142e-01
9.479277238258625449e-01
9.311095282396131267e-01
9.145877641089856791e-01
8.983741774944402625e-01
8.824785476757492919e-01
8.669081725981856446e-01
8.516680609321574114e-01
8.367618983090611140e-01
8.221912868544751785e-01
8.079566294021000017e-01
7.940568833727206233e-01
7.804898983000184698e-01
7.672527142509711906e-01
7.543411907966572905e-01
7.417508694473853303e-01
7.294763508632856608e-01
7.175118906302477839e-01
7.058513947094122720e-01
6.944882318588501136e-01
6.834157478438365185e-01
6.726270704700068048e-01
6.621150244598661416e-01
6.518725955616242462e-01
6.418926078481724806e-01
6.321679433721124619e-01
6.226914393103260004e-01
6.134560877503453247e-01
6.044548290481125408e-01
5.956810238333802854e-01
5.871277479857919257e-01
5.787885168799056235e-01
5.706568007429291267e-01
5.627264060696653969e-01
5.549911000796031724e-01
5.474449423197300657e-01
5.400821489201138581e-01
5.328969436807149407e-01
5.258840451461267440e-01
5.190379990927367349e-01
5.123536637874621658e-01
5.058261423669092594e-01
4.994505584598186165e-01
4.932222026209033827e-01
4.871366453473647273e-01
4.811894137310118724e-01
4.753763835178921315e-01
4.696934950890394034e-01
4.641367000969230383e-01
4.587022759019119822e-01
4.533865733061733239e-01
4.481860070145184394e-01
4.430971893473070189e-01
4.381167802499089658e-01
4.332415724711487504e-01
4.284685819976987720e-01
4.237947912236028070e-01
4.192173197437185084e-01
4.147334002835418865e-01
4.103403784125183029e-01
4.060356459633734372e-01
4.018167290501494793e-01
3.976812605051038840e-01
3.936268551409281558e-01
3.896513329213420196e-01
3.857524161394539353e-01
3.819281620431478341e-01
3.781764196460193350e-01
3.744953077288832866e-01
3.708828724663568721e-01
3.673373634679999444e-01
3.638569098717769901e-01
3.604399175226106200e-01
3.570846968378595387e-01
3.537896119998141797e-01
3.505531472563135909e-01
3.473737769705154688e-01
3.442500917136551708e-01
3.411806496252423049e-01
3.381641508174788591e-01
3.351992231090216157e-01
3.322846457024385969e-01
3.294190825395093558e-01
3.266015039433282641e-01
3.238305920908549074e-01
3.211053451127079406e-01
3.184245896110517449e-01
3.157873128535963470e-01
3.131924836768277265e-01
3.106391218342432481e-01
3.081262495270992718e-01
3.056529451867849301e-01
3.032182766360456694e-01
3.008214082849625659e-01
2.984614363102658929e-01
2.961375581971852911e-01
2.938489597812003473e-01
2.915949164189690634e-01
2.893745577050514384e-01
2.871872529388432294e-01
2.850322187377384298e-01
2.829087875040678379e-01
2.808162796263350414e-01
2.787540037836948037e-01
2.767213633151516805e-01
2.747177341800602357e-01
2.727424939526356118e-01
2.707950225413914835e-01
2.688747922212558206e-01
2.669812416450429993e-01
2.651137953220059629e-01
2.632719447519168421e-01
2.614551900989493527e-01
2.596629998906286874e-01
2.578949242045954215e-01
2.561504521402189760e-01
2.544291360035091931e-01
2.527304777883360720e-01
2.510541298069884353e-01
2.493995899142983919e-01
2.477664659129066860e-01
2.461543170249706480e-01
2.445627835530176375e-01
2.429914910672559547e-01
2.414400060385836488e-01
2.399079899458479714e-01
2.383951131216999753e-01
2.369009652176705671e-01
2.354252455823133972e-01
2.339675959669912098e-01
2.325277022362516044e-01
2.311052382845324993e-01
2.296999007535014958e-01
2.283113866005765102e-01
2.269393933353782145e-01
2.255836074340814013e-01
2.242437875086859822e-01
2.229196350323860154e-01
2.216108650542755465e-01
2.203172189170976014e-01
2.190384895822310440e-01
2.177743273013405256e-01
2.165245806275088725e-01
2.152889429805835420e-01
2.140672100331823535e-01
2.128591449487421960e-01
2.116645154090808501e-01
2.104831065683089864e-01
