# d_v
0.000000000000000000e+00
1.479511699610113169e+02
2.926594100841321051e+02
4.340650676977826379e+02
5.721238335383001186e+02
7.068061384376181877e+02
8.380963840349375005e+02
9.659920442585257661e+02
1.090502672909465673e+03
1.211648850153112335e+03
1.329461097410044431e+03
1.443978786339902626e+03
1.555249063595101916e+03
1.663325809007447788e+03
1.768268641029829723e+03
1.870141979710190753e+03
1.969014174304754306e+03
2.064956699883897272e+03
2.158043424958980268e+03
2.248349950251009432e+03
2.335953017205479227e+03
2.420929983694853945e+03
2.503358363498414747e+03
2.583315425563912868e+03
2.660877848692935913e+03
2.736121427111008416e+03
2.809120822346795649e+03
2.879949356919531056e+03
2.948678845491415814e+03
3.015379459358550776e+03
3.080119620410093376e+03
3.142965920965026271e+03
3.203983066186617179e+03
3.263233836066663116e+03
3.320779064257782011e+03
3.376677631307058164e+03
3.430986470104791351e+03
3.483760581605550215e+03
3.535053059104031490e+03
3.584915119554843841e+03
3.633396140613399439e+03
3.680543702245164695e+03
3.726403631903323003e+03
3.771020052411625329e+03
3.814435431810774844e+03
3.856690634534485071e+03
3.897824973376449179e+03
3.937876261793004687e+03
3.976880866159594916e+03
4.014873757662968274e+03
4.051888563566722951e+03
4.087957617635990573e+03
4.123112009548744936e+03
4.157381633157056967e+03
4.190795233492432999e+03
4.223380452435653751e+03
4.255163872993930454e+03
4.286171062147146586e+03
4.316426612240959912e+03
4.345954180917926351e+03
4.374776529588963967e+03
4.402915560456703133e+03
4.430392352109818603e+03
4.457227193713518318e+03
4.483439617826304129e+03
4.509048431876864015e+03
4.534071748337960344e+03
4.558527013636282391e+03
4.582431035838779280e+03
4.605800011156967230e+03
4.628649549311214287e+03
4.650994697797139452e+03
4.672849965096137566e+03
4.694229342871527479e+03
4.715146327191294404e+03
4.735613938817466078e+03
4.755644742601357393e+03
4.775250866022744958e+03
4.794444016910026221e+03
4.813235500377172684e+03
4.831636235012105317e+03
4.849656768349887898e+03
4.867307291662874377e+03
4.884597654098725798e+03
4.901537376195951765e+03
4.918135662805456377e+03
4.934401415445316161e+03
4.950343244114917070e+03
4.965969478593375243e+03
4.981288179246108484e+03
4.996307147362342221e+03
5.011033935045265025e+03
5.025475854675618393e+03
5.039639987968486821e+03
5.053533194642150193e+03
5.067162120716984646e+03
5.080533206461542250e+03
5.093652694002110366e+03
5.106526634611322152e+03
5.119160895690571124e+03
5.131561167460355136e+03
5.143732969371939362e+03
5.155681656253104848e+03
5.167412424200138958e+03
5.178930316227626463e+03
5.190240227687046172e+03
5.201346911464650475e+03
5.212254982968590411e+03
5.222968924914784111e+03
5.233493091920551706e+03
5.243831714914612348e+03
5.253988905371637884e+03
5.263968659379132077e+03
5.273774861544076884e+03
5.283411288746383434e+03
5.292881613745897084e+03
5.302189408649337565e+03
5.311338148243291471e+03
5.320331213199060585e+03
5.329171893154901227e+03
5.337863389680938781e+03
5.346408819131774180e+03
5.354811215391575388e+03
5.363073532516232262e+03
5.371198647276916745e+03
5.379189361609210209e+03
5.387048404971750642e+03
5.394778436618186788e+03
5.402382047786039038e+03
5.409861763805898590e+03
5.417220046134265431e+03
5.424459294313138344e+03
5.431581847859366462e+03
5.438589988086595440e+03
5.445485939862568557e+03
5.452271873304350265e+03
5.458949905413987835e+03
5.465522101656989435e+03
5.471990477485872361e+03
5.478356999810972411e+03
5.484623588420584383e+03
5.490792117352426430e+03
5.496864416218311817e+03
5.502842271483876175e+03
5.508727427705054652e+03
5.514521588723029708e+03
5.520226418819180253e+03
5.525843543831614625e+03
5.531374552234701696e+03
5.536820996183028910e+03
