# bin_6_5
7.502207969562546888e-04
7.488733141146918827e-04
7.501685319402787763e-04
7.489008598611902141e-04
7.501175620619539601e-04
7.489249234186432956e-04
7.500676470219285342e-04
7.489455370920388051e-04
7.500185469667285023e-04
7.489627172733228115e-04
7.499700216755850234e-04
7.489764646050003525e-04
7.499218298245429208e-04
7.489867641766613906e-04
7.498737283480846113e-04
7.489935857748938582e-04
7.498254719167585713e-04
7.489968842088118913e-04
7.497768125553191032e-04
7.489965997456818651e-04
7.497274994300285288e-04
7.489926586866088110e-04
7.496772788373796438e-04
7.489849741200389288e-04
7.496258944312586244e-04
7.489734468937879258e-04
7.495730877271740639e-04
7.489579668516147936e-04
7.495185989288967281e-04
7.489384143769230650e-04
7.494621681194053343e-04
7.489146622929367938e-04
7.494035368607699721e-04
7.488865781604556399e-04
7.493424502416259469e-04
7.488540270127023741e-04
7.492786594028632901e-04
7.488168745511213217e-04
7.492119245571724189e-04
7.487749908104691628e-04
7.491420184960540310e-04
7.487282542731123767e-04
7.490687305455100229e-04
7.486765563742436456e-04
7.489918708865971704e-04
7.486198062888151832e-04
7.489112750999445600e-04
7.485579358263619960e-04
7.488268087189875726e-04
7.484909041739273372e-04
7.487383714863696466e-04
7.484187021355369297e-04
7.486459009032142651e-04
7.483413553991897019e-04
7.485493745451718330e-04
7.482589262459738181e-04
7.484488104974114549e-04
7.481715129989090348e-04
7.483442651525172009e-04
7.480792464100612105e-04
7.482358275365520684e-04
7.479822821331138637e-04
7.481236093086868991e-04
7.478807884533527663e-04
7.480077296635243402e-04
7.477749285993567918e-04
7.478882945964535067e-04
7.476648372850151813e-04
7.477653704275610824e-04
7.475505916907267253e-04
7.476389521739428955e-04
7.474321779297418179e-04
7.475089283485276351e-04
7.473094551863903538e-04
7.473750450480668318e-04
7.471821211237765796e-04
7.472368737028301086e-04
7.470496837239553375e-04
7.470937884208598461e-04
7.469114461987814329e-04
7.469449601427929995e-04
7.467665125732126600e-04
7.467893753272685951e-04
7.466138214191699084e-04
7.466258859393869575e-04
7.464522132519641438e-04
7.464532943475542552e-04
7.462805325606417352e-04
7.462704706848688431e-04
7.460977578241040700e-04
7.460764910787293612e-04
7.459031423518685915e-04
7.458707736270058127e-04
7.456963368069209055e-04
7.456531773588490541e-04
7.454774540264435352e-04
7.454240218866153064e-04
7.452470334685331634e-04
7.451839880924582878e-04
7.450058728727144020e-04
7.449338796067585559e-04
7.447547244024283744e-04
7.446742651642655102e-04
7.444939028149277858e-04
7.444050800029266592e-04
7.442229151630296718e-04
7.441253244025936497e-04
7.439402715418363347e-04
7.438330279631491081e-04
7.436436368484152524e-04
7.435256083678595416e-04
7.433303951570198985e-04
7.432006126187681730e-04
7.429985081571626468e-04
7.428566015319835840e-04
7.426473083926442460e-04
7.424937192181569213e-04
7.422777156159957772e-04
7.421134534968377126e-04
7.418914921453451496e-04
7.417174158613298830e-04
7.414896738378160728e-04
7.413056490390034685e-04
7.410710603644790877e-04
7.408756418495155913e-04
7.406320635225568634e-04
7.404232018350557576e-04
7.401685940850048556e-04
7.399450881866653177e-04
7.396789121612070425e-04
7.394413643996695885e-04
7.391647387772545949e-04
7.389147192221086477e-04
7.386286648422672480e-04
7.383664356347385263e-04
7.380697516657163748e-04
7.377930741765956809e-04
7.374826831546571091e-04
7.371888443630995706e-04
7.368629795440648049e-04
7.365520018450969018e-04
7.362120271870000246e-04
7.358860207836888379e-04
7.355332035227070625e-04
7.351917461859148713e-04
7.348234366731587952e-04
7.344627828064567709e-04
7.340755974184233739e-04
7.336945656647960497e-04
7.332897211673927631e-04
7.328909049479521163e-04
7.324698492257471476e-04
7.320519447498607555e-04
7.316105992219606221e-04
7.311693021110123600e-04
7.307058145181184305e-04
7.302428151159402183e-04
7.297600380107421023e-04
7.292758702155976470e-04
7.287702286634551449e-04
7.282597851185520750e-04
7.277288628492048148e-04
7.271941662704703912e-04
7.266408076462900923e-04
7.260807681674483118e-04
7.254996488602398442e-04
7.249102160928607786e-04
7.243024739631003395e-04
7.236867563145644392e-04
7.230508810740038329e-04
7.224031271387938930e-04
7.217362439402713603e-04
7.210591314221516130e-04
7.203623493233048732e-04
7.196509664062974987e-04
7.189199551501426191e-04
7.181762030560879520e-04
7.174120928590757432e-04
7.166309239921697790e-04
7.158302694991517095e-04
7.150139655291166399e-04
7.141755352634347569e-04
7.133186995694554278e-04
7.124422953774940366e-04
7.115457578969603108e-04
7.106265896163870823e-04
7.096885550758250246e-04
7.087274190902999316e-04
7.077437505460902742e-04
7.067387135629208230e-04
7.057093999182210455e-04
7.046564659973699341e-04
7.035803325920833053e-04
7.024780141281130458e-04
7.013517427400404926e-04
7.001991057760905595e-04
6.990199026599408765e-04
6.978148554624824789e-04
6.965807952558575062e-04
6.953206519066682184e-04
6.940298535681164484e-04
6.927119858971073768e-04
6.913622704441350214e-04
6.899841903230183445e-04
6.885731464641186607e-04
6.871323905045984047e-04
6.856574841750764406e-04
6.841515347946231125e-04
6.826101594464043746e-04
6.810364205294823199e-04
6.794259092887347962e-04
6.777817058748590194e-04
6.760993319686891840e-04
6.743819158682978071e-04
6.726248921970546558e-04
6.708314479974452271e-04
6.689969284047637011e-04
6.671245791610855768e-04
6.652096614900684978e-04
6.632554744955578268e-04
6.612572051587014979e-04
6.592181982305064889e-04
6.571335781251333354e-04
6.550067267235782026e-04
6.528327184516424710e-04
6.506149638636059968e-04
6.483485002975660503e-04
6.460367590699706225e-04
6.436747533550142260e-04
6.412659281461156489e-04
6.388052852586824457e-04
6.362962772704210948e-04
6.337339072728451076e-04
6.311216304298494957e-04
6.284544635757715984e-04
6.257358606220842162e-04
6.229608644791728017e-04
6.201329251703612379e-04
6.172471239367169219e-04
6.143069055115829352e-04
6.113074017101692050e-04
6.082520518318248462e-04
6.051360505730528404e-04
6.019628329328765822e-04
5.987276689387309751e-04
5.954339917179281858e-04
5.920771593009229198e-04
5.886606066819723105e-04
5.851797928678894147e-04
5.816381597811296151e-04
5.780312807547958315e-04
5.743626110323703455e-04
5.706278520692935775e-04
5.668304801581693477e-04
5.629663391800078954e-04
5.590389355359425341e-04
5.550442703925437303e-04
5.509858906356497957e-04
5.468599701686162502e-04
5.426701080260246286e-04
5.384126669056401356e-04
5.340913108949185261e-04
5.297026081409184333e-04
5.252503018561317794e-04
5.207311828497519128e-04
5.161490885967816387e-04
5.115010502630530859e-04
5.067910156480646923e-04
5.020162743292614412e-04
4.971809012297432381e-04
4.922824625789761280e-04
4.873251777162457862e-04
4.823069077098833860e-04
4.772320337908100081e-04
4.720987296854229297e-04
4.669115557852860959e-04
4.616690155252456407e-04
4.563758650396307673e-04
4.510309532524595490e-04
4.456392473516635725e-04
4.401999556483362401e-04
4.347182697226914549e-04
4.291937685505435411e-04
4.236318786422102012e-04
4.180325574237156775e-04
4.124014731070525146e-04
4.067389648485054206e-04
4.010509444603194314e-04
3.953381304473929745e-04
3.896066740016336082e-04
3.838576636403304414e-04
3.780974782211428973e-04
3.723275585711484153e-04
3.665544905291775535e-04
3.607800396655805515e-04
3.550109676072491036e-04
3.492493257077928658e-04
3.435020081481248940e-04
3.377713002298731370e-04
3.320641719812978255e-04
3.263830766200716922e-04
3.207349886424027351e-04
3.151224479431327099e-04
3.095523466384256933e-04
3.040272143511141777e-04
2.985537583280959144e-04
2.931343855073127746e-04
2.877755008538346315e-04
2.824792620314022494e-04
2.772516413080157037e-04
2.720944089665851663e-04
2.670129646293195212e-04
2.620085459599388682e-04
2.570858358261125277e-04
2.522453933612308036e-04
2.474910440126999170e-04
2.428225306204429706e-04
2.382426940544607409e-04
2.337503425840600953e-04
2.293472314334200337e-04
2.250311492848410205e-04
2.208027055858700633e-04
2.166586334404178198e-04
2.125983937562726637e-04
2.086176938782545486e-04
2.047149175010044169e-04
2.008848579981853811e-04
1.971249822380342540e-04
1.934293764449514447e-04
1.897948504250616356e-04
1.862150917460600138e-04
1.826866142117218670e-04
1.792031130006483471e-04
1.757612574166671920e-04
1.723552353588404752e-04
1.689823854982932291e-04
1.656379142754200204e-04
1.623203570986895172e-04
1.590264455679239112e-04
1.557563818798580351e-04
1.525088292404519236e-04
1.492859797547558729e-04
1.460886386525389494e-04
1.429210654312027288e-04
1.397861246806647790e-04
1.366898853659215870e-04
1.336368199220369960e-04
1.306341593480384771e-04
1.276871394747940451e-04
1.248031309164210866e-04
1.219869568784337011e-04
1.192448454623297563e-04
1.165798737926631808e-04
1.139958203036563092e-04
1.114928175790166225e-04
1.090712038889698077e-04
1.067274795019979998e-04
1.044582556517280130e-04
1.022565910948975885e-04
1.001160983146797496e-04
9.802767668579686234e-05
9.598375288536947834e-05
9.397532468179806988e-05
9.199619627647127710e-05
9.004012662442891759e-05
8.810480974053697383e-05
8.618883746558600998e-05
8.429513617358422761e-05
8.242747986257410351e-05
8.059320040875323768e-05
7.879918078073886464e-05
7.705393425241641864e-05
7.536335118048518081e-05
7.373261366489151729e-05
7.216231221934139557e-05
7.065090661866837323e-05
6.919189945609880343e-05
6.777738482440064246e-05
6.639651949261226368e-05
6.503998813236552140e-05
6.369910983200777470e-05
6.237010424035781503e-05
6.105239775000023781e-05
5.975121468646709452e-05
5.847391699066611958e-05
5.723045914009615426e-05
5.602829334873327751e-05
5.487231694079391448e-05
5.376083892441835770e-05
5.268782715197731562e-05
5.164220535134954977e-05
5.061323959307264083e-05
4.959192131290679083e-05
4.857613487839537584e-05
4.756943742172634081e-05
4.658157528518667561e-05
4.562240660306447526e-05
4.469920785881098752e-05
4.381106948325269286e-05
4.295056688869672464e-05
4.210515758110494128e-05
4.126504857477541279e-05
4.042664841693441248e-05
3.959620700632270583e-05
3.878439910592317578e-05
3.800100972062428673e-05
3.724654239840491284e-05
3.651278447305513798e-05
3.578663065289942229e-05
3.506094147813883710e-05
3.433855323481206293e-05
3.363124066578699906e-05
3.294809397529307294e-05
3.228825033791130267e-05
3.163983777384382141e-05
3.099227820024126319e-05
3.034555957570596728e-05
2.971126384018688485e-05
2.909834263014999555e-05
2.850343431326919129e-05
2.791333712824714140e-05
2.732226886586535273e-05
2.673817865385860726e-05
2.617258824894608802e-05
2.562287265995486020e-05
2.507669022381431352e-05
2.452981404403453764e-05
2.399341899720817433e-05
2.347421303302735474e-05
2.296332593859515487e-05
2.245137002454688385e-05
2.194634086706379891e-05
2.145676615812805229e-05
2.097495814175170576e-05
2.049256473791668826e-05
2.001890475675727348e-05
1.955875677502481240e-05
1.910179544743660643e-05
1.864695016134532209e-05
1.820471498880936296e-05
1.776938431632992519e-05
1.733519411222765735e-05
1.691112235817380244e-05
1.649527555814314086e-05
1.608058370082464882e-05
1.567561633826824525e-05
1.527728853799518628e-05
1.488174137563187728e-05
1.449585115111792893e-05
1.411440947770482150e-05
1.373809969731865282e-05
1.337018391857538928e-05
1.300526274632246289e-05
1.264863480751743809e-05
1.229658632024157175e-05
1.195070948039993875e-05
1.161100553853303260e-05
1.127626324732490926e-05
1.094814293258332675e-05
1.062493358829419317e-05
1.030806887357976577e-05
9.996516079261677607e-06
9.690944144778780600e-06
9.390691213480480216e-06
9.096241039592044419e-06
8.807118968048710444e-06
8.523907949253136396e-06
8.245831665531070902e-06
7.973741576909181908e-06
7.706791478163140511e-06
7.445489913113137612e-06
7.189467490072619486e-06
6.938888859252775908e-06
6.693858592837614062e-06
6.453946496808256890e-06
6.219634980131603477e-06
5.990380417843969938e-06
5.766445742417136286e-06
5.547755215291206031e-06
5.334102783919925985e-06
5.125912229557884399e-06
4.922510692945059349e-06
4.724424341445154062e-06
4.531159458987657380e-06
4.342919069878545106e-06
4.159705417888041010e-06
3.981130777181179534e-06
3.807754623436864047e-06
3.638859918323974520e-06
3.474891112524844821e-06
3.315442776573685468e-06
3.160643580524569596e-06
3.010549996779346869e-06
2.864708010491654678e-06
2.723625655623135093e-06
2.586699044725980578e-06
2.454207914771811188e-06
2.325954398900346271e-06
2.201831065734475572e-06
2.082082577484583894e-06
1.966133087339736410e-06
1.854505375956355154e-06
1.746621486016160908e-06
1.642750434636394649e-06
1.542751251977781329e-06
1.446403750256500932e-06
1.354031907399450459e-06
1.265081348013279216e-06
1.179920322083333375e-06
1.098160900889833486e-06
1.019865676244109784e-06
9.450269318066948265e-07
8.732349442358485743e-07
8.048507985455977907e-07
7.392733827067057014e-07
6.767596174518153879e-07
6.169371191714669398e-07
5.597789209187802381e-07
5.052439807894268995e-07
4.529605820404104541e-07
4.031622676602062084e-07
3.554381641778430067e-07
3.099047263485902486e-07
2.664267465007674525e-07
2.248587352522545712e-07
1.853631110539312719e-07
1.475841583326935749e-07
1.118161020874807418e-07
7.775208008599014228e-08
4.553382412404279973e-08
1.508991265023260409e-08
-1.369566577511540123e-08
-4.066805707568420593e-08
-6.606641650845515522e-08
-8.972621397900067775e-08
-1.117991002721197497e-07
-1.322772187386609949e-07
-1.511407402798797232e-07
-1.685663472192200580e-07
-1.843995606743995350e-07
-1.988633191521535518e-07
-2.118393968665849317e-07
-2.234636870258406438e-07
-2.337448121477062796e-07
-2.427030558847174303e-07
-2.504451154008329682e-07
-2.569256070448942924e-07
-2.622568013849092511e-07
-2.664359506733845971e-07
-2.695078168270362476e-07
-2.715572145326010126e-07
-2.725580596906780768e-07
-2.726291301833844800e-07
-2.717277684076355738e-07
-2.699596407740072005e-07
-2.673219761381072484e-07
-2.638759859144571918e-07
-2.596584070777123899e-07
-2.547103168773810961e-07
-2.490719238928545515e-07
-2.427773355907004238e-07
-2.358632115847681974e-07
-2.283879457897218567e-07
-2.203780606746323568e-07
-2.118872926589005741e-07
-2.029578953960397303e-07
-1.936396568263048616e-07
-1.839677681985079702e-07
-1.740078667169458083e-07
-1.637943125739199163e-07
-1.534065696683656838e-07
-1.428531925770617065e-07
-1.322375549616256982e-07
-1.215687020335949670e-07
-1.109360878319954584e-07
-1.003784487982876018e-07
-8.995194704892000741e-08
-7.973486386083581066e-08
-6.975354832919415890e-08
-6.009592850136467890e-08
-5.080010842224600324e-08
-4.192522034898332204e-08
-3.354466845098700313e-08
-2.566568614638743232e-08
-1.839988881618472533e-08
-1.172969085257141306e-08
-5.745795975443472733e-09
-4.452457126570085129e-10
4.125312893859786397e-09
7.948274871625451136e-09
1.103419390493108536e-08
1.335131737024597108e-08
1.494109784389926191e-08
1.580390976322829282e-08
1.597737470792441018e-08
1.552486367647296137e-08
1.447215970443434497e-08
1.293549661022594670e-08
1.094197931127330509e-08
8.621437851974089378e-09
6.044143912265283347e-09
3.323827397576593746e-09
5.797167669669465774e-10
-2.100803954070345320e-09
-4.594927110449940471e-09
-6.825356305864042338e-09
-8.699291062452659813e-09
-1.014524337088571970e-08
-1.111433613224654503e-08
-1.156303149976775497e-08
-1.149804985290909657e-08
-1.092779018024722602e-08
-9.914936720170186577e-09
-8.514958028311209701e-09
-6.831437669156593721e-09
-4.962673109865734716e-09
-3.042099525152900949e-09
-1.189935720153802539e-09
4.644943962282001007e-10
1.816898234824317692e-09
2.773676642782526191e-09
3.297483339919428122e-09
3.356526275074844378e-09
2.987480117809793473e-09
2.242423215829911289e-09
1.232785865014194755e-09
8.272397930703020104e-11
-1.059579965284248959e-09
-2.057526041154138811e-09
-2.772956429846431775e-09
-3.136534009993678686e-09
-3.097146193979197818e-09
-2.687147587720666586e-09
-1.971076554446571336e-09
-1.072291164112198365e-09
-1.588483091546766474e-10
6.381069519123516633e-10
1.158073130863479157e-09
1.333184068050801698e-09
1.146938266395789318e-09
6.552730817531126544e-10
1.218410428680609382e-11
-6.563584188517688666e-10
-1.137373638513835256e-09
-1.351401195191975752e-09
-1.224519939336526876e-09
-8.151630799569761393e-10
-2.613063265670521225e-10
2.816407201081573531e-10
6.123539398097021728e-10
6.588089558352477127e-10
4.040355486370014728e-10
-2.848865780837679732e-11
-4.495330547644500424e-10
-7.009036379704488927e-10
-6.512035998904691842e-10
-3.663642963442028943e-10
3.309567281661686669e-11
3.276753209688696068e-10
3.834579866065817800e-10
1.863249692652837777e-10
-1.436668079059069119e-10
-3.843459744108973021e-10
-4.015511307921613964e-10
-1.866846184535532486e-10
1.007500987279125343e-10
2.494181082038212028e-10
1.701701775157097443e-10
-7.596559697106530784e-11
-2.563594993708081459e-10
-2.356981872822739281e-10
-3.121732437269910081e-11
1.519400794830658210e-10
1.373617147601421203e-10
-3.779036368822350015e-11
-1.851253266273135765e-10
-1.329196000797955740e-10
4.124419901123742161e-11
1.220963971721334466e-10
2.126133894996781928e-11
-1.249352154719910355e-10
-9.878112545804154838e-11
3.743969673531624826e-11
8.712969305145949823e-11
-2.550777060460307594e-11
-1.022846851359788941e-10
-1.716518220824591294e-11
6.699873287152821397e-11
6.406503841845704429e-12
-7.694534601273606597e-11
-1.702259180828190667e-11
5.491813002274478090e-11
-1.337598628308220295e-11
-5.486798424305192666e-11
1.335632281961679480e-11
3.163727829704651537e-11
-4.240024263624153698e-11
-1.323801549576406382e-11
3.271238725840070670e-11
-2.420258334351925757e-11
-1.798708572273366831e-11
2.552418095280108330e-11
-1.909141387253680956e-11
-1.026874445559123149e-11
1.749554837524538585e-11
-1.953598807404435067e-11
1.185076589284546129e-12
7.469827051577567322e-12
-1.884294233436101984e-11
1.462403475184293715e-11
-1.346041681661076361e-11
3.519825666355876857e-12
-1.098842973545469427e-12
-5.776878824561493752e-12
4.971374610818518608e-12
-8.152534832717605774e-12
5.415869704366616431e-12
-6.918175929551322196e-12
3.937979008833166489e-12
-5.030122213709533584e-12
2.477244939422756370e-12
-3.541883039631480846e-12
1.487798370680860531e-12
-2.548642570156796732e-12
8.961203274377006677e-13
-1.906866222037403536e-12
5.548794619151956734e-13
-1.481751231724591974e-12
3.574831348893132777e-13
-1.186937307928574483e-12
2.411548051518249265e-13
-9.725323165645539074e-13
1.710798224432959386e-13
-8.100981248226141666e-13
1.280253451734991488e-13
-6.829918553028646298e-13
1.011508038314201946e-13
-5.810408075386136813e-13
8.416995545805541483e-14
-4.977194527784625284e-13
7.333138510013931431e-14
-4.286422480787158766e-13
6.633919784595471700e-14
-3.707359874494513074e-13
6.175964338822701583e-14
-3.217680768404730770e-13
5.868417452192899366e-14
-2.800666838010820492e-13
5.653191245528585515e-14
-2.443480027706372415e-13
5.493039156531160685e-14
-2.136055495814434713e-13
5.364167775585579180e-14
-1.870366947164739741e-13
5.251557533043860009e-14
-1.639923344669941068e-13
5.145944223900295736e-14
-1.439414094201965007e-13
5.041842981169387207e-14
-1.264452398047270428e-13
4.936239999014702710e-14
-1.111385331570327337e-13
4.827719461315848134e-14
-9.771504366671098335e-14
4.715878251713242379e-14
-8.591655033655286807e-14
4.600933219229285234e-14
-7.552425371293675464e-14
4.483458476677891964e-14
-6.635196896431403561e-14
4.364211091749364623e-14
-5.824067657176150372e-14
4.244017124173652355e-14
-5.105411495878793565e-14
4.123698908262980561e-14
-4.467518401832469096e-14
4.004030484476962437e-14
-3.900298756250399242e-14
3.885712144344146441e-14
-3.395038476478369987e-14
3.769357821509276547e-14
-2.944195104088225031e-14
3.655490984283185825e-14
-2.541227117445281260e-14
3.544546010336469044e-14
-2.180450405257515524e-14
3.436872955306180853e-14
-1.856917103461259846e-14
3.332744280517032822e-14
-1.566312944027348020e-14
3.232362559773760236e-14
-1.304870019690084552e-14
3.135868511397882198e-14
-1.069292437151753351e-14
3.043348926475563453e-14
-8.566927991313074085e-15
2.954844223384603984e-14
-6.645378094948731405e-15
2.870355468795978710e-14
-4.906015986993857698e-15
2.789850783700290305e-14
-3.329255935387545598e-15
2.713271100457320149e-14
-1.897839570145357649e-15
2.640535276814753382e-14
-5.965377276830117277e-16
2.571544590237618408e-14
5.881071298200662799e-16
2.506186650848197856e-14
1.668003793255484392e-15
2.444338780634625364e-14
2.653705391427571925e-15
2.385870906105540526e-14
3.554576911351474167e-15
2.330648015627299193e-14
4.378940692881275003e-15
2.278532228764740026e-14
5.134202969467589042e-15
2.229384523051286612e-14
5.826964035934927562e-15
2.183066161814327478e-14
6.463114285912093833e-15
2.139439860014687108e-14
7.047918012422463958e-15
2.098370725104057621e-14
7.586086625948421426e-15
2.059727003134042566e-14
8.081842684514411054e-15
2.023380658945799926e-14
8.538975961995255338e-15
1.989207814393032505e-14
8.960892587072877059e-15
1.957089067932628071e-14
9.350658168335562562e-15
1.926909712610720138e-14
9.711035672961865155e-15
1.898559870907485404e-14
1.004451874286285314e-14
1.871934560131720756e-14
1.035336102272414071e-14
1.846933699935202829e-14
1.063960201600032533e-14
1.823462074435386803e-14
1.090508989432199051e-14
1.801429256360379492e-14
1.115150165584576653e-14
1.780749501911121414e-14
1.138036094768373638e-14
1.761341622886637419e-14
1.159305385460688005e-14
1.743128841233046036e-14
1.179084289304284397e-14
1.726038631142510749e-14
1.197487943480847044e-14
1.710002552309990104e-14
1.214621474768401851e-14
1.694956077757661606e-14
1.230580982137329513e-14
1.680838418874419855e-14
1.245454411954053652e-14
1.667592349892615833e-14
1.259322339018309317e-14
1.655164033331929873e-14
1.272258663859143810e-14
1.643502848327261730e-14
1.284331236651997996e-14
1.632561222390978657e-14
1.295602415674878106e-14
1.622294467861045863e-14
1.306129568229061092e-14
1.612660623705408597e-14
1.315965520127528814e-14
1.603620302725535489e-14
1.325158959996055667e-14
1.595136545074518910e-14
1.333754802909977197e-14
1.587174677896536217e-14
1.341794518359083047e-14
1.579702181273054197e-14
1.349316425976619204e-14
1.572688560626074591e-14
1.356355962848017814e-14
1.566105225364788958e-14
1.362945925284876343e-14
1.559925373825645936e-14
1.369116687788568962e-14
1.554123884246858587e-14
1.374896401674884560e-14
1.548677211714579654e-14
1.380311175346260402e-14
1.543563290768089467e-14
1.385385238187561428e-14
1.538761443644541956e-14
1.390141089755176333e-14
1.534252293650110935e-14
1.394599635627106996e-14
1.530017683803116553e-14
1.398780311409848113e-14
1.526040600115119629e-14
1.402701195918644101e-14
1.522305099585404384e-14
1.406379114646579220e-14
1.518796242593975377e-14
1.409829734472172855e-14
1.515500029298603839e-14
1.413067650374337231e-14
1.512403340101113896e-14
1.416106464998537822e-14
1.509493879714071934e-14
1.418958861635602798e-14
1.506760124778798068e-14
1.421636671298715840e-14
1.504191274755637339e-14
1.424150934395075492e-14
1.501777205885766225e-14
1.426511957480802699e-14
1.499508428141532761e-14
1.428729365543310082e-14
1.497376044839922579e-14
1.430812150212632566e-14
1.495371714859543954e-14
1.432768714220168281e-14
1.493487617291661137e-14
1.434606912472629069e-14
1.491716418331152807e-14
1.436334089990202293e-14
1.490051240281260228e-14
1.437957116995628218e-14
1.488485632597016729e-14
1.439482421383806696e-14
1.487013544709454631e-14
1.440916018783809513e-14
1.485629300682522861e-14
1.442263540409472654e-14
1.484327575440522811e-14
1.443530258883592019e-14
1.483103372534962398e-14
1.444721112199356325e-14
1.481952003365555920e-14
1.445840725942785052e-14
1.480869067699589886e-14
1.446893433939030816e-14
1.479850435464242766e-14
1.447883297445558628e-14
1.478892229700350326e-14
1.448814122961874841e-14
1.477990810599347677e-14
1.449689478820369460e-14
1.477142760573156193e-14
1.450512710608141354e-14
1.476344870254367169e-14
1.451286955519805258e-14
1.475594125423781629e-14
1.452015155720019894e-14
1.474887694715448298e-14
1.452700070789221835e-14
1.474222918150332423e-14
1.453344289314481848e-14
1.473597296361263720e-14
1.453950239696076353e-14
1.473008480503729148e-14
1.454520200207386898e-14
1.472454262801980171e-14
1.455056308384865490e-14
1.471932567679038144e-14
1.455560569772442251e-14
1.471441443437373200e-14
1.456034866077165454e-14
1.470979054452945102e-14
1.456480962780326552e-14
1.470543673851229903e-14
1.456900516216820051e-14
1.470133676618749891e-14
1.457295080187872917e-14
1.469747533140282662e-14
1.457666112126631846e-14
1.469383803117500843e-14
1.458014978829677921e-14
1.469041129844903022e-14
1.458342961803642154e-14
1.468718234827852183e-14
1.458651262244566520e-14
1.468413912700797185e-14
1.458941005668941874e-14
1.468127026445638134e-14
1.459213246213783383e-14
1.467856502863947833e-14
1.459468970637958338e-14
1.467601328310075526e-14
1.459709102029821676e-14
1.467360544643466253e-14
1.459934503243394057e-14
1.467133245396665814e-14
1.460145980076670462e-14
1.466918572136095902e-14
1.460344284204924052e-14
1.466715711000754270e-14
1.460530115882240489e-14
1.466523889411007205e-14
1.460704126423071761e-14
1.466342372915955515e-14
1.460866920477887217e-14
1.466170462192073741e-14
1.461019058101332729e-14
1.466007490156897483e-14
1.461161056636201873e-14
1.465852819195686957e-14
1.461293392418170025e-14
1.465705838501543591e-14
1.461416502300107132e-14
1.465565961498413173e-14
1.461530785017494019e-14
1.465432623355457087e-14
1.461636602398312558e-14
1.465305278579175566e-14
1.461734280420864913e-14
1.465183398678149066e-14
1.461824110136041870e-14
1.465066469893779529e-14
1.461906348459208862e-14
1.464953991001564648e-14
1.461981218845074898e-14
1.464845471173124830e-14
1.462048911853476859e-14
