# bin_6_3
4.264033238906542633e-04
4.253698232066446014e-04
4.263660631709807248e-04
4.253937511064956149e-04
4.263300510570135356e-04
4.254152927006062167e-04
4.262951278383793514e-04
4.254344969572271392e-04
4.262611359603190025e-04
4.254514025800945620e-04
4.262279194813180672e-04
4.254660382067328574e-04
4.261953235782505464e-04
4.254784226148410932e-04
4.261631941093187528e-04
4.254885649512155999e-04
4.261313772439790596e-04
4.254964649951065809e-04
4.260997191729816252e-04
4.255021134746144905e-04
4.260680659129617077e-04
4.255054924503632154e-04
4.260362632220593545e-04
4.255065757896206013e-04
4.260041566457269981e-04
4.255053297509323019e-04
4.259715917143351680e-04
4.255017137035266208e-04
4.259384143133779308e-04
4.254956810055457016e-04
4.259044712514625016e-04
4.254871800660487693e-04
4.258696110461479231e-04
4.254761556138289959e-04
4.258336849508660184e-04
4.254625501936010060e-04
4.257965482364053705e-04
4.254463059013498835e-04
4.257580617365103117e-04
4.254273663661926777e-04
4.257180936535511200e-04
4.254056789648447525e-04
4.256765216033968086e-04
4.253811972407812287e-04
4.256332348556092667e-04
4.253538834696051494e-04
4.255881366941805161e-04
4.253237112784095096e-04
4.255411467847355542e-04
4.252906681836831769e-04
4.254922033875993765e-04
4.252547578609779848e-04
4.254412651993984469e-04
4.252160018991676341e-04
4.253883125455431712e-04
4.251744407314389258e-04
4.253333475815565426e-04
4.251301333710497360e-04
4.252763931048548053e-04
4.250831555298762864e-04
4.252174895348165241e-04
4.250335956693976043e-04
4.251566896117012326e-04
4.249815485472457693e-04
4.250940504060079735e-04
4.249271059026976010e-04
4.250296223546451944e-04
4.248703440962412359e-04
4.249634352676540496e-04
4.248113088123397769e-04
4.248954816172993221e-04
4.247499973790429977e-04
4.248256979423689237e-04
4.246863398572249559e-04
4.247539458778872359e-04
4.246201807989671167e-04
4.246799951185048689e-04
4.245512644000196275e-04
4.246035114463963698e-04
4.244792265491006186e-04
4.245240536318746201e-04
4.244035977872949884e-04
4.244410832815009014e-04
4.243238211231484757e-04
4.243539912074530650e-04
4.242392876132329549e-04
4.242621422212823428e-04
4.241493902208457833e-04
4.241649370619889167e-04
4.240535924440092430e-04
4.240618853385443835e-04
4.239515026557383695e-04
4.239526772834416877e-04
4.238429387762299421e-04
4.238372359713609826e-04
4.237279624909510252e-04
4.237157276813557287e-04
4.236068604936683271e-04
4.235885094731038658e-04
4.234800556484805112e-04
4.234560032934349752e-04
4.233479466284446012e-04
4.233185072138425428e-04
4.232107011244129035e-04
4.231759850517953676e-04
4.230680604164770739e-04
4.230279072594401286e-04
4.229192394948433440e-04
4.228732320614349434e-04
4.227630071562216781e-04
4.227105947902323356e-04
4.225979838657559348e-04
4.225386990789633634e-04
4.224230948164723861e-04
4.223567836632114510e-04
4.222379885787016498e-04
4.221649229282664097e-04
4.220431512873336647e-04
4.219639004560497559e-04
4.218395136431882827e-04
4.217545651200196692e-04
4.216276228281682649e-04
4.215369378579196589e-04
4.214068457159099923e-04
4.213096917330467388e-04
4.211752888111927129e-04
4.210706124701542969e-04
4.209307940668213809e-04
4.208179880228317144e-04
4.206724432135927529e-04
4.205518502245676900e-04
4.204011444164963826e-04
4.202736163983007613e-04
4.201182648034275358e-04
4.199839618971444219e-04
4.198233085456387951e-04
4.196810696501992186e-04
4.195134694016033547e-04
4.193618817071463525e-04
4.191863823527238039e-04
4.190254754487109535e-04
4.188427781651502630e-04
4.186736823199358978e-04
4.184844382601093558e-04
4.183069460598189885e-04
4.181097401135076483e-04
4.179218890824591020e-04
4.177149196461121578e-04
4.175160995942878866e-04
4.172999938193394220e-04
4.170915857773117158e-04
4.168670935421992332e-04
4.166484207632230232e-04
4.164133759323319483e-04
4.161821771361163972e-04
4.159355891790858712e-04
4.156927660349105840e-04
4.154361280431117425e-04
4.151819710368596255e-04
4.149133843802438239e-04
4.146452058910102940e-04
4.143633838943226928e-04
4.140822585300602855e-04
4.137886913142432128e-04
4.134940501754049368e-04
4.131859170168918332e-04
4.128756279570619395e-04
4.125535189572338132e-04
4.122292272606928624e-04
4.118923351392837491e-04
4.115510093966969797e-04
4.111978068690626937e-04
4.108408635374605493e-04
4.104719260161706251e-04
4.100967752789634623e-04
4.097098075263462644e-04
4.093174545077313351e-04
4.089130431507636220e-04
4.085008248221680947e-04
4.080771415716719368e-04
4.076462622629978922e-04
4.072026471139001259e-04
4.067502579653985476e-04
4.062865960648487981e-04
4.058131335477953121e-04
4.053268862491323649e-04
4.048314004379006395e-04
4.043229771510788921e-04
4.038032813262684836e-04
4.032716503914386447e-04
4.027277343453946820e-04
4.021707749854965463e-04
4.016020133775308892e-04
4.010189280295486632e-04
4.004235631079999650e-04
3.998138457015112100e-04
3.991903953383201908e-04
3.985529279525449253e-04
3.979003670625133279e-04
3.972337172588914778e-04
3.965510427913762148e-04
3.958538075604214673e-04
3.951398577590925672e-04
3.944107068191058350e-04
3.936641957434590432e-04
3.929018105432392684e-04
3.921213857480626650e-04
3.913244176509052025e-04
3.905086865833025498e-04
3.896757438511629285e-04
3.888232801071314464e-04
3.879529275504288270e-04
3.870622709234493937e-04
3.861530326629607430e-04
3.852226887234698623e-04
3.842730511401345247e-04
3.833014916912556446e-04
3.823099061901242971e-04
3.812955706446704879e-04
3.802604564392831742e-04
3.792017539724830974e-04
3.781215011180674864e-04
3.770168135053290014e-04
3.758897863465767396e-04
3.747374714625697090e-04
3.735620126156066105e-04
3.723604086145404979e-04
3.711348435790469088e-04
3.698822738015701008e-04
3.686049162892219297e-04
3.672996949569208081e-04
3.659688530199306142e-04
3.646092917888358828e-04
3.632232748335265712e-04
3.618076902858064479e-04
3.603648170590237451e-04
3.588915392183115115e-04
3.573901468579761026e-04
3.558575288190075772e-04
3.542959830636199510e-04
3.527024118311539082e-04
3.510791184861471810e-04
3.494230271213765067e-04
3.477364448823977590e-04
3.460163260570407306e-04
3.442649807912129983e-04
3.424794018498229743e-04
3.406619024352254750e-04
3.388095220645022257e-04
3.369245778850093239e-04
3.350041644845182568e-04
3.330506046711163371e-04
3.310610565120829436e-04
3.290378510120264333e-04
3.269782182589993738e-04
3.248845007998185544e-04
3.227540094529420304e-04
3.205891024482803581e-04
3.183871802406482523e-04
3.161506216579851943e-04
3.138769259116363586e-04
3.115684980866932781e-04
3.092229454908311374e-04
3.068427058282851292e-04
3.044255040524985112e-04
3.019738174957349282e-04
2.994854984875247464e-04
2.969630715695582997e-04
2.944045263071990034e-04
2.918124425084312281e-04
2.891849568850204943e-04
2.865247129189962675e-04
2.838300043191366805e-04
2.811035468426351341e-04
2.783438008374086096e-04
2.755535629339513483e-04
2.727314693606913872e-04
2.698804059751217497e-04
2.669991934844772154e-04
2.640908147894666645e-04
2.611542827326148678e-04
2.581926841856147631e-04
2.552052304797669383e-04
2.521951180823860258e-04
2.491617614352243564e-04
2.461084704397592873e-04
2.430348650380362015e-04
2.399443700643949723e-04
2.368368105469798566e-04
2.337157247880545326e-04
2.305811390422265377e-04
2.274366999627195089e-04
2.242826270234704361e-04
2.211226657187401450e-04
2.179572158407128298e-04
2.147901070492496409e-04
2.116219008952997653e-04
2.084564905916762626e-04
2.052945744871826684e-04
2.021400820738888764e-04
1.989938164700567490e-04
1.958597089010552311e-04
1.927386276444435765e-04
1.896344634275551409e-04
1.865481022296989935e-04
1.834833442570505378e-04
1.804410379894565673e-04
1.774248356299932888e-04
1.744354858316079279e-04
1.714764287810129702e-04
1.685482451463993551e-04
1.656540942475363939e-04
1.627943169302769851e-04
1.599717205972554671e-04
1.571863339332215108e-04
1.544405429176645662e-04
1.517339955849451112e-04
1.490685934963280139e-04
1.464435449973265451e-04
1.438602169639897378e-04
1.413173352792602901e-04
1.388157019425504768e-04
1.363535416717893186e-04
1.339310896126569511e-04
1.315460830079037636e-04
1.291982246791768666e-04
1.268848184954021383e-04
1.246051134247641188e-04
1.223560809713832769e-04
1.201366437989190858e-04
1.179435922821417670e-04
1.157757003899082291e-04
1.136297769346157832e-04
1.115046695183761864e-04
1.093974439440765784e-04
1.073072746135533947e-04
1.052317429950592586e-04
1.031706101073006211e-04
1.011222222104499495e-04
9.908715832317012092e-05
9.706472895429855269e-05
9.505648965600606911e-05
9.306281745268063044e-05
9.108628117287605370e-05
8.912828130472894559e-05
8.719227037899484299e-05
8.528044639055696143e-05
8.339682283866534020e-05
8.154397440890534445e-05
7.972596687413452095e-05
7.794516637544312621e-05
7.620505349828325670e-05
7.450712259480389338e-05
7.285361929947266780e-05
7.124457005591303463e-05
6.968049307311052288e-05
6.815960437460509959e-05
6.668055165218334391e-05
6.523983424508051775e-05
6.383459029369487764e-05
6.246023808087995677e-05
6.111330575529426142e-05
5.978925066844027552e-05
5.848526320830679375e-05
5.719816114034112546e-05
5.592704411509193195e-05
5.467111832151595464e-05
5.343205904740651037e-05
5.221163385250277797e-05
5.101368303291507961e-05
4.984150582556930934e-05
4.869950679478630837e-05
4.759048024145594693e-05
4.651715479334118545e-05
4.547968148574988058e-05
4.447743011676134791e-05
4.350702156107088322e-05
4.256464544235309601e-05
4.164475560000592720e-05
4.074282451463979489e-05
3.985437235545560012e-05
3.897760456164443545e-05
3.811206081817084283e-05
3.726040331414195663e-05
3.642610595112867551e-05
3.561416481442170799e-05
3.482809151704275647e-05
3.407035559393466624e-05
3.333992133836495602e-05
3.263381713150455423e-05
3.194634227342892113e-05
3.127218048941731793e-05
3.060665769586749888e-05
2.994873158150843171e-05
2.929997018807479101e-05
2.866521628219782030e-05
2.804916687469581957e-05
2.745542941499939547e-05
2.688335044060867764e-05
2.632922732611147511e-05
2.578662887765944753e-05
2.525067252536660061e-05
2.471937793801468356e-05
2.419583045488094667e-05
2.368514015175619892e-05
2.319214427177033964e-05
2.271690075333611348e-05
2.225530159140701598e-05
2.180064790719966721e-05
2.134936601970928397e-05
2.090268472143043139e-05
2.046642797769382204e-05
2.004493457736163955e-05
1.963774535796735835e-05
1.923878638956441278e-05
1.884277292211662295e-05
1.844953394961487174e-05
1.806480032833880021e-05
1.769286023504114833e-05
1.733201572615558292e-05
1.697554901087351209e-05
1.662056229893079602e-05
1.627085956808457901e-05
1.593214690765859385e-05
1.560297797939671572e-05
1.527720045004878801e-05
1.495258347895537629e-05
1.463467215608437300e-05
1.432667422205969239e-05
1.402415951827232302e-05
1.372233207385649058e-05
1.342515970332472009e-05
1.313678106243338469e-05
1.285337475620579423e-05
1.257067472364120276e-05
1.229330340436048426e-05
1.202353970178978291e-05
1.175625364592521057e-05
1.149081395749001351e-05
1.123243734731384802e-05
1.097819956036277264e-05
1.072523677236890933e-05
1.047792638475306235e-05
1.023533404595877757e-05
9.993861769990504084e-06
9.757774669301628751e-06
9.525463300112205572e-06
9.295020849604008689e-06
9.069796629791037631e-06
8.847206104376219727e-06
8.627525075867524784e-06
8.412391639420148645e-06
8.199054569539996883e-06
7.990177650012449044e-06
7.783850969750091340e-06
7.580897905693216891e-06
7.381249698259710697e-06
7.184329871423802367e-06
6.990928474622924980e-06
6.800207276469463195e-06
6.612861604026645842e-06
6.428374219513386578e-06
6.247070586414064118e-06
6.068609839868758940e-06
5.893221658218956500e-06
5.720684427986505044e-06
5.551259588400996462e-06
5.384600334379985567e-06
5.221083908122343261e-06
5.060327724870092413e-06
4.902539797739460097e-06
4.747570853277760862e-06
4.595484142253600556e-06
4.446355671584529104e-06
4.299959554974280108e-06
4.156546285697978029e-06
4.015832259381981336e-06
3.877968116190578110e-06
3.742904863539226835e-06
3.610573169756864780e-06
3.481171672285152755e-06
3.354383722875761816e-06
3.230455356044249503e-06
3.109162123253848734e-06
2.990597853268445863e-06
2.874791311063201277e-06
2.761532942563179088e-06
2.651147072644450181e-06
2.543240402349007939e-06
2.438065760425887205e-06
2.335401185834270780e-06
2.235346260382433365e-06
2.137926216744201154e-06
2.042916706737563039e-06
1.950594875520427367e-06
1.860645949087273984e-06
1.773214936548542765e-06
1.688217771002498509e-06
1.605594690919812704e-06
1.525508412044362785e-06
1.447619824847516641e-06
1.372251509951288876e-06
1.299057835480788840e-06
1.228213637620364571e-06
1.159633032918802739e-06
1.093201934129143933e-06
1.029115313590423242e-06
9.670453994137743833e-07
9.072133453919310315e-07
8.493994715692661303e-07
7.936511899530320149e-07
7.399938897334149882e-07
6.881866064627167815e-07
6.385071343470325196e-07
5.905974001122345120e-07
5.446724508779961966e-07
5.005353679486342147e-07
4.582292113185653768e-07
4.177728927298165809e-07
3.789637631835638899e-07
3.419967693424418127e-07
3.066197628634527461e-07
2.729228207498134143e-07
2.408244269640439015e-07
2.102153793084779430e-07
1.812007368944337623e-07
1.534953306270382067e-07
1.272864123556227642e-07
1.023145563634456951e-07
7.865508468320782734e-08
5.622480330753612563e-08
3.491248012516211067e-08
1.481887725518289696e-08
-4.259365964627495819e-09
-2.220563053307139239e-08
-3.914146506443733553e-08
-5.505661217425397703e-08
-6.992578273415714175e-08
-8.388653152958643392e-08
-9.678829271586271542e-08
-1.088079835318798819e-07
-1.198281558645734238e-07
-1.299428879741113694e-07
-1.391386802229069010e-07
-1.474052200418277503e-07
-1.548283765584101523e-07
-1.613317107697570315e-07
-1.670106381641707309e-07
-1.718346896052190036e-07
-1.758280468658738842e-07
-1.790506551026884501e-07
-1.814512522472944608e-07
-1.831411051896844215e-07
-1.840499912967867169e-07
-1.842749359654098811e-07
-1.837940216082534674e-07
-1.826489227443030889e-07
-1.808794064656564206e-07
-1.784840960041351912e-07
-1.755229923109072552e-07
-1.719939113414651526e-07
-1.679407484247122663e-07
-1.633997676011198498e-07
-1.583835608103244346e-07
-1.529552408096770796e-07
-1.471142449386078643e-07
-1.409278894210228325e-07
-1.344002809130423000e-07
-1.275909054055942295e-07
-1.205266916677922477e-07
-1.132559946819225055e-07
-1.058106039424178133e-07
-9.824222533799169866e-08
-9.058321142469642591e-08
-8.288858135762813388e-08
-7.519477262788019168e-08
-6.755706815388381986e-08
-6.002066992514093470e-08
-5.263193182398370398e-08
-4.543838501668340571e-08
-3.849043264981536898e-08
-3.182904881539539524e-08
-2.551196891944184674e-08
-1.955999404187182556e-08
-1.404330115252019893e-08
-8.968055600342614064e-09
-4.393076706110621077e-09
-3.269269010384587966e-10
3.193719864037178443e-09
6.155083720609983078e-09
8.556880031769704381e-09
1.037915476058143868e-08
1.164294004278720212e-08
1.235607726150941974e-08
1.253969989118196226e-08
1.224033382719315694e-08
1.147674062442906133e-08
1.033172273811512481e-08
8.831598251765728940e-09
7.073090167156036584e-09
5.109781702641766549e-09
3.031332306276991861e-09
9.209351442172617436e-10
-1.147946298678957004e-09
-3.081834743335935367e-09
-4.820754300729219319e-09
-6.290473564140264610e-09
-7.434494307430055722e-09
-8.220714598380858115e-09
-8.602633669590953097e-09
-8.599477328617133577e-09
-8.200194046247733833e-09
-7.460826260840808887e-09
-6.420674997490745812e-09
-5.155063079267779154e-09
-3.747507709158299836e-09
-2.287572570890130984e-09
-8.785593249852627493e-10
3.871360499702117799e-10
1.424113065285505381e-09
2.165068303848050957e-09
2.572469611807655194e-09
2.627426162530682312e-09
2.352539799774649287e-09
1.788609455626839786e-09
1.020387151823252637e-09
1.396444191866223314e-10
-7.376002205543136474e-10
-1.505950992816678841e-09
-2.064836152757161405e-09
-2.351469385087198483e-09
-2.333629149302949863e-09
-2.028998178638921950e-09
-1.486641232777342706e-09
-8.083750121944678298e-10
-1.056422841874632669e-10
4.980810449313947802e-10
9.023611467575301972e-10
1.037793132362867348e-09
8.981420644978285340e-10
5.277668189022627001e-10
3.134246162760088874e-11
-4.763572084540859550e-10
-8.524069201074759767e-10
-1.017552475683150507e-09
-9.252699092738133458e-10
-6.162245130154470099e-10
-1.920648683369343926e-10
2.201263635991525546e-10
4.764765213967323076e-10
5.117675227390721108e-10
3.194761776079461896e-10
-1.120772260053106259e-11
-3.341537248605932635e-10
-5.276155729203832778e-10
-4.927645269539514198e-10
-2.762661046212659861e-10
2.813619910673150767e-11
2.543830533818525004e-10
2.979900006521098747e-10
1.477802677816418494e-10
-1.041036137386947560e-10
-2.895861571885336967e-10
-3.039184532804174599e-10
-1.406882766416992875e-10
7.904481977290023463e-11
1.934876516019797505e-10
1.328528539708384632e-10
-5.455943193493176798e-11
-1.937339460132843682e-10
-1.783258180425691660e-10
-2.252008325915816061e-11
1.173448023240760501e-10
1.074286145153989970e-10
-2.739341712356494763e-11
-1.395690275788218080e-10
-1.008221284058670707e-10
3.252614159627102971e-11
9.471450665337929510e-11
1.710398395201561484e-11
-9.375606764098597157e-11
-7.526339092656438492e-11
2.960275565941056815e-11
6.731218373095501316e-11
-1.859776019449418429e-11
-7.722492606973261115e-11
-1.311422123050856257e-11
5.229625933407470888e-11
5.214049034925977746e-12
-5.809425860103119624e-11
-1.266133518432753162e-11
4.228001592695116103e-11
-9.423303771139997015e-12
-4.194714356624331515e-11
1.083400342925137517e-11
2.435010080947229588e-11
-3.199401680871015005e-11
-9.835126887162576689e-12
2.513088583822003102e-11
-1.799281649686525817e-11
-1.379096201656769861e-11
1.991872579550619136e-11
-1.446502630182765970e-11
-7.694049561926746939e-12
1.363411857116816261e-11
-1.487333252599636474e-11
1.141727492331720878e-12
5.786948575367867252e-12
-1.423772138881454755e-11
1.128083865569387983e-11
-1.017399978585258534e-11
2.797701248373163128e-12
-7.521781745933093499e-13
-4.317566166430484749e-12
3.873415919514553726e-12
-6.146988021008650702e-12
4.203890863403388530e-12
-5.216606646324703261e-12
3.066595470382000175e-12
-3.784654179359129162e-12
1.943069540935970793e-12
-2.656368050475784761e-12
1.180319437859082458e-12
-1.904856834974005096e-12
7.222093625275545907e-13
-1.420752293574379712e-12
4.561571269884336488e-13
-1.101273730494849274e-12
3.006718622852219632e-13
-8.805948795396488636e-13
2.077249861061300856e-13
-7.207156134980673972e-13
1.506490634660615144e-13
-6.000031060585655907e-13
1.146848840746111220e-13
-5.058194679490463804e-13
9.149082798051595533e-14
-4.304575271841787889e-13
7.621123737268862170e-14
-3.689867035889763200e-13
6.593334767871706567e-14
-3.181033475440902023e-13
5.886221782857953387e-14
-2.754997643008273776e-13
5.386680931527400559e-14
-2.395048617407374278e-13
5.022197127345732456e-14
-2.088711854744069433e-13
4.745696468253406527e-14
-1.826436421626346999e-13
4.526384115916804569e-14
-1.600755002631517426e-13
4.344054090987066574e-14
-1.405727518598471700e-13
4.185473901341936174e-14
-1.236560791207825872e-13
4.042042960634931861e-14
-1.089341038903368000e-13
3.908251890534846440e-14
-9.608408669819540684e-14
3.780655955616185686e-14
-8.483768060669266037e-14
3.657184506159024394e-14
-7.497020237153246769e-14
3.536673370140189697e-14
-6.629240793491080540e-14
3.418547054052165362e-14
-5.864408884733675249e-14
3.302602639298329190e-14
-5.188901805719387382e-14
3.188863261455353428e-14
-4.591091300216437858e-14
3.077479468838029582e-14
-4.061017762891944789e-14
2.968663640942005687e-14
-3.590124912731446299e-14
2.862647253479611914e-14
-3.171042004226946275e-14
2.759653907194924722e-14
-2.797403820887800945e-14
2.659883181302939827e-14
-2.463700997675359279e-14
2.563501853833642729e-14
-2.165154900622856166e-14
2.470640068820520493e-14
-1.897612547135155873e-14
2.381390750991668693e-14
-1.657457992441344764e-14
2.295811085492807569e-14
-1.441537329366816375e-14
2.213925237558523120e-14
-1.247095001383304243e-14
2.135727746249234398e-14
-1.071719566781512733e-14
2.061187207686785994e-14
-9.132973879577821237e-15
1.990249991611011138e-14
-7.699729944500280474e-15
1.922843827356802027e-14
-6.401150843169436574e-15
1.858881158280495482e-14
-5.222873031521509802e-15
1.798262208560865030e-14
-4.152230839380522394e-15
1.740877736952117023e-14
-3.178039456460284054e-15
1.686611472600898128e-14
-2.290407454990139773e-15
1.635342241407150219e-14
-1.480574588120998087e-15
1.586945800071565075e-14
-7.407712462928265461e-16
1.541296399809528308e-14
-6.409652685551711314e-17
1.498268103836717442e-14
5.555876999326395039e-16
1.457735884483668458e-14
1.123748931731291102e-15
1.419576523180299445e-14
1.645264288137148609e-15
1.383669338744182328e-14
2.124490481762094231e-15
1.349896764776222146e-14
2.565324911152122226e-15
1.318144796725631181e-14
2.971259049933461023e-15
1.288303327256931762e-14
3.345425166415106904e-15
1.260266386261137065e-14
3.690637251163524136e-15
1.233932300098785556e-14
4.009426910910092178e-15
1.209203783517695289e-14
4.304074883086443193e-15
1.185987974865889603e-14
4.576638740633334201e-15
1.164196425323449495e-14
4.828977270779350720e-15
1.143745050251817458e-14
5.062771956637145588e-15
1.124554050274864937e-14
5.279545922831312030e-15
1.106547808273483447e-14
5.480680670709999688e-15
1.089654768141858131e-14
5.667430870892211659e-15
1.073807299274388386e-14
5.840937461796600214e-15
1.058941551385903185e-14
6.002239255574387396e-15
1.044997302115300771e-14
6.152283240537447052e-15
1.031917800952680035e-14
6.291933730450774630e-15
1.019649611112538092e-14
6.421980506892591880e-15
1.008142451388822955e-14
6.543146069513405893e-15
9.973490395778885961e-15
6.656092102604919749e-15
9.872249384897622761e-15
6.761425249008969003e-15
9.777284055585263251e-15
6.859702272647624082e-15
9.688202468142434003e-15
6.951434679164441072e-15
9.604636756099999086e-15
7.037092859032521665e-15
9.526241766788392277e-15
7.117109804436120086e-15
9.452693756525920756e-15
7.191884450789031706e-15
9.383689142557179591e-15
7.261784681761327000e-15
9.318943312009007171e-15
7.327150038870935676e-15
9.258189489022602091e-15
7.388294162773267370e-15
9.201177657834496927e-15
7.445507001292891269e-15
9.147673542747209635e-15
7.499056803370822176e-15
9.097457641529668102e-15
7.549191927164034352e-15
9.050324313065742168e-15
7.596142476366644680e-15
9.006080915516871560e-15
7.640121788067292026e-15
8.964546993908763823e-15
7.681327782714439734e-15
8.925553514929009826e-15
7.719944193233474395e-15
8.888942147168385400e-15
7.756141684612654643e-15
8.854564584112369784e-15
7.790078874213008664e-15
8.822281908456462593e-15
7.821903263475364347e-15
8.791963994879159383e-15
7.851752089437989711e-15
8.763488949915143938e-15
7.879753103317152743e-15
8.736742586760850717e-15
7.906025283988590059e-15
8.711617932620238300e-15
7.930679491219133858e-15
8.688014767204989758e-15
7.953819065951536358e-15
8.665839190690626193e-15
7.975540380798837781e-15
8.645003218677992255e-15
7.995933346478910607e-15
8.625424403508011238e-15
8.015081877665201011e-15
8.607025479328556091e-15
8.033064322090459735e-15
8.589734030429178311e-15
8.049953855535564650e-15
8.573482180579528218e-15
8.065818846947369403e-15
8.558206302569180891e-15
8.080723194509130025e-15
8.543846746428470882e-15
8.094726636966606874e-15
8.530347585256591900e-15
8.107885040811062804e-15
8.517656377605319938e-15
8.120250666204960618e-15
8.505723944977969256e-15
8.131872413102089508e-15
8.494504164018673914e-15
8.142796049211298864e-15
8.483953772033811453e-15
8.153064421184951900e-15
8.474032185082588772e-15
8.162717650767477912e-15
8.464701327871584080e-15
8.171793316334116437e-15
8.455925474692808247e-15
8.180326621911603206e-15
8.447671100593626572e-15
8.188350553819680008e-15
8.439906742065667886e-15
8.195896026476653389e-15
8.432602866962904522e-15
8.202992017778686052e-15
8.425731752423911041e-15
8.209665695253358387e-15
8.419267371017496183e-15
8.215942533158217535e-15
8.413185283921903842e-15
8.221846421791803603e-15
8.407462541037429285e-15
8.227399769079179606e-15
8.402077587478234823e-15
8.232623595313794861e-15
8.397010175949736775e-15
8.237537621386422819e-15
8.392241284839420101e-15
8.242160351090831082e-15
8.387753041281133889e-15
8.246509147791288982e-15
8.383528649286475527e-15
8.250600306003790343e-15
8.379552322187697295e-15
8.254449118031820454e-15
8.375809219476832240e-15
8.258069936345394891e-15
8.372285387500336699e-15
8.261476231513103235e-15
8.368967703821364901e-15
8.264680646493174762e-15
8.365843825043765586e-15
8.267695047138636551e-15
8.362902137790141740e-15
8.270530569408418817e-15
8.360131712754694506e-15
8.273197663310345176e-15
8.357522261365784623e-15
8.275706134043273866e-15
8.355064095212578862e-15
8.278065180184958015e-15
8.352748087773455322e-15
8.280283429434815768e-15
8.350565638412192920e-15
8.282368971821156308e-15
8.348508638446880292e-15
8.284329390694475640e-15
8.346569439178569751e-15
8.286171791519705802e-15
8.344740821696116262e-15
8.287902828666623830e-15
8.343015968334415224e-15
8.289528730294697781e-15
8.341388435715052641e-15
8.291055321440710403e-15
8.339852129168862887e-15
8.292488045398973831e-15
8.338401278497986485e-15
8.293831983503264772e-15
8.337030414954124219e-15
8.295091873383648575e-15
8.335734349334001292e-15
8.296272125786909088e-15
8.334508151093990878e-15
8.297376840023617430e-15
8.333347128439992197e-15
8.298409818120293473e-15
8.332246809249534767e-15
8.299374577728409317e-15
8.331202922826339169e-15
8.300274363902787842e-15
8.330211382380959581e-15
8.301112159727794189e-15
8.329268268198989602e-15
8.301890695943079627e-15
8.328369811430535467e-15
8.302612459569161824e-15
8.327512378487729059e-15
8.303279701618832069e-15
8.326692456007835254e-15
8.303894443992223994e-15
8.325906636379085303e-15
8.304458485581131276e-15
