# bin_6_2
2.497707670744299781e-04
2.489803026815780350e-04
2.497436469595258526e-04
2.489999794863269182e-04
2.497176072569403109e-04
2.490179699664700225e-04
2.496925378201687515e-04
2.490343234492580198e-04
2.496683310419204748e-04
2.490490823603925879e-04
2.496448814784192117e-04
2.490622824096850826e-04
2.496220855050638207e-04
2.490739527766048914e-04
2.495998410075303607e-04
2.490841163042841855e-04
2.495780471140506994e-04
2.490927897074426338e-04
2.495566039744202347e-04
2.490999838052781502e-04
2.495354125950067733e-04
2.491057037875047905e-04
2.495143747366430800e-04
2.491099495260646712e-04
2.494933928876146858e-04
2.491127159431834369e-04
2.494723703208125208e-04
2.491139934499980724e-04
2.494512112490082840e-04
2.491137684685066278e-04
2.494298210889445166e-04
2.491120240505270960e-04
2.494081068472881867e-04
2.491087406064122984e-04
2.493859776392955531e-04
2.491038967549600333e-04
2.493633453483171678e-04
2.490974703009792490e-04
2.493401254305073651e-04
2.490894393443718910e-04
2.493162378632320640e-04
2.490797835139686896e-04
2.492916082247929681e-04
2.490684853101723332e-04
2.492661688822363697e-04
2.490555315256880804e-04
2.492398602461871134e-04
2.490409146936732490e-04
2.492126320308740467e-04
2.490246344901368421e-04
2.491844444317155554e-04
2.490066989894608972e-04
2.491552691029525228e-04
2.489871256383630418e-04
2.491250897837198443e-04
2.489659417820431651e-04
2.490939023875963772e-04
2.489431845396487038e-04
2.490617143385179906e-04
2.489188998009130233e-04
2.490285429134716003e-04
2.488931400989256013e-04
2.489944123473806278e-04
2.488659611221370879e-04
2.489593494788837520e-04
2.488374166720743559e-04
2.489233777824369676e-04
2.488075519660091725e-04
2.488865097565834904e-04
2.487763953446381349e-04
2.488487378373483751e-04
2.487439486846721066e-04
2.488100242889077158e-04
2.487101771427936204e-04
2.487702908917118058e-04
2.486749992620431175e-04
2.487294096811203505e-04
2.486382789205522094e-04
2.486871964363243323e-04
2.485998210241236427e-04
2.486434089874629805e-04
2.485593731221579839e-04
2.485977525531879841e-04
2.485166350887516658e-04
2.485498940491061596e-04
2.484712784494844985e-04
2.484994864003995654e-04
2.484229756318044992e-04
2.484462021581109294e-04
2.483714372340716458e-04
2.483897730962431744e-04
2.483164523958712516e-04
2.483300291638769908e-04
2.482579239184006534e-04
2.482669268308398567e-04
2.481958868492561325e-04
2.482005547075400624e-04
2.481304983035541789e-04
2.481311050748857632e-04
2.480619892334572432e-04
2.480588055233478965e-04
2.479905773630924643e-04
2.479838164568156354e-04
2.479163549132913451e-04
2.479061168598459047e-04
2.478391824953075180e-04
2.478254179007856653e-04
2.477586348832265528e-04
2.477411526844836530e-04
2.476740445052137240e-04
2.476525790475635940e-04
2.475846631721093159e-04
2.475589919544014762e-04
2.474899080718526178e-04
2.474599769460541143e-04
2.473895890808329814e-04
2.473555733204984360e-04
2.472839707650315087e-04
2.472462054697716332e-04
2.471735590000257387e-04
2.471323332619607843e-04
2.470586513564621261e-04
2.470139670507910364e-04
2.469389044761823590e-04
2.468903853642197450e-04
2.468132906009406873e-04
2.467603849491870581e-04
2.466806382573200323e-04
2.466230352422963995e-04
2.465404490439336636e-04
2.464783525296636172e-04
2.463932161613802151e-04
2.463271053521394081e-04
2.462396819325443262e-04
2.461696593789774925e-04
2.460795770948095073e-04
2.460050269764993088e-04
2.459113778443348919e-04
2.458315467343976215e-04
2.457337998528243139e-04
2.456487165985670016e-04
2.455472395803931615e-04
2.454575298126785701e-04
2.453526638544858193e-04
2.452582261046938215e-04
2.451491912027259140e-04
2.450489703219861063e-04
2.449347772666103781e-04
2.448284516215967223e-04
2.447094305140202846e-04
2.445977589391889898e-04
2.444743070742729689e-04
2.443569304696040245e-04
2.442278623840476548e-04
2.441035606929518290e-04
2.439683296996087390e-04
2.438375996194744105e-04
2.436970079691788325e-04
2.435600137835747920e-04
2.434130225641487869e-04
2.432683110221544177e-04
2.431142139457163442e-04
2.429623739987448654e-04
2.428019727865772385e-04
2.426427005216397724e-04
2.424744565787487769e-04
2.423065988071907567e-04
2.421308257259839679e-04
2.419552797599984484e-04
2.417715326364251456e-04
2.415866560657677260e-04
2.413940992487075324e-04
2.412006641966836095e-04
2.409996038643710109e-04
2.407962067536199109e-04
2.405853905593279625e-04
2.403725792490036975e-04
2.401523196602635239e-04
2.399286498945649865e-04
2.396979482276836071e-04
2.394640750938928516e-04
2.392225670053362452e-04
2.389769444054859807e-04
2.387245615178242898e-04
2.384674266646939105e-04
2.382027845169049107e-04
2.379336213694731685e-04
2.376569360624760827e-04
2.373745565384229798e-04
2.370852615820621880e-04
2.367896588170886104e-04
2.364865961807314360e-04
2.361774287592274346e-04
2.358601586171205045e-04
2.355364696839852567e-04
2.352047101829533046e-04
2.348656919136815505e-04
2.345188286417602096e-04
2.341639207074827081e-04
2.338011680745531425e-04
2.334298214079427258e-04
2.330504093315508051e-04
2.326619879439153430e-04
2.322651852910787853e-04
2.318589849614004878e-04
2.314440663567631309e-04
2.310193458879463281e-04
2.305855689306426980e-04
2.301415644136186570e-04
2.296881625248498341e-04
2.292240906595746956e-04
2.287502727998740569e-04
2.282653308373069965e-04
2.277702829055982495e-04
2.272636483259184593e-04
2.267465346518812534e-04
2.262173653086696728e-04
2.256773300346515999e-04
2.251247647886536524e-04
2.245609332522305454e-04
2.239840930147903031e-04
2.233955732550439775e-04
2.227935623910279729e-04
2.221794468675172211e-04
2.215513549438426081e-04
2.209107225321507793e-04
2.202556264216347631e-04
2.195875447364566363e-04
2.189045111005279924e-04
2.182080391919021466e-04
2.174961273740926568e-04
2.167703188410264974e-04
2.160285842087895794e-04
2.152724907751156101e-04
2.144999885516866024e-04
2.137126641505207017e-04
2.129084537819252458e-04
2.120889591969751093e-04
2.112521093021211627e-04
2.103995174160177217e-04
2.095291113701643580e-04
2.086425130716950598e-04
2.077376552753985243e-04
2.068161660787847509e-04
2.058759889655942894e-04
2.049187563956031942e-04
2.039424282321196933e-04
2.029486400285353742e-04
2.019353735597014389e-04
2.009042667532593871e-04
1.998533287436651286e-04
1.987841996526082205e-04
1.976949213707918313e-04
1.965871365623798601e-04
1.954589252491611127e-04
1.943119335032340129e-04
1.931442848565192245e-04
1.919576301580920813e-04
1.907501418547818018e-04
1.895234774289539638e-04
1.882758636888401014e-04
1.870089670733095439e-04
1.857210742494179673e-04
1.844138633767888153e-04
1.830856865306084173e-04
1.817382367635046899e-04
1.803699371509713209e-04
1.789824991767265127e-04
1.775744225306090840e-04
1.761474409778309715e-04
1.747001364231965694e-04
1.732342690087175117e-04
1.717485083892213149e-04
1.702446453396068990e-04
1.687214426623472204e-04
1.671807260781916658e-04
1.656213567027441569e-04
1.640451994454829483e-04
1.624512185477015901e-04
1.608413221270058697e-04
1.592145818598404174e-04
1.575729526847122891e-04
1.559156173368968668e-04
1.542445805660275129e-04
1.525591388862180652e-04
1.508613489747908959e-04
1.491506226860562481e-04
1.474290695802823190e-04
1.456962169620890644e-04
1.439542267447807046e-04
1.422027400134346362e-04
1.404439686619947695e-04
1.386776637456998962e-04
1.369060825396158012e-04
1.351290797345056733e-04
1.333489507586982901e-04
1.315656446857534491e-04
1.297814848399476593e-04
1.279965021235074450e-04
1.262130340930616183e-04
1.244311772797116237e-04
1.226532660833824524e-04
1.208794425519454810e-04
1.191120165966256248e-04
1.173511516185590385e-04
1.155991077055505489e-04
1.138560414478265371e-04
1.121241339386777342e-04
1.104035031076155792e-04
1.086962185184769312e-04
1.070023245689394364e-04
1.053237442620584443e-04
1.036604116759487222e-04
1.020140670789981206e-04
1.003844971597823429e-04
9.877322405959215311e-05
9.717985196372917820e-05
9.560565282990884180e-05
9.405001806579852731e-05
9.251394392410265872e-05
9.099658710789675759e-05
8.949865296006491281e-05
8.801905391878873052e-05
8.655820371781513937e-05
8.511477762018707235e-05
8.368891582342774364e-05
8.227908428112927898e-05
8.088519032149140461e-05
7.950554256772508776e-05
7.813988137349418578e-05
7.678643581869362667e-05
7.544487089137979553e-05
7.411343872348299857e-05
7.279184347889560379e-05
7.147848289650819004e-05
7.017323059879263176e-05
6.887476268206983439e-05
6.758325573836905975e-05
6.629779182554797971e-05
6.501896910876802651e-05
6.374637733339404556e-05
6.248111699014193953e-05
6.122333682127503339e-05
5.997465728184030219e-05
5.873576217409677048e-05
5.750872348822359397e-05
5.629464155134018301e-05
5.509587160820966605e-05
5.391371130572707784e-05
5.275053485351514356e-05
5.160753321176487119e-05
5.048676896316554006e-05
4.938898238601227558e-05
4.831558788660637378e-05
4.726656623037654215e-05
4.624242891261117269e-05
4.524221998832388797e-05
4.426547444268324409e-05
4.331034842775490689e-05
4.237558779621695293e-05
4.145879002186298715e-05
4.055837774411785284e-05
3.967196935653844532e-05
3.879832252608985050e-05
3.793575960206501318e-05
3.708401764965465921e-05
3.624265331673679239e-05
3.541272606085808913e-05
3.459511389045329853e-05
3.379198371655671494e-05
3.300499934039631452e-05
3.223660445053035323e-05
3.148819262425054879e-05
3.076132385967078993e-05
3.005601445219790692e-05
2.937207058474152185e-05
2.870767391185209178e-05
2.806097197674215705e-05
2.742902033103962806e-05
2.680958596949114715e-05
2.620027447706024454e-05
2.560025981874896608e-05
2.500922633101068627e-05
2.442864593904987846e-05
2.386023469377324729e-05
2.330666003383228033e-05
2.276964891003200624e-05
2.225054557551595284e-05
2.174871340154512292e-05
2.126266627180201641e-05
2.078934688546261539e-05
2.032604739241294280e-05
1.987024202857049228e-05
1.942143213074699705e-05
1.898032503821863167e-05
1.854946355453107923e-05
1.813117156756755276e-05
1.772734128323270411e-05
1.733751879407451329e-05
1.695980028205556429e-05
1.659073709002409290e-05
1.622781113629656363e-05
1.586988297573575066e-05
1.551856133192580910e-05
1.517638107894520941e-05
1.484585226729168023e-05
1.452688810722054614e-05
1.421735632007085555e-05
1.391366858414774186e-05
1.361396875590957263e-05
1.331878171866651692e-05
1.303112180224386645e-05
1.275312690148650607e-05
1.248455008157610390e-05
1.222213095288491469e-05
1.196311876899820394e-05
1.170731678614871805e-05
1.145768639481448485e-05
1.121634692151147739e-05
1.098240734275603009e-05
1.075228132334445322e-05
1.052445341290215677e-05
1.030079623586938924e-05
1.008425829371280741e-05
9.873994029880905874e-06
9.666799712641830050e-06
9.461422506853381313e-06
9.260729385772436756e-06
9.066302332884168893e-06
8.875838078095034620e-06
8.686755163284092814e-06
8.501090711684044845e-06
8.320910591113708470e-06
8.144237495782521278e-06
7.968783166897544878e-06
7.796930467303555781e-06
7.629787355299650787e-06
7.464697415677090523e-06
7.301259814660462929e-06
7.142169210762202494e-06
6.985848232936651298e-06
6.830815581047117453e-06
6.679269852382252475e-06
6.530725673554285081e-06
6.383265422550557519e-06
6.239098655863136739e-06
6.097330368716793257e-06
5.956980439645915747e-06
5.819729283685749378e-06
5.684238250229328434e-06
5.550606219376116999e-06
5.419681503238196989e-06
5.289991138730877627e-06
5.162930531733140947e-06
5.037450405130629454e-06
4.913998960856388766e-06
4.792490475373737755e-06
4.672635755417704297e-06
4.554804300681607337e-06
4.438566436428506301e-06
4.324268873073022178e-06
4.211629706505959480e-06
4.100805032692123561e-06
3.991610624959585448e-06
3.884149103957377343e-06
3.778310933350374390e-06
3.674207909271537278e-06
3.571681699327759650e-06
3.470891135536200457e-06
3.371663094520818541e-06
3.274071753601897848e-06
3.178059317465473220e-06
3.083641523429120406e-06
2.990868022073468533e-06
2.899612003596230484e-06
2.810007526565696644e-06
2.721897336415045521e-06
2.635365885068379721e-06
2.550377618357859230e-06
2.466917904480137857e-06
2.385070239792287066e-06
2.304690766899326960e-06
2.225884806973698983e-06
2.148555749180802520e-06
2.072740077377083906e-06
1.998469316511076898e-06
1.925628790716751945e-06
1.854401941015669615e-06
1.784573472188797867e-06
1.716286221226013670e-06
1.649415488127336475e-06
1.584033042959262484e-06
1.520145133961448878e-06
1.457647516960851751e-06
1.396682819796625956e-06
1.337093436228504701e-06
1.278948598484803805e-06
1.222219398542726178e-06
1.166870463486326406e-06
1.113007246086661636e-06
1.060433667711099500e-06
1.009343927533305511e-06
9.595368972011576144e-07
9.111251310635213827e-07
8.640574961670744880e-07
8.182832717804527161e-07
7.739159468750518929e-07
7.307729994614047319e-07
6.889815500745553938e-07
6.484236722954358918e-07
6.091286744324102764e-07
5.711249589379780612e-07
5.342657810409022424e-07
4.987355905976741982e-07
4.643101964044596910e-07
4.311305590138507748e-07
3.990746441285010365e-07
3.681818703669469672e-07
3.384667581609142155e-07
3.098094171705638438e-07
2.823427141956640522e-07
2.559154410591244455e-07
2.305956769745809138e-07
2.063515451314232607e-07
1.831273862229437766e-07
1.610187118656478773e-07
1.398475771339327670e-07
1.197648155322138606e-07
1.006062531559691122e-07
8.244091581385330306e-08
6.521976725769168164e-08
4.887225843741255735e-08
3.347213644972034500e-08
1.886941410895888524e-08
5.139067308527778495e-09
-7.814853272045517611e-09
-1.999533151252641904e-08
-3.139307199788884157e-08
-4.212446918004161203e-08
-5.208189371174704695e-08
-6.141270223214669014e-08
-7.003469259965979326e-08
-7.802538663698740725e-08
-8.537588532941599956e-08
-9.207744606725305394e-08
-9.820149458161410020e-08
-1.036795319363284497e-07
-1.085898185481787162e-07
-1.129002330796570000e-07
-1.166240639639828288e-07
-1.198038910775679755e-07
-1.223847812269362930e-07
-1.244586951849415393e-07
-1.259521531771201356e-07
-1.269428471176999940e-07
-1.274012348448549267e-07
-1.273525956092947828e-07
-1.268291309838891975e-07
-1.258095889889149900e-07
-1.243511683341967437e-07
-1.224354101844491294e-07
-1.201004092638098389e-07
-1.173659676584199449e-07
-1.142352529843838042e-07
-1.107660761133243512e-07
-1.069387054799053801e-07
-1.028195134685462643e-07
-9.839955822824493149e-08
-9.372927656032689306e-08
-8.882933143424381884e-08
-8.372969633679089274e-08
-7.846870697408295768e-08
-7.306930752856146901e-08
-6.757136725570593038e-08
-6.200818126632374515e-08
-5.641023332517165873e-08
-5.082662355172252493e-08
-4.528027672364038483e-08
-3.982359430771777495e-08
-3.447872718246721834e-08
-2.929643475318629495e-08
-2.430437711665955639e-08
-1.954748415149412071e-08
-1.505217202105392038e-08
-1.086247697058964438e-08
-6.998279432752208668e-09
-3.495898855751850372e-09
-3.717880381870251047e-10
2.345481890002986942e-09
4.645633539939479191e-09
6.518780490586008675e-09
7.957864405353953623e-09
8.967889935936068555e-09
9.559240175562434654e-09
9.743936658406843285e-09
9.554092772434143740e-09
9.007380865342942049e-09
8.160587662024080520e-09
7.039068377150922784e-09
5.711493878199276205e-09
4.221873254751808329e-09
2.636943570144886656e-09
1.020016993660462178e-09
-5.719430090829488607e-10
-2.068788499541976638e-09
-3.419831180989449514e-09
-4.569094692213332653e-09
-5.472119417959492483e-09
-6.102411075701624267e-09
-6.425764905152667948e-09
-6.453778344948417006e-09
-6.177108170211438013e-09
-5.636969014683587783e-09
-4.861979203795489237e-09
-3.910469036270536996e-09
-2.846746012126607040e-09
-1.736881344103891872e-09
-6.636393160304982409e-10
3.058297002492624250e-10
1.103738131243886184e-09
1.676087351681664319e-09
1.997074603442246595e-09
2.044544410602254956e-09
1.842705048139278525e-09
1.415651903651503359e-09
8.314781728227190190e-10
1.574176899214469566e-10
-5.161968421295467311e-10
-1.108368108597887323e-09
-1.543126893987439059e-09
-1.770052782247375568e-09
-1.764347770362055512e-09
-1.537174901500687909e-09
-1.128139814761409986e-09
-6.125408138514301969e-10
-7.503704253082853246e-11
3.868316761668175739e-10
6.988416736794939929e-10
8.051261441698832908e-10
7.010465674318220528e-10
4.203624768765568239e-10
3.901408602843245577e-11
-3.482694044877925122e-10
-6.408205514625660984e-10
-7.689869004435733215e-10
-7.014245875934093270e-10
-4.683488301122059128e-10
-1.426071570758327838e-10
1.700956724694202885e-10
3.698604367907683507e-10
3.963367696382999562e-10
2.511668229900158315e-10
-1.261613477545073085e-12
-2.501781158798038655e-10
-3.979410090204938443e-10
-3.747149885172564077e-10
-2.089286817854552222e-10
2.277462679116369282e-11
1.968146349010508040e-10
2.310582854260493912e-10
1.163752760502701211e-10
-7.581728055481082928e-11
-2.190236801438857298e-10
-2.306812702146399222e-10
-1.066407142681513055e-10
6.165419877788127653e-11
1.496166305709650133e-10
1.035257646372347286e-10
-3.958944171395594568e-11
-1.467289010644859915e-10
-1.354663186064968699e-10
-1.654265421427651295e-11
9.062744841358133813e-11
8.353505803390511887e-11
-1.983606291030526311e-11
-1.057242362574866426e-10
-7.662937577264264871e-11
2.544246785786312994e-11
7.324477065625375351e-11
1.377103149121524879e-11
-7.081919175904248751e-11
-5.732411872676166284e-11
2.313674966417533573e-11
5.197473226658089909e-11
-1.365207482322874697e-11
-5.854534663065915496e-11
-9.992737749153141135e-12
4.061195310695430997e-11
4.238773172836912133e-12
-4.403357272591491559e-11
-9.478378797825195517e-12
3.253001608841186780e-11
-6.712716697955773982e-12
-3.210490922526837843e-11
8.665645756018686808e-12
1.873286987881489181e-11
-2.422261854911143274e-11
-7.352159159508221382e-12
1.928705261993259402e-11
-1.342419581962612109e-11
-1.061740458628244123e-11
1.551869143388763078e-11
-1.100083526092047873e-11
-5.802267452276774868e-12
1.061472824426916200e-11
-1.137463921929208425e-11
1.046068638714864803e-12
4.452314771654576225e-12
-1.077977778648948768e-11
8.688746626486373060e-12
-7.716267440723845492e-12
2.211701652275963727e-12
-5.300850915308542629e-13
-3.235273997227486571e-12
3.000316451364715788e-12
-4.644579156843349118e-12
3.249550079974980521e-12
-3.942794767990529584e-12
2.376704829038879098e-12
-2.855645010775629531e-12
1.514208038772317424e-12
-1.999084132998291625e-12
9.275681615043065855e-13
-1.429424487666320401e-12
5.740482613503154488e-13
-1.063356432075788769e-12
3.676631936462676398e-13
-8.225022129924383739e-13
2.461343901194346135e-13
-6.566696990254870258e-13
1.727331085071421242e-13
-5.369007446254564660e-13
1.270472409962028245e-13
-4.467263755517181427e-13
9.776383099461237297e-14
-3.765391025610015772e-13
7.847590475581676152e-14
-3.204905712095358301e-13
6.544321777756539347e-14
-2.748475291040847509e-13
5.641336072429615262e-14
-2.371146713305229599e-13
4.999120129392211549e-14
-2.055534478378012645e-13
4.529179892331966540e-14
-1.789081909302207680e-13
4.174296916274036642e-14
-1.562439461195324025e-13
3.896925116562002111e-14
-1.368466142546256540e-13
3.672162494502792293e-14
-1.201591392313998381e-13
3.483378027074241055e-14
-1.057393053318848314e-13
3.319426468519165521e-14
-9.323093775961377912e-14
3.172838973197042198e-14
-8.234368511847670173e-14
3.038628052029139684e-14
-7.283846138694598145e-14
2.913487555460618943e-14
-6.451672299460717245e-14
2.795251359521941657e-14
-5.721241045504219365e-14
2.682524151021924431e-14
-5.078578402324193662e-14
2.574428221352662783e-14
-4.511863405034868216e-14
2.470429318814057277e-14
-4.011050813281658742e-14
2.370216853056295501e-14
-3.567570335664485748e-14
2.273621718367353178e-14
-3.174084319839567019e-14
2.180560278709035465e-14
-2.824290745190011359e-14
2.090996593611203828e-14
-2.512761759553409029e-14
2.004917371769709183e-14
-2.234810413153899471e-14
1.922315785971368308e-14
-1.986379987176859999e-14
1.843181432487380833e-14
-1.763951586111845319e-14
1.767494514652561979e-14
-1.564466610613523255e-14
1.695222895810722208e-14
-1.385261438836688131e-14
1.626321063817214710e-14
-1.224012186631555439e-14
1.560730334297386243e-14
-1.078687833643092601e-14
1.498379820254381823e-14
-9.475103291760411620e-15
1.439187840730206431e-14
-8.289205457623504142e-15
1.383063544109231388e-14
-7.215491511074290259e-15
1.329908594697455716e-14
-6.241916325235781984e-15
1.279618824412114317e-14
-5.357868371214840989e-15
1.232085787009089412e-14
-4.553984978362747380e-15
1.187198179373402001e-14
-3.821993014860270505e-15
1.144843111781731292e-14
-3.154571263124644195e-15
1.104907221272227447e-14
-2.545231349049047405e-15
1.067277630601394631e-14
-1.988214572535637563e-15
1.031842760078469528e-14
-1.478402385461923308e-15
9.984930030944363845e-15
-1.011238610060204971e-15
9.671212775106608159e-15
-5.826617665967696097e-16
9.376234658329097604e-15
-1.890461225196182985e-16
9.098987568361518160e-15
1.728497249725854946e-16
8.838499011956216216e-15
5.059277523413176998e-16
8.593833927272712549e-15
8.127897680156933446e-16
8.364095857100446612e-15
1.095771778975546702e-15
8.148427582418598035e-15
1.356974110665167208e-15
7.946011300781704830e-15
1.598287833893824903e-15
7.756068429401206566e-15
1.821417981518426185e-15
7.577859099913090999e-15
2.027903966570477063e-15
7.410681403129853462e-15
2.219137562452723615e-15
7.253870437364456335e-15
2.396378753010961310e-15
7.106797203060985360e-15
2.560769723082181761e-15
6.968867383994172817e-15
2.713347221789841686e-15
6.839520043520606888e-15
2.855053501408726780e-15
6.718226267057960009e-15
2.986746006726501961e-15
6.604487771410460192e-15
3.109205970094946338e-15
6.497835500119475266e-15
3.223146043040736783e-15
6.397828221261904893e-15
3.329217081857337328e-15
6.304051138646598031e-15
3.428014189670174789e-15
6.216114527925530822e-15
3.520082100325120557e-15
6.133652405954252049e-15
3.605919984657949154e-15
6.056321238160110861e-15
3.685985745714760581e-15
5.983798688775885253e-15
3.760699861077936398e-15
5.915782419145284607e-15
3.830448825933205851e-15
5.851988933550066610e-15
3.895588241788455926e-15
5.792152476471184968e-15
3.956445590061989314e-15
5.736023979985551760e-15
4.013322727457799299e-15
5.683370062454780404e-15
4.066498132347115652e-15
5.633972077913348461e-15
4.116228930301334244e-15
5.587625214194500947e-15
4.162752722993852910e-15
5.544137640349282195e-15
4.206289240926480944e-15
5.503329700742593705e-15
4.247041839373556233e-15
5.465033154391096217e-15
4.285198853847845479e-15
5.429090458186609886e-15
4.320934829294788824e-15
5.395354091741973352e-15
4.354411637731151816e-15
5.363685922773282458e-15
4.385779492968908129e-15
5.333956610072790779e-15
4.415177875645825116e-15
5.306045043074891863e-15
4.442736375676323536e-15
5.279837815805731307e-15
4.468575461030339667e-15
5.255228733366826231e-15
4.492807180040808016e-15
5.232118349187069182e-15
4.515535803374316208e-15
5.210413531757919286e-15
4.536858411701886561e-15
5.190027058227507825e-15
4.556865434274615836e-15
5.170877234243278695e-15
4.575641142548102104e-15
5.152887538060499921e-15
4.593264103569686381e-15
5.135986287250293514e-15
4.609807596436106583e-15
5.120106327128903025e-15
4.625339995320924726e-15
5.105184739204284479e-15
4.639925122075626885e-15
5.091162568467021602e-15
4.653622570906796010e-15
5.077984568431291415e-15
4.666488007828493305e-15
5.065598962671433580e-15
4.678573447091044632e-15
5.053957221946953970e-15
4.689927506006590185e-15
5.043013855760232327e-15
4.700595640904281409e-15
5.032726217569833444e-15
4.710620365052127087e-15
5.023054322604611490e-15
4.720041450294360895e-15
5.013960677670227707e-15
4.728896113911831754e-15
5.005410121886380398e-15
4.737219191632684353e-15
4.997369677992314530e-15
4.745043297992474116e-15
4.989808413143938095e-15
4.752398975240598495e-15
4.982697308877647339e-15
4.759314831408995053e-15
4.976009139507993301e-15
4.765817668558237803e-15
4.969718358377037926e-15
4.771932601923875300e-15
4.963800991523316970e-15
4.777683170748150342e-15
4.958234538189801747e-15
4.783091441204998367e-15
4.952997877811901212e-15
4.788178102304287141e-15
4.948071182957810043e-15
4.792962555011186067e-15
4.943435837887408090e-15
4.797462995415182931e-15
4.939074362376583117e-15
4.801696491993870932e-15
4.934970340367661777e-15
4.805679057753782268e-15
4.931108353227765673e-15
4.809425717436005353e-15
4.927473917242257904e-15
4.812950570131530859e-15
4.924053425085885049e-15
4.816266847754711196e-15
4.920834091004985901e-15
4.819386969550724148e-15
4.917803899481400915e-15
4.822322592928815875e-15
4.914951557100513775e-15
4.825084660973316950e-15
4.912266447458328319e-15
4.827683446735582894e-15
4.909738588871951230e-15
4.830128594612158620e-15
4.907358594751768733e-15
4.832429158940322819e-15
4.905117636357962468e-15
4.834593640086715998e-15
4.903007407936931165e-15
4.836630018101646326e-15
4.901020093905342779e-15
4.838545784151186921e-15
4.899148338094833314e-15
4.840347969839812548e-15
4.897385214798375596e-15
4.842043174640226088e-15
4.895724201583687804e-15
4.843637591399878240e-15
4.894159153692961598e-15
4.845137030204750643e-15
4.892684279946167024e-15
4.846546940591934002e-15
4.891294120053235387e-15
4.847872432267339262e-15
4.889983523205726394e-15
4.849118294392515283e-15
4.888747627870675922e-15
4.850289013538304199e-15
4.887581842729133818e-15
4.851388790355812114e-15
4.886481828613878443e-15
4.852421555106466823e-15
4.885443481446882255e-15
4.853390982016327276e-15
4.884462916033630207e-15
4.854300502603229866e-15
4.883536450704710272e-15
4.855153317990239790e-15
4.882660592709023524e-15
4.855952410278017371e-15
4.881832024311077042e-15
4.856700553011295967e-15
4.881047589544697435e-15
4.857400320825911676e-15
4.880304281573000537e-15
4.858054098246777322e-15
4.879599230598837714e-15
4.858664087799503273e-15
4.878929692317203018e-15
4.859232317355521558e-15
4.878293036834768271e-15
4.859760646857468246e-15
4.877686738080708103e-15
4.860250774421675716e-15
4.877108363650447116e-15
4.860704241879895280e-15
