# bin_4_1
1.114333624118131672e-04
1.110061098862858759e-04
1.114190705927118637e-04
1.110171209375313629e-04
1.114053970183272798e-04
1.110272575142060643e-04
1.113922853591769958e-04
1.110365495109847013e-04
1.113796809001994830e-04
1.110450233459314755e-04
1.113675303485119528e-04
1.110527020703485463e-04
1.113557816561333135e-04
1.110596054769774155e-04
1.113443838598017835e-04
1.110657502095613514e-04
1.113332869403435555e-04
1.110711498774042506e-04
1.113224417035046530e-04
1.110758151787770090e-04
1.113117996860969966e-04
1.110797540375560525e-04
1.113013130910785864e-04
1.110829717577174438e-04
1.112909347556271638e-04
1.110854712014815041e-04
1.112806181572590416e-04
1.110872529961516456e-04
1.112703174625573647e-04
1.110883157758460954e-04
1.112599876244517027e-04
1.110886564642481862e-04
1.112495845324391804e-04
1.110882706032148754e-04
1.112390652212590948e-04
1.110871527328248433e-04
1.112283881405163227e-04
1.110852968256653629e-04
1.112175134882181213e-04
1.110826967766781622e-04
1.112064036064267143e-04
1.110793469459982419e-04
1.111950234343570297e-04
1.110752427480564950e-04
1.111833410087508146e-04
1.110703812734729093e-04
1.111713279934583583e-04
1.110647619221741625e-04
1.111589602121768825e-04
1.110583870162887602e-04
1.111462181460490587e-04
1.110512623491576208e-04
1.111330873458156741e-04
1.110433976129074975e-04
1.111195586932285802e-04
1.110348066325069855e-04
1.111056284319845251e-04
1.110255073196355486e-04
1.110912978748425329e-04
1.110155212478313358e-04
1.110765726837053267e-04
1.110048727435241337e-04
1.110614616174319008e-04
1.109935873912906902e-04
1.110459746521584785e-04
1.109816898696930148e-04
1.110301204075384582e-04
1.109692010747058909e-04
1.110139028658359707e-04
1.109561345564073163e-04
1.109973174567833082e-04
1.109424923980352918e-04
1.109803467024982786e-04
1.109282608070371733e-04
1.109629557755680235e-04
1.109134058618337380e-04
1.109450885093954669e-04
1.108978700511051150e-04
1.109266645923617084e-04
1.108815704239827181e-04
1.109075788356432085e-04
1.108643992889268338e-04
1.108877034665614212e-04
1.108462283831567624e-04
1.108668942826317036e-04
1.108269171926732911e-04
1.108450011108758635e-04
1.108063255424972926e-04
1.108218822709944231e-04
1.107843296374846280e-04
1.107974216124296371e-04
1.107608394375029105e-04
1.107715452739914191e-04
1.107358137732889240e-04
1.107442338795337501e-04
1.107092683464772412e-04
1.107155249540401845e-04
1.106812713516021779e-04
1.106855006700775283e-04
1.106519227232863773e-04
1.106542584281022156e-04
1.106213166716085695e-04
1.106218667474815910e-04
1.105894933686283758e-04
1.105883161069344843e-04
1.105563932893990572e-04
1.105534817636119648e-04
1.105218338777243253e-04
1.105171193415467216e-04
1.104855282630393338e-04
1.104789090657251843e-04
1.104471548581519583e-04
1.104385471606510047e-04
1.104064632191124949e-04
1.103958549154300230e-04
1.103633718652292429e-04
1.103508489038755244e-04
1.103179949614800886e-04
1.103037114360094735e-04
1.102705504963729326e-04
1.102546401064471819e-04
1.102211668010345602e-04
1.102036390879230598e-04
1.101696963794513725e-04
1.101503976430780185e-04
1.101156972018996460e-04
1.100943977243864586e-04
1.100586653776222445e-04
1.100352386433665420e-04
1.099983866426348597e-04
1.099729271803779625e-04
1.099350734336939506e-04
1.099077938447872045e-04
1.098690453793157442e-04
1.098399957905359158e-04
1.098001867816264466e-04
1.097691078169060232e-04
1.097278420651769880e-04
1.096944147864016881e-04
1.096514586949818296e-04
1.096157004734520422e-04
1.095712074157966133e-04
1.095333921301143730e-04
1.094875044077828934e-04
1.094475927572919786e-04
1.093999704650182564e-04
1.093575124818485468e-04
1.093077259474292066e-04
1.092625870607013736e-04
1.092107745940537811e-04
1.091632849492053293e-04
1.091096140066501722e-04
1.090596224445637469e-04
1.090035795929401565e-04
1.089505642471141526e-04
1.088919111394939430e-04
1.088360887111106546e-04
1.087751676783151766e-04
1.087166116336396848e-04
1.086529728811423353e-04
1.085910604374569233e-04
1.085243974758787552e-04
1.084593845008657300e-04
1.083900399382618286e-04
1.083217979179095018e-04
1.082491074055696810e-04
1.081771422094767566e-04
1.081012385856861338e-04
1.080259383328532950e-04
1.079466281636790043e-04
1.078672879265697688e-04
1.077842097492941696e-04
1.077011635183012936e-04
1.076144473458686849e-04
1.075270927285874249e-04
1.074361980019642501e-04
1.073447722534712478e-04
1.072498318969859792e-04
1.071537149042906418e-04
1.070542977084669098e-04
1.069537726663278285e-04
1.068497204824271841e-04
1.067441232592971034e-04
1.066354053805402234e-04
1.065248391653142077e-04
1.064108586107816276e-04
1.062951023611556959e-04
1.061759509854084011e-04
1.060544943804090588e-04
1.059299273295732599e-04
1.058027682832451700e-04
1.056722862045659882e-04
1.055392785907119217e-04
1.054026912481057301e-04
1.052634240292972821e-04
1.051206092145813662e-04
1.049747354180686072e-04
1.048254278567094532e-04
1.046727069490810928e-04
1.045165677422723981e-04
1.043567639732737642e-04
1.041934609296084563e-04
1.040263010829863791e-04
1.038555188016448066e-04
1.036807002389659972e-04
1.035021258218646182e-04
1.033193299340165407e-04
1.031326431771157075e-04
1.029415415232549241e-04
1.027464118341709547e-04
1.025466675711767135e-04
1.023427538429481378e-04
1.021340217004128781e-04
1.019209729088860769e-04
1.017028990502019849e-04
1.014803548914306255e-04
1.012525769749745511e-04
1.010201684549054797e-04
1.007823159054559132e-04
1.005396659296672792e-04
1.002913603856322446e-04
1.000380844020325974e-04
9.977894031685653026e-05
9.951464704958141864e-05
9.924427244130611494e-05
9.896856474323683999e-05
9.868656209634854841e-05
9.839903794211490840e-05
9.810500527174076358e-05
9.780525891075624078e-05
9.749879100287495626e-05
9.718641429135258122e-05
9.686710413508787447e-05
9.654168806623237740e-05
9.620912849608433755e-05
9.587026494829746146e-05
9.552405051560484430e-05
9.517133423933300243e-05
9.481106333345874120e-05
9.444409419812139551e-05
9.406937143885136642e-05
9.368775696199824980e-05
9.329819588538660615e-05
9.290155406674927864e-05
9.249678012712957966e-05
9.208474261047968202e-05
9.166439652146192755e-05
9.123661210703993239e-05
9.080035354396287517e-05
9.035649207358219877e-05
8.990400375894057208e-05
8.944376039456150237e-05
8.897475258624007748e-05
8.849785250066599684e-05
8.801206790019231515e-05
8.751827139536982555e-05
8.701549048962544351e-05
8.650459855359129112e-05
8.598464539825871665e-05
8.545650570579903054e-05
8.491925415195065606e-05
8.437376750619488344e-05
8.381914786253369127e-05
8.325627506464773923e-05
8.268428117658945442e-05
8.210405029805342703e-05
8.151474701069251288e-05
8.091726102690530219e-05
8.031079198144358338e-05
7.969623670610426571e-05
7.907283239808488582e-05
7.844148463448215249e-05
7.780147063663459981e-05
7.715370643410575022e-05
7.649751165629301388e-05
7.583381452724384769e-05
7.516197935047333847e-05
7.448294826507603620e-05
7.379613234545274894e-05
7.310248927720999399e-05
7.240147876892267349e-05
7.169407551466524880e-05
7.097978940871873101e-05
7.025961335160466005e-05
6.953310856958410898e-05
6.880128699408311489e-05
6.806376181485581604e-05
6.732156432000037133e-05
6.657435965382803062e-05
6.582319814757532975e-05
6.506779610955511575e-05
6.430922180650137205e-05
6.354724098386206317e-05
6.278293777585208573e-05
6.201612453735746088e-05
6.124789806868202030e-05
6.047811323725002042e-05
5.970787500228451865e-05
5.893707521432319505e-05
5.816682101734917034e-05
5.739703413731375031e-05
5.662881632636805525e-05
5.586211038856796440e-05
5.509800341475773439e-05
5.433644874504796628e-05
5.357850782555945032e-05
5.282413227384722451e-05
5.207434527206022696e-05
5.132908288390925199e-05
5.058931598453890167e-05
4.985494997631268241e-05
4.912688834501919216e-05
4.840498993645547397e-05
4.769007532179696897e-05
4.698194082639305926e-05
4.628130898306467210e-05
4.558789854567920979e-05
4.490232040453173451e-05
4.422420286469134262e-05
4.355403448629871466e-05
4.289134395267078808e-05
4.223649137043384373e-05
4.158890208222667509e-05
4.094880800285782672e-05
4.031553472896626158e-05
3.968919447906999311e-05
3.906902579623524626e-05
3.845503957934757485e-05
3.784641054027694800e-05
3.724307763667448286e-05
3.664418620815007869e-05
3.604964382588239787e-05
3.545861167488475920e-05
3.487101641135636950e-05
3.428608887725272884e-05
3.370383201208924890e-05
3.312360440620953737e-05
3.254554369364568849e-05
3.196919183803759374e-05
3.139487283018289031e-05
3.082235607730727866e-05
3.025218679623419590e-05
2.968438362646993856e-05
2.911972006040674393e-05
2.855845265925852604e-05
2.800155244507214930e-05
2.744946111434904673e-05
2.690327276045563327e-05
2.636351743272138980e-05
2.583129596271408084e-05
2.530709308997230165e-05
2.479187135700006684e-05
2.428591944225497626e-05
2.378991445556771143e-05
2.330381420914492030e-05
2.282789963909178583e-05
2.236172110285907714e-05
2.190513247241449534e-05
2.145729947600047747e-05
2.101773262371927140e-05
2.058535876518774793e-05
2.015955062772030392e-05
1.973925121692365905e-05
1.932398464066302875e-05
1.891300948500396878e-05
1.850628317838148238e-05
1.810361111974405235e-05
1.770553261263012418e-05
1.731243562113318320e-05
1.692534438535643902e-05
1.654499172140503583e-05
1.617251992992944961e-05
1.580854139054134716e-05
1.545380619835409365e-05
1.510832036218321980e-05
1.477206090238305481e-05
1.444422859495379201e-05
1.412407175576302437e-05
1.381029969782239424e-05
1.350199560338549729e-05
1.319811475951526514e-05
1.289836036605085887e-05
1.260260366290108995e-05
1.231155647137397284e-05
1.202598160317911867e-05
1.174711137266272102e-05
1.147570918205779109e-05
1.121241959654854525e-05
1.095696355574675729e-05
1.070873781521861255e-05
1.046639919698031137e-05
1.022880726265233024e-05
9.994854741699615174e-06
9.764372493919195193e-06
9.537674700819265820e-06
9.315925661965850332e-06
9.100146127631754921e-06
8.891207695639810740e-06
8.688905104092596612e-06
8.492436445970133263e-06
8.300278875956344763e-06
8.111359759667505367e-06
7.925172647451622231e-06
7.742457925186957678e-06
7.564322581128895763e-06
7.391898128069930506e-06
7.225134491346175104e-06
7.063117333693225594e-06
6.904255389884977450e-06
6.747754391098392454e-06
6.593831910596714598e-06
6.443833564517496714e-06
6.298684531458080755e-06
6.158292729236082657e-06
6.021206788188437412e-06
5.886229910683368333e-06
5.753256141017828852e-06
5.623599290804041369e-06
5.498173384340623446e-06
5.376598345306955993e-06
5.257277023148267001e-06
5.139547748126404921e-06
5.024209130958915818e-06
4.912564892018851885e-06
4.804229171962302839e-06
4.697805273771808066e-06
4.592716860931159253e-06
4.490213218166762256e-06
4.390954872042989211e-06
4.293934749903139812e-06
4.198010594798181565e-06
4.104088548580817036e-06
4.013047827538273673e-06
3.924008664492254171e-06
3.835940517719668308e-06
3.749895696824384066e-06
3.666339748803822970e-06
3.584100203375786711e-06
3.502976671704933786e-06
3.424154013437021267e-06
3.346916517263122924e-06
3.270608248879369204e-06
3.196172302913309144e-06
3.123394918849762952e-06
3.051412703823138720e-06
2.981193602864119526e-06
2.912321908389524520e-06
2.844363611451690547e-06
2.778037629002253043e-06
2.712754515470301023e-06
2.648535828335251913e-06
2.585753488775553666e-06
2.523744403241142977e-06
2.463113790739431409e-06
2.403380601213855889e-06
2.344744259830856215e-06
2.287144527759436547e-06
2.230464081622097111e-06
2.174840375002785834e-06
2.120080123661492325e-06
2.066325517627440230e-06
2.013437079846898693e-06
1.961484516541336992e-06
1.910373982719289174e-06
1.860142093274771031e-06
1.810736949120270179e-06
1.762189993549470121e-06
1.714437466247661221e-06
1.667525167732139752e-06
1.621387515295805902e-06
1.576038042129662282e-06
1.531454181903059721e-06
1.487632358819114759e-06
1.444586785181689339e-06
1.402260631549972481e-06
1.360702482566606655e-06
1.319843363566233387e-06
1.279716017836077190e-06
1.240296368137130573e-06
1.201581355924451635e-06
1.163590560502182990e-06
1.126274182615479196e-06
1.089659718265016188e-06
1.053715294170951542e-06
1.018443125202475722e-06
9.838600177779456899e-07
9.499142996463061411e-07
9.166779407431923909e-07
8.840627422154414376e-07
8.521237446596002381e-07
8.208075600957984129e-07
7.901453620383412394e-07
7.601320368328889711e-07
7.307342638292901862e-07
7.019975080063207443e-07
6.738675933219601767e-07
6.463629911535448083e-07
6.194773408150482666e-07
5.931929232913790644e-07
5.675526597990812281e-07
5.424777308507733343e-07
5.180434786492249350e-07
4.941690223022063570e-07
4.708999215670767454e-07
4.482126291988135309e-07
4.260932773032097386e-07
4.045797552740201332e-07
3.836080811521854094e-07
3.632209537117514180e-07
3.433794597566882456e-07
3.240918661054691858e-07
3.053744842327720662e-07
2.871693849417711857e-07
2.695520461145875555e-07
2.524330643090870756e-07
2.358691486009514930e-07
2.198100218636073746e-07
2.042746597385913970e-07
1.892643264763434416e-07
1.747337474664754339e-07
1.607300132780863741e-07
1.471939298134333686e-07
1.341466323609434816e-07
1.215773231510016068e-07
1.094606407100599584e-07
9.783763171259115375e-08
8.663347453027893273e-08
7.591368197285027651e-08
6.561109148362797022e-08
5.576083198041982579e-08
4.634574160654458078e-08
3.734509038185604167e-08
2.879517077107310581e-08
2.064063307275040730e-08
1.291754308556995684e-08
5.593606069305310716e-09
-1.327707135584565143e-09
-7.834825464321800286e-09
-1.397632940028158187e-08
-1.969841112846963013e-08
-2.506674708067139224e-08
-3.004234164224440669e-08
-3.466065412728652357e-08
-3.891585429765798772e-08
-4.280588443453260268e-08
-4.636513788247894602e-08
-4.956415954680509104e-08
-5.244240236365848475e-08
-5.498841137722373195e-08
-5.721001421484144858e-08
-5.913129685701426798e-08
-6.072647330336288387e-08
-6.204583395883220547e-08
-6.305366032519986472e-08
-6.379223463297935196e-08
-6.424712022432228120e-08
-6.443242343162855120e-08
-6.436598270580813294e-08
-6.403476732777179259e-08
-6.347118558506268579e-08
-6.266425882387294296e-08
-6.163424875856601467e-08
-6.038983447196357536e-08
-5.893046433776442766e-08
-5.728865877039353309e-08
-5.544801851491833689e-08
-5.344703433167634366e-08
-5.127729904935814759e-08
-4.896567791404350658e-08
-4.652171950769499608e-08
-4.395843013141293359e-08
-4.129993737321866692e-08
-3.855228659178283619e-08
-3.574135851915210879e-08
-3.288157158559788423e-08
-2.998953527707981616e-08
-2.709368412519358666e-08
-2.420113635789408145e-08
-2.134687189046180984e-08
-1.853704608082017534e-08
-1.580395689209821982e-08
-1.316058812889555350e-08
-1.063109049585850199e-08
-8.234463485583436368e-09
-5.988839614964897569e-09
-3.912634564064201401e-09
-2.020954344925661232e-09
-3.270307697936706263e-10
1.153945991973268566e-09
2.416621655845493053e-09
3.449761127414887452e-09
4.254686006268429983e-09
4.826925133183802065e-09
5.175132477015699006e-09
5.302920962087129571e-09
5.225517827317316391e-09
4.955282226738792957e-09
4.516676524134453808e-09
3.928772414243690541e-09
3.223491666555878626e-09
2.426910379677359737e-09
1.574696339441403673e-09
6.991013515276739766e-10
-1.651455176713287313e-10
-9.838383838013176110e-10
-1.724971209178289226e-09
-2.360767820621219376e-09
-2.864728777662531348e-09
-3.221820707760912663e-09
-3.414306981106639197e-09
-3.445075283597400546e-09
-3.311423038347637268e-09
-3.031923023471547806e-09
-2.622966613353985035e-09
-2.116248216482234470e-09
-1.544760639999160521e-09
-9.471447161926816494e-10
-3.654499029088598097e-10
1.614905050217616261e-10
5.979694157751058020e-10
9.136259566480462705e-10
1.093005629090796680e-09
1.124141450625818025e-09
1.018990402900617941e-09
7.905851791835917509e-10
4.754627913970220797e-10
1.103161676863059292e-10
-2.568983462275417488e-10
-5.806386122689910422e-10
-8.211748715903502152e-10
-9.485591297597488361e-10
-9.499319861353334098e-10
-8.302350280537386346e-10
-6.107645658868281263e-10
-3.324640511610407955e-10
-4.052439813926872763e-11
2.110789524076024223e-10
3.821710918344379592e-10
4.418848545128961313e-10
3.874696876386498022e-10
2.358601180483143567e-10
2.904106879172021659e-11
-1.821073938475882109e-10
-3.424764873815276847e-10
-4.139384829608028616e-10
-3.790303794948545211e-10
-2.535543557070846694e-10
-7.696480878997182650e-11
9.287246790332421066e-11
2.025780602400520317e-10
2.176685433178324167e-10
1.397543143966884000e-10
2.891735806742297832e-12
-1.333478970937888959e-10
-2.137312250648354740e-10
-2.030603467691109573e-10
-1.129103236635018094e-10
1.249355086422710254e-11
1.076537924619741838e-10
1.272751997219498743e-10
6.458529907096476875e-11
-3.902859497935482870e-11
-1.182867226722467053e-10
-1.246193722487025830e-10
-5.777510093798225215e-11
3.372809406004212070e-11
8.227425828567683443e-11
5.695494667439309608e-11
-2.027882339796097007e-11
-7.934192923528244200e-11
-7.326594328376056101e-11
-8.797551364123048914e-12
4.955190619353106115e-11
4.614472974155849267e-11
-1.033701064249538912e-11
-5.699856942063357932e-11
-4.155956575178223773e-11
1.404322387581483574e-11
4.017196784417825004e-11
7.844474209283777592e-12
-3.815890478650626249e-11
-3.108810981983128722e-11
1.275414624776217311e-11
2.848955722334529187e-11
-7.136260167334964203e-12
-3.168034063104154569e-11
-5.387158927768158329e-12
2.229718832177915062e-11
2.474801009467441668e-12
-2.381637765338267050e-11
-5.084556301704598089e-12
1.780590774527891100e-11
-3.465870413963903585e-12
-1.745690846387700581e-11
4.852336878148282243e-12
1.025682925967905239e-11
-1.308392389497108608e-11
-3.929218056783059321e-12
1.052442345324252425e-11
-7.158890732620371119e-12
-5.817320357091200374e-12
8.576854310762759778e-12
-5.965036509964261073e-12
-3.132117572257555785e-12
5.880986893361983216e-12
-6.226313832818883279e-12
6.813791359076959784e-13
2.401480578201419505e-12
-5.799189828386250792e-12
4.746601385357732655e-12
-4.175280481775154304e-12
1.245518506841790046e-12
-2.848379401682322175e-13
-1.715509483492690539e-12
1.632804708361480659e-12
-2.489163785163000334e-12
1.770783003429687688e-12
-2.115541960246821820e-12
1.298408627770177315e-12
-1.530675993262785577e-12
8.304718468664531910e-13
-1.069457251879857200e-12
5.116110126000705343e-13
-7.629951772349030966e-13
3.189961538340455538e-13
-5.664153576657525046e-13
2.061540663740666812e-13
-4.373761478250049150e-13
1.393777028084781771e-13
-3.487525416543787193e-13
9.877516613636436014e-14
-2.849004276624184502e-13
7.328452439422414730e-14
-2.369298962852650782e-13
5.676968383161346907e-14
-1.996609368072966351e-13
4.575112847732494690e-14
-1.699450214836380541e-13
3.819389322217302986e-14
-1.457758019223143633e-13
3.286942281447587474e-14
-1.258147890496819407e-13
2.901421173617368052e-14
-1.091312726565398091e-13
2.614186641211782290e-14
-9.505438679235168602e-14
2.393615943216497090e-14
-8.308557935060913784e-14
2.218814108010419736e-14
-7.284476320112728483e-14
2.075801447605223930e-14
-6.403594169511811800e-14
1.955138600257308037e-14
-5.642450238968780008e-14
1.850411612279795131e-14
-4.982174281569273225e-14
1.757245838532530363e-14
-4.407402311897609963e-14
1.672653026320963364e-14
-3.905496709492654540e-14
1.594592863354460153e-14
-3.465972677944805241e-14
1.521675167830966504e-14
-3.080067906586383618e-14
1.452955796159423715e-14
-2.740413898125150713e-14
1.387795856987429803e-14
-2.440780984101986791e-14
1.325764178261192505e-14
-2.175877769231675604e-14
1.266569604985943585e-14
-1.941191471003864182e-14
1.210014023033167360e-14
-1.732859464823881692e-14
1.155959863995476334e-14
-1.547564974297260911e-14
1.104307765373390822e-14
-1.382451677852915055e-14
1.054981366430888317e-14
-1.235053302139396869e-14
1.007917116559549516e-14
-1.103235207614599393e-14
9.630575975675927901e-15
-9.851456560300426604e-15
9.203472963901337540e-15
-8.791749565885065063e-15
8.797300739721342235e-15
-7.839210691586908597e-15
8.411477929840166862e-15
-6.981605323186787744e-15
8.045397240455797365e-15
-6.208238074101812077e-15
7.698424605510716565e-15
-5.509743035516448022e-15
7.369901524734698809e-15
-4.877904837047296549e-15
7.059149272439181259e-15
-4.305505612280275047e-15
6.765474060401945066e-15
-3.786193810754764170e-15
6.488172542384272341e-15
-3.314371502855219313e-15
6.226537253741714104e-15
-2.885097378429559338e-15
5.979861729785251343e-15
-2.494003102070619589e-15
5.747445153807172917e-15
-2.137221062034326979e-15
5.528596453053506810e-15
-1.811321862026225204e-15
5.322637822463687987e-15
-1.513260155611111840e-15
5.128907673585289567e-15
-1.240327646737712674e-15
4.946763042152043498e-15
-9.901122460101724992e-16
4.775581491939505171e-15
-7.604625322178512489e-16
4.614762562614367478e-15
-5.494567876517658385e-16
4.463728810102824741e-15
-3.553759845550650465e-16
4.321926492020548330e-15
-1.766801889776611739e-16
4.188825943429478724e-15
-1.198792426171766755e-17
4.063921689682537590e-15
1.399418990682209576e-16
3.946732337755770116e-15
2.802258255646233789e-16
3.836800282513713454e-15
4.098697603282833179e-16
3.733691262470712259e-15
5.297811892361864983e-16
3.636993795166060019e-15
6.407799313424818556e-16
3.546318516112658999e-15
7.436076105771868487e-16
3.461297446900253236e-15
8.389360102355046702e-16
3.381583208269696151e-15
9.273744495345159655e-16
3.306848198545794097e-15
1.009476306594384191e-15
3.236783748110527682e-15
1.085744791915096018e-15
3.171099263439713524e-15
1.156638065667232506e-15
3.109521370296558688e-15
1.222573778897204970e-15
3.051793063504128895e-15
1.283933108461163482e-15
2.997672870010919346e-15
1.341064346548688524e-15
2.946934030684027215e-15
1.394286098166435150e-15
2.899363704353398687e-15
1.443890132867892043e-15
2.854762197474974044e-15
1.490143931342329537e-15
2.812942222112870360e-15
1.533292962821679700e-15
2.773728182486219134e-15
1.573562723444789693e-15
2.736955492639582457e-15
1.611160564254836892e-15
2.702469924700495867e-15
1.646277331342639178e-15
2.670126988208367523e-15
1.679088840467987637e-15
2.639791340550300297e-15
1.709757203667264573e-15
2.611336227250281975e-15
1.738432024643076885e-15
2.584642952881140896e-15
1.765251477336578953e-15
2.559600380103895693e-15
1.790343280077239363e-15
2.536104457133446233e-15
1.813825576500015994e-15
2.514057772145768794e-15
1.835807733434581816e-15
2.493369133711703252e-15
1.856391064061216457e-15
2.473953175814594453e-15
1.875669484487137525e-15
2.455729986720737335e-15
1.893730110234936275e-15
2.438624760267016898e-15
1.910653799050783889e-15
2.422567468625215321e-15
1.926515645249595975e-15
2.407492555374467866e-15
1.941385430440391670e-15
2.393338647560895528e-15
1.955328035063917575e-15
2.380048286053235019e-15
1.968403814352998670e-15
2.367567672981791234e-15
1.980668942271160218e-15
2.355846435134979290e-15
1.992175726485181663e-15
2.344837402648974144e-15
2.002972897022828053e-15
2.334496401810264424e-15
2.013105871077204596e-15
2.324782061390398018e-15
2.022616996254279636e-15
2.315655631361504740e-15
2.031545774112366628e-15
2.307080813429921720e-15
2.039929065762842072e-15
2.299023602670553084e-15
2.047801281265248121e-15
2.291452139430748701e-15
2.055194554084217037e-15
2.284336570880142550e-15
2.062138902012063318e-15
2.277648921623665504e-15
2.068662375659601647e-15
2.271362972860745452e-15
2.074791195640152852e-15
2.265454149297933717e-15
2.080549879345700500e-15
2.259899413598854061e-15
2.085961358216646833e-15
2.254677167704939657e-15
2.091047086273261792e-15
2.249767160570054941e-15
2.095827140624875361e-15
2.245150401982546427e-15
2.100320314616790030e-15
2.240809082011420169e-15
2.104544204217865819e-15
2.236726495691360656e-15
2.108515288152217431e-15
2.232886972622638717e-15
2.112249002263925229e-15
2.229275811233479648e-15
2.115759808634329448e-15
2.225879217193506569e-15
2.119061259774416481e-15
2.222684245926899814e-15
2.122166058310610046e-15
2.219678748840786687e-15
2.125086112502555411e-15
2.216851323006269511e-15
2.127832587898461565e-15
2.214191264126921056e-15
2.130415955427073471e-15
2.211688522499743740e-15
2.132846036181102920e-15
2.209333661878002583e-15
2.135132043141386587e-15
2.207117820908803515e-15
2.137282620062063842e-15
2.205032677093593623e-15
2.139305877703993119e-15
2.203070413024662757e-15
2.141209427671930699e-15
2.201223684773080639e-15
2.143000413913172761e-15
2.199485592324522404e-15
2.144685542156062721e-15
2.197849651835722785e-15
2.146271107375229681e-15
2.196309769686150139e-15
2.147763019419908634e-15
2.194860218133546315e-15
2.149166826940081471e-15
2.193495612525084443e-15
2.150487739742189189e-15
2.192210889914549025e-15
2.151730649668433322e-15
2.191001288992719356e-15
2.152900150075561742e-15
2.189862331313021530e-15
2.154000554054231697e-15
2.188789803610655265e-15
2.155035911434740727e-15
2.187779741245015258e-15
2.156010024677848236e-15
2.186828412628739702e-15
2.156926463695594010e-15
2.185932304610971650e-15
2.157788579729172379e-15
2.185088108724518135e-15
2.158599518258322225e-15
2.184292708250408813e-15
2.159362231089039086e-15
2.183543166047442213e-15
2.160079487611406370e-15
2.182836713087524262e-15
2.160753885299193590e-15
2.182170737652157447e-15
2.161387859498699991e-15
2.181542775130153607e-15
2.161983692548127422e-15
2.180950498400790386e-15
2.162543522259454605e-15
2.180391708728202791e-15
2.163069349809621418e-15
2.179864327165503546e-15
2.163563047061987192e-15
2.179366386399422297e-15
2.164026363371829791e-15
2.178896023016862742e-15
2.164460931877119671e-15
2.178451470180150055e-15
2.164868275323615126e-15
2.178031050645051386e-15
2.165249811451264514e-15
2.177633170130181049e-15
2.165606857950887920e-15
2.177256310993613773e-15
2.165940637028446691e-15
2.176899026208121258e-15
2.166252279605433105e-15
2.176559933610016064e-15
2.166542829167038399e-15
2.176237710405491915e-15
2.166813245289012611e-15
2.175931087931428858e-15
2.167064406877308848e-15
