# bin_1_1
4.150477436689187216e-05
4.127705822309823600e-05
4.149744868653176892e-05
4.128321856520858615e-05
4.149047911024041091e-05
4.128894220163566988e-05
4.148383815655260843e-05
4.129424758193309895e-05
4.147749939310625727e-05
4.129915150362682897e-05
4.147143734240733479e-05
4.130366917800267027e-05
4.146562739475527211e-05
4.130781429364930365e-05
4.146004572817926537e-05
4.131159907878574969e-05
4.145466923660593128e-05
4.131503436378180572e-05
4.144947546667928219e-05
4.131812964497144809e-05
4.144444256436315924e-05
4.132089315169044837e-05
4.143954923242166243e-05
4.132333191784541261e-05
4.143477470020174485e-05
4.132545186004798994e-05
4.143009870706222604e-05
4.132725786437361132e-05
4.142550150123378732e-05
4.132875388337663180e-05
4.142096385563258219e-05
4.132994304585800777e-05
4.141646710236611569e-05
4.133082778088534710e-05
4.141199318739093878e-05
4.133140995801879342e-05
4.140752474644849478e-05
4.133169104467172286e-05
4.140304520285503244e-05
4.133167228107765759e-05
4.139853888675192549e-05
4.133135487229579592e-05
4.139399117406878666e-05
4.133074019465676692e-05
4.138938864191771982e-05
4.132983001259662743e-05
4.138471923426483294e-05
4.132862669851206978e-05
4.137997242922501182e-05
4.132713344543653743e-05
4.137513939531133663e-05
4.132535445782929375e-05
4.137021311977293341e-05
4.132329510169307233e-05
4.136518848745738701e-05
4.132096198987563439e-05
4.136006228362085766e-05
4.131836297405027774e-05
4.135483308968223855e-05
4.131550701043667942e-05
4.134950103768788784e-05
4.131240386456860544e-05
4.134406738850168251e-05
4.130906362124367004e-05
4.133853390209818744e-05
4.130549597190107981e-05
4.133290197779963652e-05
4.130170926529049810e-05
4.132717156021737304e-05
4.129770932988331098e-05
4.132133983492632595e-05
4.129349811088051065e-05
4.131539977845140489e-05
4.128907221140632600e-05
4.130933867964781039e-05
4.128442148507553981e-05
4.130313681148620620e-05
4.127952789136263062e-05
4.129676649591718508e-05
4.127436488532778853e-05
4.129019185716260941e-05
4.126889765304227582e-05
4.128336957937017715e-05
4.126308449858622981e-05
4.127625094574702047e-05
4.125687960839180633e-05
4.126878530673839184e-05
4.125023723263185414e-05
4.126092487722052618e-05
4.124311701163342636e-05
4.125263038808980252e-05
4.123548974500787457e-05
4.124387664597046750e-05
4.122734241080788168e-05
4.123465657834673033e-05
4.121868082293406459e-05
4.122498203320286138e-05
4.120952818032858024e-05
4.121487971010452152e-05
4.119991818148719792e-05
4.120438139425371750e-05
4.118988259243121567e-05
4.119350931544087937e-05
4.117943521391440650e-05
4.118225983081853596e-05
4.116855672945859133e-05
4.117059108320095359e-05
4.115718696238582555e-05
4.115842153504370898e-05
4.114523108884774410e-05
4.114564464716286691e-05
4.113258273728430853e-05
4.113215921076800126e-05
4.111915912275368045e-05
4.111790554292407208e-05
4.110493351301910145e-05
4.110288879024861364e-05
4.108994408530130822e-05
4.108716912116978134e-05
4.107426345322227776e-05
4.107081179239546303e-05
4.105793445458508483e-05
4.105381788128463169e-05
4.104090836517885197e-05
4.103608396422200042e-05
4.102303869048098473e-05
4.101743782543273894e-05
4.100415838593761430e-05
4.099774620781188457e-05
4.098419651041408049e-05
4.097701109463632230e-05
4.096322371972618972e-05
4.095534191722341954e-05
4.094134622787475269e-05
4.093279058004057437e-05
4.091852575443168664e-05
4.090921571889038669e-05
4.089454482490890059e-05
4.088437974722667592e-05
4.086922014371887843e-05
4.085821066037416210e-05
4.084260844162108066e-05
4.083085001422778070e-05
4.081484788819072151e-05
4.080233175172761094e-05
4.078581266020141069e-05
4.077239348400287650e-05
4.075521082920482790e-05
4.074084770033717785e-05
4.072304362507289031e-05
4.070784962005379688e-05
4.068947616306481141e-05
4.067340439330183280e-05
4.065428782558532000e-05
4.063716815417351194e-05
4.061722623672056116e-05
4.059913343978389645e-05
4.057847683230058337e-05
4.055943795563996359e-05
4.053791459444397704e-05
4.051772542672780770e-05
4.049523096531423421e-05
4.047397872953101104e-05
4.045062439229959029e-05
4.042826857674826385e-05
4.040383153206788522e-05
4.038021012493319648e-05
4.035473223854583937e-05
4.032997588124048131e-05
4.030339085077902538e-05
4.027726727768132488e-05
4.024945314018082846e-05
4.022207474657128002e-05
4.019307274847967775e-05
4.016424102835782579e-05
4.013386995216994344e-05
4.010366493606807193e-05
4.007196716106496318e-05
4.004018421080674048e-05
4.000701496007783221e-05
3.997374910966212393e-05
3.993905429275953611e-05
3.990408605822004192e-05
3.986785393379094368e-05
3.983121837715583455e-05
3.979324931282552145e-05
3.975487377650257435e-05
3.971519678946779997e-05
3.967491249789233072e-05
3.963344488623066344e-05
3.959125162713015748e-05
3.954782624548010804e-05
3.950367589081128019e-05
3.945822819588862496e-05
3.941198458611889246e-05
3.936447261464727862e-05
3.931602073858372323e-05
3.926635503970849552e-05
3.921561509557173586e-05
3.916368176805495876e-05
3.911057542246995715e-05
3.905626276552476598e-05
3.900069912785161189e-05
3.894390097725518773e-05
3.888577926440198721e-05
3.882639023973894442e-05
3.876560423475179786e-05
3.870351647258504156e-05
3.863995655533046254e-05
3.857505867399875401e-05
3.850861228777677269e-05
3.844078933247864255e-05
3.837134096677634749e-05
3.830047459390133787e-05
3.822790572810774002e-05
3.815387440182752037e-05
3.807806351402694085e-05
3.800074268591722314e-05
3.792156533001524133e-05
3.784082761743521315e-05
3.775815655708076235e-05
3.767387193773401376e-05
3.758757732972984439e-05
3.749961336495159054e-05
3.740956299001729714e-05
3.731778508573415688e-05
3.722384462784113029e-05
3.712811634029257099e-05
3.703014971775076637e-05
3.693033311027883595e-05
3.682820286293466913e-05
3.672415891994052379e-05
3.661772665763191932e-05
3.650931576186562818e-05
3.639844267985728867e-05
3.628552515940789254e-05
3.617007262699817321e-05
3.605250937860087661e-05
3.593233960747265799e-05
3.580999280300812095e-05
3.568496960221780284e-05
3.555770348550123505e-05
3.542769311023489436e-05
3.529537489135619233e-05
3.516024699273406106e-05
3.502274784728377186e-05
3.488237653052131675e-05
3.473957271098251389e-05
3.459383770909613419e-05
3.444561177546477990e-05
3.429439974539625648e-05
3.414064192165948593e-05
3.398384786914037168e-05
3.382445753154327814e-05
3.366198637016450996e-05
3.349687367216251476e-05
3.332864192088698000e-05
3.315772955823656449e-05
3.298366717991337287e-05
3.280689229741383785e-05
3.262694467862386241e-05
3.244426091747700571e-05
3.225839098715333392e-05
3.206977066864944207e-05
3.187796114925008052e-05
3.168339758638227539e-05
3.148565336681128431e-05
3.128516329032741586e-05
3.108151390415478859e-05
3.087513998331779585e-05
3.066564216898341332e-05
3.045345559977972631e-05
3.023819591122245342e-05
3.002029903576305424e-05
2.979939646213614166e-05
2.957592537239650136e-05
2.934953391408119992e-05
2.912066098080024374e-05
2.888897211570609730e-05
2.865490836913382194e-05
2.841815332823626478e-05
2.817915060148502734e-05
2.793760235574477166e-05
2.769395508387072541e-05
2.744792992629506960e-05
2.719997647518578645e-05
2.694983506219773075e-05
2.669795844136388062e-05
2.644410613747798697e-05
2.618873393073175825e-05
2.593162028076673498e-05
2.567322360970170463e-05
2.541334074480621681e-05
2.515243206364079133e-05
2.489031183322900509e-05
2.462744134222563362e-05
2.436365095614399280e-05
2.409940141746774132e-05
2.383453738475143629e-05
2.356951713311945581e-05
2.330419729981573598e-05
2.303903126533627822e-05
2.277388478925343349e-05
2.250920339707990732e-05
2.224485855799290446e-05
2.198128444520785102e-05
2.171835428167697069e-05
2.145648688301133442e-05
2.119555277841321189e-05
2.093595098568992732e-05
2.067754450260025719e-05
2.042070780373505057e-05
2.016529129191305635e-05
1.991164004683860483e-05
1.965958682661237778e-05
1.940944263780195429e-05
1.916101788242321522e-05
1.891458535735641311e-05
1.866992915038738103e-05
1.842728071178717034e-05
1.818639511119791158e-05
1.794746085246402199e-05
1.771020310701634161e-05
1.747476796006580492e-05
1.724085222993623632e-05
1.700856283339588737e-05
1.677757277698850314e-05
1.654795630423653278e-05
1.631937059638036654e-05
1.609186730660291533e-05
1.586509942583267391e-05
1.563910971216942732e-05
1.541356205676654926e-05
1.518850717688247632e-05
1.496363765665981028e-05
1.473903109327306803e-05
1.451442779615294359e-05
1.428995137261351335e-05
1.406540786912895876e-05
1.384098358691132157e-05
1.361656428095204748e-05
1.339240985837878621e-05
1.316849217618433279e-05
1.294514626640470288e-05
1.272242536962153622e-05
1.250072853327787813e-05
1.228017186648785453e-05
1.206119284517272274e-05
1.184393743210815050e-05
1.162884222590394902e-05
1.141603804994150752e-05
1.120591214014893648e-05
1.099852993946443589e-05
1.079418062516468718e-05
1.059281985739980375e-05
1.039460271620611920e-05
1.019935057562261081e-05
1.000707542152151730e-05
9.817473295759734163e-06
9.630442462144310088e-06
9.445603548991466877e-06
9.262810871543611989e-06
9.081695538158643686e-06
8.902164864607761913e-06
8.723960233682207839e-06
8.547135438865280464e-06
8.371618042241906298e-06
8.197656169743055437e-06
8.025373264528335807e-06
7.855177008393235269e-06
7.687304844270701000e-06
7.522199303303249936e-06
7.360054687109860710e-06
7.201177028378260217e-06
7.045555113947367441e-06
6.893232251655510028e-06
6.743927127414296274e-06
6.597437744283677525e-06
6.453320354501868337e-06
6.311318686214315696e-06
6.171074943964377014e-06
6.032541857724730659e-06
5.895670914358389267e-06
5.760751790223227698e-06
5.628033985395359492e-06
5.497977369832609763e-06
5.370828219379837820e-06
5.246843825270594359e-06
5.125917832011048500e-06
5.007885474975578222e-06
4.892283180472803751e-06
4.778765126694076383e-06
4.666948147686258900e-06
4.556811362577421158e-06
4.448448082895576595e-06
4.342281558801494057e-06
4.238640036378059948e-06
4.137845608296478327e-06
4.039815695744536588e-06
3.944312146657265687e-06
3.850814237457805552e-06
3.758994212650016999e-06
3.668671026583262074e-06
3.580116782580591460e-06
3.493680064516575538e-06
3.409750488278344257e-06
3.328281137328369730e-06
3.248976038287481547e-06
3.171282728706883354e-06
3.094959592811263140e-06
3.020071470216011350e-06
2.947092258747862535e-06
2.876311784490453112e-06
2.807704932645301383e-06
2.740756399648069990e-06
2.675074101784251274e-06
2.610606102528772967e-06
2.547808895771675136e-06
2.486968184959916464e-06
2.427959240953179556e-06
2.370218701457948102e-06
2.313532005549559964e-06
2.258150272920185957e-06
2.204519237879828827e-06
2.152482434183571684e-06
2.101568919388763493e-06
2.051562107057053865e-06
2.002890938028765952e-06
1.955760203127077104e-06
1.909834927956728454e-06
1.864706942058452365e-06
1.820679411515272114e-06
1.778019719397015587e-06
1.736428080518261783e-06
1.695538404660874887e-06
1.655713019346581941e-06
1.617089414618650288e-06
1.579269929290836531e-06
1.542164804593442343e-06
1.506173748408627895e-06
1.471033235830986060e-06
1.436521816231871535e-06
1.402939067372103365e-06
1.370210485386318014e-06
1.338023487171055031e-06
1.306707284488780230e-06
1.276103264439952016e-06
1.246061162180937205e-06
1.216802431958653646e-06
1.188125966200043629e-06
1.160026031804730845e-06
1.132631517275433352e-06
1.105697200027611013e-06
1.079425102228022320e-06
1.053635833980568990e-06
1.028402051058326794e-06
1.003679453883388368e-06
9.794304134523172801e-07
9.556905010818798900e-07
9.323854304814569606e-07
9.095576145173188348e-07
8.871525382689956889e-07
8.651918679797322289e-07
8.436332753340422257e-07
8.224809747935669337e-07
8.017165121859136286e-07
7.813345934304210171e-07
7.613225414414889742e-07
7.416745415918237251e-07
7.223768077237316303e-07
7.034207797329818685e-07
6.848006674815212652e-07
6.665019619333524989e-07
6.485310315464200333e-07
6.308637834961294159e-07
6.135132446073422184e-07
5.964510272433880787e-07
5.796886438629865206e-07
5.632083184709138552e-07
5.470123815797568166e-07
5.310971209328865321e-07
5.154539090525862061e-07
5.000777716299238208e-07
4.849654977658831723e-07
4.701079796824136754e-07
4.555131387664083097e-07
4.411631439731746096e-07
4.270779322627788951e-07
4.132283795797252818e-07
3.996305484309893309e-07
3.862646657892665714e-07
3.731440468026543806e-07
3.602594983763799405e-07
3.476071715235511527e-07
3.351928914860752873e-07
3.230063934855122148e-07
3.110446763491414549e-07
2.993116883559954343e-07
2.877978943749421053e-07
2.765198855458354926e-07
2.654494110540994307e-07
2.546133414081804370e-07
2.439830392035059167e-07
2.335759592924836631e-07
2.233820955075634322e-07
2.134022195241999393e-07
2.036443819359132255e-07
1.940929757162693822e-07
1.847572770385377660e-07
1.756288938353364012e-07
1.667086768390390507e-07
1.580054801004118501e-07
1.494988076511995342e-07
1.412177654131391112e-07
1.331300241342154767e-07
1.252580859731988088e-07
1.175834295143479815e-07
1.101177390855776974e-07
1.028603916919093829e-07
9.579978443006153181e-08
8.895215318825958460e-08
8.230003384119515949e-08
7.585026830227270727e-08
6.960334759062524076e-08
6.355005621409472552e-08
5.770961947930348587e-08
5.205261411356187170e-08
4.660715985145278116e-08
4.134644901639332939e-08
3.628701188705995188e-08
3.142173730632221987e-08
2.674506438770778139e-08
2.227167848919513616e-08
1.798065115142341023e-08
1.388602216428758203e-08
9.976666829075784261e-09
6.254366111329051794e-09
2.726515890406956631e-09
-6.277955170260515459e-10
-3.782160537917126568e-09
-6.765772806412027373e-09
-9.559505519489527101e-09
-1.217848709003273801e-08
-1.461748912839557670e-08
-1.687456928132385053e-08
-1.896421854464747271e-08
-2.087134352014242435e-08
-2.261349846645952732e-08
-2.418446538549126479e-08
-2.558614016997057103e-08
-2.682949936943374930e-08
-2.789987411946246091e-08
-2.882283883908637272e-08
-2.957885405204115782e-08
-3.018947121656266837e-08
-3.064612143683035334e-08
-3.095562529459118250e-08
-3.112717193627351589e-08
-3.115229861912491126e-08
-3.104924150335854339e-08
-3.081139404591486709e-08
-3.044981734209325039e-08
-2.996835058496772283e-08
-2.936598561828660266e-08
-2.866150277755005595e-08
-2.784336442648648230e-08
-2.693446461515560720e-08
-2.592875577207859950e-08
-2.484105641881707383e-08
-2.367606221241170913e-08
-2.243920851454916589e-08
-2.114580193987658825e-08
-1.979570805513015542e-08
-1.840545592060342771e-08
-1.698082098788825686e-08
-1.553072345872715641e-08
-1.407145722429271722e-08
-1.260394726099584800e-08
-1.115070301310159926e-08
-9.711617070999297447e-09
-8.306746192311878686e-09
-6.941757154865701093e-09
-5.629569956426864156e-09
-4.382835634951514218e-09
-3.207851640201852446e-09
-2.118758517443632909e-09
-1.121074981173648720e-09
-2.242366843912966687e-10
5.637384248838849079e-10
1.240513444631569446e-09
1.796636113604177460e-09
2.235910765061714686e-09
2.551870452396030736e-09
2.750822659384616997e-09
2.833034434913292958e-09
2.805685942478591041e-09
2.676390223771158440e-09
2.454895575218699220e-09
2.154139646905367257e-09
1.788100069318226324e-09
1.372002492174480137e-09
9.243642709385257376e-10
4.608602579055362123e-10
2.330199488219527997e-12
-4.357229237681257422e-10
-8.334484765122365839e-10
-1.177543766829827709e-09
-1.452910294151693062e-09
-1.650863502208527675e-09
-1.763032782983717230e-09
-1.788554006435210213e-09
-1.727402691311860310e-09
-1.587380878920149153e-09
-1.377800753709469505e-09
-1.114991993182224890e-09
-8.160331044125091363e-10
-5.021602678068281244e-10
-1.945998556019732776e-10
8.495749041183618751e-11
3.181163701608354933e-10
4.880982421991567666e-10
5.860277667699485103e-10
6.056325741438821283e-10
5.522558767562577189e-10
4.332203874970962327e-10
2.672107844530043647e-10
7.385000721162517035e-11
-1.213405283347797806e-10
-2.945068103333912746e-10
-4.243268195448094070e-10
-4.947642099042225080e-10
-4.983754578106345156e-10
-4.374769352395168858e-10
-3.229501932755115881e-10
-1.761493491553844171e-10
-2.065766940668532705e-11
1.136442217361254318e-10
2.056875743954342844e-10
2.384543274455661212e-10
2.102465146883769545e-10
1.298660356583193728e-10
1.941180482087967251e-11
-9.287689659087323027e-11
-1.789552538359581764e-10
-2.173610557737914883e-10
-1.992977393008739387e-10
-1.331658459161816175e-10
-3.953603329175544014e-11
5.013304244089028820e-11
1.087465230223722390e-10
1.167452573521157484e-10
7.580300683315686591e-11
3.311007797042249705e-12
-6.922584694798972955e-11
-1.118374044438981513e-10
-1.068758338382038301e-10
-5.916416057128320703e-11
7.035841891645590039e-12
5.767537067294850689e-11
6.833418262456022248e-11
3.498772577645749545e-11
-1.966944079149334759e-11
-6.210617356679896765e-11
-6.542585670386351808e-11
-3.025671741545832469e-11
1.813674436322955615e-11
4.408794393854938110e-11
3.053209173693014971e-11
-1.009419842942280089e-11
-4.170252836691640199e-11
-3.844141322843239496e-11
-4.463256863647696049e-12
2.635792756974161604e-11
2.489118428122849897e-11
-5.231799379875770909e-12
-2.984148857560264741e-11
-2.192229601160564542e-11
7.598109989782969838e-12
2.149183671681982469e-11
4.316697698463272359e-12
-1.992840037021118405e-11
-1.642034154127712676e-11
6.885936291106048965e-12
1.521203908059592869e-11
-3.602972414904586701e-12
-1.665582015277432792e-11
-2.830981095011686860e-12
1.195777335758679129e-11
1.394609134792472620e-12
-1.251569447821271388e-11
-2.632056365064758626e-12
9.479502323334486656e-12
-1.709754301019736706e-12
-9.230842529890184464e-12
2.647388193204414668e-12
5.478086097076149488e-12
-6.868762695513870211e-12
-2.033642724166428290e-12
5.589786979224968791e-12
-3.699581511050941468e-12
-3.096441309157368831e-12
4.611756456889928313e-12
-3.135812124704035503e-12
-1.637012434557982409e-12
3.157165818926289006e-12
-3.283189139861983720e-12
3.916377215931157223e-13
1.292138957825772997e-12
-3.049698153136094100e-12
2.532466735041002618e-12
-2.191137156679577011e-12
6.733517042889590677e-13
-1.314117775680216241e-13
-8.980176649379368462e-13
8.820436546110093054e-13
-1.309170178257018678e-12
9.523848915770003929e-13
-1.112083349239728483e-12
6.997143773593394887e-13
-8.030610753147672927e-13
4.498578349439035390e-13
-5.595744248627177425e-13
2.793662163200915581e-13
-3.980614858836243310e-13
1.760479444269031317e-13
-2.947097365710048977e-13
1.152096479349554357e-13
-2.270680507009467835e-13
7.894459785187630226e-14
-1.807607237239902164e-13
5.668058332892355700e-14
-1.475018422584319802e-13
4.253287338018307234e-14
-1.225871283582220377e-13
3.323231490063270168e-14
-1.032789870035644669e-13
2.692109404860827646e-14
-8.791625591605453232e-14
2.250945191332132787e-14
-7.544257224882077355e-14
1.933689236361772607e-14
-6.515487220340902021e-14
1.699087065116145077e-14
-5.656553219219473445e-14
1.520690698956910107e-14
-4.932399292791089801e-14
1.381169597554124212e-14
-4.317041828358485002e-14
1.268961317809585479e-14
-3.790721290461818066e-14
1.176237929282298546e-14
-3.338086204165083489e-14
1.097636732456100147e-14
-2.946995294239578183e-14
1.029448632444457609e-14
-2.607702503779977242e-14
9.690882249121434364e-15
-2.312286756414007280e-14
9.147416196776049075e-15
-2.054242794250128069e-14
8.651288694850050605e-15
-1.828180914058324087e-14
8.193417132725952492e-15
-1.629602164922913043e-14
7.767316364137308841e-15
-1.454727030319586581e-14
7.368320262892253336e-15
-1.300362808054787632e-14
6.993037116158913445e-15
-1.163799518988254123e-14
6.638967017320434772e-15
-1.042727208746149288e-14
6.304232436435401683e-15
-9.351695405428164634e-15
5.987388378747975928e-15
-8.394299672252851069e-15
5.687288804706854933e-15
-7.540477387994027186e-15
5.402992954856855786e-15
-6.777616863590225540e-15
5.133700039886720136e-15
-6.094802171065617725e-15
4.878704095865299385e-15
-5.482563143330230661e-15
4.637363159575806915e-15
-4.932666032861987036e-15
4.409078577505773780e-15
-4.437937437535851121e-15
4.193281446978739950e-15
-3.992115617730699486e-15
3.989424034074619726e-15
-3.589724499113184915e-15
3.796974625135897663e-15
-3.225966557141509327e-15
3.615414703538475875e-15
-2.896631491647538390e-15
3.444237666568563292e-15
-2.598018158079525518e-15
3.282948522958278191e-15
-2.326867671059111149e-15
3.131064181517407159e-15
-2.080305955670106192e-15
2.988114058674584713e-15
-1.855794309943920411e-15
2.853640823869483644e-15
-1.651086781017928917e-15
2.727201158196226162e-15
-1.464193350677903105e-15
2.608366452646245019e-15
-1.293348084728114703e-15
2.496723397572200347e-15
-1.136981532682034494e-15
2.391874442231954868e-15
-9.936967751734051794e-16
2.293438113849319751e-15
-8.622486057949182857e-16
2.201049198525529321e-15
-7.415254119924628474e-16
2.114358791301434842e-15
-6.305333838904680187e-16
2.033034227193043426e-15
-5.283827330229824567e-16
1.956758905769305506e-15
-4.342756503070963251e-16
1.885232025197690612e-15
-3.474957691368685295e-16
1.818168238179400184e-15
-2.673989352477918214e-16
1.755297244877451492e-15
-1.934051096710056472e-16
1.696363334198874683e-15
-1.249912580198677242e-16
1.641124886406454822e-15
-6.168509743809584656e-17
1.589353845708480888e-15
-3.059591627208990343e-18
1.540835173655165596e-15
5.127190238212378304e-17
1.495366289613604842e-15
1.016599172989849410e-16
1.452756506284936087e-15
1.484226605905197211e-16
1.412826465462767076e-15
1.918493638782845038e-16
1.375407578743435929e-15
2.322032496198910341e-16
1.340341477391251514e-15
2.697241631054681122e-16
1.307479474366153806e-15
3.046309098105667542e-16
1.276682041158771291e-15
3.371233340274987688e-16
1.247818301279775102e-15
3.673841696078834289e-16
1.220765541740840624e-15
3.955806900781564777e-16
1.195408743962616614e-15
4.218661815593283227e-16
1.171640134241929538e-15
4.463812593132024490e-16
1.149358754602521814e-15
4.692550460575151400e-16
1.128470053730198767e-15
4.906062278394066032e-16
1.108885498404032607e-15
5.105440014041079010e-16
1.090522204475730749e-15
5.291689253751354812e-16
1.073302587741732259e-15
5.465736858614144661e-16
1.057154033579236950e-15
5.628437861480845941e-16
1.042008585155835728e-15
5.780581685127736540e-16
1.027802649307386607e-15
5.922897758234898749e-16
1.014476719639676410e-15
6.056060592324384508e-16
1.001975115852086978e-15
6.180694376650652058e-16
9.902457387813105265e-16
6.297377142911677227e-16
9.792398402551672577e-16
6.406644543763365552e-16
9.689118071785538445e-16
6.508993285698944850e-16
9.592189588911753610e-16
6.604884250364709109e-16
9.501213573538291003e-16
6.694745336968783850e-16
9.415816291926402183e-16
6.778974053013684377e-16
9.335647991874317060e-16
6.857939878214069978e-16
9.260381342481708847e-16
6.931986423662276804e-16
9.189709976203731132e-16
7.001433406897842784e-16
9.123347123162884115e-16
7.066578458583238771e-16
9.061024335727492922e-16
7.127698779015243493e-16
9.002490294857614573e-16
7.185052656474986863e-16
8.947509695334016106e-16
7.238880861599844274e-16
8.895862203373557898e-16
7.289407928355853964e-16
8.847341482872707825e-16
7.336843331820205731e-16
8.801754285627521012e-16
7.381382572473616920e-16
8.758919601384905093e-16
7.423208175205617101e-16
8.718667863992488270e-16
7.462490609631015624e-16
8.680840209723074153e-16
7.499389140127109083e-16
8.645287784316201675e-16
7.534052609821121200e-16
8.611871096509930705e-16
7.566620165453998963e-16
8.580459413058577130e-16
7.597221927505544971e-16
8.550930194739455469e-16
7.625979610303042879e-16
8.523168568633030536e-16
7.653007095771957999e-16
8.497066835815343772e-16
7.678410965684986155e-16
8.472524011020412222e-16
7.702290994226401570e-16
8.449445392783706043e-16
7.724740605468853819e-16
8.427742161632641676e-16
7.745847297605075411e-16
8.407331004836638248e-16
7.765693037111353299e-16
8.388133765462349208e-16
7.784354624499741019e-16
8.370077114668884162e-16
7.801904034864760733e-16
8.353092245123967918e-16
7.818408733964117758e-16
8.337114584523576787e-16
7.833931972749830588e-16
8.322083527788216727e-16
7.848533061131295956e-16
8.307942186517763315e-16
7.862267623188559897e-16
8.294637154732978020e-16
7.875187834643286639e-16
8.282118289847736513e-16
7.887342644294749089e-16
8.270338507535048966e-16
7.898777980397698214e-16
8.259253590119999743e-16
7.909536943050846280e-16
8.248822006929289143e-16
7.919659983699395947e-16
8.239004746410793816e-16
7.929185072707093411e-16
8.229765158836044312e-16
7.938147855554978056e-16
8.221068809054452099e-16
7.946581798835249944e-16
8.212883338598577401e-16
7.954518326500042711e-16
8.205178336546772675e-16
7.961986947172602596e-16
8.197925218443563971e-16
7.969015373009098596e-16
8.191097112977383759e-16
7.975629630832795585e-16
8.184668755639528509e-16
7.981854165918621386e-16
8.178616389057714741e-16
7.987711939079725939e-16
8.172917669560793125e-16
7.993224517300323056e-16
8.167551579476136477e-16
7.998412158588246580e-16
8.162498344839829396e-16
8.003293891172781976e-16
8.157739358194989044e-16
8.007887587606461401e-16
8.153257105984488755e-16
8.012210034034537474e-16
8.149035100490277523e-16
8.016276994899731163e-16
8.145057815719068866e-16
8.020103273403957194e-16
8.141310627198273166e-16
8.023702768075247919e-16
8.137779755306472578e-16
8.027088525484810160e-16
8.134452211930498704e-16
8.030272789599384205e-16
8.131315750222580791e-16
8.033267047710355692e-16
8.128358817240087317e-16
8.036082073425103138e-16
8.125570509226043561e-16
8.038727966596135345e-16
8.122940529521747668e-16
8.041214190697164304e-16
8.120459148661115664e-16
8.043549607441507729e-16
8.118117166700757865e-16
8.045742509168675897e-16
8.115905877597021142e-16
8.047800648788184634e-16
8.113817035438796893e-16
8.049731267744076838e-16
8.111842822418882788e-16
8.051541121826248170e-16
8.109975818505285544e-16
8.053236505198433348e-16
8.108208972598539431e-16
8.054823272622030081e-16
8.106535575195154515e-16
8.056306860047567648e-16
8.104949232385602577e-16
8.057692303678241629e-16
