# bin_4_4
4.728936304176009891e-04
4.718095545237122219e-04
4.728541074314864868e-04
4.718341812312073645e-04
4.728158510544885115e-04
4.718562604178367531e-04
4.727786898913244394e-04
4.718758394133683136e-04
4.727424545075153994e-04
4.718929544741625902e-04
4.727069768464706124e-04
4.719076309770125349e-04
4.726720897003038697e-04
4.719198836274870502e-04
4.726376262430100669e-04
4.719297166929737404e-04
4.726034196374380675e-04
4.719371242772847706e-04
4.725693027314973086e-04
4.719420906538587574e-04
4.725351078578765487e-04
4.719445906784804860e-04
4.725006667587756254e-04
4.719445903022963761e-04
4.724658106550552196e-04
4.719420472113727665e-04
4.724303704837092780e-04
4.719369116180489551e-04
4.723941773300074530e-04
4.719291272313332715e-04
4.723570630788911950e-04
4.719186324348304614e-04
4.723188613114097812e-04
4.719053616976129979e-04
4.722794084696593916e-04
4.718892472403771188e-04
4.722385453080912040e-04
4.718702209721480165e-04
4.721961186391106647e-04
4.718482167027363483e-04
4.721519833710325796e-04
4.718231726184427726e-04
4.721060048132575630e-04
4.717950339870510259e-04
4.720580612001628023e-04
4.717637560279023265e-04
4.720080463499654218e-04
4.717293068431995537e-04
4.719558723301906433e-04
4.716916702584209703e-04
4.719014719494895736e-04
4.716508483617058082e-04
4.718448008322446117e-04
4.716068634658946617e-04
4.717858387640319812e-04
4.715597591462792888e-04
4.717245899246271315e-04
4.715095999379469789e-04
4.716610815600714773e-04
4.714564692176116852e-04
4.715953605997536165e-04
4.714004647657158418e-04
4.715274877114869327e-04
4.713416915178204490e-04
4.714575283387945851e-04
4.712802511050066074e-04
4.713855403995153388e-04
4.712162279756545720e-04
4.713115585851785196e-04
4.711496722218002763e-04
4.712355756088237586e-04
4.710805797303564625e-04
4.711575213377540428e-04
4.710088709540851933e-04
4.710772415052458988e-04
4.709343704334182073e-04
4.709944785926830323e-04
4.708567901285140144e-04
4.709088583956399132e-04
4.707757204919217034e-04
4.708198865485705375e-04
4.706906337874987821e-04
4.707269595813937070e-04
4.706009040827089794e-04
4.706293945193210440e-04
4.705058471816412138e-04
4.705264791618752446e-04
4.704047810730094975e-04
4.704175415933585860e-04
4.702971029553355549e-04
4.703020320552907924e-04
4.701823726737610243e-04
4.701796034846980176e-04
4.700603853055435565e-04
4.700501701261504861e-04
4.699312095642239765e-04
4.699139191643069758e-04
4.697951667451642365e-04
4.697712518859747640e-04
4.696527310126737153e-04
4.696226423802016010e-04
4.695043494101723276e-04
4.694684256744359788e-04
4.693502097577963617e-04
4.693085616091296846e-04
4.691900213038373551e-04
4.691424562541110185e-04
4.690229026199853562e-04
4.689689407399648771e-04
4.688474715002562024e-04
4.687864837683487383e-04
4.686621792782953407e-04
4.685936306859550711e-04
4.684658193373223757e-04
4.683895274209984674e-04
4.682579969984840143e-04
4.681742578168030834e-04
4.680392576829752274e-04
4.679487017030129013e-04
4.678106458124965065e-04
4.677138121826283066e-04
4.675727753723324495e-04
4.674696130816455969e-04
4.673249356007018658e-04
4.672146153756751431e-04
4.670650011297717468e-04
4.669463340942276363e-04
4.667905496839390672e-04
4.666628479633308578e-04
4.665005505292863387e-04
4.663641930271985366e-04
4.661960229321967706e-04
4.660519603946287198e-04
4.658785013191548904e-04
4.657269083952020154e-04
4.655474291714167411e-04
4.653869978844756591e-04
4.651996568051443054e-04
4.650287969717512688e-04
4.648325297894870581e-04
4.646512704572501357e-04
4.644468684088595570e-04
4.642564742953052010e-04
4.640446722240963110e-04
4.638449069023463378e-04
4.636241202621452858e-04
4.634127776839204764e-04
4.631809879172645895e-04
4.629573800653281738e-04
4.627152944330780609e-04
4.624809684447204442e-04
4.622294317699956611e-04
4.619836253590013024e-04
4.617202093797131025e-04
4.614603819927394317e-04
4.611839777803114081e-04
4.609111391293746799e-04
4.606234252090229508e-04
4.603378992017613980e-04
4.600367471206445779e-04
4.597355152354858023e-04
4.594194832737696628e-04
4.591037498588368469e-04
4.587745128431212774e-04
4.584436377486505489e-04
4.580980319450400282e-04
4.577496206033386549e-04
4.573883104770596220e-04
4.570242082366600053e-04
4.566462897643621950e-04
4.562630930363837647e-04
4.558668540016552295e-04
4.554661515999344486e-04
4.550522397837347579e-04
4.546311240543727769e-04
4.541969651961099666e-04
4.537565635671886679e-04
4.533028179576804200e-04
4.528401408926008981e-04
4.523647583158871559e-04
4.518811571198857926e-04
4.513833986229904356e-04
4.508756754761578047e-04
4.503554139824786080e-04
4.498240586468046790e-04
4.492784466432605205e-04
4.487223929513188135e-04
4.481518918287101506e-04
4.475686856013076816e-04
4.469721393424578898e-04
4.463617694647916789e-04
4.457367996872393500e-04
4.450985647929764930e-04
4.444442783474247555e-04
4.437762062374298044e-04
4.430920372261727387e-04
4.423924652461048274e-04
4.416771611334955640e-04
4.409449398083420141e-04
4.401968951622787325e-04
4.394308999584067735e-04
4.386485425126358134e-04
4.378474709901872784e-04
4.370293102626161830e-04
4.361917208380453937e-04
4.353362796894946350e-04
4.344606563923633256e-04
4.335664241160023841e-04
4.326512062366967624e-04
4.317166239744920416e-04
4.307602131087273092e-04
4.297836734858380501e-04
4.287844336138408306e-04
4.277642838683329935e-04
4.267205409101669251e-04
4.256550862361936855e-04
4.245651285935120442e-04
4.234526352787106019e-04
4.223147154136846419e-04
4.211534140025672657e-04
4.199657508909049645e-04
4.187538396308991030e-04
4.175146219874359627e-04
4.162502707438970901e-04
4.149576609944636229e-04
4.136390157692611562e-04
4.122911547914284952e-04
4.109163429531323040e-04
4.095113556371897715e-04
4.080784919599440602e-04
4.066144936588890696e-04
4.051216872643791816e-04
4.035967912134587809e-04
4.020421535116888993e-04
4.004544793067408475e-04
3.988361330345884599e-04
3.971838162654946040e-04
3.954999057259131630e-04
3.937811088673431490e-04
3.920298114760587763e-04
3.902427361425054686e-04
3.884222753924811470e-04
3.865651760682073867e-04
3.846738360246068915e-04
3.827450353813359181e-04
3.807811768207595439e-04
3.787790827362858535e-04
3.767411610431202354e-04
3.746642854320075410e-04
3.725508703611680409e-04
3.703978499237034765e-04
3.682076473322133930e-04
3.659772663190138486e-04
3.637091419578063873e-04
3.614003570339936809e-04
3.590533624750388820e-04
3.566653297486126802e-04
3.542387304998181798e-04
3.517708347524922284e-04
3.492641405823417294e-04
3.467160267061591538e-04
3.441290241601757975e-04
3.415006307579845869e-04
3.388334177980263455e-04
3.361250128484670799e-04
3.333780354815242455e-04
3.305902538974049088e-04
3.277643445807707379e-04
3.248982274012437825e-04
3.219946449131907561e-04
3.190516797625594925e-04
3.160721501095616406e-04
3.130543124262658494e-04
3.100010702167276303e-04
3.069108646026055755e-04
3.037866941506841526e-04
3.006271950107912948e-04
2.974354702401887755e-04
2.942103606755278457e-04
2.909550826707914045e-04
2.876686903494779794e-04
2.843545211511474191e-04
2.810118496183491008e-04
2.776441405797669707e-04
2.742508941758563766e-04
2.708357068975412400e-04
2.673983071427680504e-04
2.639424246822541270e-04
2.604680156643517878e-04
2.569789413972395592e-04
2.534753813803885549e-04
2.499613225798871059e-04
2.464371587608366835e-04
2.429069916937201794e-04
2.393714147934683403e-04
2.358346279349676463e-04
2.322974031724480521e-04
2.287640150671337187e-04
2.252353860671030988e-04
2.217158344661900905e-04
2.182063968727142214e-04
2.147113961332942694e-04
2.112319382129462277e-04
2.077723026384270435e-04
2.043336110570613518e-04
2.009200429899315413e-04
1.975326733377345465e-04
1.941755164928121865e-04
1.908495301223253116e-04
1.875584909769857883e-04
1.843031624084074695e-04
1.810870055362182897e-04
1.779105081479673712e-04
1.747767352454726272e-04
1.716858172269763918e-04
1.686403442213688683e-04
1.656400117496998389e-04
1.626868636550787080e-04
1.597800937581747994e-04
1.569211425694502207e-04
1.541086537485699228e-04
1.513434300939971644e-04
1.486235438267612282e-04
1.459491575183750065e-04
1.433177872600382302e-04
1.407289941185051380e-04
1.381797990156249511e-04
1.356692498788937182e-04
1.331939864212468056e-04
1.307526872556466632e-04
1.283417816100801217e-04
1.259597791941022304e-04
1.236031241176374618e-04
1.212704081723811579e-04
1.189583598285743753e-04
1.166659388694682491e-04
1.143904504372172774e-04
1.121315158498096057e-04
1.098872985838481031e-04
1.076583430708946280e-04
1.054438968465257686e-04
1.032456069282488610e-04
1.010639210431573152e-04
9.890163089436335663e-05
9.676033658251655286e-05
9.464382892158426750e-05
9.255460613922732009e-05
9.049709455114010842e-05
8.847421627397811716e-05
8.649045953016072966e-05
8.454851037393939063e-05
8.265219983078365539e-05
8.080322968464992634e-05
7.900404054045340446e-05
7.725467721282135928e-05
7.555563393577533794e-05
7.390491185199187917e-05
7.230089700246969332e-05
7.073965237471163973e-05
6.921786282378816378e-05
6.773037031996999161e-05
6.627317354644301150e-05
6.484115765659357515e-05
6.343107114045943217e-05
6.203933408777382349e-05
6.066485284266576520e-05
5.930674365811543854e-05
5.796682395439141036e-05
5.664710273880223560e-05
5.535184643965541251e-05
5.408479608656630982e-05
5.285086158416674727e-05
5.165321823351458770e-05
5.049489129341799853e-05
4.937607667949678693e-05
4.829601465924084839e-05
4.725091933212329626e-05
4.623644568834241533e-05
4.524636251753425464e-05
4.427551756658113771e-05
4.331888242867513501e-05
4.237439114392745293e-05
4.144155195053080438e-05
4.052333244881376275e-05
3.962368382469011371e-05
3.874821405541430596e-05
3.790092191272544710e-05
3.708457122066031726e-05
3.629803302875387580e-05
3.553793509151720700e-05
3.479788414065289451e-05
3.407186228040632448e-05
3.335463207609032658e-05
3.264499831328499961e-05
3.194476694203414989e-05
3.125938746369863789e-05
3.059420068024923183e-05
2.995326879014211739e-05
2.933589877652459927e-05
2.873790677253258230e-05
2.815207774137051152e-05
2.757289342314571620e-05
2.699815672231335438e-05
2.643134046289228242e-05
2.587825099048679189e-05
2.534434516858629599e-05
2.482973367514636806e-05
2.432978199885612553e-05
2.383697160151912914e-05
2.334726431395875627e-05
2.286208133617349277e-05
2.238799122407922397e-05
2.192993195265536014e-05
2.148739124970291983e-05
2.105355762168601517e-05
2.062246578070302917e-05
2.019395362167576406e-05
1.977448412133911434e-05
1.936893580114025756e-05
1.897540152301321642e-05
1.858634037412465568e-05
1.819847866380853161e-05
1.781613659827575790e-05
1.744575696362106039e-05
1.708575359656065596e-05
1.672919171039861927e-05
1.637357450120996164e-05
1.602514157285104759e-05
1.568754284272695027e-05
1.535580047191161595e-05
1.502454827109106639e-05
1.469825634200298725e-05
1.438160731117882435e-05
1.407028746556727273e-05
1.375951704047818410e-05
1.345451166001334590e-05
1.315786620261221917e-05
1.286379264775250205e-05
1.257159958446021526e-05
1.228716719821286836e-05
1.200722495746171660e-05
1.172854288742564746e-05
1.145607322173270515e-05
1.118875890046174298e-05
1.092256640153115046e-05
1.066230168426840117e-05
1.040616986572232836e-05
1.015201856835868200e-05
9.903641565859027185e-06
9.658126813801953510e-06
9.415800795343539774e-06
9.178503624479328213e-06
8.943160117276459953e-06
8.712765732066386664e-06
8.485180137436171077e-06
8.261328347662691068e-06
8.041154213240760658e-06
7.824007003969813827e-06
7.610778211777988635e-06
7.400521138690590133e-06
7.194034112963572120e-06
6.990729125056217921e-06
6.790978889281231713e-06
6.594400918894520225e-06
6.401254979308499006e-06
6.211292596534360868e-06
6.024815494834462964e-06
5.841422164414871682e-06
5.661553713408958782e-06
5.484766597590965830e-06
5.311308955006912483e-06
5.141002680284210019e-06
4.973930894668932813e-06
4.810171190255712485e-06
4.649469763085301111e-06
4.492115667447989715e-06
4.337786499975699415e-06
4.186651283987961091e-06
4.038658840777762337e-06
3.893722481324907659e-06
3.752074534185696929e-06
3.613346770724256609e-06
3.477827801793890443e-06
3.345254542965933959e-06
3.215737454033606982e-06
3.089303939207953157e-06
2.965718509721812627e-06
2.845343262380889237e-06
2.727736059526864013e-06
2.613180455533809653e-06
2.501427262105442784e-06
2.392582947226085638e-06
2.286679600033826437e-06
2.183456508188980810e-06
2.083231156663979980e-06
1.985640939958652464e-06
1.890854943145020198e-06
1.798770502644368430e-06
1.709321390980238377e-06
1.622684122091219883e-06
1.538478867225560072e-06
1.457061777759817710e-06
1.378046664989080005e-06
1.301623645509370322e-06
1.227697632914070948e-06
1.156136001432750907e-06
1.087158953708846737e-06
1.020401332461570031e-06
9.561163553949292976e-07
8.940614604273574526e-07
8.342974394535571593e-07
7.768557121181918994e-07
7.214791403400413003e-07
6.684757762702567057e-07
6.174583639041901639e-07
5.686631371204986510e-07
5.218727178184334718e-07
4.771239093391415817e-07
4.344270655743726714e-07
3.935425919010498704e-07
3.546634994326178040e-07
3.174910242367635775e-07
2.821019575289413408e-07
2.483834191363699943e-07
2.162002810025197681e-07
1.856512852251193088e-07
1.564241912614586391e-07
1.287190207977873475e-07
1.022635346845877630e-07
7.714708415258133496e-08
5.329426383834700332e-08
3.059881751108015838e-08
9.183081209475859805e-09
-1.115679388364182251e-08
-3.028361341988761320e-08
-4.831819283622744516e-08
-6.524225449984846668e-08
-8.102509694519749150e-08
-9.580792952627211889e-08
-1.094328097512011020e-07
-1.220842012582915380e-07
-1.336405396249348410e-07
-1.442023111748085947e-07
-1.537591367781230162e-07
-1.623043179727072857e-07
-1.699298000232844090e-07
-1.765621584313848344e-07
-1.823030051507053523e-07
-1.871256183582604415e-07
-1.910597144113253267e-07
-1.941703238921261273e-07
-1.964105917349087042e-07
-1.978953081681137708e-07
-1.985582395222572652e-07
-1.984998651470967184e-07
-1.977021108893546915e-07
-1.962103554350088301e-07
-1.940662659937019106e-07
-1.912740354481889988e-07
-1.878930964587684542e-07
-1.839254627763920762e-07
-1.794154353759967724e-07
-1.744023096308770856e-07
-1.689008016461603850e-07
-1.629729901119427391e-07
-1.566245550208460516e-07
-1.499205026949384437e-07
-1.428689675227813696e-07
-1.355300816401818098e-07
-1.279326770464538059e-07
-1.201301777036252776e-07
-1.121523707656270090e-07
-1.040589151627439490e-07
-9.587981247978156548e-08
-8.767624782302396352e-08
-7.948733456219741565e-08
-7.136843586859440642e-08
-6.337058585210329528e-08
-5.553630042625424108e-08
-4.792023485727839650e-08
-4.057077684284016182e-08
-3.353211642363245363e-08
-2.686268626320560146e-08
-2.058196036940031859e-08
-1.476686469519481256e-08
-9.419134469194739859e-09
-4.603069639019984490e-09
-3.250024745633303492e-10
3.377319897513084017e-09
6.486732800958044368e-09
9.007032744318636227e-09
1.091429571066041847e-08
1.223326952230853269e-08
1.297181688602079471e-08
1.315344432289159950e-08
1.282592661936111839e-08
1.201195723088118994e-08
1.079793221366432727e-08
9.210981585894262375e-09
7.355171109710558883e-09
5.284554741670079660e-09
3.094472955485906155e-09
8.743248651760897909e-10
-1.301750132780853355e-09
-3.332176325667050060e-09
-5.156465392487789138e-09
-6.697364100228954272e-09
-7.893148203168555898e-09
-8.713392202902121111e-09
-9.106098657370964874e-09
-9.093797898175071156e-09
-8.665248628797498936e-09
-7.879671584269648192e-09
-6.777106606859378821e-09
-5.440992216469869641e-09
-3.953067676338146168e-09
-2.414891583339832846e-09
-9.288557371175969068e-10
4.032935285072838960e-10
1.494343575599215978e-09
2.272919998154777235e-09
2.699836120494752171e-09
2.755670810420149381e-09
2.464524998619368583e-09
1.868990215193555715e-09
1.059036438359186915e-09
1.323285427500463002e-10
-7.917051153275078976e-10
-1.598532487038985803e-09
-2.185992640639334089e-09
-2.484934599574735526e-09
-2.464199973851581545e-09
-2.141535103430243264e-09
-1.568835739133367193e-09
-8.533436809887020269e-10
-1.135948713720899889e-10
5.226602054744395895e-10
9.473764647589735904e-10
1.089315538017158015e-09
9.418402593452160762e-10
5.504531145679253265e-10
2.888772482349229610e-11
-5.068474107186366323e-10
-9.008180789375583909e-10
-1.074610050785034405e-09
-9.765033840511549460e-10
-6.499634913768183825e-10
-2.039207515961855466e-10
2.311875308024153558e-10
5.000255473184199448e-10
5.375468366932055584e-10
3.344795019365369988e-10
-1.386245876484262232e-11
-3.536900834824133083e-10
-5.573000534295140264e-10
-5.198740105307039447e-10
-2.917339553842517340e-10
2.920583843997934200e-11
2.671960829989073585e-10
3.129834977276480734e-10
1.545156288894583523e-10
-1.106608542132895396e-10
-3.058542978112888458e-10
-3.206383589501299852e-10
-1.485316186553290259e-10
8.291444074977110431e-11
2.032497636097028045e-10
1.393261888845267133e-10
-5.806195671324951372e-11
-2.044877365254285580e-10
-1.881725508814882444e-10
-2.393782173643092729e-11
1.233481999662415061e-10
1.127215939842449514e-10
-2.919802737795611353e-11
-1.473071974368750888e-10
-1.063537194034622628e-10
3.406473533007527876e-11
9.951644632975710158e-11
1.784020064314159778e-11
-9.907358136293136740e-11
-7.932588375876337375e-11
3.101898749584379896e-11
7.075323879834414925e-11
-1.976976554879077699e-11
-8.151104764778442295e-11
-1.379904967387335261e-11
5.486376593638577304e-11
5.431398906578665792e-12
-6.131764414707561927e-11
-1.340103141013493140e-11
4.447621135625263557e-11
-1.008788195243134347e-11
-4.415798290852157073e-11
1.127351391740590071e-11
2.562782401244577609e-11
-3.377986106960118281e-11
-1.041460231410665919e-11
2.645387942948354110e-11
-1.905915240206645408e-11
-1.450291683361203863e-11
2.089107469555614831e-11
-1.525374968327588661e-11
-8.131692358531054346e-12
1.430490271566889592e-11
-1.566792060534011414e-11
1.149757574603187923e-12
6.087449353603661922e-12
-1.503166727478866742e-11
1.186505361286115227e-11
-1.073870664478881674e-11
2.926994402721398312e-12
-8.087627343881153791e-13
-4.566068385129816573e-12
4.065980437291177546e-12
-6.490282376302915937e-12
4.415602962058391758e-12
-5.507692088626606185e-12
3.218992192742220226e-12
-3.997237522063217035e-12
2.036835320931279674e-12
-2.807053327281442627e-12
1.234624207848771344e-12
-2.014051464964509432e-12
7.531987590306255383e-13
-1.502954583822543410e-12
4.739590970813902624e-13
-1.165447955275416326e-12
3.110683678541418626e-13
-9.321585579735147289e-13
2.139437162242142951e-13
-7.630336506822533769e-13
1.545055284797496216e-13
-6.352669556311661486e-13
1.172181453258582237e-13
-5.355309419593346981e-13
9.330536431364190460e-14
-4.556946242298134586e-13
7.766203130379856490e-14
-3.905538214906626472e-13
6.722853870182021990e-14
-3.366197151144264736e-13
6.012175141217609384e-14
-2.914539014102428938e-13
5.515693591518029773e-14
-2.532896402124806954e-13
5.157606691209541897e-14
-2.208073523991409921e-13
4.888836088334664351e-14
-1.929961988988682789e-13
4.677385393291160775e-14
-1.690654848607534076e-13
4.502354429901150319e-14
-1.483859572031251970e-13
4.350138224103530860e-14
-1.304496612004905957e-13
4.211966937340636061e-14
-1.148416943789456849e-13
4.082288656196678882e-14
-1.012198173477532608e-13
3.957693045145365833e-14
-8.929939755938149198e-14
3.836188308585533142e-14
-7.884206511695931565e-14
3.716712438139022965e-14
-6.964701255528439777e-14
3.598801769833937858e-14
-6.154421782222657884e-14
3.482366230479055380e-14
-5.438909300402579217e-14
3.367537500575433114e-14
-4.805820841728996291e-14
3.254567282935875908e-14
-4.244584039250584290e-14
3.143760106597625491e-14
-3.746115885728210450e-14
3.035429946530538967e-14
-3.302591803296160195e-14
2.929873231836483638e-14
-2.907254720598602639e-14
2.827353066721528552e-14
-2.554256273474391460e-14
2.728091048367265406e-14
-2.238524029855301927e-14
2.632264153297008125e-14
-1.955649955243531286e-14
2.540004922230917097e-14
-1.701796340442432986e-14
2.451403712026710198e-14
-1.473616165878702116e-14
2.366512162757933728e-14
-1.268185471192540743e-14
2.285347293391138658e-14
-1.082945752231026388e-14
2.207895833664051952e-14
-9.156547719126204487e-15
2.134118530628055874e-14
-7.643444553666823669e-15
2.063954265448338961e-14
-6.272847725183321586e-15
1.997323881335860817e-14
-5.029526948233404437e-15
1.934133668790365603e-14
-3.900054650693929275e-15
1.874278487575730838e-14
-2.872575414935662739e-15
1.817644524553007018e-14
-1.936606803087558108e-15
1.764111699463152577e-14
-1.082867030923355699e-15
1.713555741269896136e-14
-3.031256641086791274e-16
1.665849960472593363e-14
4.099259154806330141e-16
1.620866745254672031e-14
1.062787034038283105e-15
1.578478811188724973e-14
1.661245603600558711e-15
1.538560231481838702e-14
2.210463353881525613e-15
1.500987274484402068e-14
2.715050149767935841e-15
1.465639073696664106e-14
3.179128860006295759e-15
1.432398152106671844e-14
3.606392051054515574e-15
1.401150821889012940e-14
4.000151584496301897e-15
1.371787477540838592e-14
4.363382066477751774e-15
1.344202798728783783e-14
4.698758941291150778e-15
1.318295877437079997e-14
5.008691939987509363e-15
1.293970281680691460e-14
5.295354473545335298e-15
1.271134067072272149e-14
5.560709498949350554e-15
1.249699745780562227e-14
5.806532303374013792e-15
1.229584220622630975e-14
6.034430598425551580e-15
1.210708691985014072e-14
6.245862262328415728e-15
1.192998543197680699e-14
6.442151025272021902e-15
1.176383209367061684e-14
6.624500349273324408e-15
1.160796034425424179e-14
6.794005730955307510e-15
1.146174119591819833e-14
6.951665612458613216e-15
1.132458166375962864e-14
7.098391076422444365e-15
1.119592316898825998e-14
7.235014466727966664e-15
1.107523993036356439e-14
7.362297065947004125e-15
1.096203736663373864e-14
7.480935939785307140e-15
1.085585051923361669e-14
7.591570048346205580e-15
1.075624250730705544e-14
7.694785707273691712e-15
1.066280302369282107e-14
7.791121476747468907e-15
1.057514687759795843e-14
7.881072541821731896e-15
1.049291258811574801e-14
7.965094643238547922e-15
1.041576103454729647e-14
8.043607608709426911e-15
1.034337416080779980e-14
8.116998529611951656e-15
1.027545374009046289e-14
8.185624622214834112e-15
1.021172019669071841e-14
8.249815808635170824e-15
1.015191148615517345e-14
8.309877046252437174e-15
1.009578203286244941e-14
8.366090434993442347e-15
1.004310172365893007e-14
8.418717124081802375e-15
9.993654955748661430e-15
8.467999040683183242e-15
9.947239738143290768e-15
8.514160457984212885e-15
9.903666843077359048e-15
8.557409420579370664e-15
9.862759007478362267e-15
8.597939040015409229e-15
9.824350180395888613e-15
8.635928675491545673e-15
9.788284815822020370e-15
8.671545009525757707e-15
9.754417207425091109e-15
8.704943029894723406e-15
9.722610864321740030e-15
8.736266926986236608e-15
9.692737924857589484e-15
8.765650914063591922e-15
9.664678606766042777e-15
8.793219978757670818e-15
9.638320691648854848e-15
8.819090571419910374e-15
9.613559041623755926e-15
8.843371236737773544e-15
9.590295146745726842e-15
8.866163193714244983e-15
9.568436700879194487e-15
8.887560868497759006e-15
9.547897204711658824e-15
8.907652385098988497e-15
9.528595594122114036e-15
8.926520016346469350e-15
9.510455892293401939e-15
8.944240600208967140e-15
9.493406884220836111e-15
8.960885923292634712e-15
9.477381812077852384e-15
8.976523074881620780e-15
9.462318090537293798e-15
8.991214773964203096e-15
9.448157039975375528e-15
9.005019671557798142e-15
9.434843637429956869e-15
9.017992630198473412e-15
9.422326283264727766e-15
9.030184982730651716e-15
9.410556583179239061e-15
9.041644771991994344e-15
9.399489144162721351e-15
9.052416972854488683e-15
9.389081383796809290e-15
9.062543698216465228e-15
9.379293351697850726e-15
9.072064390066357539e-15
9.370087562759958086e-15
9.081015996860471769e-15
9.361428840860204459e-15
9.089433138300445024e-15
9.353284172826220057e-15
9.097348258381208238e-15
9.345622571823100272e-15
9.104791767770780706e-15
9.338414949441495271e-15
9.111792176151341012e-15
9.331633995998855488e-15
9.118376215427352343e-15
9.325254068603822572e-15
9.124568954353067863e-15
9.319251086259015617e-15
9.130393905357991913e-15
9.313602431712143781e-15
9.135873123927076708e-15
9.308286859584365961e-15
9.141027301359368906e-15
9.303284410249768325e-15
9.145875851073445813e-15
9.298576329209305379e-15
9.150436989163865218e-15
9.294144991557721703e-15
9.154727809493194695e-15
9.289973831137803140e-15
9.158764353719430806e-15
9.286047274156816546e-15
9.162561676592570565e-15
9.282350676952585090e-15
9.166133906939889228e-15
9.278870267563010653e-15
9.169494304493864321e-15
9.275593090922445775e-15
9.172655312903270324e-15
9.272506957385635511e-15
9.175628609244562953e-15
9.269600394410010653e-15
9.178425150139563316e-15
9.266862601106130897e-15
9.181055214793372293e-15
9.264283405510305555e-15
9.183528445104156302e-15
9.261853224385641266e-15
9.185853883044973170e-15
9.259563025379011750e-15
9.188040005478015100e-15
9.257404291303349803e-15
9.190094756584986568e-15
9.255368986508347549e-15
9.192025577959134405e-15
9.253449525092670451e-15
9.193839436683505319e-15
9.251638740853167290e-15
9.195542851279790156e-15
9.249929858852945792e-15
9.197141915833406938e-15
9.248316468471692647e-15
9.198642322295008868e-15
9.246792497816278462e-15
9.200049381089011622e-15
9.245352189429447517e-15
9.201368040127537729e-15
9.243990077120802591e-15
9.202602902277879605e-15
9.242700963887504878e-15
9.203758241383051264e-15
9.241479900815236133e-15
9.204838016935285897e-15
9.240322166876513767e-15
9.205845887385928980e-15
9.239223249550614032e-15
9.206785222293645362e-15
9.238178826215575471e-15
9.207659113235858107e-15
9.237184746232124888e-15
9.208470383637497837e-15
9.236237013681314989e-15
9.209221597565473378e-15
9.235331770715771173e-15
9.209915067549352003e-15
9.234465281510049785e-15
9.210552861506283382e-15
9.233633916755742677e-15
9.211136808865810310e-15
