# bin_3_3
2.648594211049792218e-04
2.640591281713586453e-04
2.648317518648152930e-04
2.640788430799924846e-04
2.648051576454255322e-04
2.640968293900068826e-04
2.647795250919232103e-04
2.641131352527983922e-04
2.647547432857467738e-04
2.641278016878007397e-04
2.647307033581770071e-04
2.641408627644906029e-04
2.647072981368091705e-04
2.641523457866889156e-04
2.646844218288708808e-04
2.641622714859347761e-04
2.646619697476117672e-04
2.641706542311099198e-04
2.646398380885477781e-04
2.641775022653594998e-04
2.646179237645807027e-04
2.641828179800557183e-04
2.645961243086061322e-04
2.641865982378710466e-04
2.645743378552869378e-04
2.641888347575513840e-04
2.645524632132170077e-04
2.641895145749403981e-04
2.645304000415142544e-04
2.641886205942565384e-04
2.645080491430896585e-04
2.641861322440718345e-04
2.644853128881433590e-04
2.641820262519106515e-04
2.644620957794291231e-04
2.641762775492940128e-04
2.644383051689129039e-04
2.641688603149066716e-04
2.644138521298366540e-04
2.641597491588710904e-04
2.643886524824393927e-04
2.641489204421545349e-04
2.643626279605931122e-04
2.641363537128745215e-04
2.643357074944602432e-04
2.641220332268028634e-04
2.643078285642800956e-04
2.641059494982486277e-04
2.642789385598907827e-04
2.640881008013644306e-04
2.642489960509950150e-04
2.640684945143461455e-04
2.642179718424455702e-04
2.640471481616304809e-04
2.641858496514774357e-04
2.640240899743792028e-04
2.641526262083737035e-04
2.639993587531129417e-04
2.641183105464930698e-04
2.639730027853043511e-04
2.640829222256034026e-04
2.639450775562597758e-04
2.640464882244698440e-04
2.639156419978018540e-04
2.640090382657165496e-04
2.638847530670189912e-04
2.639705984061672646e-04
2.638524585469889747e-04
2.639311828612261250e-04
2.638187881338015218e-04
2.638907842440124728e-04
2.637837431321117467e-04
2.638493627054712626e-04
2.637472854324820061e-04
2.638068348566555425e-04
2.637093268783396549e-04
2.637630638197994634e-04
2.636697206125045764e-04
2.637178522343196370e-04
2.636282564470104005e-04
2.636709404400072016e-04
2.635846625972057024e-04
2.636220122141634688e-04
2.635386160825902812e-04
2.635707101481233835e-04
2.634897634917063780e-04
2.635166617730045485e-04
2.634377524102906394e-04
2.634595156824351349e-04
2.633822714656546362e-04
2.633989840814136081e-04
2.633230937032888749e-04
2.633348846420467877e-04
2.632601143227090924e-04
2.632671709626409340e-04
2.631933706455783558e-04
2.631959386075785178e-04
2.631230311772838801e-04
2.631213945172344772e-04
2.630493437818817682e-04
2.630437835549949985e-04
2.629725421291202302e-04
2.629632783757342575e-04
2.628927250531163176e-04
2.628798566831657465e-04
2.628097425396893737e-04
2.627932083970528588e-04
2.627231374578569171e-04
2.627027246436670861e-04
2.626321922908766916e-04
2.626076082110666765e-04
2.625361029141660214e-04
2.625071017710479547e-04
2.624342429172874425e-04
2.624007602125311448e-04
2.623264078508893006e-04
2.622886259806064412e-04
2.622128818467303526e-04
2.621711552985893715e-04
2.620942083389899823e-04
2.620488425021052126e-04
2.619707069502590080e-04
2.619216989147154649e-04
2.618420086343587220e-04
2.617889495037496544e-04
2.617070089663797424e-04
2.616493015562580747e-04
2.615644491122910763e-04
2.615017553637444020e-04
2.614137934720035957e-04
2.613463286119580399e-04
2.612555719415902305e-04
2.611838472881713828e-04
2.610905821138255218e-04
2.610147044913267711e-04
2.609185346399040288e-04
2.608378391888750030e-04
2.607377921728585408e-04
2.606514663739173854e-04
2.605469746990938520e-04
2.604550467795402964e-04
2.603465082385653865e-04
2.602496478507975255e-04
2.601374316901047985e-04
2.600355273809701524e-04
2.599187979587957607e-04
2.598107136985356217e-04
2.596884104392583703e-04
2.595737985161839781e-04
2.594462783206990435e-04
2.593259521353052520e-04
2.591936439814433767e-04
2.590672158415043697e-04
2.589288479090065282e-04
2.587950051479564746e-04
2.586499918802371884e-04
2.585092666176989212e-04
2.583584718026280891e-04
2.582110390939855340e-04
2.580533480871209802e-04
2.578976450484328953e-04
2.577323005296587133e-04
2.575689587441610043e-04
2.573968236828350596e-04
2.572255154477112379e-04
2.570449380588389946e-04
2.568644232186481006e-04
2.566757418426604802e-04
2.564869836144396779e-04
2.562897215261364576e-04
2.560909542716699266e-04
2.558842148365834241e-04
2.556762674408715147e-04
2.554603808844438276e-04
2.552417445165929802e-04
2.550153663826278875e-04
2.547866291309320392e-04
2.545500963360527221e-04
2.543097058346344814e-04
2.540619464312745841e-04
2.538106061585696112e-04
2.535512297843446269e-04
2.532872781169600608e-04
2.530162124165384651e-04
2.527399039970261961e-04
2.524556624705538450e-04
2.521664426533766381e-04
2.518692586184467504e-04
2.515658507348258284e-04
2.512551166201345892e-04
2.509375133198056746e-04
2.506119859576897628e-04
2.502798205077181454e-04
2.499390284721179131e-04
2.495912729442161275e-04
2.492349145857190949e-04
2.488707012887106905e-04
2.484981176641266973e-04
2.481168449503712205e-04
2.477271932366104101e-04
2.473282716727952637e-04
2.469207257719675634e-04
2.465034726476843588e-04
2.460772483861224701e-04
2.456409078030674046e-04
2.451952272778897316e-04
2.447390037436365882e-04
2.442730708544051717e-04
2.437961446191047588e-04
2.433091373957484355e-04
2.428106680315784201e-04
2.423017383449091618e-04
2.417808646960358356e-04
2.412491397765440654e-04
2.407049796270597066e-04
2.401495636852693267e-04
2.395812139293308698e-04
2.390011896589019978e-04
2.384077269985560780e-04
2.378021570816566668e-04
2.371826391666454804e-04
2.365505679139753175e-04
2.359040348697275175e-04
2.352444900909725107e-04
2.345699664200358856e-04
2.338819615935492995e-04
2.331784584610676757e-04
2.324609952577352551e-04
2.317275131864474243e-04
2.309795843969263032e-04
2.302151164061742004e-04
2.294357093192518821e-04
2.286392445485481504e-04
2.278273448290203717e-04
2.269978726912036935e-04
2.261524688073119802e-04
2.252889837199872252e-04
2.244090719724889621e-04
2.235105787194779448e-04
2.225951689264997339e-04
2.216606887035770120e-04
2.207088105972222270e-04
2.197373877983478370e-04
2.187480981904001468e-04
2.177388079919217773e-04
2.167111987666644698e-04
2.156631555673046692e-04
2.145963625591853412e-04
2.135087293328266384e-04
2.124019421451354278e-04
2.112739407611393403e-04
2.101264135786861233e-04
2.089573361403585883e-04
2.077683995838863719e-04
2.065576208292624100e-04
2.053266948915169737e-04
2.040736856913280810e-04
2.028002937837333124e-04
2.015046357586422650e-04
2.001884198827170167e-04
1.988498211448657196e-04
1.974905581830533620e-04
1.961088701848716289e-04
1.947064892804565932e-04
1.932817247255388666e-04
1.918363256897800745e-04
1.903686774254094731e-04
1.888805500708149549e-04
1.873704108382243788e-04
1.858400550888111944e-04
1.842880379543112516e-04
1.827161845255294357e-04
1.811231437519187552e-04
1.795107751233538155e-04
1.778778271653311076e-04
1.762261984871877892e-04
1.745547427056943861e-04
1.728654021843788104e-04
1.711571407720513657e-04
1.694319489702491406e-04
1.676889054630305742e-04
1.659300528253920967e-04
1.641545884440887720e-04
1.623646102217148393e-04
1.605594371431776459e-04
1.587412247404577741e-04
1.569094152437779457e-04
1.550662228533620482e-04
1.532112131266651002e-04
1.513466583582865992e-04
1.494722455935832794e-04
1.475903026489051926e-04
1.457006339065893203e-04
1.438056177177123452e-04
1.419051689233910400e-04
1.400017085743412136e-04
1.380952519385900514e-04
1.361882516496693419e-04
1.342808098017938677e-04
1.323753958051988974e-04
1.304721810376308978e-04
1.285736328452075430e-04
1.266799701152863998e-04
1.247936350186481754e-04
1.229148677954520976e-04
1.210460579940515703e-04
1.191874367210483585e-04
1.173413092980960464e-04
1.155078632211158481e-04
1.136892843329500766e-04
1.118856787670088844e-04
1.100990749232975643e-04
1.083294577379848576e-04
1.065786589536618542e-04
1.048465021557212258e-04
1.031345840416769515e-04
1.014425287907777214e-04
9.977166325359069804e-05
9.812137935984836259e-05
9.649270635288686342e-05
9.488478007118126948e-05
9.329831551808606422e-05
9.173218194373784881e-05
9.018677913354786072e-05
8.866071722687867231e-05
8.715410008125803185e-05
8.566530863946122476e-05
8.419419452419315425e-05
8.273896544549056765e-05
8.129929174213191276e-05
7.987329174662666643e-05
7.846055326095845422e-05
7.705921592160025620e-05
7.566890854922166370e-05
7.428792437290095228e-05
7.291607384813523953e-05
7.155194716681188057e-05
7.019568060213763781e-05
6.884629921131122949e-05
6.750439326778066851e-05
6.616953275624508097e-05
6.484284936858742646e-05
6.352451374880354630e-05
6.221621838413358692e-05
6.091870916325793119e-05
5.963416590610369343e-05
5.836378226794078963e-05
5.711004418564400174e-05
5.587435694292745256e-05
5.465922772307675722e-05
5.346594571443774114e-05
5.229668282988637223e-05
5.115224116552735483e-05
5.003409428070889340e-05
4.894222397980718794e-05
4.787713052186630072e-05
4.683778412260172763e-05
4.582363213365880434e-05
4.483268567374190623e-05
4.386354115020476240e-05
4.291360567821298123e-05
4.198112732546082677e-05
4.106353460969420409e-05
4.015943760161747169e-05
3.926702351276325126e-05
3.838596010671232642e-05
3.751576614942032987e-05
3.665753791100789615e-05
3.581222052921030575e-05
3.498210775474739731e-05
3.416899414547099815e-05
3.337547542920494783e-05
3.260305681053412061e-05
3.185338423496709395e-05
3.112647916896762659e-05
3.042209868295736550e-05
2.973828652594804383e-05
2.907301282170669649e-05
2.842310725771798175e-05
2.778613118927246952e-05
2.715950812104928365e-05
2.654231898300255625e-05
2.593423066011843603e-05
2.533680553989335052e-05
2.475190408551459668e-05
2.418238177165677491e-05
2.363011340328827130e-05
2.309653079050841284e-05
2.258096145278603198e-05
2.208178699460479011e-05
2.159572508931036349e-05
2.111984134173104760e-05
2.065142737175839396e-05
2.018993337270973479e-05
1.973613928646921159e-05
1.929277825123003906e-05
1.886237553041196293e-05
1.844696517865192594e-05
1.804607780763971186e-05
1.765765501955507926e-05
1.727799785274167289e-05
1.690438641318497764e-05
1.653561244506453190e-05
1.617340806621388202e-05
1.582052832414383066e-05
1.547967879712550175e-05
1.515078762591504055e-05
1.483155503723961446e-05
1.451813348190170360e-05
1.420852236061168167e-05
1.390331028560722635e-05
1.360574942100499203e-05
1.331816669462349451e-05
1.304029682273463000e-05
1.276864519517199149e-05
1.250024859153206793e-05
1.223491791838501241e-05
1.197585042476496279e-05
1.172535222435712510e-05
1.148246420009620125e-05
1.124333939827266538e-05
1.100634780126900077e-05
1.077352966167686337e-05
1.054806680140487330e-05
1.032906710460440208e-05
1.011308345281512130e-05
9.898790089710863863e-06
9.689280495266399274e-06
9.486267536052817690e-06
9.287261600661959256e-06
9.089504930341394783e-06
8.895214585495960500e-06
8.706639217011215623e-06
8.521636783736468880e-06
8.337750427581078035e-06
8.157560715085937790e-06
7.982280296632943988e-06
7.809037966461491480e-06
7.637418144514479862e-06
7.470337747143562869e-06
7.306104387821276529e-06
7.143114779543927913e-06
6.983762306493872946e-06
6.827527042037273588e-06
6.672344539936572315e-06
6.520601777265817438e-06
6.371348916911493298e-06
6.223524097369252431e-06
6.078955872893802468e-06
5.936199977772073324e-06
5.795368075853195904e-06
5.657383453925365117e-06
5.520663804121281485e-06
5.386709699692462304e-06
5.254410496794538925e-06
5.124241335673184216e-06
4.996117235595783766e-06
4.869729401450322918e-06
4.745489448735395250e-06
4.622932534911510675e-06
4.502430147424939980e-06
4.383686087445120143e-06
4.266873815453369468e-06
4.151793727652769762e-06
4.038562405099289694e-06
3.927061549961071767e-06
3.817415405507317626e-06
3.709450973279635800e-06
3.603346992050520516e-06
3.498911930539710701e-06
3.396232245921547451e-06
3.295242997098191266e-06
3.195963944730112383e-06
3.098448471862624303e-06
3.002561467977077852e-06
2.908445275132904115e-06
2.815932704528241991e-06
2.725116493616539159e-06
2.635958904591872579e-06
2.548439224431390081e-06
2.462654429583680152e-06
2.378442325040937603e-06
2.295924041504316404e-06
2.214989457271072724e-06
2.135681393863003642e-06
2.058031395652816436e-06
1.981913557575761305e-06
1.907528608755373356e-06
1.834641279768369106e-06
1.763405905619531816e-06
1.693688586953339473e-06
1.625563182578605037e-06
1.559038433656825766e-06
1.493996414087362686e-06
1.430595279166359216e-06
1.368660072746854067e-06
1.308268551290110676e-06
1.249384876194667482e-06
1.191971538379868091e-06
1.136139032152765082e-06
1.081675963972954667e-06
1.028789901549909355e-06
9.772638948687041209e-07
9.272163686630147954e-07
8.785931582722217799e-07
8.313360037324033809e-07
7.855679341301328307e-07
7.410916037855545735e-07
6.980457403795723373e-07
6.563030896141148241e-07
6.158966133086828389e-07
5.768556850982690662e-07
5.390260550759685981e-07
5.026027518199592207e-07
4.673504378826920381e-07
4.334185914690957368e-07
4.006794260026314609e-07
3.691733033137900592e-07
3.389161319696481274e-07
3.097805161067778511e-07
2.819051858593803763e-07
2.551290943525820481e-07
2.295209566104141679e-07
2.050415486349554506e-07
1.816269603474600117e-07
1.593679820373249458e-07
1.380725316507696837e-07
1.178873092147573535e-07
9.863398547158057091e-08
8.037536939784971293e-08
6.305407349671333212e-08
4.659207744577606204e-08
3.106189189882921594e-08
1.630914683858511466e-08
2.412409811095608298e-09
-1.072367281099090318e-08
-2.309791229182008001e-08
-3.469578833176419756e-08
-4.562959375842319441e-08
-5.578492919609188610e-08
-6.530500142332952265e-08
-7.410132299824458046e-08
-8.224810212826203927e-08
-8.973303677965124977e-08
-9.654510286683302535e-08
-1.027534145409450715e-07
-1.082892857968236922e-07
-1.132297263939141287e-07
-1.175434995626219609e-07
-1.212447457273577528e-07
-1.243773773983070993e-07
-1.268892650094100867e-07
-1.288727340972852080e-07
-1.302579983760871749e-07
-1.311238746409707122e-07
-1.314437643091384515e-07
-1.312455856010079259e-07
-1.305622463533552990e-07
-1.293770896281899015e-07
-1.277463618527236559e-07
-1.256553867502562763e-07
-1.231422777552443848e-07
-1.202292498167791678e-07
-1.169210192875349901e-07
-1.132748386897792902e-07
-1.092745328765941726e-07
-1.049847106714774713e-07
-1.003986358369899794e-07
-9.556653958523256640e-08
-9.050923338996559604e-08
-8.525847064620917038e-08
-7.985017176391872794e-08
-7.431074185096366617e-08
-6.867752887517515010e-08
-6.298580382775045966e-08
-5.726572754295674873e-08
-5.156580237406460209e-08
-4.591129589152666620e-08
-4.035211248294265639e-08
-3.491344133138894965e-08
-2.964438218210768633e-08
-2.457378885239631435e-08
-1.974720017199094220e-08
-1.518902971987716576e-08
-1.094590551589984292e-08
-7.034742635794854291e-09
-3.493969731157157351e-09
-3.382173701543005815e-10
2.403833616185130238e-09
4.721946582752426821e-09
6.608013941716381561e-09
8.053219409900938182e-09
9.065027501782371667e-09
9.653075176721163543e-09
9.830522142283325896e-09
9.630431956596883265e-09
9.069736454049240029e-09
8.207178217152126872e-09
7.067378443600155271e-09
5.720863534652809303e-09
4.211642381915883061e-09
2.607396123375583455e-09
9.721633710587721591e-10
-6.364594578276048869e-10
-2.146992898643724828e-09
-3.509649922499046870e-09
-4.667224790854949454e-09
-5.575270504878788672e-09
-6.207405160191681446e-09
-6.528254319275431436e-09
-6.550833977480192537e-09
-6.265291097887997298e-09
-5.713970374539850161e-09
-4.926308926096706857e-09
-3.960619061551652554e-09
-2.882424781406081158e-09
-1.758448275101186037e-09
-6.719575315575170721e-10
3.082974285074861619e-10
1.114277916978705278e-09
1.692363861208035418e-09
2.014809470045065535e-09
2.062097341670985366e-09
1.855975926028704949e-09
1.423188645194285686e-09
8.315827554250304272e-10
1.498023653852061245e-10
-5.310467164319041191e-10
-1.129131480563425993e-09
-1.567682962969406615e-09
-1.795580011528614635e-09
-1.788425932732213402e-09
-1.557624205890691189e-09
-1.142427860676830748e-09
-6.206665914954778173e-10
-7.656057438107528424e-11
3.901639792308812853e-10
7.055145436601623720e-10
8.123731366819750621e-10
7.064987997057547133e-10
4.222075690391575612e-10
3.664995898623579185e-11
-3.552559732453773302e-10
-6.502495763886230140e-10
-7.795194204011905729e-10
-7.106705142087993725e-10
-4.741179507697194572e-10
-1.451062158338312703e-10
1.719288111991858796e-10
3.730053994203155171e-10
4.000580700993328595e-10
2.528177148678467480e-10
-2.665312563928602254e-12
-2.539054501116069329e-10
-4.036362383980373732e-10
-3.793151840933673400e-10
-2.118495616712468526e-10
2.280646431295712614e-11
1.986669847003410876e-10
2.331960917163152805e-10
1.171463433989202253e-10
-7.738334951893497197e-11
-2.220222163545602025e-10
-2.336546031333132518e-10
-1.080406067620653652e-10
6.209904497191342680e-11
1.511309489225214278e-10
1.043473014800308033e-10
-4.040737447231416058e-11
-1.487383249642985785e-10
-1.371572120834228330e-10
-1.684811464070347628e-11
9.146863708804601254e-11
8.430917477416544932e-11
-2.029576512004282703e-11
-1.071089056241731196e-10
-7.762438037806237640e-11
2.564271157546364160e-11
7.395525051486058791e-11
1.379308544143720800e-11
-7.177353345089708767e-11
-5.805539489467373746e-11
2.332346626034946656e-11
5.248936059168768500e-11
-1.390646572468144314e-11
-5.932250769199228917e-11
-1.011919942358772846e-11
4.097761328569947438e-11
4.246925398303946660e-12
-4.462095026239344129e-11
-9.628459035532017164e-12
3.288268871838772577e-11
-6.886367181688559667e-12
-3.247080407256861090e-11
8.695616464257054847e-12
1.893651446892988352e-11
-2.455364460962574469e-11
-7.467437839127696666e-12
1.950533744565380314e-11
-1.365036929855843192e-11
-1.071881937374244213e-11
1.564215203177137270e-11
-1.113779779539509199e-11
-5.883553490041437207e-12
1.070251266025828735e-11
-1.150477094878142099e-11
1.025612892069529638e-12
4.500455990466086405e-12
-1.092528768920462907e-11
8.779166347052071635e-12
-7.817753598040380798e-12
2.224619194888875036e-12
-5.443846008295851904e-13
-3.284824082218100065e-12
3.028399369285467513e-12
-4.708728850528803896e-12
3.281179841925423009e-12
-3.997058257262979129e-12
2.398743197547277172e-12
-2.895849956999723912e-12
1.526802169716714791e-12
-2.028202166106484668e-12
9.339329161858648128e-13
-1.451012399629197374e-12
5.768681036608132698e-13
-1.079943751970452953e-12
3.686028091196662183e-13
-8.356670912502391368e-13
2.461268222500022251e-13
-6.673800939204619953e-13
1.722841136813289244e-13
-5.457695964272033474e-13
1.264284958757993315e-13
-4.541618014608643075e-13
9.712011532295790513e-14
-3.828272914242017701e-13
7.788247962090269376e-14
-3.258415677089379156e-13
6.493667796551583919e-14
-2.794213036654028698e-13
5.600856996985362181e-14
-2.410366249645076927e-13
4.969082240664649182e-14
-2.089240823694947659e-13
4.509178018513671354e-14
-1.818094275199448043e-13
4.163575726307136055e-14
-1.587434347947958033e-13
3.894569003041232377e-14
-1.390007873521128279e-13
3.677207649932946112e-14
-1.220154472838813404e-13
3.494877567302639848e-14
-1.073379007628841442e-13
3.336486843593512916e-14
-9.460597279325711316e-14
3.194638699592765957e-14
-8.352433199946956653e-14
3.064425569805061415e-14
-7.384972732659520607e-14
2.942622468870709196e-14
-6.538010986678022529e-14
2.827141753828838269e-14
-5.794645468998899486e-14
2.716661698396148218e-14
-5.140650249977608396e-14
2.610372164641435994e-14
-4.563989513167522506e-14
2.507800020292119534e-14
-4.054434235779227889e-14
2.408689336380105902e-14
-3.603256497880386067e-14
2.312919460960823886e-14
-3.202983133145714660e-14
2.220449400245800035e-14
-2.847195376980443588e-14
2.131280516030802118e-14
-2.530364616543538415e-14
2.045431976948289918e-14
-2.247716789587635380e-14
1.962925071176125019e-14
-1.995119747957793270e-14
1.883773642505915328e-14
-1.768989189338847989e-14
1.807978721336961225e-14
-1.566209721871575726e-14
1.735525989213122245e-14
-1.384068347848415099e-14
1.666385117729720731e-14
-1.220198202609724079e-14
1.600510308906437223e-14
-1.072530807973586520e-14
1.537841565668693676e-14
-9.392554308496987223e-15
1.478306367644334032e-14
-8.187843950753901174e-15
1.421821530694286677e-14
-7.097234027229446762e-15
1.368295100901842849e-14
-6.108460843422072800e-15
1.317628188043676000e-14
-5.210721304659024494e-15
1.269716678575124504e-14
-4.394484650727427888e-15
1.224452795347262622e-14
-3.651330092134844663e-15
1.181726487799262723e-14
-2.973806552270835047e-15
1.141426649328260389e-14
-2.355311320290412206e-15
1.103442166253823928e-14
-1.789984903668797867e-15
1.067662807097143137e-14
-1.272619797461154908e-15
1.033979965050596569e-14
-7.985812163809629696e-16
1.002287266511459054e-14
-3.637381322637550038e-16
9.724810604343985871e-15
3.559679934192384965e-17
9.444608019841414317e-15
4.027196317281706820e-16
9.181293440777948508e-15
7.405808804753388228e-16
8.933931490312395358e-15
1.051825521565305527e-15
8.701624317859936713e-15
1.338828005819518474e-15
8.483512452566512437e-15
1.603722940495990396e-15
8.278775166565676771e-15
1.848432009534982249e-15
8.086630434217080934e-15
2.074687621194371529e-15
7.906334556083993489e-15
2.284053702332270651e-15
7.737181514247397267e-15
2.477944008991217155e-15
7.578502110119486394e-15
2.657638265987951498e-15
7.429662934599412863e-15
2.824296410413241252e-15
7.290065209417250132e-15
2.978971178895962887e-15
7.159143534558603890e-15
3.122619241813634198e-15
7.036364570964580244e-15
3.256111065157115234e-15
6.921225681137370822e-15
3.380239657337836961e-15
6.813253551048954041e-15
3.495728334847054081e-15
6.712002806213291436e-15
3.603237626407400614e-15
6.617054638303011556e-15
3.703371418269246082e-15
6.528015452193106634e-15
3.796682431683057966e-15
6.444515541686609130e-15
3.883677110448789830e-15
6.366207801813155931e-15
3.964819988522930930e-15
6.292766481859021462e-15
4.040537596824331975e-15
6.223885983255625191e-15
4.111221963509722846e-15
6.159279704762559399e-15
4.177233753427933092e-15
6.098678937368947055e-15
4.238905087381984617e-15
6.041831808436554475e-15
4.296542077453892084e-15
5.988502276586062208e-15
4.350427109797802821e-15
5.938469176119419447e-15
4.400820902454962179e-15
5.891525310901658315e-15
4.447964363106339204e-15
5.847476596285628639e-15
4.492080267647889102e-15
5.806141247843549207e-15
4.533374779513027949e-15
5.767349015262146672e-15
4.572038825915496206e-15
5.730940460167617077e-15
4.608249346358503684e-15
5.696766275809319573e-15
4.642170426420003447e-15
5.664686646533374383e-15
4.673954328553032043e-15
5.634570645974136969e-15
4.703742430578495116e-15
5.606295671334367289e-15
4.731666080784449345e-15
5.579746912492828625e-15
4.757847378053227238e-15
5.554816853628030842e-15
4.782399884429638369e-15
5.531404805999335930e-15
4.805429276458332250e-15
5.509416470088489822e-15
4.827033941529702216e-15
5.488763525216591059e-15
4.847305523919841446e-15
5.469363245259800690e-15
4.866329425758029498e-15
5.451138138833001779e-15
4.884185266643210140e-15
5.434015612638472201e-15
4.900947306255530293e-15
5.417927656167010542e-15
4.916684832542110549e-15
5.402810547086551911e-15
4.931462519385502015e-15
5.388604575313490171e-15
4.945340755797352866e-15
5.375253785152168149e-15
4.958375949620088394e-15
5.362705734139698179e-15
4.970620807512234987e-15
5.350911267527896665e-15
4.982124593638241236e-15
5.339824307330097974e-15
4.992933368643285307e-15
5.329401655246290145e-15
5.003090210606938312e-15
5.319602808417964883e-15
5.012635419467777807e-15
5.310389786987649371e-15
5.021606706412397633e-15
5.301726973032255912e-15
5.030039369193103467e-15
5.293580959989231406e-15
5.037966454737514368e-15
5.285920411822995665e-15
5.045418909997038665e-15
5.278715931302417103e-15
5.052425721882360093e-15
5.271939936915038973e-15
5.059014047276249664e-15
5.265566547726280332e-15
5.065209333745784765e-15
5.259571475651075423e-15
5.071035431827786472e-15
5.253931924834331527e-15
5.076514699398847828e-15
5.248626497309982826e-15
5.081668098762018439e-15
5.243635104930649107e-15
5.086515287067597854e-15
5.238938886891080329e-15
5.091074700452032341e-15
5.234520132536326337e-15
5.095363632432002326e-15
5.230362209107163727e-15
5.099398306943146145e-15
5.226449494159548822e-15
5.103193946440740138e-15
5.222767312219871897e-15
5.106764835330591977e-15
5.219301875540488725e-15
5.110124379225607885e-15
5.216040228487312088e-15
5.113285160129266683e-15
5.212970195604306054e-15
5.116258987967220836e-15
5.210080332806377786e-15
5.119056948691480678e-15
5.207359881691325173e-15
5.121689449140793908e-15
5.204798726696171565e-15
5.124166258941407515e-15
5.202387354916941819e-15
5.126496549627033475e-15
5.200116818377458624e-15
5.128688931132705964e-15
5.197978698678106911e-15
5.130751485908396729e-15
5.195965073734558246e-15
5.132691800708165028e-15
5.194068486569258799e-15
5.134516996307000730e-15
5.192281915976163784e-15
5.136233755211919944e-15
5.190598748925625684e-15
5.137848347508709377e-15
5.189012754591558372e-15
5.139366654979887537e-15
5.187518059906506460e-15
5.140794193587157706e-15
5.186109126516893865e-15
5.142136134383921995e-15
5.184780729059690105e-15
5.143397323035240552e-15
5.183527934626716953e-15
5.144582297926399484e-15
5.182346083380261292e-15
5.145695307026885042e-15
5.181230770223678987e-15
5.146740323511691263e-15
5.180177827409772152e-15
5.147721060273484431e-15
5.179183308060359135e-15
5.148640983329886603e-15
5.178243470529329290e-15
5.149503324218387100e-15
5.177354763504077086e-15
5.150311091434563737e-15
5.176513811843109096e-15
5.151067080930156972e-15
5.175717403033029066e-15
5.151773885784334208e-15
5.174962474289823562e-15
5.152433905030985741e-15
5.174246100196794692e-15
5.153049351723675775e-15
5.173565480880622978e-15
5.153622260294271841e-15
5.172917930657425663e-15
5.154154493216952214e-15
5.172300867183050967e-15
5.154647747067325831e-15
5.171711801017197729e-15
5.155103558003444167e-15
