# k_h
7.432733400492001665e-05
7.791954118157903950e-05
8.168535814221301752e-05
8.563317537089227183e-05
8.977178886007035688e-05
9.411041970862625734e-05
9.865873466706843520e-05
1.034268676756823973e-04
1.084254424436048987e-04
1.136655961191365195e-04
1.191590041040287509e-04
1.249179060670359579e-04
1.309551332146894785e-04
1.372841368800570348e-04
1.439190184931837119e-04
1.508745609999915843e-04
1.581662617996403735e-04
1.658103672737365833e-04
1.738239089843237706e-04
1.822247416213058522e-04
1.910315827838524343e-04
2.002640546844219947e-04
2.099427278683220282e-04
2.200891670462161605e-04
2.307259791416960647e-04
2.418768636609713255e-04
2.535666654969043199e-04
2.658214302850392765e-04
2.786684624349677962e-04
2.921363859663179572e-04
3.062552082849278939e-04
3.210563870412852083e-04
3.365729002202128700e-04
3.528393196179533341e-04
3.698918878703700663e-04
3.877685992038872238e-04
4.065092840890868840e-04
4.261556979855768358e-04
4.467516143758587326e-04
4.683429222954822377e-04
4.909777285767877395e-04
5.147064650340445581e-04
5.395820008287988741e-04
5.656597602657902502e-04
5.929978462818909744e-04
6.216571699032137459e-04
6.517015859588191993e-04
6.831980353534171206e-04
7.162166942160279673e-04
7.508311302569535333e-04
7.871184666813891249e-04
8.251595540249304301e-04
8.650391502937922325e-04
9.068461098111432490e-04
9.506735811902890070e-04
9.966192148758152951e-04
1.044785380715103221e-03
1.095279396044977847e-03
1.148213764801685882e-03
1.203706428186951307e-03
1.261881027448611163e-03
1.322867179361318256e-03
1.386800765021122071e-03
1.453824232597332065e-03
1.524086914716285155e-03
1.597745361184085486e-03
1.674963687789735338e-03
1.755913941965716154e-03
1.840776486120836207e-03
1.929740399499333238e-03
2.023003899461693709e-03
2.120774783125761037e-03
2.223270890352174213e-03
2.330720589105681872e-03
2.443363284273760826e-03
2.561449951076208171e-03
2.685243694254183574e-03
2.815020334284613554e-03
2.951069021926077014e-03
3.093692882465421366e-03
3.243209691100520931e-03
3.399952580964029410e-03
3.564270785365527411e-03
3.736530415906004141e-03
3.917115278198162083e-03
4.106427727010233432e-03
4.304889562738401995e-03
4.512942971205464830e-03
4.731051508879421247e-03
4.959701135707350259e-03
5.199401297865623855e-03
5.450686062838983742e-03
5.714115309357485455e-03
5.990275974842568414e-03
6.279783363141639742e-03
6.583282515464896657e-03
6.901449647578918045e-03
7.234993656459182479e-03
7.584657699758438551e-03
7.951220851610088167e-03
8.335499838455807942e-03
8.738350858764959081e-03
9.160671490700197928e-03
9.603402691979798581e-03
1.006753089639235259e-02
1.055409021163514552e-02
1.106416472337307805e-02
1.159889091065172649e-02
1.215946017804626737e-02
1.274712151018802218e-02
1.336318425458310651e-02
1.400902103892346512e-02
1.468607082939026726e-02
1.539584213676374602e-02
1.613991637748291713e-02
1.691995139714380647e-02
1.773768516428682676e-02
1.859493964270320793e-02
1.949362485088835736e-02
2.043574311768674157e-02
2.142339354361018008e-02
2.245877667776983652e-02
2.354419942084205394e-02
2.468208016499251825e-02
2.587495418221057858e-02
2.712547927305946835e-02
2.843644168842805742e-02
2.981076233747828944e-02
3.125150329561995205e-02
3.276187462701300041e-02
3.434524153679838904e-02
3.600513186899307466e-02
3.774524396675495164e-02
3.956945491253090197e-02
4.148182916644759660e-02
4.348662762219188821e-02
4.558831710055784997e-02
4.779158030181282490e-02
5.010132623905690780e-02
5.252270117582186898e-02
5.506110009227987295e-02
5.772217870560847341e-02
6.051186607129485640e-02
6.343637779345540073e-02
6.650222987360419891e-02
6.971625322872643249e-02
7.308560891100378265e-02
7.661780406310245151e-02
8.032070864457321879e-02
8.420257296663095914e-02
8.827204607438239592e-02
9.253819501745864928e-02
9.701052505198910769e-02
1.016990008189275624e-01
1.066140685459176507e-01
1.117666793221645666e-01
1.171683134981710978e-01
1.228310062647015727e-01
1.287673744679670718e-01
1.349906447207753213e-01
1.415146828722807781e-01
1.483540249019945356e-01
1.555239093068880307e-01
1.630403110537511358e-01
1.709199771724528305e-01
1.791804640694082129e-01
1.878401766443890952e-01
1.969184092978324974e-01
2.064353889200144787e-01
2.164123199578715795e-01
2.268714316598817726e-01
2.378360276042697508e-01
2.493305376208884150e-01
2.613805722224618044e-01
2.740129796664664275e-01
2.872559057747865463e-01
3.011388566444296311e-01
3.156927643890203861e-01
3.309500560575534545e-01
3.469447258839585269e-01
3.637124110284550293e-01
3.812904709794531777e-01
3.997180707929134380e-01
4.190362683546277611e-01
4.392881058598481214e-01
4.605187057140848750e-01
4.827753710687486266e-01
5.061076912156350360e-01
5.305676520750780556e-01
5.562097520239478454e-01
5.830911233215630984e-01
6.112716594040653595e-01
6.408141483308733566e-01
6.717844126805462279e-01
7.042514562077489826e-01
7.382876175880903613e-01
7.739687315933736489e-01
8.113742980563839469e-01
8.505876590016555605e-01
8.916961843369124452e-01
9.347914665188665762e-01
9.799695246271583615e-01
1.027331018301071097e+00
1.076981472015731356e+00
1.129031510197480603e+00
1.183597103702245912e+00
1.240799828206135880e+00
1.300767135083900738e+00
1.363632635378870139e+00
1.429536397496989242e+00
1.498625259288319800e+00
1.571053155211257213e+00
1.646981459308497042e+00
1.726579344758827572e+00
1.810024160805954407e+00
1.897501827904073624e+00
1.989207251960712686e+00
2.085344758599685377e+00
2.186128548411845340e+00
2.291783174207842055e+00
2.402544041336358571e+00
2.518657932182444270e+00
2.640383556014663125e+00
2.767992125406113502e+00
2.901767960513570888e+00
3.042009122561251555e+00
3.189028077940478934e+00
3.343152394405087158e+00
3.504725470913539809e+00
3.674107302744100689e+00
3.851675283587574494e+00
4.037825046404947216e+00
4.232971344923183388e+00
4.437548977733457356e+00
4.652013757050500686e+00
4.876843524291811782e+00
5.112539214739201476e+00
5.359625973655123055e+00
5.618654326340255523e+00
5.890201404739554114e+00
6.174872233329637972e+00
6.473301077152424199e+00
6.786152854998812600e+00
7.114124620890714290e+00
7.457947117162660788e+00
7.818386402602935270e+00
8.196245559282287374e+00
8.592366481872668160e+00
9.007631753443209988e+00
9.442966611912330777e+00
9.899341011537881485e+00
1.037777178403788625e+01
1.087932490415763809e+01
1.140511786473028089e+01
1.195632216652340496e+01
1.253416592841842814e+01
1.313993662373920124e+01
1.377498394882577415e+01
1.444072283024532410e+01
1.513863657734026802e+01
1.587028018713733779e+01
1.663728380898190196e+01
1.744135637661602800e+01
1.828428941579378630e+01
1.916796103591640232e+01
2.009434011458188607e+01
2.106549068437155725e+01
2.208357653164860679e+01
2.315086601761392515e+01
2.426973713236209207e+01
2.544268279319696902e+01
2.667231639901325480e+01
2.796137765311809531e+01
2.931273866746788315e+01
3.072941036191926756e+01
3.221454917275405450e+01
3.377146408542321865e+01
3.540362400718100133e+01
3.711466549603508724e+01
3.890840086323291303e+01
4.078882666733856865e+01
4.276013261882351912e+01
4.482671091501347860e+01
4.699316602618785055e+01
4.926432495463841832e+01
5.164524798954226981e+01
5.414123998161464613e+01
5.675786216265900208e+01
5.950094453635252734e+01
6.237659886787098173e+01
6.539123230129824549e+01
6.855156163515734136e+01
7.186462828787350077e+01
7.533781398650953065e+01
7.897885721373219781e+01
8.279587044965315101e+01
8.679735824695897861e+01
9.099223617960663546e+01
9.538985070729823690e+01
1.000000000000000000e+02
