# k_h
1.049778529704780910e-05
1.124378375130556360e-05
1.204279469134083890e-05
1.289858531483644370e-05
1.381519052581230261e-05
1.479693195849626627e-05
1.584843835307833812e-05
1.697466737941597938e-05
1.818092901158566924e-05
1.947291056348754860e-05
2.085670350354194548e-05
2.233883217490371928e-05
2.392628455660636742e-05
2.562654521066819261e-05
2.744763057050134201e-05
2.939812673700135495e-05
3.148722996052064923e-05
3.372478999959033967e-05
3.612135656081892442e-05
3.868822903892545940e-05
4.143750979142139438e-05
4.438216119912212140e-05
4.753606678151906954e-05
5.091409665516092648e-05
5.453217764366821387e-05
5.840736836993761969e-05
6.255793968458328287e-05
6.700346080982224814e-05
7.176489160495439022e-05
7.686468138845524987e-05
8.232687478261125507e-05
8.817722507973260900e-05
9.444331566445009478e-05
1.011546900645792640e-04
1.083429912437165168e-04
1.160421107923134318e-04
1.242883487206331938e-04
1.331205846069887400e-04
1.425804609081957855e-04
1.527125792965173287e-04
1.635647109487961938e-04
1.751880217792465687e-04
1.876373136778477677e-04
2.009712828917272528e-04
2.152527967677624499e-04
2.305491901611925426e-04
2.469325829077549423e-04
2.644802198561753545e-04
2.832748350641991304e-04
3.034050418752906424e-04
3.249657507151473574e-04
3.480586165778535462e-04
3.727925183115069320e-04
3.992840719630609114e-04
4.276581806027138590e-04
4.580486232201702568e-04
4.905986854693228719e-04
5.254618352351996501e-04
5.628024462083673976e-04
6.027965728783043174e-04
6.456327805997121895e-04
6.915130346453882745e-04
7.406536524373741716e-04
7.932863234459939811e-04
8.496592015654343783e-04
9.100380751162140880e-04
9.747076199909150565e-04
1.043972741851519450e-03
1.118160013706609619e-03
1.197619215646332416e-03
1.282724983994708474e-03
1.373878577654789488e-03
1.471509769974614201e-03
1.576078875053849981e-03
1.688078918044738945e-03
1.808037959679989525e-03
1.936521585987331651e-03
2.074135574929324155e-03
2.221528752541120956e-03
2.379396052032463609e-03
2.548481790276926808e-03
2.729583177136617276e-03
2.923554074168066303e-03
3.131309020431031088e-03
3.353827544381208278e-03
3.592158782176577657e-03
3.847426424172051794e-03
4.120834012924123879e-03
4.413670617684814501e-03
4.727316912139098264e-03
5.063251684041330039e-03
5.423058807442394762e-03
5.808434710380578486e-03
6.221196373244792729e-03
6.663289895521323086e-03
7.136799671314513621e-03
7.643958216902706909e-03
8.187156696664338318e-03
8.768956197002292577e-03
9.392099801421161312e-03
1.005952552368898426e-02
1.077438016006155436e-02
1.154003412587963247e-02
1.236009734649140719e-02
1.323843627742296233e-02
1.417919213404394280e-02
1.518680041667809164e-02
1.626601182321629757e-02
1.742191464783112570e-02
1.865995877139951450e-02
1.998598135674349921e-02
2.140623436983835753e-02
2.292741405674522323e-02
2.455669251524725608e-02
2.630175151004393239e-02
2.817081869093608637e-02
3.017270638476460265e-02
3.231685314399934672e-02
3.461336824787352578e-02
3.707307936587758007e-02
3.970758360833884920e-02
4.252930220478044754e-02
4.555153906785952556e-02
4.878854351900228231e-02
5.225557747147781262e-02
5.596898738766568904e-02
5.994628134978477463e-02
6.420621160745688949e-02
6.876886299130442748e-02
7.365574760943467691e-02
7.888990627329013627e-02
8.449601713106930090e-02
9.050051202090478308e-02
9.693170109238608001e-02
1.038199062839925135e-01
1.111976042857628910e-01
1.190995796612424884e-01
1.275630888506541494e-01
1.366280358285368313e-01
1.463371602440479979e-01
1.567362389309809867e-01
1.678743017375775859e-01
1.798038626937398243e-01
1.925811676055504962e-01
2.062664592444731215e-01
2.209242613815461387e-01
2.366236830057448781e-01
2.534387441608537128e-01
2.714487249371028699e-01
2.907385392630130738e-01
3.113991352598046158e-01
3.335279240459824157e-01
3.572292390138232521e-01
3.826148277431847267e-01
4.098043788719146208e-01
4.389260864069771118e-01
4.701172541369068036e-01
5.035249429953050360e-01
5.393066644275725796e-01
5.776311230299993049e-01
6.186790119626037754e-01
6.626438648859742653e-01
7.097329684388287152e-01
7.601683395584900582e-01
8.141877722521465577e-01
8.720459587542528368e-01
9.340156903561495083e-01
1.000389143569573314e+00
1.071479257688122688e+00
1.147621210241616785e+00
1.229173997299893850e+00
1.316522126076866250e+00
1.410077427815195072e+00
1.510280999498995635e+00
1.617605283549455431e+00
1.732556295308709027e+00
1.855676008814217903e+00
1.987544912112125584e+00
2.128784744157506292e+00
2.280061426205445052e+00
2.442088201513977541e+00
2.615628998162089491e+00
2.801502030837790702e+00
3.000583658578141133e+00
3.213812516649743767e+00
3.442193942050884026e+00
3.686804713500695829e+00
3.948798128263639740e+00
4.229409439745594135e+00
4.529961681498970272e+00
4.851871905095885396e+00
5.196657861280006507e+00
5.565945155897422225e+00
5.961474914345670228e+00
6.385111990677285299e+00
6.838853760062433729e+00
7.324839536065691270e+00
7.845360657137554483e+00
8.402871289876944871e+00
9.000000000000001776e+00
9.183537088922086866e+00
9.370817051511945550e+00
9.561916216229271015e+00
9.756912468100779279e+00
9.955885280463313336e+00
1.015891574735424996e+01
1.036608661656248742e+01
1.057748232335337946e+01
1.079318902488150123e+01
1.101329463530511710e+01
1.123788886161679201e+01
1.146706324020468948e+01
1.170091117415941895e+01
1.193952797134176613e+01
1.218301088322663617e+01
1.243145914453924661e+01
1.268497401369952726e+01
1.294365881409138375e+01
1.320761897617349767e+01
1.347696208044893318e+01
1.375179790131103630e+01
1.403223845178341556e+01
1.431839802917240156e+01
1.461039326165039753e+01
1.490834315578930536e+01
1.521236914506320126e+01
1.552259513934019886e+01
1.583914757538359375e+01
1.616215546838283856e+01
1.649175046453541071e+01
1.682806689470098860e+01
1.717124182914982811e+01
1.752141513342751722e+01
1.787872952535914806e+01
1.824333063321577697e+01
1.861536705506728140e+01
1.899499041934540600e+01
1.938235544664201626e+01
1.977762001276754944e+01
2.018094521309537726e+01
2.059249542821844514e+01
2.101243839094471966e+01
2.144094525465901668e+01
2.187819066307878302e+01
2.232435282143253374e+01
2.277961356908977564e+01
2.324415845367208178e+01
2.371817680667548700e+01
2.420186182063509150e+01
2.469541062786329633e+01
2.519902438079370199e+01
2.571290833396341569e+01
2.623727192766741112e+01
2.677232887331865996e+01
2.731829724054905739e+01
2.787539954608666903e+01
2.844386284444540891e+01
2.902391882046413940e+01
2.961580388373290518e+01
3.021975926494486231e+01
3.083603111421310672e+01
3.146487060139238423e+01
3.210653401844678001e+01
3.276128288390494703e+01
3.342938404944548125e+01
3.411110980865588260e+01
3.480673800800945372e+01
3.551655216010541238e+01
3.624084155921822514e+01
3.697990139920325703e+01
3.773403289380718206e+01
3.850354339943158521e+01
3.928874654040011904e+01
4.008996233678040255e+01
4.090751733481246077e+01
4.174174473999703849e+01
4.259298455289791008e+01
4.346158370771369306e+01
4.434789621367561807e+01
4.525228329932858884e+01
4.617511355975481990e+01
4.711676310679970214e+01
4.807761572236120884e+01
4.905806301480529896e+01
5.005850457857123104e+01
5.107934815703163167e+01
5.212100980867379718e+01
5.318391407666971560e+01
5.426849416190460573e+01
5.537519209953359933e+01
5.650445893913914119e+01
5.765675492856212259e+01
5.883254970148236396e+01
6.003232246882394207e+01
6.125656221406389790e+01
6.250576789252430387e+01
6.378044863472804593e+01
6.508112395390163840e+01
6.640832395771010965e+01
6.776258956430928038e+01
6.914447272280429502e+01
7.055453663820388499e+01
7.199335600096192422e+01
7.346151722120053762e+01
7.495961866770932147e+01
7.648827091181829019e+01
7.804809697624480691e+01
7.963973258901468455e+01
8.126382644256135279e+01
8.292104045810998514e+01
8.461205005545134838e+01
8.633754442821870612e+01
8.809822682477835087e+01
8.989481483484691182e+01
9.172804068195550542e+01
9.359865152187695969e+01
9.550740974713892228e+01
9.745509329774760943e+01
9.944249597824753550e+01
1.014704277812467836e+02
1.035397152175410440e+02
1.056512016529687799e+02
1.078057476521359774e+02
1.100042313291518070e+02
1.122475487055144328e+02
1.145366140752977344e+02
1.168723603777836075e+02
1.192557395776937028e+02
1.216877230531758869e+02
1.241693019917022553e+02
1.267014877940404602e+02
1.292853124864643348e+02
1.319218291413696988e+02
1.346121123064677079e+02
1.373572584427324159e+02
1.401583863712765492e+02
1.430166377293432447e+02
1.459331774355953257e+02
1.489091941648929662e+02
1.519459008327548872e+02
1.550445350896980301e+02
1.582063598256580974e+02
1.614326636846981842e+02
1.647247615902124096e+02
1.680839952808402131e+02
1.715117338573112704e+02
1.750093743404391660e+02
1.785783422404966814e+02
1.822200921382026024e+02
1.859361082775536147e+02
1.897279051707494943e+02
1.935970282154523545e+02
1.975450543246334689e+02
2.015735925692665376e+02
2.056842848341254921e+02
2.098788064869561083e+02
2.141588670612957230e+02
2.185262109532160650e+02
2.229826181322742968e+02
2.275299048669657793e+02
2.321699244649659022e+02
2.369045680284724824e+02
2.417357652249492617e+02
2.466654850735869218e+02
2.516957367478046024e+02
2.568285703941148768e+02
2.620660779676877610e+02
2.674103940849562377e+02
2.728636968936075391e+02
2.784282089603150325e+02
2.841061981765780615e+02
2.898999786830279959e+02
2.958119118125898126e+02
3.018444070528743168e+02
3.079999230281961218e+02
3.142809685016205776e+02
3.206901033974430106e+02
3.272299398445194925e+02
3.339031432408762043e+02
3.407124333400279852e+02
3.476605853594484756e+02
3.547504311116510394e+02
3.619848601583275354e+02
3.693668209880300992e+02
3.768993222178689280e+02
3.845854338197103743e+02
3.924282883713887600e+02
4.004310823334291172e+02
4.085970773518063766e+02
4.169296015872753856e+02
4.254320510718059722e+02
4.341078910926799495e+02
4.429606576048196871e+02
4.519939586719088993e+02
4.612114759369096078e+02
4.706169661225674190e+02
4.802142625625094183e+02
4.900072767635746231e+02
4.999999999999998295e+02
