# lsst_theory
2.519337766467456022e-09
1.700072218032239136e-09
1.125426792626978264e-09
7.478846288078801780e-10
5.031370221345985517e-10
3.393011108844125557e-10
2.325359782894295114e-10
1.604239908724933756e-10
1.099472002793788220e-10
7.376211830104352445e-11
4.776182528954812259e-11
2.959878118066126116e-11
1.757743724999877326e-11
1.003946265707155578e-11
5.544824532985782561e-12
4.221964405455868175e-09
2.845479722226531955e-09
1.874871595087159536e-09
1.216298659843109744e-09
7.976578994327619978e-10
5.356032482052313729e-10
3.651807062275972525e-10
2.545238841033377191e-10
1.780831408310340824e-10
1.226331951671722293e-10
8.142937891626968328e-11
5.130925577774108531e-11
3.052748577544936950e-11
1.720259150469678581e-11
9.283378847887530676e-12
4.295060869082757412e-09
2.840542249044849676e-09
1.842753935489862070e-09
1.170833448626139280e-09
7.517610680248055114e-10
5.063209257583565491e-10
3.469321642504517229e-10
2.454981980682735093e-10
1.743817718340813840e-10
1.214660176283211101e-10
8.101253515864478509e-11
5.075086201348155688e-11
2.962502721986188992e-11
1.614718674006768708e-11
8.336899632310080966e-12
4.362141430805789261e-09
2.857870945063120651e-09
1.839142217007650646e-09
1.155371488687901433e-09
7.331309270865277494e-10
4.944604127243299281e-10
3.397392329239879156e-10
2.423930942608784109e-10
1.736023397461414305e-10
1.216859236140682818e-10
8.137424440837846732e-11
5.084103113506057991e-11
2.938681211708997117e-11
1.572750771690753555e-11
7.912567023676565524e-12
4.420319015087112613e-09
2.873111249099457362e-09
1.836232705753117684e-09
1.142152940177939678e-09
7.171759628259029100e-10
4.843171361496202633e-10
3.335882724678260763e-10
2.397525814943226005e-10
1.729544486493321183e-10
1.218917177515111716e-10
8.169704129033036946e-11
5.092558498949600463e-11
2.918474829294017568e-11
1.536648498651368064e-11
7.546548123293133119e-12
1.422589475010960127e-08
1.032711433256590597e-08
7.259905314143957735e-09
4.982511744512375179e-09
3.311933099900167069e-09
2.164014460365102086e-09
1.419053718764750101e-09
9.428389581457267390e-10
6.384471830232244257e-10
4.386957920226163024e-10
3.013540938185031285e-10
2.031772549054880898e-10
1.324517085746606949e-10
8.251710778493110287e-11
4.894591981198906513e-11
1.787785528292747676e-08
1.312410254850928424e-08
9.292377296396239686e-09
6.434488066041534274e-09
4.302718272585646398e-09
2.789778655666218464e-09
1.825965355742791792e-09
1.201680949271768411e-09
8.089803868342992619e-10
5.546195759420028590e-10
3.821318695185685888e-10
2.598072173926001798e-10
1.714486762903418924e-10
1.082414234425847251e-10
6.494327193585613657e-11
1.980271292770232985e-08
1.455394565876062937e-08
1.030332321619249903e-08
7.143572301589753748e-09
4.776656202450884822e-09
3.078676967610616741e-09
2.012613985514922010e-09
1.320114577590908468e-09
8.884890008440891059e-10
6.098773412545678852e-10
4.214939536795667788e-10
2.878237713769359495e-10
1.908185815477282876e-10
1.209053201559220062e-10
7.264824127149556792e-11
2.148516108217162097e-08
1.580883593714804449e-08
1.119402098110497392e-08
7.769784301044668058e-09
5.196286094028182855e-09
3.336025470274611546e-09
2.178910794528538692e-09
1.425763371819936692e-09
9.592012486027334802e-10
6.588630395046445805e-10
4.562760606381392115e-10
3.125237074167510907e-10
2.078824829800672501e-10
1.320737893221577929e-10
7.946424400680010658e-11
2.699675578586376628e-08
2.082472379666729675e-08
1.526033234455573698e-08
1.085734030766450351e-08
7.498877000103184510e-09
4.954801125501655510e-09
3.210509861738512902e-09
2.086844607749672787e-09
1.371310315571742638e-09
9.185269705134896090e-10
6.241929367365898407e-10
4.248750357233549641e-10
2.854306578752971156e-10
1.861303004011652778e-10
1.163773232759239444e-10
3.241759507166167347e-08
2.543653139378653778e-08
1.885536858266487265e-08
1.352023849370535693e-08
9.422001046236651906e-09
6.273204654355997670e-09
4.045439184405465206e-09
2.625957815031315594e-09
1.710958085790033693e-09
1.137775287941165738e-09
7.697011684390344765e-10
5.238882652750635710e-10
3.537405559218356673e-10
2.328774510551333294e-10
1.473767314970432327e-10
3.692319681028001108e-08
2.923424679996170635e-08
2.178531538352311887e-08
1.567254410499663350e-08
1.096887069449640736e-08
7.326305900472393377e-09
4.704584585912248648e-09
3.052022261611257784e-09
1.978741519255522024e-09
1.311558715256905063e-09
8.859155725437062096e-10
6.035804329144985625e-10
4.090410233836731928e-10
2.708150193569686062e-10
1.724954664027361509e-10
4.268806303948270878e-08
3.487740194932132823e-08
2.675626285716528008e-08
1.964515633182354076e-08
1.395546706435994548e-08
9.529657245664169765e-09
6.221241393049950683e-09
4.009308829951275797e-09
2.582330018729735750e-09
1.686398088336391991e-09
1.119964473363046488e-09
7.529602720255160457e-10
5.074478518069754044e-10
3.374286385732307301e-10
2.180533506560940912e-10
5.163751280856326398e-08
4.313918100991159060e-08
3.371025764050643720e-08
2.506236489281175932e-08
1.796920679766166964e-08
1.241237019674633250e-08
8.167606807978593241e-09
5.236508508394852221e-09
3.362098242532704839e-09
2.175781709768297689e-09
1.431253417085468330e-09
9.558457833662979242e-10
6.431812820349150343e-10
4.295630630352798008e-10
2.803118159647371878e-10
6.827588006709742063e-08
5.964458341631137164e-08
4.872137145945547852e-08
3.757434237117460799e-08
2.764019273681378059e-08
1.952795672574809329e-08
1.325715245217730215e-08
8.575062902353318145e-09
5.477317735281412433e-09
3.488432546197385899e-09
2.243709744975380107e-09
1.463363940850032899e-09
9.672967475807018051e-10
6.416115908159378532e-10
4.213180113910869298e-10
5.012517711474766258e-07
3.481401351243436485e-07
2.337519300036357815e-07
1.530215688361836198e-07
1.005304987330655319e-07
6.626000826333437900e-08
4.458069876368711248e-08
3.072125161123864001e-08
2.151595003290557846e-08
1.502203625637791284e-08
1.021845403934421226e-08
6.644502668573605680e-09
4.098690338248575647e-09
2.399990261115768648e-09
1.344195880046645770e-09
1.575502456419410489e-06
1.135747867501106472e-06
7.955858318366483335e-07
5.365397982123901439e-07
3.497899657915948423e-07
2.281832618915842264e-07
1.490971980579061421e-07
9.963044703609999462e-08
6.840974596988995757e-08
4.782235438252384764e-08
3.334369924751724543e-08
2.263995070272125753e-08
1.470465805665809025e-08
9.045020686439307820e-09
5.276301895674291923e-09
1.884558278953522971e-06
1.364512339771263940e-06
9.605923339233559033e-07
6.506657975413123821e-07
4.240613131809619702e-07
2.764282651310912134e-07
1.800457760970681802e-07
1.198611943386047619e-07
8.205400561803381109e-08
5.731816983892745910e-08
4.004992028805431820e-08
2.731801160681161784e-08
1.784607753372645282e-08
1.103956695270634473e-08
6.469931733459878400e-09
2.067306751107793116e-06
1.499737818143684085e-06
1.058108183962526118e-06
7.180828095904918210e-07
4.679210460838661678e-07
3.049204267881677211e-07
1.983248191492465462e-07
1.318124083676500057e-07
9.011667500320165006e-08
6.293093356797000647e-08
4.401425026076541235e-08
3.008307467107200615e-08
1.970227319544410201e-08
1.221759764431773795e-08
7.174626310924707244e-09
2.225198399723623327e-06
1.616570380708805460e-06
1.142359633207358389e-06
7.763304341003838367e-07
5.058154170885488348e-07
3.295373241633572973e-07
2.141177094342642251e-07
1.421381356231245112e-07
9.708273310183999625e-08
6.778030529064214725e-08
4.743938429299509764e-08
3.247203811360753311e-08
2.130598401619392714e-08
1.323539215838842453e-08
7.783471266156653636e-09
-7.568286751283909968e-08
-6.290695931761603936e-08
-4.742043335189799779e-08
-3.570487107322374472e-08
-2.601516309896825338e-08
-1.635113472005474933e-08
-1.066784201502649441e-08
-6.692290657782476326e-09
-4.225481384825151016e-09
-2.746938643915463740e-09
-1.856952318536521743e-09
-1.300319986713715930e-09
-9.237185136671030742e-10
-6.421731941882820104e-10
-4.229621475685684725e-10
6.209132651509379934e-07
4.968262790106479297e-07
3.719668216821696016e-07
2.774879734471696943e-07
1.935625623091787488e-07
1.235487319665563838e-07
7.928318202145843596e-08
5.006757468098807797e-08
3.202378019182791431e-08
2.117919506442310901e-08
1.455703782500998918e-08
1.027957738168934072e-08
7.263773153337745946e-09
4.960692572355825100e-09
3.193102221085125337e-09
1.090557056728856241e-06
8.838703739903005393e-07
6.643469486857336109e-07
4.963416089513937253e-07
3.508843847317808771e-07
2.237670752384087540e-07
1.444338889900941110e-07
9.092777182042217153e-08
5.792527778508548697e-08
3.809064330681172700e-08
2.602704495807315936e-08
1.831115450013844582e-08
1.294500795669422165e-08
8.884326778373240752e-09
5.762572869314339289e-09
1.346745460728410755e-06
1.094449107006589069e-06
8.232942324981651247e-07
6.152913063081318178e-07
4.361732267117941019e-07
2.781092228123199261e-07
1.797130988474964868e-07
1.130689089846252326e-07
7.197175532163126332e-08
4.727177940266221185e-08
3.226119515305942212e-08
2.267978774738451737e-08
1.603506697965327517e-08
1.101639392006129774e-08
7.156736909704794467e-09
1.568061865111784330e-06
1.276362727580967796e-06
9.606038312840078039e-07
7.180473064727048638e-07
5.098510088681264298e-07
3.250526595970325224e-07
2.101891717327313719e-07
1.321956114217483120e-07
8.410587698306884638e-08
5.520298953003980148e-08
3.764665960820415291e-08
2.645372134141866242e-08
1.870448416614209671e-08
1.285822011646321269e-08
8.361101756562675354e-09
-3.503328775478187654e-08
-3.098158778493850686e-08
-2.418154384664878901e-08
-1.811960168666429000e-08
-1.364888300624270173e-08
-9.020833294064357043e-09
-5.890100118662011656e-09
-3.653970751267001415e-09
-2.289811850391179239e-09
-1.458824823078314082e-09
-9.604979506372532336e-10
-6.568865882364543481e-10
-4.619741115738783767e-10
-3.245185470297076253e-10
-2.198656553998021538e-10
1.076126655159600626e-07
9.327169176141646543e-08
7.162138877835655599e-08
5.354405323712633748e-08
4.020285322968364654e-08
2.578480939667517836e-08
1.712094392058198930e-08
1.051829220718595534e-08
6.602635034946250807e-09
4.234914660845328424e-09
2.815252631984954404e-09
1.943979996009041874e-09
1.375203457289378013e-09
9.652430601909063078e-10
6.487808399141848982e-10
5.910000289772202507e-07
5.341629491456683492e-07
4.243643238673537783e-07
3.187242075822516645e-07
2.406151126645335547e-07
1.642229598527404250e-07
1.051637754423786986e-07
6.589437633881384897e-08
4.126406089552746024e-08
2.612875280290357189e-08
1.703849000850441672e-08
1.153740668164479929e-08
8.063326763545295847e-09
5.667819130305010886e-09
3.871387755970974211e-09
8.542923632356517169e-07
7.751460522829689070e-07
6.178385243359720434e-07
4.643201190154495364e-07
3.506071487704039593e-07
2.405982701142242408e-07
1.536100059378565070e-07
9.647135724574584614e-08
6.038690621560858373e-08
3.819125064454061688e-08
2.486171322274806484e-08
1.680434505832454164e-08
1.173005462874299337e-08
8.245117211137085007e-09
5.639369059867996126e-09
1.079852552387703568e-06
9.814983140870236019e-07
7.834362294532648118e-07
5.889211370128776575e-07
4.447400839508538623e-07
3.059198141766146704e-07
1.950567827460233163e-07
1.226193076851944876e-07
7.674173135106614924e-08
4.850961662025410210e-08
3.155523862960085703e-08
2.131181197144709720e-08
1.486863642733454125e-08
1.045128372321920449e-08
7.152553731896146063e-09
-2.789675524721404792e-09
-2.634710711039944652e-09
-2.173164053915292358e-09
-1.644677151791473518e-09
-1.242042815452914485e-09
-8.991667852765592112e-10
-5.568743636454012398e-10
-3.587927433699670201e-10
-2.235713504883942400e-10
-1.397848393057938763e-10
-8.950651957767574302e-11
-5.941869086653626983e-11
-4.095364877975958612e-11
-2.875974671065221082e-11
-1.992211987477209625e-11
-3.520355220650900646e-08
-3.506800301340684184e-08
-3.062333652501145891e-08
-2.380120004122177497e-08
-1.782589231905265687e-08
-1.357832901114269183e-08
-8.522962647512421523e-09
-5.711985937034220788e-09
-3.490691235527325045e-09
-2.141436889913834251e-09
-1.339138197955029236e-09
-8.641911050116145996e-10
-5.806422922939595453e-10
-4.028228346328985622e-10
-2.813840674012410851e-10
2.546883152079347186e-07
2.479014848057169296e-07
2.112104200636841836e-07
1.622143212152469263e-07
1.219101761790179129e-07
9.105748684737658664e-08
5.663771977699661077e-08
3.744014354598352033e-08
2.306105751020816047e-08
1.424833856552375727e-08
8.996707679313348327e-09
5.874957272361647576e-09
3.990773217089715702e-09
2.784032638489715982e-09
1.938703272094603522e-09
5.203715354521442846e-07
5.104571467860853298e-07
4.388714012262768166e-07
3.388901503016522560e-07
2.544453824778899362e-07
1.910448351903619048e-07
1.198749513322385495e-07
7.931361105536576243e-08
4.872205225460775541e-08
3.006390405497609069e-08
1.891623756396727971e-08
1.229525869844250162e-08
8.314567532421879907e-09
5.784880360120911404e-09
4.030395800143419020e-09
7.341848685287854673e-07
7.215034962654186986e-07
6.216213262298549596e-07
4.806009510747959318e-07
3.607672101322587531e-07
2.711969771790611627e-07
1.705014057255965990e-07
1.128317969305149018e-07
6.927163686278298520e-08
4.273132218821274319e-08
2.686536125903493271e-08
1.744368228383278160e-08
1.178407138826134867e-08
8.193779507181406359e-09
5.709358784783782934e-09
-5.226674296200841318e-11
-5.214981571119629911e-11
-4.568665465507430601e-11
-3.563393503108362571e-11
-2.668736907982790536e-11
-2.028867464401003711e-11
-1.288823883615534860e-11
-8.590128272071842110e-12
-5.244197270031917549e-12
-3.221506305522043661e-12
-2.012156730458368476e-12
-1.296080744672462784e-12
-8.689560732239693331e-13
-6.016785001711338535e-13
-4.199033765366267643e-13
-1.636076568488865080e-08
-1.677356450641376358e-08
-1.519935791214695464e-08
-1.216031484159507700e-08
-9.111912140595424707e-09
-6.956070661498962518e-09
-4.677891589952989789e-09
-3.028594158736308015e-09
-1.848374690759739651e-09
-1.141066375819151535e-09
-7.067246344127727834e-10
-4.478826230406027072e-10
-2.949106705067220592e-10
-2.014713909979833967e-10
-1.402174160593811921e-10
4.711987114204516505e-08
4.781181188612643694e-08
4.273074606943590871e-08
3.376264522007801145e-08
2.523028909958466214e-08
1.929769940690952762e-08
1.262541460460992259e-08
8.331802979010055216e-09
5.037546934333107071e-09
3.107611804680571241e-09
1.930934542122977685e-09
1.232337373987347396e-09
8.183482433388492876e-10
5.630743570992332927e-10
3.930754697841187689e-10
2.926811473739875217e-07
3.033447462264857832e-07
2.788540446290195748e-07
2.260277515692966018e-07
1.698732391991589611e-07
1.293424774804434447e-07
8.945202900127296995e-08
5.674466744540301019e-08
3.498254111814915719e-08
2.161347945754273361e-08
1.335163039247551088e-08
8.403577113216401853e-09
5.486067281776173228e-09
3.720203092147086193e-09
2.580542063499848671e-09
4.898851736807681762e-07
5.088375730087120841e-07
4.690972310872349166e-07
3.812353479379607697e-07
2.867207383261696698e-07
2.181852889712104163e-07
1.516976775118647951e-07
9.587563662828884010e-08
5.924660506839966169e-08
3.660419496743738075e-08
2.259615542096358490e-08
1.420267116754988251e-08
9.256067241737494094e-09
6.267197274137092205e-09
4.344092516513120316e-09
-2.300583535944653769e-13
-2.388118709180221976e-13
-2.198110834967667021e-13
-1.781170277108797340e-13
-1.336473407665552412e-13
-1.019178091327295514e-13
-7.056003717300012870e-14
-4.476904161259325908e-14
-2.740102220901365495e-14
-1.697220523578755199e-14
-1.049800002262915171e-14
-6.607384126617895085e-15
-4.313820068285908931e-15
-2.926962570868168709e-15
-2.032539163335442198e-15
-1.353269842310598483e-09
-1.434332848834754628e-09
-1.357675826984509193e-09
-1.130741086078280531e-09
-8.564262534708691366e-10
-6.477135678578063311e-10
-4.718647703502490674e-10
-2.886023821753014492e-10
-1.826500144910629106e-10
-1.127272848680009973e-10
-6.914028963901602114e-11
-4.293712990303315173e-11
-2.755705310565675032e-11
-1.839814168991746236e-11
-1.266043939389995958e-11
-1.507016690710150823e-08
-1.642743327192964868e-08
-1.615312888468070325e-08
-1.401072512893227370e-08
-1.083134767711695279e-08
-8.089930441419965016e-09
-6.199911479147120874e-09
-3.743320747838719836e-09
-2.492280083910502906e-09
-1.522128886398187413e-09
-9.130724137489913108e-10
-5.561300456814174460e-10
-3.485464669629791281e-10
-2.269021104398613585e-10
-1.533622887130947543e-10
1.338250367385755338e-07
1.441834057150024028e-07
1.395767551797862017e-07
1.190819372844646237e-07
9.128830579425999996e-08
6.852328463972562581e-08
5.151022755199808281e-08
3.121263376426735466e-08
2.038348248749916142e-08
1.250007922192334336e-08
7.564386646036672395e-09
4.642464204505035935e-09
2.937051329512678780e-09
1.931522216036803077e-09
1.315191325112767561e-09
3.182827587400110897e-07
3.442644487559977921e-07
3.350851225269549774e-07
2.876523450315200494e-07
2.213383457437901136e-07
1.658655540176813177e-07
1.253937140613610379e-07
7.617285977354517073e-08
5.002390622136594785e-08
3.061801473754726953e-08
1.847663333513650278e-08
1.130509335246925502e-08
7.125320554808828273e-09
4.666980886911255048e-09
3.167801815827659219e-09
-1.073315773527460103e-17
-1.132111644565234412e-17
-1.064092204747461242e-17
-8.790484847454779681e-18
-6.628184087074345013e-18
-5.027673053644429654e-18
-3.623520470987614156e-18
-2.225304941641639365e-18
-1.386418524340181142e-18
-8.584004432069128869e-19
-5.304441167380837244e-19
-3.307752324482731389e-19
-2.132898444426878382e-19
-1.431470872763450841e-19
-9.887778186477496476e-20
-2.150939407238862496e-11
-2.347953006252012603e-11
-2.313932742311964948e-11
-2.013499766796085738e-11
-1.561104265266317342e-11
-1.165279721261466649e-11
-8.930660401561962630e-12
-5.433661355943685758e-12
-3.620748721404325007e-12
-2.208049751222308317e-12
-1.322660439000992519e-12
-8.041348680980464840e-13
-5.028966401592440889e-13
-3.265932913259196569e-13
-2.202426284456847121e-13
-6.482762877440187091e-09
-7.182151403708594473e-09
-7.226176109388812997e-09
-6.445476491196525685e-09
-5.088685470290645227e-09
-3.783512253849820363e-09
-2.928392626782051510e-09
-1.845648344147727795e-09
-1.229636196515434186e-09
-7.435738476454083985e-10
-4.451062786220079855e-10
-2.677459731013647298e-10
-1.649436769617741463e-10
-1.053320737836733689e-10
-6.997648127472591791e-11
3.068574281229406618e-08
3.394844699741385707e-08
3.408820423641914390e-08
3.032861619400018096e-08
2.389239065742913681e-08
1.776339683170569299e-08
1.374816985105556234e-08
8.619017077508073841e-09
5.756701642115397835e-09
3.481780700198961093e-09
2.083241719688440918e-09
1.253729462115685070e-09
7.734670339301993973e-10
4.948635341666497731e-10
3.293509028036245468e-10
1.950830481569569680e-07
2.177877411572686648e-07
2.215079374268984748e-07
2.002879352572324470e-07
1.599914657511858612e-07
1.189859872561179445e-07
9.204151773265478576e-08
5.975545637410686583e-08
3.923640651966003866e-08
2.366359608863704438e-08
1.423104106337096021e-08
8.536825963681066608e-09
5.219181708297607013e-09
3.300396643473041281e-09
2.171569353909620339e-09
0.000000000000000000e+00
0.000000000000000000e+00
0.000000000000000000e+00
0.000000000000000000e+00
0.000000000000000000e+00
0.000000000000000000e+00
0.000000000000000000e+00
0.000000000000000000e+00
0.000000000000000000e+00
0.000000000000000000e+00
0.000000000000000000e+00
0.000000000000000000e+00
0.000000000000000000e+00
0.000000000000000000e+00
0.000000000000000000e+00
-3.549442782481904082e-14
-3.964489695828192792e-14
-4.034110486071505648e-14
-3.647734509611067700e-14
-2.910749810401413538e-14
-2.161514369069662310e-14
-1.676704987064168490e-14
-1.083083318511882803e-14
-7.165923204162104002e-15
-4.310798976891156703e-15
-2.590632107893174258e-15
-1.550334852048957343e-15
-9.475036187437039561e-16
-5.995688400037853589e-16
-3.948455508485129489e-16
-3.036378550432750980e-10
-3.433993605125774756e-10
-3.556504082714086451e-10
-3.289581554396293528e-10
-2.680942420568526999e-10
-1.997654116768165666e-10
-1.539707655497892209e-10
-1.050580475304564388e-10
-6.704528642704590778e-11
-4.040262015683397179e-11
-2.447551979141859991e-11
-1.464955097302381955e-11
-8.853711870487138572e-12
-5.508731544708772181e-12
-3.565302460405174764e-12
-4.627833226280746415e-09
-5.358718118384447793e-09
-5.736230947557583024e-09
-5.539379663460070952e-09
-4.717910462215103528e-09
-3.572214700108822084e-09
-2.696621773428576750e-09
-2.025732436474347682e-09
-1.207789022121110708e-09
-7.586079612976852261e-10
-4.607064210616017687e-10
-2.742242916970288480e-10
-1.623795547990640199e-10
-9.781784797581275070e-11
-6.101902223009355194e-11
1.009787596755519540e-07
1.157642974264783184e-07
1.222230444694497165e-07
1.159597675777848531e-07
9.701720603499109710e-08
7.297935851521742138e-08
5.556007707782754177e-08
4.021125320948431711e-08
2.461514960186500485e-08
1.519887642803254839e-08
9.224266294491328769e-09
5.503246755627930706e-09
3.284509769728306606e-09
2.003825871612029537e-09
1.268597698167793531e-09
0.000000000000000000e+00
0.000000000000000000e+00
0.000000000000000000e+00
0.000000000000000000e+00
0.000000000000000000e+00
0.000000000000000000e+00
0.000000000000000000e+00
0.000000000000000000e+00
0.000000000000000000e+00
0.000000000000000000e+00
0.000000000000000000e+00
0.000000000000000000e+00
0.000000000000000000e+00
0.000000000000000000e+00
0.000000000000000000e+00
0.000000000000000000e+00
0.000000000000000000e+00
0.000000000000000000e+00
0.000000000000000000e+00
0.000000000000000000e+00
0.000000000000000000e+00
0.000000000000000000e+00
0.000000000000000000e+00
0.000000000000000000e+00
0.000000000000000000e+00
0.000000000000000000e+00
0.000000000000000000e+00
0.000000000000000000e+00
0.000000000000000000e+00
0.000000000000000000e+00
-5.152050201022773646e-13
-5.957398016649685944e-13
-6.365702624971956768e-13
-6.135319566445694237e-13
-5.218837307897516654e-13
-3.953628917142778143e-13
-2.985192635429880688e-13
-2.233058664952751837e-13
-1.336297338555215939e-13
-8.420222552768653481e-14
-5.108479370777113197e-14
-3.032926711894514271e-14
-1.796432583714977034e-14
-1.083502457847747702e-14
-6.765234897261340379e-15
-1.431960229048653453e-09
-1.672829997728823326e-09
-1.813430863392749026e-09
-1.782353743193433600e-09
-1.551001283189079082e-09
-1.191975673670984750e-09
-8.908205311428385393e-10
-6.862948313599684971e-10
-4.089577677161674030e-10
-2.663311957905464871e-10
-1.612975492287035504e-10
-9.407035075937816843e-11
-5.504549366208664803e-11
-3.272610646859860612e-11
-2.003657042103190753e-11
3.197771623550185312e-08
3.757856327210697671e-08
4.107925221503183490e-08
4.084580083918407829e-08
3.605775530213355102e-08
2.802500329053801717e-08
2.085172744249681706e-08
1.621108683174391619e-08
9.814114093897747380e-09
6.451695572974877191e-09
3.892561315713388905e-09
2.260975425117253237e-09
1.313469942159291871e-09
7.729601566055488363e-10
4.672368249665904363e-10
0.000000000000000000e+00
0.000000000000000000e+00
0.000000000000000000e+00
0.000000000000000000e+00
0.000000000000000000e+00
0.000000000000000000e+00
0.000000000000000000e+00
0.000000000000000000e+00
0.000000000000000000e+00
0.000000000000000000e+00
0.000000000000000000e+00
0.000000000000000000e+00
0.000000000000000000e+00
0.000000000000000000e+00
0.000000000000000000e+00
0.000000000000000000e+00
0.000000000000000000e+00
0.000000000000000000e+00
0.000000000000000000e+00
0.000000000000000000e+00
0.000000000000000000e+00
0.000000000000000000e+00
0.000000000000000000e+00
0.000000000000000000e+00
0.000000000000000000e+00
0.000000000000000000e+00
0.000000000000000000e+00
0.000000000000000000e+00
0.000000000000000000e+00
0.000000000000000000e+00
0.000000000000000000e+00
0.000000000000000000e+00
0.000000000000000000e+00
0.000000000000000000e+00
0.000000000000000000e+00
0.000000000000000000e+00
0.000000000000000000e+00
0.000000000000000000e+00
0.000000000000000000e+00
0.000000000000000000e+00
0.000000000000000000e+00
0.000000000000000000e+00
0.000000000000000000e+00
0.000000000000000000e+00
0.000000000000000000e+00
-1.354566553218072240e-12
-1.614584816832439161e-12
-1.800206822418091069e-12
-1.838890037231755662e-12
-1.678385194208349070e-12
-1.340922547727256203e-12
-9.907062038059100544e-13
-7.789074979535662019e-13
-4.959578752051092115e-13
-3.273511161327560155e-13
-1.951470682275515394e-13
-1.136714019868152912e-13
-6.516272283195344740e-14
-3.749102663801574143e-14
-2.202696750834971591e-14
3.717327054270065879e-09
4.474980130972207862e-09
5.058699965787800264e-09
5.267315713982586462e-09
4.930995390374131279e-09
4.043206785931778623e-09
3.001043501952483413e-09
2.332161770751653816e-09
1.585665584087509815e-09
1.009365068782618192e-09
5.994088107031543656e-10
3.533989036063801889e-10
2.034775204013775220e-10
1.157672373590057749e-10
6.651594768384936660e-11
2.051979420050288388e-04
1.487481237436455992e-04
1.047892908834088203e-04
7.043576454391805555e-05
4.572838514908236568e-05
2.969479829711720980e-05
1.932625356746933985e-05
1.287385106474487573e-05
8.850107463762691174e-06
6.222483098725777242e-06
4.375746310078186169e-06
2.995674673862967643e-06
1.956335139450841653e-06
1.206109275098520158e-06
7.038234970535685258e-07
2.961605090911827607e-05
2.271055080428457907e-05
1.689399371220006284e-05
1.243243961053054171e-05
8.185760882755685336e-06
5.361603735905514792e-06
3.370421533455966759e-06
2.143714789249381407e-06
1.394369081631610141e-06
9.425495785727577867e-07
6.609864583801529468e-07
4.711744229866552674e-07
3.305085329941087652e-07
2.206362056672786529e-07
1.378812769069834884e-07
1.942456529799840189e-07
1.591489805358888124e-07
1.193950708717971273e-07
8.964753938178466090e-08
6.454428393549057623e-08
4.037527614076029039e-08
2.624382967681292662e-08
1.653492168497676757e-08
1.049186806573863883e-08
6.865016362440932084e-09
4.671030806440979974e-09
3.283459642738735245e-09
2.330305123241189529e-09
1.610879609014714612e-09
1.052263921479107639e-09
5.504577028562763123e-11
4.804380666043622267e-11
3.706039590398174207e-11
2.773623826025903723e-11
2.089192487893804422e-11
1.345491393620443434e-11
8.964855626153483704e-12
5.529925223309839500e-12
3.455176055817214268e-12
2.207032236971660817e-12
1.462133345274122145e-12
1.006502220408680973e-12
7.108540667617219270e-13
4.992643849330167700e-13
3.365087831702111874e-13
0.000000000000000000e+00
0.000000000000000000e+00
0.000000000000000000e+00
0.000000000000000000e+00
0.000000000000000000e+00
0.000000000000000000e+00
0.000000000000000000e+00
0.000000000000000000e+00
0.000000000000000000e+00
0.000000000000000000e+00
0.000000000000000000e+00
0.000000000000000000e+00
0.000000000000000000e+00
0.000000000000000000e+00
0.000000000000000000e+00
0.000000000000000000e+00
0.000000000000000000e+00
0.000000000000000000e+00
0.000000000000000000e+00
0.000000000000000000e+00
0.000000000000000000e+00
0.000000000000000000e+00
0.000000000000000000e+00
0.000000000000000000e+00
0.000000000000000000e+00
0.000000000000000000e+00
0.000000000000000000e+00
0.000000000000000000e+00
0.000000000000000000e+00
0.000000000000000000e+00
0.000000000000000000e+00
0.000000000000000000e+00
0.000000000000000000e+00
0.000000000000000000e+00
0.000000000000000000e+00
0.000000000000000000e+00
0.000000000000000000e+00
0.000000000000000000e+00
0.000000000000000000e+00
0.000000000000000000e+00
0.000000000000000000e+00
0.000000000000000000e+00
0.000000000000000000e+00
0.000000000000000000e+00
0.000000000000000000e+00
0.000000000000000000e+00
0.000000000000000000e+00
0.000000000000000000e+00
0.000000000000000000e+00
0.000000000000000000e+00
0.000000000000000000e+00
0.000000000000000000e+00
0.000000000000000000e+00
0.000000000000000000e+00
0.000000000000000000e+00
0.000000000000000000e+00
0.000000000000000000e+00
0.000000000000000000e+00
0.000000000000000000e+00
0.000000000000000000e+00
0.000000000000000000e+00
0.000000000000000000e+00
0.000000000000000000e+00
0.000000000000000000e+00
0.000000000000000000e+00
0.000000000000000000e+00
0.000000000000000000e+00
0.000000000000000000e+00
0.000000000000000000e+00
0.000000000000000000e+00
0.000000000000000000e+00
0.000000000000000000e+00
0.000000000000000000e+00
0.000000000000000000e+00
0.000000000000000000e+00
0.000000000000000000e+00
0.000000000000000000e+00
0.000000000000000000e+00
0.000000000000000000e+00
0.000000000000000000e+00
0.000000000000000000e+00
0.000000000000000000e+00
0.000000000000000000e+00
0.000000000000000000e+00
0.000000000000000000e+00
0.000000000000000000e+00
0.000000000000000000e+00
0.000000000000000000e+00
0.000000000000000000e+00
0.000000000000000000e+00
1.190225822246057126e-04
9.675229918734149827e-05
7.257637738113360360e-05
5.439573407151175740e-05
3.871418243857005856e-05
2.446426686281990586e-05
1.581577011428811916e-05
9.966109618668987595e-06
6.337986613699056887e-06
4.160742593150409820e-06
2.840003332425250916e-06
1.999143414217690633e-06
1.416663466183478302e-06
9.753725895385460886e-07
6.341420039586302784e-07
2.524468743643419380e-05
2.190702593470592648e-05
1.687250905569807728e-05
1.263847430350673646e-05
9.472745945738705975e-06
6.100944430478319424e-06
4.036989930447508845e-06
2.500168158671249168e-06
1.565889208168332698e-06
1.002930642091051536e-06
6.658091892232773825e-07
4.589747677545702689e-07
3.241414787246631073e-07
2.272524070930564918e-07
1.527468833277122135e-07
4.063182772857082346e-07
3.725046799065633886e-07
2.985387772450385674e-07
2.240453621718421351e-07
1.697607906813449513e-07
1.178750354401847019e-07
7.473422340173876785e-08
4.670308403411763845e-08
2.931648705152664107e-08
1.852456871186746291e-08
1.201878358010135357e-08
8.098384777159896564e-09
5.646793624626273198e-09
3.976838743406382559e-09
2.731938296891413748e-09
2.609029354236632915e-10
2.510360566441056303e-10
2.108287218637099574e-10
1.604562082656141726e-10
1.208394547674009170e-10
8.958268242221883371e-11
5.476442840342247010e-11
3.605472430954071828e-11
2.234365770641495571e-11
1.385677279486154690e-11
8.806647046604817541e-12
5.795574008837230521e-12
3.965973074781678916e-12
2.779249319785515125e-12
1.934241961214338748e-12
7.925423895063483432e-17
7.875936119988663823e-17
6.858437903642550693e-17
5.318320172693224281e-17
3.980479092666656196e-17
3.031841409671125905e-17
1.891243291070296897e-17
1.278397308677372121e-17
7.811085578916773025e-18
4.769374075287615031e-18
2.983998819851865833e-18
1.928410496696295554e-18
1.297794394480368461e-18
9.014746617096195397e-19
6.299034102178631160e-19
0.000000000000000000e+00
0.000000000000000000e+00
0.000000000000000000e+00
0.000000000000000000e+00
0.000000000000000000e+00
0.000000000000000000e+00
0.000000000000000000e+00
0.000000000000000000e+00
0.000000000000000000e+00
0.000000000000000000e+00
0.000000000000000000e+00
0.000000000000000000e+00
0.000000000000000000e+00
0.000000000000000000e+00
0.000000000000000000e+00
0.000000000000000000e+00
0.000000000000000000e+00
0.000000000000000000e+00
0.000000000000000000e+00
0.000000000000000000e+00
0.000000000000000000e+00
0.000000000000000000e+00
0.000000000000000000e+00
0.000000000000000000e+00
0.000000000000000000e+00
0.000000000000000000e+00
0.000000000000000000e+00
0.000000000000000000e+00
0.000000000000000000e+00
0.000000000000000000e+00
0.000000000000000000e+00
0.000000000000000000e+00
0.000000000000000000e+00
0.000000000000000000e+00
0.000000000000000000e+00
0.000000000000000000e+00
0.000000000000000000e+00
0.000000000000000000e+00
0.000000000000000000e+00
0.000000000000000000e+00
0.000000000000000000e+00
0.000000000000000000e+00
0.000000000000000000e+00
0.000000000000000000e+00
0.000000000000000000e+00
0.000000000000000000e+00
0.000000000000000000e+00
0.000000000000000000e+00
0.000000000000000000e+00
0.000000000000000000e+00
0.000000000000000000e+00
0.000000000000000000e+00
0.000000000000000000e+00
0.000000000000000000e+00
0.000000000000000000e+00
0.000000000000000000e+00
0.000000000000000000e+00
0.000000000000000000e+00
0.000000000000000000e+00
0.000000000000000000e+00
6.914839799006825211e-05
6.298043299839122141e-05
5.023924109302962574e-05
3.770048179959386143e-05
2.854070423074829565e-05
1.963792582916928890e-05
1.252686454133457747e-05
7.824725558125128347e-06
4.906576869112394930e-06
3.103322079715352089e-06
2.018420770829563506e-06
1.363497798287338781e-06
9.521041528984693231e-07
6.701860942977194947e-07
4.592544508029810752e-07
1.651342332531417041e-05
1.571896487062871827e-05
1.306173974895531298e-05
9.905767021072250852e-06
7.473204704304225429e-06
5.466744392569586238e-06
3.364027672165237818e-06
2.185756879817470082e-06
1.359354204502922593e-06
8.474593668799660343e-07
5.409436046529755509e-07
3.578051632640565151e-07
2.459030634407958848e-07
1.725634226753349785e-07
1.197885511274692477e-07
2.885471629534684091e-07
2.856037589243940975e-07
2.477332858077389437e-07
1.918768011251010068e-07
1.437827252387207442e-07
1.090125412609241326e-07
6.815921738320448301e-08
4.567585713785976940e-08
2.795266064945174875e-08
1.715011125351202816e-08
1.074946196409270093e-08
6.959284991295634169e-09
4.690253218069642812e-09
3.259325287531623219e-09
2.275261495277610499e-09
2.113315319103950020e-10
2.163760829443604982e-10
1.956262014910813858e-10
1.560577656722692236e-10
1.167763206550120716e-10
8.930826068361753991e-11
5.965565713447728317e-11
3.890453762495351712e-11
2.362229432668847635e-11
1.458999262213206426e-11
9.031696808834638462e-12
5.730852552862588786e-12
3.780666375401720398e-12
2.587467377034855198e-12
1.802982496831007749e-12
0.000000000000000000e+00
0.000000000000000000e+00
0.000000000000000000e+00
0.000000000000000000e+00
0.000000000000000000e+00
0.000000000000000000e+00
0.000000000000000000e+00
0.000000000000000000e+00
0.000000000000000000e+00
0.000000000000000000e+00
0.000000000000000000e+00
0.000000000000000000e+00
0.000000000000000000e+00
0.000000000000000000e+00
0.000000000000000000e+00
0.000000000000000000e+00
0.000000000000000000e+00
0.000000000000000000e+00
0.000000000000000000e+00
0.000000000000000000e+00
0.000000000000000000e+00
0.000000000000000000e+00
0.000000000000000000e+00
0.000000000000000000e+00
0.000000000000000000e+00
0.000000000000000000e+00
0.000000000000000000e+00
0.000000000000000000e+00
0.000000000000000000e+00
0.000000000000000000e+00
0.000000000000000000e+00
0.000000000000000000e+00
0.000000000000000000e+00
0.000000000000000000e+00
0.000000000000000000e+00
0.000000000000000000e+00
0.000000000000000000e+00
0.000000000000000000e+00
0.000000000000000000e+00
0.000000000000000000e+00
0.000000000000000000e+00
0.000000000000000000e+00
0.000000000000000000e+00
0.000000000000000000e+00
0.000000000000000000e+00
0.000000000000000000e+00
0.000000000000000000e+00
0.000000000000000000e+00
0.000000000000000000e+00
0.000000000000000000e+00
0.000000000000000000e+00
0.000000000000000000e+00
0.000000000000000000e+00
0.000000000000000000e+00
0.000000000000000000e+00
0.000000000000000000e+00
0.000000000000000000e+00
0.000000000000000000e+00
0.000000000000000000e+00
0.000000000000000000e+00
4.066278416781433279e-05
4.005067904894435736e-05
3.455596353693827605e-05
2.669603847453645677e-05
2.002331638098194742e-05
1.511810862694295931e-05
9.433494058703195548e-06
6.294555828322784045e-06
3.859921741811845583e-06
2.373804592088456255e-06
1.491164165201363807e-06
9.678415161556218791e-07
6.538072057434835683e-07
4.548805440439683377e-07
3.173289404331422251e-07
1.005433377013366511e-05
1.021627281880460104e-05
9.150770080956758027e-06
7.249635541570104925e-06
5.425028502270527916e-06
4.145121104263947991e-06
2.725014488912820509e-06
1.792148097231290866e-06
1.089743576879941254e-06
6.713504092137583340e-07
4.165063999472607964e-07
2.654176988392079157e-07
1.759348467254315381e-07
1.208408736888257802e-07
8.425986971730437483e-08
1.835288013599820357e-07
1.916816494772521175e-07
1.778673944895770103e-07
1.452252499324507226e-07
1.091897520707258357e-07
8.309929032290745026e-08
5.843928901809040115e-08
3.663134921230649311e-08
2.258633406773023195e-08
1.398783722830102378e-08
8.641273723320056797e-09
5.418356155225251441e-09
3.520328201062721767e-09
2.378228821533580533e-09
1.647953100276993874e-09
9.592699389800383063e-11
1.027575938447317590e-10
9.865120695849845716e-11
8.333372537069873911e-11
6.346932205328591317e-11
4.777752207736167876e-11
3.562114248611046707e-11
2.144850961239377962e-11
1.385094381878766734e-11
8.523026248526998670e-12
5.193414619641532499e-12
3.204317716488278904e-12
2.039728288624703155e-12
1.350480098109176973e-12
9.244866261576815777e-13
0.000000000000000000e+00
0.000000000000000000e+00
0.000000000000000000e+00
0.000000000000000000e+00
0.000000000000000000e+00
0.000000000000000000e+00
0.000000000000000000e+00
0.000000000000000000e+00
0.000000000000000000e+00
0.000000000000000000e+00
0.000000000000000000e+00
0.000000000000000000e+00
0.000000000000000000e+00
0.000000000000000000e+00
0.000000000000000000e+00
0.000000000000000000e+00
0.000000000000000000e+00
0.000000000000000000e+00
0.000000000000000000e+00
0.000000000000000000e+00
0.000000000000000000e+00
0.000000000000000000e+00
0.000000000000000000e+00
0.000000000000000000e+00
0.000000000000000000e+00
0.000000000000000000e+00
0.000000000000000000e+00
0.000000000000000000e+00
0.000000000000000000e+00
0.000000000000000000e+00
0.000000000000000000e+00
0.000000000000000000e+00
0.000000000000000000e+00
0.000000000000000000e+00
0.000000000000000000e+00
0.000000000000000000e+00
0.000000000000000000e+00
0.000000000000000000e+00
0.000000000000000000e+00
0.000000000000000000e+00
0.000000000000000000e+00
0.000000000000000000e+00
0.000000000000000000e+00
0.000000000000000000e+00
0.000000000000000000e+00
2.505289055446978451e-05
2.607302253218784572e-05
2.408544527638730259e-05
1.959053757450264038e-05
1.472059333154088113e-05
1.121092088414230539e-05
7.817860172020755783e-06
4.932186090075757906e-06
3.036069476423237647e-06
1.878882580462449114e-06
1.160779503894137554e-06
7.292239369015319454e-07
4.749518991690182855e-07
3.215259193366860283e-07
2.229751124523613923e-07
6.140303456265118072e-06
6.534252217813792884e-06
6.217907553941236545e-06
5.205479943249464916e-06
3.949896502220094195e-06
2.982304489338725400e-06
2.192409925738773106e-06
1.332016043646488558e-06
8.488180369284355887e-07
5.234016330196111779e-07
3.204397495087825874e-07
1.985264663429191017e-07
1.270242182420920316e-07
8.455122298102901846e-08
5.807953874850955519e-08
8.808121518734038668e-08
9.571348476076869019e-08
9.372572971420437510e-08
8.094137414296700202e-08
6.242940034132929474e-08
4.668049535885851211e-08
3.561182979261370415e-08
2.149091485913695813e-08
1.426703200556895368e-08
8.723530172184270183e-09
5.236985238755168058e-09
3.196126121257753235e-09
2.008411265105155175e-09
1.311035028843990528e-09
8.879284215053078762e-10
1.665995231082387039e-11
1.847208916648618562e-11
1.860337814654896612e-11
1.660682515432196282e-11
1.311005160976945174e-11
9.738499117823904914e-12
7.553877720054094074e-12
4.747668501446606864e-12
3.179541873886785615e-12
1.921546668732752721e-12
1.148090088519289733e-12
6.896649834987283196e-13
4.246048660159043427e-13
2.710819537188332431e-13
1.800954103482517125e-13
0.000000000000000000e+00
0.000000000000000000e+00
0.000000000000000000e+00
0.000000000000000000e+00
0.000000000000000000e+00
0.000000000000000000e+00
0.000000000000000000e+00
0.000000000000000000e+00
0.000000000000000000e+00
0.000000000000000000e+00
0.000000000000000000e+00
0.000000000000000000e+00
0.000000000000000000e+00
0.000000000000000000e+00
0.000000000000000000e+00
0.000000000000000000e+00
0.000000000000000000e+00
0.000000000000000000e+00
0.000000000000000000e+00
0.000000000000000000e+00
0.000000000000000000e+00
0.000000000000000000e+00
0.000000000000000000e+00
0.000000000000000000e+00
0.000000000000000000e+00
0.000000000000000000e+00
0.000000000000000000e+00
0.000000000000000000e+00
0.000000000000000000e+00
0.000000000000000000e+00
1.556423979403203831e-05
1.686409061531399890e-05
1.644963681496979676e-05
1.414663185199196180e-05
1.088732579419475416e-05
8.151607006304007979e-06
6.189283291252439355e-06
3.738238262182830940e-06
2.467495850107882848e-06
1.510280735158719854e-06
9.094329504486815235e-07
5.560951804850990995e-07
3.502447416022570857e-07
2.292184544929661747e-07
1.555385661107215144e-07
3.543910768037226418e-06
3.906657999524829248e-06
3.902915843510215715e-06
3.450964457427304194e-06
2.705434437715111220e-06
2.012846864500368389e-06
1.555904898145886796e-06
9.642774367429966742e-07
6.458921203110123229e-07
3.917508906859313006e-07
2.339603631790647819e-07
1.411677153595218729e-07
8.742337366394974479e-08
5.617045181573042205e-08
3.753240869045414161e-08
2.856421469089217979e-08
3.202321607258803456e-08
3.275744584031479776e-08
2.981874654529885627e-08
2.393719880693426339e-08
1.778530880664308347e-08
1.377921933517183803e-08
9.042405662794631463e-09
5.926433359813971477e-09
3.561609736353158115e-09
2.146589667111860951e-09
1.283924211137408483e-09
7.819763851722873988e-10
4.924357732813708788e-10
3.227062737527182049e-10
1.452091754126071686e-13
1.658048825610466124e-13
1.740395845502304387e-13
1.637808617391091015e-13
1.357303738331132459e-13
1.015647029364076794e-13
7.772361995547547939e-14
5.526815571940734292e-14
3.420778662747200635e-14
2.076368889816560155e-14
1.261954785229119297e-14
7.573963364134475915e-15
4.542812669698936429e-15
2.789630281976271971e-15
1.780683856818495246e-15
0.000000000000000000e+00
0.000000000000000000e+00
0.000000000000000000e+00
0.000000000000000000e+00
0.000000000000000000e+00
0.000000000000000000e+00
0.000000000000000000e+00
0.000000000000000000e+00
0.000000000000000000e+00
0.000000000000000000e+00
0.000000000000000000e+00
0.000000000000000000e+00
0.000000000000000000e+00
0.000000000000000000e+00
0.000000000000000000e+00
9.624456227228482541e-06
1.076255543496214642e-05
1.097070095728427678e-05
9.943984215992081430e-06
7.955088174661737667e-06
5.911652843886966119e-06
4.579425938280294645e-06
2.980101986857483919e-06
1.959824869334136885e-06
1.179686386327660154e-06
7.097287030361908558e-07
4.250514488842819849e-07
2.594854042435803715e-07
1.638685797781179277e-07
1.076909063068127749e-07
1.735117981866296617e-06
1.967799317198222216e-06
2.045954951122740302e-06
1.901832071687158786e-06
1.557234339564396521e-06
1.161445855718244142e-06
8.936353703292827745e-07
6.169992678578582076e-07
3.904820511169558363e-07
2.355501233531151824e-07
1.428949441243348732e-07
8.557454299004429921e-08
5.160248247767658338e-08
3.198858752993726975e-08
2.062370640037929106e-08
2.105882086135050468e-09
2.426955219109187556e-09
2.581096050737072201e-09
2.471892106138100434e-09
2.087645007073086155e-09
1.575411094852325988e-09
1.193805586770688994e-09
8.822989062043123396e-10
5.313857191695409840e-10
3.309927758057997175e-10
2.009034386400502112e-10
1.198953199365863767e-10
7.127523557154438049e-11
4.318412375634789763e-11
2.712777066021235084e-11
0.000000000000000000e+00
0.000000000000000000e+00
0.000000000000000000e+00
0.000000000000000000e+00
0.000000000000000000e+00
0.000000000000000000e+00
0.000000000000000000e+00
0.000000000000000000e+00
0.000000000000000000e+00
0.000000000000000000e+00
0.000000000000000000e+00
0.000000000000000000e+00
0.000000000000000000e+00
0.000000000000000000e+00
0.000000000000000000e+00
5.285650240625245817e-06
6.072914932702757269e-06
6.431187846416130029e-06
6.125121131760463339e-06
5.143676252552831533e-06
3.873245426063513775e-06
2.943555978784921554e-06
2.149121518985978767e-06
1.306437167758137830e-06
8.087049655258280942e-07
4.909530443216642191e-07
2.930955543954428533e-07
1.746636825428145719e-07
1.062615672561963313e-07
6.706844019148181329e-08
6.152694635669296739e-07
7.164935904996753021e-07
7.732539156075634778e-07
7.553576316560267444e-07
6.524923206215720333e-07
4.988659116986642308e-07
3.739365547204276923e-07
2.859726777099766988e-07
1.699160078713771472e-07
1.096538815650387671e-07
6.646709350038049372e-08
3.896816486973300798e-08
2.289504372057983003e-08
1.367847247647599770e-08
8.429179539685983277e-09
5.504030452768998189e-12
6.518675900215781355e-12
7.203373373229872830e-12
7.267667760627457156e-12
6.528769556337032693e-12
5.140688990354080278e-12
3.802618794529867050e-12
2.991711986029950527e-12
1.839741830472513678e-12
1.226131122021166700e-12
7.372426674428213036e-13
4.255499266356845798e-13
2.449854705234530277e-13
1.424417018051484846e-13
8.481592521260956935e-14
2.383495011421326824e-06
2.809926193408634551e-06
3.085353895235619867e-06
3.086246765157387942e-06
2.743953757076023086e-06
2.143724073203907816e-06
1.591044336465691505e-06
1.243825955866470321e-06
7.568598078751504214e-07
5.006992736909953303e-07
3.017166544054690238e-07
1.746910813281340936e-07
1.011161771187343890e-07
5.922457392590710895e-08
3.558147447157403767e-08
1.227146064184833484e-07
1.467843874540153246e-07
1.644594312972186786e-07
1.691278857822525396e-07
1.557180722388847729e-07
1.254556552233422075e-07
9.271949524449539212e-08
7.273549227292462385e-08
4.729759498880924325e-08
3.093505558618238123e-08
1.836092915716095668e-08
1.075451997290176682e-08
6.162376924868033079e-09
3.528685908021967469e-09
2.058273105492020516e-09
5.494739783868108703e-07
6.650114358593584029e-07
7.573620009290413562e-07
7.968135663431202534e-07
7.565463559536104387e-07
6.303294524014044975e-07
4.710374689887912049e-07
3.626406348925664676e-07
2.551555474714871884e-07
1.595119489877386219e-07
9.578596673581690318e-08
5.667707252722494604e-08
3.262018640162094656e-08
1.845082891769557140e-08
1.047649367783684611e-08
