# ee
4.149296134710311890e-02
6.872886419296264648e-02
7.831913977861404419e-02
7.040007412433624268e-02
5.267630144953727722e-02
3.391646966338157654e-02
1.977202668786048889e-02
1.175591070204973221e-02
8.480730466544628143e-03
7.580689620226621628e-03
7.132428232580423355e-03
6.571669597178697586e-03
5.777618847787380219e-03
5.107443779706954956e-03
4.926750902086496353e-03
5.156942177563905716e-03
5.615282803773880005e-03
6.146694533526897430e-03
6.647964939475059509e-03
7.195686455816030502e-03
7.905035279691219330e-03
8.865712210536003113e-03
1.013513933867216110e-02
1.166706904768943787e-02
1.340279541909694672e-02
1.533742621541023254e-02
1.747690513730049133e-02
1.981671154499053955e-02
2.235052362084388733e-02
2.507528290152549744e-02
2.798864990472793579e-02
3.108789771795272827e-02
3.437221050262451172e-02
3.784874826669692993e-02
4.153559356927871704e-02
4.548645392060279846e-02
4.974826052784919739e-02
5.430516600608825684e-02
5.912562087178230286e-02
6.418602913618087769e-02
6.949467211961746216e-02
7.506777346134185791e-02
8.092156797647476196e-02
8.707228302955627441e-02
9.353136271238327026e-02
1.002911329269409180e-01
1.073391139507293701e-01
1.146628335118293762e-01
1.222498267889022827e-01
1.300922185182571411e-01
1.382006853818893433e-01
1.465904712677001953e-01
1.552767902612686157e-01
1.642749458551406860e-01
1.735953986644744873e-01
1.832295656204223633e-01
1.931640654802322388e-01
2.033855766057968140e-01
2.138806730508804321e-01
2.246378362178802490e-01
2.356524765491485596e-01
2.469218820333480835e-01
2.584432959556579590e-01
2.702139616012573242e-01
2.822304368019104004e-01
2.944867312908172607e-01
3.069762289524078369e-01
3.196922242641448975e-01
3.326280713081359863e-01
3.457764983177185059e-01
3.591277599334716797e-01
3.726715147495269775e-01
3.863973915576934814e-01
4.002951085567474365e-01
4.143536984920501709e-01
4.285600483417510986e-01
4.429004788398742676e-01
4.573612809181213379e-01
4.719288051128387451e-01
4.865897893905639648e-01
5.013332366943359375e-01
5.161484479904174805e-01
5.310248732566833496e-01
5.459519624710083008e-01
5.609183311462402344e-01
5.759094953536987305e-01
5.909102559089660645e-01
6.059053540229797363e-01
6.208795309066772461e-01
6.358177065849304199e-01
6.507052779197692871e-01
6.655275225639343262e-01
6.802700161933898926e-01
6.949182748794555664e-01
7.094576358795166016e-01
7.238736152648925781e-01
7.381516098976135254e-01
7.522771358489990234e-01
7.662355899810791016e-01
7.800124883651733398e-01
7.935932278633117676e-01
8.069632649421691895e-01
8.201081156730651855e-01
8.330131769180297852e-01
8.456639051437377930e-01
8.580458164215087891e-01
8.701442480087280273e-01
8.819447159767150879e-01
8.934326767921447754e-01
9.045945405960083008e-01
9.154202938079833984e-01
9.259009957313537598e-01
9.360277056694030762e-01
9.457913637161254883e-01
9.551829695701599121e-01
9.641936421394348145e-01
9.728141427040100098e-01
9.810357093811035156e-01
9.888492226600646973e-01
9.962456822395324707e-01
1.003216147422790527e+00
1.009751558303833008e+00
1.015843033790588379e+00
1.021481394767761230e+00
1.026657819747924805e+00
1.031363248825073242e+00
1.035588741302490234e+00
1.039325118064880371e+00
1.042563557624816895e+00
1.045297145843505859e+00
1.047527551651000977e+00
1.049258708953857422e+00
1.050494432449340820e+00
1.051238417625427246e+00
1.051494717597961426e+00
1.051266908645629883e+00
1.050559043884277344e+00
1.049374938011169434e+00
1.047718286514282227e+00
1.045593142509460449e+00
1.043003201484680176e+00
1.039952278137207031e+00
1.036444306373596191e+00
1.032483100891113281e+00
1.028072357177734375e+00
1.023216247558593750e+00
1.017918348312377930e+00
1.012182354927062988e+00
1.006012439727783203e+00
9.994150996208190918e-01
9.924079775810241699e-01
9.850118160247802734e-01
9.772470593452453613e-01
9.691342711448669434e-01
9.606940746307373047e-01
9.519468545913696289e-01
9.429133534431457520e-01
9.336140155792236328e-01
9.240692853927612305e-01
9.142999053001403809e-01
9.043263792991638184e-01
8.941692709922790527e-01
8.838489651679992676e-01
8.733862042427062988e-01
8.628014326095581055e-01
8.521152138710021973e-01
8.413481712341308594e-01
8.305208086967468262e-01
8.196536302566528320e-01
8.087672591209411621e-01
7.978821992874145508e-01
7.870190739631652832e-01
7.761982679367065430e-01
7.654405236244201660e-01
7.547693252563476562e-01
7.442204356193542480e-01
7.338327169418334961e-01
7.236450314521789551e-01
7.136960625648498535e-01
7.040246725082397461e-01
6.946697831153869629e-01
6.856700778007507324e-01
6.770644187927246094e-01
6.688916087150573730e-01
6.611905097961425781e-01
6.539998650550842285e-01
6.473585963249206543e-01
6.413053870201110840e-01
6.358791589736938477e-01
6.311186552047729492e-01
6.270627379417419434e-01
6.237502098083496094e-01
6.212198734283447266e-01
6.195105910301208496e-01
6.186611056327819824e-01
6.187102198600769043e-01
6.196969151496887207e-01
6.216597557067871094e-01
6.246377825736999512e-01
6.286678910255432129e-01
6.337803006172180176e-01
6.400032043457031250e-01
6.473650336265563965e-01
6.558939814567565918e-01
6.656184792518615723e-01
6.765667796134948730e-01
6.887672543525695801e-01
7.022480964660644531e-01
7.170377969741821289e-01
7.331646084785461426e-01
7.506567835807800293e-01
7.695427536964416504e-01
7.898507118225097656e-01
8.116090893745422363e-01
8.348461389541625977e-01
8.595902919769287109e-01
8.858696222305297852e-01
9.137127399444580078e-01
9.431477189064025879e-01
9.742031097412109375e-01
1.006906986236572266e+00
1.041287899017333984e+00
1.077373981475830078e+00
1.115193605422973633e+00
1.154775142669677734e+00
1.196146965026855469e+00
1.239337325096130371e+00
1.284374356269836426e+00
1.331286668777465820e+00
1.380102396011352539e+00
1.430850028991699219e+00
1.483557701110839844e+00
1.538253903388977051e+00
1.594966650009155273e+00
1.653724670410156250e+00
1.714555978775024414e+00
1.777489185333251953e+00
1.842552185058593750e+00
1.909773588180541992e+00
1.979181647300720215e+00
2.050804853439331055e+00
2.124671220779418945e+00
2.200809240341186523e+00
2.279247522354125977e+00
2.360013484954833984e+00
2.443136453628540039e+00
2.528644084930419922e+00
2.616565227508544922e+00
2.706927776336669922e+00
2.799749612808227539e+00
2.895007610321044922e+00
2.992667436599731445e+00
3.092694997787475586e+00
3.195056676864624023e+00
3.299718379974365234e+00
3.406646013259887695e+00
3.515805721282958984e+00
3.627163410186767578e+00
3.740685224533081055e+00
3.856336593627929688e+00
3.974084615707397461e+00
4.093894481658935547e+00
4.215732574462890625e+00
4.339565277099609375e+00
4.465357780456542969e+00
4.593076229095458984e+00
4.722687244415283203e+00
4.854156017303466797e+00
4.987449169158935547e+00
5.122533321380615234e+00
5.259373188018798828e+00
5.397935390472412109e+00
5.538186073303222656e+00
5.680091381072998047e+00
5.823616504669189453e+00
5.968728065490722656e+00
6.115392684936523438e+00
6.263575077056884766e+00
6.413242340087890625e+00
6.564360141754150391e+00
6.716894149780273438e+00
6.870810985565185547e+00
7.026076316833496094e+00
7.182655811309814453e+00
7.340516090393066406e+00
7.499623775482177734e+00
7.659943103790283203e+00
7.821441173553466797e+00
7.984085083007812500e+00
8.147837638854980469e+00
8.312668800354003906e+00
8.478542327880859375e+00
8.645423889160156250e+00
8.813281059265136719e+00
8.982078552246093750e+00
9.151782035827636719e+00
9.322360038757324219e+00
9.493776321411132812e+00
9.665997505187988281e+00
9.838981628417968750e+00
1.001266098022460938e+01
1.018695735931396484e+01
1.036179447174072266e+01
1.053709411621093750e+01
1.071278190612792969e+01
1.088877964019775391e+01
1.106501197814941406e+01
1.124139976501464844e+01
1.141786670684814453e+01
1.159433746337890625e+01
1.177073574066162109e+01
1.194698238372802734e+01
1.212300205230712891e+01
1.229871654510498047e+01
1.247405147552490234e+01
1.264892864227294922e+01
1.282327079772949219e+01
1.299700260162353516e+01
1.317004585266113281e+01
1.334232521057128906e+01
1.351376247406005859e+01
1.368428230285644531e+01
1.385380554199218750e+01
1.402225685119628906e+01
1.418955993652343750e+01
1.435563850402832031e+01
1.452041530609130859e+01
1.468381214141845703e+01
1.484575271606445312e+01
1.500616168975830078e+01
1.516495990753173828e+01
1.532207298278808594e+01
1.547742462158203125e+01
1.563093376159667969e+01
1.578252792358398438e+01
1.593212795257568359e+01
1.607966041564941406e+01
1.622504425048828125e+01
1.636820411682128906e+01
1.650906372070312500e+01
1.664754676818847656e+01
1.678357505798339844e+01
1.691707420349121094e+01
1.704796409606933594e+01
1.717617034912109375e+01
1.730161666870117188e+01
1.742422294616699219e+01
1.754391670227050781e+01
1.766061782836914062e+01
1.777425956726074219e+01
1.788481521606445312e+01
1.799225997924804688e+01
1.809657859802246094e+01
1.819774818420410156e+01
1.829574775695800781e+01
1.839056015014648438e+01
1.848216247558593750e+01
1.857053756713867188e+01
1.865566444396972656e+01
1.873751831054687500e+01
1.881608772277832031e+01
1.889134597778320312e+01
1.896327590942382812e+01
1.903185653686523438e+01
1.909706687927246094e+01
1.915888977050781250e+01
1.921730041503906250e+01
1.927228355407714844e+01
1.932381629943847656e+01
1.937188148498535156e+01
1.941645431518554688e+01
1.945751762390136719e+01
1.949505233764648438e+01
1.952903747558593750e+01
1.955945014953613281e+01
1.958627319335937500e+01
1.960948753356933594e+01
1.962907218933105469e+01
1.964500427246093750e+01
1.965726661682128906e+01
1.966584014892578125e+01
1.967070388793945312e+01
1.967183494567871094e+01
1.966921424865722656e+01
1.966282463073730469e+01
1.965264511108398438e+01
1.963865089416503906e+01
1.962083053588867188e+01
1.959915542602539062e+01
1.957361030578613281e+01
1.954417610168457031e+01
1.951082801818847656e+01
1.947354888916015625e+01
1.943231964111328125e+01
1.938711738586425781e+01
1.933792495727539062e+01
1.928471946716308594e+01
1.922748374938964844e+01
1.916619682312011719e+01
1.910085296630859375e+01
1.903151893615722656e+01
1.895827293395996094e+01
1.888119697570800781e+01
1.880037117004394531e+01
1.871587562561035156e+01
1.862779235839843750e+01
1.853619956970214844e+01
1.844117736816406250e+01
1.834280967712402344e+01
1.824117279052734375e+01
1.813635063171386719e+01
1.802842330932617188e+01
1.791746711730957031e+01
1.780356788635253906e+01
1.768680381774902344e+01
1.756725502014160156e+01
1.744500160217285156e+01
1.732012557983398438e+01
1.719270706176757812e+01
1.706282424926757812e+01
1.693056106567382812e+01
1.679599571228027344e+01
1.665920829772949219e+01
1.652028274536132812e+01
1.637929534912109375e+01
1.623633003234863281e+01
1.609146308898925781e+01
1.594477748870849609e+01
1.579635524749755859e+01
1.564627456665039062e+01
1.549461555480957031e+01
1.534146118164062500e+01
1.518688869476318359e+01
1.503098201751708984e+01
1.487381935119628906e+01
1.471548175811767578e+01
1.455604839324951172e+01
1.439560222625732422e+01
1.423422241210937500e+01
1.407198905944824219e+01
1.390898323059082031e+01
1.374528503417968750e+01
1.358097457885742188e+01
1.341613388061523438e+01
1.325084114074707031e+01
1.308517837524414062e+01
1.291922664642333984e+01
1.275306510925292969e+01
1.258677482604980469e+01
1.242043876647949219e+01
1.225415420532226562e+01
1.208802223205566406e+01
1.192214298248291016e+01
1.175661563873291016e+01
1.159154224395751953e+01
1.142702102661132812e+01
1.126315402984619141e+01
1.110003948211669922e+01
1.093777942657470703e+01
1.077647399902343750e+01
1.061622238159179688e+01
1.045712566375732422e+01
1.029928398132324219e+01
1.014279747009277344e+01
9.987767219543457031e+00
9.834292411804199219e+00
9.682473182678222656e+00
9.532410621643066406e+00
9.384204864501953125e+00
9.237956047058105469e+00
9.093763351440429688e+00
8.951728820800781250e+00
8.811952590942382812e+00
8.674533843994140625e+00
8.539573669433593750e+00
8.407170295715332031e+00
8.277426719665527344e+00
8.150443077087402344e+00
8.026317596435546875e+00
7.905152320861816406e+00
7.787046432495117188e+00
7.672101020812988281e+00
7.560415744781494141e+00
7.452090740203857422e+00
7.347226619720458984e+00
7.245924472808837891e+00
7.148283004760742188e+00
7.054403305053710938e+00
6.964385986328125000e+00
6.878330707550048828e+00
6.796338081359863281e+00
6.718507766723632812e+00
6.644941329956054688e+00
6.575736999511718750e+00
6.510996818542480469e+00
6.450820922851562500e+00
6.395308971405029297e+00
6.344561100006103516e+00
6.298677921295166016e+00
6.257742404937744141e+00
6.221768856048583984e+00
6.190755367279052734e+00
6.164697647094726562e+00
6.143594264984130859e+00
6.127442359924316406e+00
6.116238594055175781e+00
6.109980106353759766e+00
6.108664512634277344e+00
6.112289428710937500e+00
6.120851993560791016e+00
6.134348392486572266e+00
6.152776718139648438e+00
6.176135063171386719e+00
6.204418659210205078e+00
6.237626552581787109e+00
6.275754928588867188e+00
6.318801403045654297e+00
6.366763591766357422e+00
6.419638156890869141e+00
6.477422237396240234e+00
6.540113449096679688e+00
6.607709407806396484e+00
6.680206775665283203e+00
6.757602691650390625e+00
6.839894771575927734e+00
6.927080154418945312e+00
7.019156455993652344e+00
7.116120338439941406e+00
7.217968940734863281e+00
7.324699878692626953e+00
7.436310768127441406e+00
7.552797794342041016e+00
7.674159526824951172e+00
7.800391674041748047e+00
7.931493282318115234e+00
8.067460060119628906e+00
8.208291053771972656e+00
8.353980064392089844e+00
8.504528045654296875e+00
8.659931182861328125e+00
8.820185661315917969e+00
8.985288619995117188e+00
9.155239105224609375e+00
9.330033302307128906e+00
9.509668350219726562e+00
9.694141387939453125e+00
9.883449554443359375e+00
1.007759094238281250e+01
1.027656269073486328e+01
1.048034095764160156e+01
1.068883037567138672e+01
1.090190982818603516e+01
1.111946296691894531e+01
1.134137058258056641e+01
1.156751632690429688e+01
1.179778003692626953e+01
1.203204536437988281e+01
1.227019405364990234e+01
1.251210689544677734e+01
1.275766754150390625e+01
1.300675773620605469e+01
1.325925827026367188e+01
1.351505279541015625e+01
1.377402210235595703e+01
1.403604698181152344e+01
1.430101203918457031e+01
1.456879806518554688e+01
1.483928585052490234e+01
1.511236000061035156e+01
1.538790225982666016e+01
1.566579055786132812e+01
1.594591236114501953e+01
1.622814559936523438e+01
1.651237297058105469e+01
1.679847908020019531e+01
1.708634185791015625e+01
1.737584877014160156e+01
1.766687583923339844e+01
1.795930862426757812e+01
1.825302696228027344e+01
1.854791641235351562e+01
1.884385681152343750e+01
1.914072799682617188e+01
1.943841361999511719e+01
1.973679733276367188e+01
2.003576087951660156e+01
2.033518409729003906e+01
2.063494873046875000e+01
2.093494033813476562e+01
2.123503684997558594e+01
2.153512191772460938e+01
2.183507919311523438e+01
2.213478851318359375e+01
2.243413162231445312e+01
2.273299217224121094e+01
2.303125190734863281e+01
2.332879257202148438e+01
2.362549400329589844e+01
2.392123985290527344e+01
2.421591567993164062e+01
2.450941085815429688e+01
2.480161857604980469e+01
2.509243583679199219e+01
2.538175201416015625e+01
2.566946411132812500e+01
2.595546150207519531e+01
2.623963928222656250e+01
2.652189445495605469e+01
2.680211639404296875e+01
2.708019828796386719e+01
2.735603713989257812e+01
2.762952423095703125e+01
2.790055274963378906e+01
2.816901779174804688e+01
2.843480873107910156e+01
2.869782638549804688e+01
2.895795822143554688e+01
2.921509933471679688e+01
2.946914291381835938e+01
2.971998405456542969e+01
2.996751403808593750e+01
3.021162605285644531e+01
3.045221900939941406e+01
3.068918037414550781e+01
3.092240524291992188e+01
3.115178680419921875e+01
3.137721824645996094e+01
3.159859848022460938e+01
3.181581306457519531e+01
3.202875900268554688e+01
3.223733139038085938e+01
3.244142532348632812e+01
3.264092254638671875e+01
3.283573150634765625e+01
3.302574157714843750e+01
3.321083831787109375e+01
3.339092254638671875e+01
3.356588363647460938e+01
3.373562240600585938e+01
3.390002822875976562e+01
3.405898666381835938e+01
3.421240615844726562e+01
3.436016845703125000e+01
3.450217056274414062e+01
3.463830947875976562e+01
3.476847076416015625e+01
3.489255523681640625e+01
3.501045608520507812e+01
3.512206268310546875e+01
3.522729492187500000e+01
3.532614898681640625e+01
3.541865539550781250e+01
3.550483322143554688e+01
3.558471298217773438e+01
3.565831756591796875e+01
3.572566604614257812e+01
3.578679275512695312e+01
3.584170913696289062e+01
3.589044952392578125e+01
3.593303680419921875e+01
3.596949005126953125e+01
3.599983978271484375e+01
3.602410507202148438e+01
3.604231643676757812e+01
3.605449676513671875e+01
3.606066894531250000e+01
3.606085586547851562e+01
3.605508422851562500e+01
3.604337310791015625e+01
3.602575683593750000e+01
3.600225448608398438e+01
3.597288894653320312e+01
3.593768692016601562e+01
3.589667129516601562e+01
3.584986495971679688e+01
3.579729843139648438e+01
3.573899078369140625e+01
3.567496871948242188e+01
3.560525512695312500e+01
3.552987670898437500e+01
3.544885635375976562e+01
3.536221694946289062e+01
3.526998519897460938e+01
3.517218399047851562e+01
3.506884002685546875e+01
3.495997619628906250e+01
3.484561538696289062e+01
3.472578430175781250e+01
3.460050964355468750e+01
3.446981048583984375e+01
3.433371353149414062e+01
3.419224166870117188e+01
3.404542160034179688e+01
3.389328002929687500e+01
3.373583602905273438e+01
3.357311630249023438e+01
3.340514373779296875e+01
3.323194885253906250e+01
3.305355072021484375e+01
3.286998748779296875e+01
3.268138885498046875e+01
3.248788452148437500e+01
3.228960800170898438e+01
3.208670043945312500e+01
3.187929725646972656e+01
3.166753578186035156e+01
3.145155143737792969e+01
3.123148155212402344e+01
3.100745964050292969e+01
3.077962303161621094e+01
3.054811096191406250e+01
3.031305885314941406e+01
3.007460021972656250e+01
2.983287620544433594e+01
2.958801651000976562e+01
2.934016609191894531e+01
2.908945465087890625e+01
2.883602333068847656e+01
2.858000183105468750e+01
2.832153701782226562e+01
2.806075286865234375e+01
2.779779624938964844e+01
2.753280067443847656e+01
2.726589775085449219e+01
2.699723052978515625e+01
2.672693252563476562e+01
2.645513916015625000e+01
2.618198776245117188e+01
2.590761566162109375e+01
2.563215827941894531e+01
2.535575103759765625e+01
2.507853317260742188e+01
2.480064010620117188e+01
2.452220535278320312e+01
2.424336814880371094e+01
2.396426582336425781e+01
2.368503570556640625e+01
2.340580749511718750e+01
2.312672424316406250e+01
2.284792137145996094e+01
2.256953430175781250e+01
2.229169845581054688e+01
2.201455116271972656e+01
2.173822784423828125e+01
2.146286773681640625e+01
2.118860435485839844e+01
2.091557502746582031e+01
2.064391708374023438e+01
2.037376785278320312e+01
2.010525512695312500e+01
1.983848953247070312e+01
1.957357025146484375e+01
1.931060218811035156e+01
1.904968833923339844e+01
1.879092788696289062e+01
1.853442573547363281e+01
1.828028297424316406e+01
1.802860260009765625e+01
1.777948760986328125e+01
1.753303909301757812e+01
1.728935813903808594e+01
1.704854965209960938e+01
1.681071472167968750e+01
1.657595443725585938e+01
1.634437370300292969e+01
1.611607551574707031e+01
1.589115810394287109e+01
1.566972446441650391e+01
1.545188140869140625e+01
1.523772621154785156e+01
1.502736282348632812e+01
1.482089519500732422e+01
1.461842441558837891e+01
1.442005157470703125e+01
1.422588062286376953e+01
1.403601360321044922e+01
1.385055160522460938e+01
1.366959953308105469e+01
1.349325752258300781e+01
1.332162761688232422e+01
1.315481281280517578e+01
1.299291706085205078e+01
1.283604049682617188e+01
1.268428516387939453e+01
1.253775501251220703e+01
1.239655208587646484e+01
1.226077842712402344e+01
1.213053512573242188e+01
1.200592613220214844e+01
1.188705348968505859e+01
1.177401828765869141e+01
1.166692447662353516e+01
1.156587314605712891e+01
1.147096729278564453e+01
1.138230800628662109e+01
1.130000019073486328e+01
1.122414398193359375e+01
1.115484142303466797e+01
1.109219646453857422e+01
1.103628826141357422e+01
1.098710060119628906e+01
1.094459724426269531e+01
1.090874195098876953e+01
1.087949562072753906e+01
1.085682201385498047e+01
1.084068298339843750e+01
1.083104133605957031e+01
1.082786083221435547e+01
1.083110332489013672e+01
1.084073066711425781e+01
1.085670661926269531e+01
1.087899303436279297e+01
1.090755271911621094e+01
1.094234943389892578e+01
1.098334407806396484e+01
1.103050136566162109e+01
1.108378124237060547e+01
1.114314937591552734e+01
1.120856666564941406e+01
1.127999496459960938e+01
1.135739803314208984e+01
1.144073963165283203e+01
1.152997970581054688e+01
1.162508296966552734e+01
1.172601222991943359e+01
1.183272838592529297e+01
1.194519615173339844e+01
1.206337642669677734e+01
1.218723201751708984e+01
1.231672668457031250e+01
1.245182323455810547e+01
1.259248256683349609e+01
1.273866939544677734e+01
1.289034366607666016e+01
1.304747009277343750e+01
1.321001148223876953e+01
1.337792968750000000e+01
1.355118846893310547e+01
1.372974777221679688e+01
1.391357231140136719e+01
1.410262584686279297e+01
1.429686927795410156e+01
1.449626350402832031e+01
1.470077610015869141e+01
1.491036510467529297e+01
1.512499523162841797e+01
1.534463024139404297e+01
1.556923007965087891e+01
1.579875755310058594e+01
1.603316116333007812e+01
1.627231407165527344e+01
1.651607894897460938e+01
1.676431465148925781e+01
1.701688003540039062e+01
1.727363586425781250e+01
1.753444099426269531e+01
1.779915428161621094e+01
1.806763839721679688e+01
1.833975028991699219e+01
1.861535072326660156e+01
1.889429855346679688e+01
1.917645454406738281e+01
1.946167945861816406e+01
1.974982833862304688e+01
2.004076766967773438e+01
2.033435058593750000e+01
2.063043975830078125e+01
2.092889785766601562e+01
2.122957801818847656e+01
2.153234672546386719e+01
2.183705711364746094e+01
2.214357376098632812e+01
2.245175552368164062e+01
2.276146125793457031e+01
2.307255172729492188e+01
2.338488388061523438e+01
2.369831848144531250e+01
2.401271820068359375e+01
2.432793998718261719e+01
2.464384460449218750e+01
2.496028900146484375e+01
2.527713584899902344e+01
2.559424591064453125e+01
2.591147422790527344e+01
2.622868537902832031e+01
2.654573631286621094e+01
2.686248779296875000e+01
2.717879676818847656e+01
2.749452781677246094e+01
2.780953979492187500e+01
2.812368774414062500e+01
2.843683242797851562e+01
2.874884033203125000e+01
2.905956268310546875e+01
2.936886405944824219e+01
2.967660331726074219e+01
2.998263931274414062e+01
3.028683280944824219e+01
3.058904075622558594e+01
3.088913345336914062e+01
3.118700790405273438e+01
3.148256301879882812e+01
3.177570915222167969e+01
3.206634902954101562e+01
3.235438156127929688e+01
3.263971710205078125e+01
3.292225646972656250e+01
3.320190811157226562e+01
3.347856903076171875e+01
3.375214767456054688e+01
3.402254867553710938e+01
3.428967285156250000e+01
3.455342864990234375e+01
3.481371307373046875e+01
3.507043838500976562e+01
3.532350540161132812e+01
3.557281875610351562e+01
3.581827926635742188e+01
3.605979537963867188e+01
3.629726791381835938e+01
3.653059768676757812e+01
3.675970077514648438e+01
3.698447036743164062e+01
3.720481491088867188e+01
3.742063903808593750e+01
3.763184356689453125e+01
3.783833312988281250e+01
3.804001617431640625e+01
3.823678970336914062e+01
3.842856216430664062e+01
3.861523818969726562e+01
3.879672241210937500e+01
3.897291564941406250e+01
3.914372634887695312e+01
3.930905151367187500e+01
3.946880340576171875e+01
3.962288284301757812e+01
3.977118682861328125e+01
3.991363143920898438e+01
4.005011749267578125e+01
4.018054199218750000e+01
4.030481719970703125e+01
4.042284011840820312e+01
4.053451919555664062e+01
4.063976287841796875e+01
4.073846817016601562e+01
4.083053588867187500e+01
4.091588211059570312e+01
4.099440002441406250e+01
4.106602478027343750e+01
4.113076782226562500e+01
4.118869018554687500e+01
4.123981857299804688e+01
4.128420639038085938e+01
4.132189941406250000e+01
4.135293960571289062e+01
4.137737655639648438e+01
4.139524459838867188e+01
4.140660095214843750e+01
4.141147994995117188e+01
4.140993118286132812e+01
4.140199661254882812e+01
4.138772583007812500e+01
4.136716079711914062e+01
4.134033966064453125e+01
4.130731964111328125e+01
4.126813888549804688e+01
4.122283935546875000e+01
4.117147064208984375e+01
4.111407089233398438e+01
4.105069351196289062e+01
4.098137664794921875e+01
4.090616989135742188e+01
4.082511520385742188e+01
4.073825454711914062e+01
4.064563369750976562e+01
4.054730224609375000e+01
4.044330215454101562e+01
4.033367538452148438e+01
4.021847152709960938e+01
4.009772872924804688e+01
3.997149658203125000e+01
3.983982086181640625e+01
3.970273971557617188e+01
3.956030273437500000e+01
3.941255569458007812e+01
3.925954055786132812e+01
3.910130691528320312e+01
3.893788909912109375e+01
3.876934432983398438e+01
3.859570693969726562e+01
3.841702651977539062e+01
3.823334121704101562e+01
3.804470825195312500e+01
3.785116577148437500e+01
3.765275573730468750e+01
3.744952392578125000e+01
3.724151992797851562e+01
3.702878189086914062e+01
3.681137084960937500e+01
3.658939743041992188e+01
3.636298751831054688e+01
3.613226699829101562e+01
3.589735794067382812e+01
3.565838623046875000e+01
3.541547012329101562e+01
3.516874694824218750e+01
3.491833114624023438e+01
3.466435241699218750e+01
3.440692901611328125e+01
3.414619445800781250e+01
3.388227081298828125e+01
3.361527633666992188e+01
3.334534072875976562e+01
3.307259368896484375e+01
3.279714965820312500e+01
3.251914215087890625e+01
3.223868560791015625e+01
3.195591354370117188e+01
3.167095184326171875e+01
3.138391494750976562e+01
3.109494018554687500e+01
3.080414009094238281e+01
3.051165008544921875e+01
3.021758842468261719e+01
2.992208099365234375e+01
2.962525177001953125e+01
2.932722473144531250e+01
2.902812957763671875e+01
2.872808456420898438e+01
2.842721557617187500e+01
2.812565231323242188e+01
2.782351684570312500e+01
2.752093124389648438e+01
2.721802139282226562e+01
2.691491317749023438e+01
2.661173057556152344e+01
2.630859756469726562e+01
2.600564002990722656e+01
2.570298194885253906e+01
2.540074729919433594e+01
2.509906196594238281e+01
2.479804992675781250e+01
2.449783515930175781e+01
2.419854354858398438e+01
2.390030097961425781e+01
2.360322952270507812e+01
2.330745315551757812e+01
2.301309967041015625e+01
2.272028541564941406e+01
2.242910575866699219e+01
2.213964653015136719e+01
2.185199737548828125e+01
2.156624031066894531e+01
2.128247070312500000e+01
2.100077247619628906e+01
2.072123146057128906e+01
2.044393730163574219e+01
2.016897583007812500e+01
1.989643669128417969e+01
1.962640571594238281e+01
1.935897445678710938e+01
1.909422302246093750e+01
1.883224487304687500e+01
1.857312583923339844e+01
1.831695556640625000e+01
1.806381607055664062e+01
1.781380081176757812e+01
1.756699371337890625e+01
1.732348442077636719e+01
1.708335876464843750e+01
1.684670448303222656e+01
1.661361122131347656e+01
1.638416290283203125e+01
1.615845108032226562e+01
1.593655967712402344e+01
1.571857929229736328e+01
1.550459480285644531e+01
1.529469585418701172e+01
1.508897018432617188e+01
1.488750267028808594e+01
1.469038295745849609e+01
1.449769973754882812e+01
1.430953598022460938e+01
1.412598419189453125e+01
1.394712924957275391e+01
1.377305984497070312e+01
1.360386371612548828e+01
1.343962669372558594e+01
1.328043746948242188e+01
1.312638378143310547e+01
1.297755241394042969e+01
1.283403205871582031e+01
1.269590854644775391e+01
1.256327152252197266e+01
1.243620681762695312e+01
1.231480312347412109e+01
1.219914722442626953e+01
1.208932685852050781e+01
1.198540782928466797e+01
1.188736534118652344e+01
1.179515743255615234e+01
1.170873546600341797e+01
1.162805652618408203e+01
1.155307483673095703e+01
1.148374462127685547e+01
1.142002010345458984e+01
1.136185836791992188e+01
1.130921268463134766e+01
1.126203727722167969e+01
1.122028827667236328e+01
1.118391990661621094e+01
1.115288639068603516e+01
1.112714290618896484e+01
1.110664463043212891e+01
1.109134483337402344e+01
1.108120059967041016e+01
1.107616615295410156e+01
1.107619476318359375e+01
1.108124256134033203e+01
1.109126377105712891e+01
1.110621452331542969e+01
1.112604713439941406e+01
1.115071773529052734e+01
1.118018054962158203e+01
1.121439170837402344e+01
1.125330448150634766e+01
1.129687500000000000e+01
1.134505748748779297e+01
1.139780616760253906e+01
1.145507621765136719e+01
1.151682281494140625e+01
1.158300113677978516e+01
1.165356445312500000e+01
1.172846794128417969e+01
1.180766677856445312e+01
1.189111614227294922e+01
1.197877120971679688e+01
1.207058525085449219e+01
1.216651344299316406e+01
1.226651096343994141e+01
1.237053203582763672e+01
1.247853279113769531e+01
1.259046745300292969e+01
1.270628929138183594e+01
1.282595539093017578e+01
1.294941902160644531e+01
1.307663536071777344e+01
1.320755958557128906e+01
1.334214115142822266e+01
1.348031234741210938e+01
1.362199783325195312e+01
1.376712894439697266e+01
1.391562652587890625e+01
1.406742095947265625e+01
1.422243881225585938e+01
1.438060474395751953e+01
1.454184913635253906e+01
1.470609569549560547e+01
1.487327098846435547e+01
1.504330348968505859e+01
1.521612071990966797e+01
1.539164638519287109e+01
1.556980991363525391e+01
1.575053787231445312e+01
1.593375396728515625e+01
1.611938858032226562e+01
1.630736732482910156e+01
1.649761581420898438e+01
1.669006156921386719e+01
1.688463211059570312e+01
1.708125495910644531e+01
1.727985382080078125e+01
1.748035621643066406e+01
1.768268966674804688e+01
1.788678359985351562e+01
1.809256172180175781e+01
1.829994964599609375e+01
1.850887680053710938e+01
1.871926689147949219e+01
1.893105125427246094e+01
1.914415359497070312e+01
1.935849952697753906e+01
1.957402038574218750e+01
1.979063606262207031e+01
2.000827980041503906e+01
2.022687530517578125e+01
2.044634819030761719e+01
2.066662788391113281e+01
2.088764190673828125e+01
2.110931396484375000e+01
2.133156967163085938e+01
2.155434036254882812e+01
2.177754974365234375e+01
2.200112724304199219e+01
2.222499656677246094e+01
2.244908332824707031e+01
2.267332077026367188e+01
2.289762878417968750e+01
