# te
3.030279397964477539e+00
3.793185234069824219e+00
3.909149885177612305e+00
3.639958381652832031e+00
3.189189910888671875e+00
2.684431552886962891e+00
2.204446315765380859e+00
1.793623566627502441e+00
1.471764564514160156e+00
1.245051026344299316e+00
1.111806273460388184e+00
1.056061625480651855e+00
1.058613777160644531e+00
1.101039171218872070e+00
1.166039466857910156e+00
1.240035772323608398e+00
1.312143921852111816e+00
1.378541111946105957e+00
1.437537074089050293e+00
1.488912582397460938e+00
1.533517003059387207e+00
1.575004339218139648e+00
1.617245435714721680e+00
1.662171602249145508e+00
1.710730195045471191e+00
1.761869788169860840e+00
1.813763141632080078e+00
1.863473534584045410e+00
1.907792448997497559e+00
1.943530201911926270e+00
1.968299150466918945e+00
1.982898473739624023e+00
1.988134980201721191e+00
1.981656074523925781e+00
1.961222052574157715e+00
1.928202986717224121e+00
1.884686470031738281e+00
1.832020521163940430e+00
1.771368384361267090e+00
1.703506708145141602e+00
1.627668619155883789e+00
1.542701482772827148e+00
1.447452783584594727e+00
1.340769290924072266e+00
1.221663236618041992e+00
1.089804291725158691e+00
9.450269937515258789e-01
7.871657013893127441e-01
6.160548329353332520e-01
4.315887093544006348e-01
2.339005619287490845e-01
2.318344078958034515e-02
-2.003695368766784668e-01
-4.365653395652770996e-01
-6.852751970291137695e-01
-9.466274380683898926e-01
-1.220815062522888184e+00
-1.508030652999877930e+00
-1.808466792106628418e+00
-2.122261524200439453e+00
-2.449331283569335938e+00
-2.789538383483886719e+00
-3.142744541168212891e+00
-3.508811712265014648e+00
-3.887530565261840820e+00
-4.278407573699951172e+00
-4.680879116058349609e+00
-5.094379901885986328e+00
-5.518345355987548828e+00
-5.952383518218994141e+00
-6.396788120269775391e+00
-6.852026462554931641e+00
-7.318564414978027344e+00
-7.796868801116943359e+00
-8.287199020385742188e+00
-8.788982391357421875e+00
-9.301442146301269531e+00
-9.823798179626464844e+00
-1.035527133941650391e+01
-1.089513587951660156e+01
-1.144287109375000000e+01
-1.199800682067871094e+01
-1.256007480621337891e+01
-1.312860774993896484e+01
-1.370317173004150391e+01
-1.428350067138671875e+01
-1.486935901641845703e+01
-1.546051597595214844e+01
-1.605673980712890625e+01
-1.665774917602539062e+01
-1.726307106018066406e+01
-1.787217903137207031e+01
-1.848455238342285156e+01
-1.909966659545898438e+01
-1.971699714660644531e+01
-2.033602333068847656e+01
-2.095621871948242188e+01
-2.157706260681152344e+01
-2.219802856445312500e+01
-2.281859588623046875e+01
-2.343823814392089844e+01
-2.405643653869628906e+01
-2.467266273498535156e+01
-2.528639411926269531e+01
-2.589710998535156250e+01
-2.650428771972656250e+01
-2.710739707946777344e+01
-2.770592117309570312e+01
-2.829933547973632812e+01
-2.888710975646972656e+01
-2.946870422363281250e+01
-3.004357528686523438e+01
-3.061117744445800781e+01
-3.117096519470214844e+01
-3.172239303588867188e+01
-3.226491546630859375e+01
-3.279798889160156250e+01
-3.332107162475585938e+01
-3.383361434936523438e+01
-3.433506774902343750e+01
-3.482489776611328125e+01
-3.530255126953125000e+01
-3.576748275756835938e+01
-3.621915054321289062e+01
-3.665701293945312500e+01
-3.708052062988281250e+01
-3.748912811279296875e+01
-3.788228988647460938e+01
-3.825946426391601562e+01
-3.862013244628906250e+01
-3.896385955810546875e+01
-3.929025268554687500e+01
-3.959891128540039062e+01
-3.988943099975585938e+01
-4.016141128540039062e+01
-4.041445922851562500e+01
-4.064815902709960938e+01
-4.086212158203125000e+01
-4.105594635009765625e+01
-4.122922897338867188e+01
-4.138156509399414062e+01
-4.151256179809570312e+01
-4.162181472778320312e+01
-4.170891952514648438e+01
-4.177347946166992188e+01
-4.181509399414062500e+01
-4.183336257934570312e+01
-4.182788085937500000e+01
-4.179825210571289062e+01
-4.174412536621093750e+01
-4.166537094116210938e+01
-4.156191253662109375e+01
-4.143366622924804688e+01
-4.128055953979492188e+01
-4.110250473022460938e+01
-4.089943313598632812e+01
-4.067126083374023438e+01
-4.041790771484375000e+01
-4.013930130004882812e+01
-3.983536148071289062e+01
-3.950600051879882812e+01
-3.915115356445312500e+01
-3.877072906494140625e+01
-3.836465835571289062e+01
-3.793285751342773438e+01
-3.747525024414062500e+01
-3.699175643920898438e+01
-3.648229598999023438e+01
-3.594679641723632812e+01
-3.538517379760742188e+01
-3.479735183715820312e+01
-3.418325042724609375e+01
-3.354278945922851562e+01
-3.287589645385742188e+01
-3.218254089355468750e+01
-3.146292114257812500e+01
-3.071728515625000000e+01
-2.994589042663574219e+01
-2.914898490905761719e+01
-2.832681274414062500e+01
-2.747963142395019531e+01
-2.660769271850585938e+01
-2.571124267578125000e+01
-2.479053497314453125e+01
-2.384581756591796875e+01
-2.287734222412109375e+01
-2.188536071777343750e+01
-2.087012290954589844e+01
-1.983187866210937500e+01
-1.877087974548339844e+01
-1.768737602233886719e+01
-1.658161926269531250e+01
-1.545385837554931641e+01
-1.430434608459472656e+01
-1.313333225250244141e+01
-1.194106578826904297e+01
-1.072780036926269531e+01
-9.493784904479980469e+00
-8.239269256591796875e+00
-6.964581966400146484e+00
-5.670354366302490234e+00
-4.357294559478759766e+00
-3.026110649108886719e+00
-1.677511334419250488e+00
-3.122045397758483887e-01
1.069101572036743164e+00
2.465698719024658203e+00
3.876878738403320312e+00
5.301932811737060547e+00
6.740153789520263672e+00
8.190833091735839844e+00
9.653262138366699219e+00
1.112673282623291016e+01
1.261053657531738281e+01
1.410396575927734375e+01
1.560631275177001953e+01
1.711686706542968750e+01
1.863492393493652344e+01
2.015977096557617188e+01
2.169070243835449219e+01
2.322701072692871094e+01
2.476798629760742188e+01
2.631292343139648438e+01
2.786110877990722656e+01
2.941184043884277344e+01
3.096440315246582031e+01
3.251809692382812500e+01
3.407220458984375000e+01
3.562602615356445312e+01
3.717884826660156250e+01
3.872996139526367188e+01
4.027865982055664062e+01
4.182423782348632812e+01
4.336598968505859375e+01
4.490319442749023438e+01
4.643515777587890625e+01
4.796116256713867188e+01
4.948050308227539062e+01
5.099247360229492188e+01
5.249636077880859375e+01
5.399146270751953125e+01
5.547706604003906250e+01
5.695246124267578125e+01
5.841695022583007812e+01
5.986981582641601562e+01
6.131034851074218750e+01
6.273784637451171875e+01
6.415159606933593750e+01
6.555089569091796875e+01
6.693505859375000000e+01
6.830357360839843750e+01
6.965591430664062500e+01
7.099160003662109375e+01
7.231011199951171875e+01
7.361096191406250000e+01
7.489365386962890625e+01
7.615768432617187500e+01
7.740254211425781250e+01
7.862773895263671875e+01
7.983277893066406250e+01
8.101715087890625000e+01
8.218035125732421875e+01
8.332189178466796875e+01
8.444126892089843750e+01
8.553797912597656250e+01
8.661152648925781250e+01
8.766140747070312500e+01
8.868711853027343750e+01
8.968817138671875000e+01
9.066405487060546875e+01
9.161427307128906250e+01
9.253832244873046875e+01
9.343569946289062500e+01
9.430592346191406250e+01
9.514847564697265625e+01
9.596285247802734375e+01
9.674856567382812500e+01
9.750511932373046875e+01
9.823199462890625000e+01
9.892871093750000000e+01
9.959475708007812500e+01
1.002296371459960938e+02
1.008328399658203125e+02
1.014038772583007812e+02
1.019422531127929688e+02
1.024474563598632812e+02
1.029189834594726562e+02
1.033563537597656250e+02
1.037590484619140625e+02
1.041265716552734375e+02
1.044584274291992188e+02
1.047541122436523438e+02
1.050131301879882812e+02
1.052349777221679688e+02
1.054191513061523438e+02
1.055651550292968750e+02
1.056724929809570312e+02
1.057406539916992188e+02
1.057691421508789062e+02
1.057576065063476562e+02
1.057062683105468750e+02
1.056155014038085938e+02
1.054856567382812500e+02
1.053171234130859375e+02
1.051102447509765625e+02
1.048654174804687500e+02
1.045829925537109375e+02
1.042633361816406250e+02
1.039068222045898438e+02
1.035138244628906250e+02
1.030847015380859375e+02
1.026198196411132812e+02
1.021195602416992188e+02
1.015842742919921875e+02
1.010143432617187500e+02
1.004101333618164062e+02
9.977201080322265625e+01
9.910033416748046875e+01
9.839549255371093750e+01
9.765782928466796875e+01
9.688773345947265625e+01
9.608556365966796875e+01
9.525168609619140625e+01
9.438647460937500000e+01
9.349028778076171875e+01
9.256351470947265625e+01
9.160649871826171875e+01
9.061962127685546875e+01
8.960324096679687500e+01
8.855774688720703125e+01
8.748348236083984375e+01
8.638082885742187500e+01
8.525015258789062500e+01
8.409181976318359375e+01
8.290620422363281250e+01
8.169366455078125000e+01
8.045457458496093750e+01
7.918930053710937500e+01
7.789821624755859375e+01
7.658168029785156250e+01
7.524006652832031250e+01
7.387374114990234375e+01
7.248307037353515625e+01
7.106843566894531250e+01
6.963018798828125000e+01
6.816870117187500000e+01
6.668434906005859375e+01
6.517749023437500000e+01
6.364849853515625000e+01
6.209782791137695312e+01
6.052621841430664062e+01
5.893451690673828125e+01
5.732355880737304688e+01
5.569418716430664062e+01
5.404722976684570312e+01
5.238352203369140625e+01
5.070391082763671875e+01
4.900922012329101562e+01
4.730029296875000000e+01
4.557796859741210938e+01
4.384307861328125000e+01
4.209646606445312500e+01
4.033895874023437500e+01
3.857139587402343750e+01
3.679462051391601562e+01
3.500946044921875000e+01
3.321675872802734375e+01
3.141734504699707031e+01
2.961206054687500000e+01
2.780174064636230469e+01
2.598722457885742188e+01
2.416934585571289062e+01
2.234894180297851562e+01
2.052684974670410156e+01
1.870390319824218750e+01
1.688094139099121094e+01
1.505880165100097656e+01
1.323831939697265625e+01
1.142033100128173828e+01
9.605672836303710938e+00
7.795180797576904297e+00
5.989693164825439453e+00
4.190044879913330078e+00
2.397073745727539062e+00
6.116154789924621582e-01
-1.165493130683898926e+00
-2.933415651321411133e+00
-4.691315650939941406e+00
-6.438355922698974609e+00
-8.173700332641601562e+00
-9.896512985229492188e+00
-1.160595607757568359e+01
-1.330119514465332031e+01
-1.498138999938964844e+01
-1.664570999145507812e+01
-1.829331207275390625e+01
-1.992336273193359375e+01
-2.153502655029296875e+01
-2.312746429443359375e+01
-2.469992065429687500e+01
-2.625196075439453125e+01
-2.778322219848632812e+01
-2.929335021972656250e+01
-3.078198432922363281e+01
-3.224877166748046875e+01
-3.369335174560546875e+01
-3.511536788940429688e+01
-3.651446151733398438e+01
-3.789027404785156250e+01
-3.924245071411132812e+01
-4.057062911987304688e+01
-4.187445831298828125e+01
-4.315357971191406250e+01
-4.440762329101562500e+01
-4.563624954223632812e+01
-4.683909225463867188e+01
-4.801578903198242188e+01
-4.916598892211914062e+01
-5.028933334350585938e+01
-5.138546371459960938e+01
-5.245402145385742188e+01
-5.349465560913085938e+01
-5.450699996948242188e+01
-5.549069595336914062e+01
-5.644539260864257812e+01
-5.737072753906250000e+01
-5.826634597778320312e+01
-5.913189315795898438e+01
-5.996700668334960938e+01
-6.077132797241210938e+01
-6.154450607299804688e+01
-6.228617095947265625e+01
-6.299597549438476562e+01
-6.367356109619140625e+01
-6.431856536865234375e+01
-6.493063354492187500e+01
-6.550941467285156250e+01
-6.605453491210937500e+01
-6.656565093994140625e+01
-6.704239654541015625e+01
-6.748442840576171875e+01
-6.789136505126953125e+01
-6.826287078857421875e+01
-6.859857940673828125e+01
-6.889812469482421875e+01
-6.916116333007812500e+01
-6.938733673095703125e+01
-6.957627868652343750e+01
-6.972763824462890625e+01
-6.984119415283203125e+01
-6.991732025146484375e+01
-6.995652770996093750e+01
-6.995932769775390625e+01
-6.992623138427734375e+01
-6.985774993896484375e+01
-6.975439453125000000e+01
-6.961669158935546875e+01
-6.944512939453125000e+01
-6.924024200439453125e+01
-6.900251770019531250e+01
-6.873248291015625000e+01
-6.843065643310546875e+01
-6.809753417968750000e+01
-6.773364257812500000e+01
-6.733947753906250000e+01
-6.691556549072265625e+01
-6.646240997314453125e+01
-6.598052978515625000e+01
-6.547042083740234375e+01
-6.493261718750000000e+01
-6.436762237548828125e+01
-6.377593231201171875e+01
-6.315808486938476562e+01
-6.251457595825195312e+01
-6.184592056274414062e+01
-6.115262603759765625e+01
-6.043521499633789062e+01
-5.969419479370117188e+01
-5.893007278442382812e+01
-5.814336776733398438e+01
-5.733458709716796875e+01
-5.650424575805664062e+01
-5.565284729003906250e+01
-5.478091049194335938e+01
-5.388895416259765625e+01
-5.297747802734375000e+01
-5.204699707031250000e+01
-5.109802627563476562e+01
-5.013107681274414062e+01
-4.914665985107421875e+01
-4.814528274536132812e+01
-4.712746810913085938e+01
-4.609371566772460938e+01
-4.504454421997070312e+01
-4.398046493530273438e+01
-4.290199279785156250e+01
-4.180963134765625000e+01
-4.070389938354492188e+01
-3.958530807495117188e+01
-3.845441055297851562e+01
-3.731194305419921875e+01
-3.615868377685546875e+01
-3.499541473388671875e+01
-3.382291412353515625e+01
-3.264195632934570312e+01
-3.145332717895507812e+01
-3.025779914855957031e+01
-2.905615806579589844e+01
-2.784917449951171875e+01
-2.663763427734375000e+01
-2.542231559753417969e+01
-2.420399475097656250e+01
-2.298345375061035156e+01
-2.176147079467773438e+01
-2.053882217407226562e+01
-1.931628990173339844e+01
-1.809465217590332031e+01
-1.687468719482421875e+01
-1.565717697143554688e+01
-1.444289588928222656e+01
-1.323262596130371094e+01
-1.202714538574218750e+01
-1.082723522186279297e+01
-9.633670806884765625e+00
-8.447233200073242188e+00
-7.268701553344726562e+00
-6.098854541778564453e+00
-4.938471794128417969e+00
-3.788331031799316406e+00
-2.649212598800659180e+00
-1.521894574165344238e+00
-4.071564376354217529e-01
6.942229270935058594e-01
1.781464457511901855e+00
2.853789091110229492e+00
3.910418033599853516e+00
4.950572013854980469e+00
5.973472118377685547e+00
6.978339195251464844e+00
7.964394092559814453e+00
8.930858612060546875e+00
9.876953125000000000e+00
1.080189800262451172e+01
1.170491504669189453e+01
1.258522510528564453e+01
1.344204998016357422e+01
1.427460765838623047e+01
1.508212280273437500e+01
1.586381435394287109e+01
1.661900901794433594e+01
1.734744644165039062e+01
1.804897499084472656e+01
1.872343826293945312e+01
1.937068557739257812e+01
1.999055862426757812e+01
2.058290672302246094e+01
2.114757728576660156e+01
2.168441200256347656e+01
2.219326019287109375e+01
2.267396545410156250e+01
2.312637901306152344e+01
2.355034065246582031e+01
2.394569969177246094e+01
2.431230163574218750e+01
2.464999389648437500e+01
2.495862007141113281e+01
2.523802757263183594e+01
2.548806381225585938e+01
2.570857238769531250e+01
2.589939880371093750e+01
2.606039428710937500e+01
2.619139862060546875e+01
2.629226112365722656e+01
2.636282920837402344e+01
2.640294456481933594e+01
2.641245651245117188e+01
2.639121246337890625e+01
2.633905410766601562e+01
2.625583267211914062e+01
2.614138984680175781e+01
2.599557304382324219e+01
2.581822967529296875e+01
2.560920333862304688e+01
2.536834335327148438e+01
2.509549331665039062e+01
2.479050064086914062e+01
2.445321083068847656e+01
2.408346939086914062e+01
2.368112182617187500e+01
2.324601745605468750e+01
2.277799797058105469e+01
2.227691459655761719e+01
2.174260902404785156e+01
2.117492866516113281e+01
2.057372283935546875e+01
1.993883132934570312e+01
1.927010345458984375e+01
1.856738662719726562e+01
1.783052444458007812e+01
1.705949783325195312e+01
1.625480461120605469e+01
1.541708374023437500e+01
1.454696846008300781e+01
1.364509201049804688e+01
1.271209049224853516e+01
1.174859714508056641e+01
1.075524520874023438e+01
9.732672691345214844e+00
8.681509971618652344e+00
7.602394104003906250e+00
6.495959281921386719e+00
5.362838745117187500e+00
4.203668117523193359e+00
3.019080638885498047e+00
1.809711813926696777e+00
5.761955380439758301e-01
-6.808338165283203125e-01
-1.960741639137268066e+00
-3.262893676757812500e+00
-4.586655616760253906e+00
-5.931392669677734375e+00
-7.296470165252685547e+00
-8.681254386901855469e+00
-1.008511066436767578e+01
-1.150740432739257812e+01
-1.294750213623046875e+01
-1.440476894378662109e+01
-1.587856864929199219e+01
-1.736827087402343750e+01
-1.887323379516601562e+01
-2.039283180236816406e+01
-2.192642593383789062e+01
-2.347338294982910156e+01
-2.503306579589843750e+01
-2.660484313964843750e+01
-2.818807983398437500e+01
-2.978214073181152344e+01
-3.138639068603515625e+01
-3.300019836425781250e+01
-3.462292480468750000e+01
-3.625394439697265625e+01
-3.789260864257812500e+01
-3.953829574584960938e+01
-4.119036865234375000e+01
-4.284818649291992188e+01
-4.451111984252929688e+01
-4.617853546142578125e+01
-4.784979629516601562e+01
-4.952426528930664062e+01
-5.120129776000976562e+01
-5.288017654418945312e+01
-5.456016921997070312e+01
-5.624053573608398438e+01
-5.792055511474609375e+01
-5.959948730468750000e+01
-6.127659988403320312e+01
-6.295116424560546875e+01
-6.462245178222656250e+01
-6.628972625732421875e+01
-6.795223999023437500e+01
-6.960928344726562500e+01
-7.126011657714843750e+01
-7.290400695800781250e+01
-7.454021453857421875e+01
-7.616802215576171875e+01
-7.778668975830078125e+01
-7.939546966552734375e+01
-8.099365234375000000e+01
-8.258049774169921875e+01
-8.415527343750000000e+01
-8.571723937988281250e+01
-8.726567840576171875e+01
-8.879984283447265625e+01
-9.031900787353515625e+01
-9.182244110107421875e+01
-9.330941009521484375e+01
-9.477918243408203125e+01
-9.623101806640625000e+01
-9.766419982910156250e+01
-9.907798004150390625e+01
-1.004716339111328125e+02
-1.018444290161132812e+02
-1.031956405639648438e+02
-1.045245208740234375e+02
-1.058303451538085938e+02
-1.071123809814453125e+02
-1.083698883056640625e+02
-1.096021423339843750e+02
-1.108084259033203125e+02
-1.119879837036132812e+02
-1.131400833129882812e+02
-1.142639999389648438e+02
-1.153590011596679688e+02
-1.164243621826171875e+02
-1.174593353271484375e+02
-1.184631958007812500e+02
-1.194352111816406250e+02
-1.203746490478515625e+02
-1.212807769775390625e+02
-1.221529769897460938e+02
-1.229910736083984375e+02
-1.237950439453125000e+02
-1.245648117065429688e+02
-1.253003387451171875e+02
-1.260015792846679688e+02
-1.266684799194335938e+02
-1.273009719848632812e+02
-1.278990325927734375e+02
-1.284626007080078125e+02
-1.289916381835937500e+02
-1.294860687255859375e+02
-1.299458618164062500e+02
-1.303709716796875000e+02
-1.307613372802734375e+02
-1.311169128417968750e+02
-1.314376525878906250e+02
-1.317234954833984375e+02
-1.319743804931640625e+02
-1.321902923583984375e+02
-1.323711700439453125e+02
-1.325169525146484375e+02
-1.326275939941406250e+02
-1.327030487060546875e+02
-1.327432708740234375e+02
-1.327481842041015625e+02
-1.327177581787109375e+02
-1.326519622802734375e+02
-1.325507049560546875e+02
-1.324139862060546875e+02
-1.322417144775390625e+02
-1.320338592529296875e+02
-1.317903594970703125e+02
-1.315111694335937500e+02
-1.311962432861328125e+02
-1.308455352783203125e+02
-1.304589843750000000e+02
-1.300365295410156250e+02
-1.295781555175781250e+02
-1.290838012695312500e+02
-1.285533905029296875e+02
-1.279869079589843750e+02
-1.273842849731445312e+02
-1.267454757690429688e+02
-1.260704193115234375e+02
-1.253590850830078125e+02
-1.246114120483398438e+02
-1.238273468017578125e+02
-1.230068511962890625e+02
-1.221498641967773438e+02
-1.212564773559570312e+02
-1.203271942138671875e+02
-1.193627090454101562e+02
-1.183636779785156250e+02
-1.173307571411132812e+02
-1.162646255493164062e+02
-1.151659240722656250e+02
-1.140353240966796875e+02
-1.128734817504882812e+02
-1.116810913085937500e+02
-1.104587631225585938e+02
-1.092072067260742188e+02
-1.079270477294921875e+02
-1.066189880371093750e+02
-1.052836456298828125e+02
-1.039217224121093750e+02
-1.025338668823242188e+02
-1.011207275390625000e+02
-9.968299102783203125e+01
-9.822129821777343750e+01
-9.673632812500000000e+01
-9.522872924804687500e+01
-9.369918060302734375e+01
-9.214833068847656250e+01
-9.057685089111328125e+01
-8.898539733886718750e+01
-8.737464141845703125e+01
-8.574523162841796875e+01
-8.409783935546875000e+01
-8.243313598632812500e+01
-8.075177001953125000e+01
-7.905440521240234375e+01
-7.734171295166015625e+01
-7.561434173583984375e+01
-7.387297821044921875e+01
-7.211826324462890625e+01
-7.035086059570312500e+01
-6.857144165039062500e+01
-6.678067016601562500e+01
-6.497920227050781250e+01
-6.316770172119140625e+01
-6.134683609008789062e+01
-5.951725387573242188e+01
-5.767963790893554688e+01
-5.583464050292968750e+01
-5.398291778564453125e+01
-5.212514495849609375e+01
-5.026197814941406250e+01
-4.839407730102539062e+01
-4.652211380004882812e+01
-4.464674758911132812e+01
-4.276866531372070312e+01
-4.088855743408203125e+01
-3.900712585449218750e+01
-3.712504577636718750e+01
-3.524302291870117188e+01
-3.336173629760742188e+01
-3.148188591003417969e+01
-2.960416221618652344e+01
-2.772925186157226562e+01
-2.585784721374511719e+01
-2.399063873291015625e+01
-2.212832260131835938e+01
-2.027158737182617188e+01
-1.842112159729003906e+01
-1.657762145996093750e+01
-1.474177265167236328e+01
-1.291427040100097656e+01
-1.109580421447753906e+01
-9.287066459655761719e+00
-7.488748073577880859e+00
-5.701539516448974609e+00
-3.926131963729858398e+00
-2.163217544555664062e+00
-4.134867191314697266e-01
1.322368741035461426e+00
3.043658018112182617e+00
4.749689579010009766e+00
6.439772605895996094e+00
8.113215446472167969e+00
9.769327163696289062e+00
1.140741634368896484e+01
1.302679157257080078e+01
1.462676334381103516e+01
1.620663642883300781e+01
1.776572418212890625e+01
1.930333328247070312e+01
2.081877136230468750e+01
2.231134986877441406e+01
2.378037452697753906e+01
2.522515869140625000e+01
2.664500617980957031e+01
2.803922653198242188e+01
2.940713119506835938e+01
3.074802780151367188e+01
3.206122207641601562e+01
3.334603118896484375e+01
3.460175323486328125e+01
3.582770538330078125e+01
3.702318954467773438e+01
3.818762969970703125e+01
3.932086181640625000e+01
4.042284011840820312e+01
4.149351882934570312e+01
4.253284454345703125e+01
4.354076766967773438e+01
4.451725006103515625e+01
4.546222686767578125e+01
4.637565994262695312e+01
4.725749588012695312e+01
4.810768890380859375e+01
4.892618942260742188e+01
4.971294784545898438e+01
5.046791076660156250e+01
5.119104003906250000e+01
5.188227462768554688e+01
5.254157638549804688e+01
5.316888809204101562e+01
5.376416778564453125e+01
5.432735824584960938e+01
5.485841751098632812e+01
5.535729598999023438e+01
5.582394790649414062e+01
5.625831222534179688e+01
5.666035461425781250e+01
5.703001403808593750e+01
5.736724472045898438e+01
5.767200469970703125e+01
5.794424438476562500e+01
5.818390274047851562e+01
5.839094543457031250e+01
5.856531524658203125e+01
5.870695877075195312e+01
5.881584167480468750e+01
5.889190292358398438e+01
5.893510055541992188e+01
5.894538116455078125e+01
5.892269897460937500e+01
5.886700439453125000e+01
5.877824401855468750e+01
5.865637588500976562e+01
5.850135040283203125e+01
5.831311035156250000e+01
5.809161758422851562e+01
5.783681488037109375e+01
5.754866409301757812e+01
5.722710418701171875e+01
5.687209320068359375e+01
5.648357391357421875e+01
5.606151199340820312e+01
5.560594940185546875e+01
5.511735916137695312e+01
5.459629440307617188e+01
5.404333496093750000e+01
5.345904541015625000e+01
5.284398651123046875e+01
5.219873046875000000e+01
5.152384185791015625e+01
5.081988906860351562e+01
5.008743286132812500e+01
4.932704925537109375e+01
4.853929901123046875e+01
4.772475433349609375e+01
4.688397216796875000e+01
4.601752853393554688e+01
4.512598800659179688e+01
4.420991516113281250e+01
4.326987838745117188e+01
4.230643844604492188e+01
4.132017135620117188e+01
4.031164169311523438e+01
3.928141403198242188e+01
3.823005676269531250e+01
3.715813446044921875e+01
3.606621551513671875e+01
3.495486831665039062e+01
3.382465362548828125e+01
3.267614364624023438e+01
3.150990104675292969e+01
3.032649993896484375e+01
2.912649917602539062e+01
2.791047096252441406e+01
2.667897987365722656e+01
2.543259048461914062e+01
2.417187309265136719e+01
2.289739227294921875e+01
2.160971641540527344e+01
2.030941390991210938e+01
1.899704551696777344e+01
1.767318344116210938e+01
1.633839225769042969e+01
1.499323844909667969e+01
1.363829040527343750e+01
1.227411365509033203e+01
1.090127563476562500e+01
9.520340919494628906e+00
8.131879806518554688e+00
6.736457347869873047e+00
5.334640026092529297e+00
3.926995038986206055e+00
2.514088630676269531e+00
1.096486926078796387e+00
-3.252447247505187988e-01
-1.750540733337402344e+00
-3.178835391998291016e+00
-4.609563350677490234e+00
-6.042159080505371094e+00
-7.476056098937988281e+00
-8.910690307617187500e+00
-1.034549522399902344e+01
-1.177990531921386719e+01
-1.321335506439208984e+01
-1.464527988433837891e+01
-1.607511329650878906e+01
-1.750228881835937500e+01
-1.892624282836914062e+01
-2.034640884399414062e+01
-2.176222038269042969e+01
-2.317311286926269531e+01
-2.457851982116699219e+01
-2.597787666320800781e+01
-2.737062072753906250e+01
-2.875617980957031250e+01
-3.013399505615234375e+01
-3.150349426269531250e+01
-3.286411666870117188e+01
-3.421529769897460938e+01
-3.555646133422851562e+01
-3.688705825805664062e+01
-3.820651245117187500e+01
-3.951425933837890625e+01
-4.080973815917968750e+01
-4.209237670898437500e+01
-4.336161422729492188e+01
-4.461688232421875000e+01
-4.585762023925781250e+01
-4.708325195312500000e+01
-4.829322433471679688e+01
-4.948696136474609375e+01
-5.066390609741210938e+01
-5.182349014282226562e+01
-5.296514511108398438e+01
-5.408830261230468750e+01
-5.519240951538085938e+01
-5.627688980102539062e+01
-5.734117889404296875e+01
-5.838471221923828125e+01
-5.940692901611328125e+01
-6.040725708007812500e+01
-6.138513565063476562e+01
-6.234008026123046875e+01
-6.327196884155273438e+01
-6.418075561523437500e+01
-6.506639099121093750e+01
-6.592884063720703125e+01
-6.676806640625000000e+01
-6.758401489257812500e+01
-6.837664794921875000e+01
-6.914592742919921875e+01
-6.989179992675781250e+01
-7.061424255371093750e+01
-7.131319427490234375e+01
-7.198860931396484375e+01
-7.264046478271484375e+01
-7.326870727539062500e+01
-7.387329101562500000e+01
-7.445417785644531250e+01
-7.501132965087890625e+01
-7.554469299316406250e+01
-7.605423736572265625e+01
-7.653990173339843750e+01
-7.700167083740234375e+01
-7.743947601318359375e+01
-7.785329437255859375e+01
-7.824307250976562500e+01
-7.860876464843750000e+01
-7.895034027099609375e+01
-7.926775360107421875e+01
-7.956095123291015625e+01
-7.982991027832031250e+01
-8.007456207275390625e+01
-8.029489135742187500e+01
-8.049083709716796875e+01
-8.066236114501953125e+01
-8.080943298339843750e+01
-8.093198394775390625e+01
-8.102999877929687500e+01
-8.110342407226562500e+01
-8.115220642089843750e+01
-8.117631530761718750e+01
-8.117571258544921875e+01
-8.115035247802734375e+01
-8.110018157958984375e+01
-8.102516937255859375e+01
-8.092527008056640625e+01
-8.080043029785156250e+01
-8.065063476562500000e+01
-8.047581481933593750e+01
-8.027593231201171875e+01
-8.005095672607421875e+01
-7.980091094970703125e+01
-7.952613067626953125e+01
-7.922701263427734375e+01
-7.890396881103515625e+01
-7.855740356445312500e+01
-7.818772125244140625e+01
-7.779531860351562500e+01
-7.738061523437500000e+01
-7.694400787353515625e+01
-7.648590087890625000e+01
-7.600670623779296875e+01
-7.550682067871093750e+01
-7.498665618896484375e+01
-7.444660949707031250e+01
-7.388708496093750000e+01
-7.330850219726562500e+01
-7.271125793457031250e+01
-7.209575653076171875e+01
-7.146239471435546875e+01
-7.081158447265625000e+01
-7.014374542236328125e+01
-6.945925903320312500e+01
-6.875854492187500000e+01
-6.804199981689453125e+01
-6.731003570556640625e+01
-6.656305694580078125e+01
-6.580146026611328125e+01
-6.502565765380859375e+01
-6.423605346679687500e+01
-6.343305206298828125e+01
-6.261706161499023438e+01
-6.178847885131835938e+01
-6.094771194458007812e+01
-6.009518051147460938e+01
-5.923126220703125000e+01
-5.835639190673828125e+01
-5.747094726562500000e+01
-5.657535171508789062e+01
-5.567000198364257812e+01
-5.475531005859375000e+01
-5.383167266845703125e+01
-5.289950180053710938e+01
-5.195919418334960938e+01
-5.101116180419921875e+01
-5.005581283569335938e+01
-4.909354019165039062e+01
-4.812475967407226562e+01
-4.714987182617187500e+01
-4.616928100585937500e+01
-4.518339538574218750e+01
-4.419264602661132812e+01
-4.319755554199218750e+01
-4.219868087768554688e+01
-4.119658279418945312e+01
-4.019180679321289062e+01
-3.918490982055664062e+01
-3.817644500732421875e+01
-3.716697311401367188e+01
-3.615703964233398438e+01
-3.514720535278320312e+01
-3.413802337646484375e+01
-3.313004302978515625e+01
-3.212382507324218750e+01
-3.111992073059082031e+01
-3.011887931823730469e+01
-2.912126541137695312e+01
-2.812762451171875000e+01
-2.713851547241210938e+01
-2.615449333190917969e+01
-2.517610931396484375e+01
-2.420391845703125000e+01
-2.323847389221191406e+01
-2.228033065795898438e+01
-2.133004570007324219e+01
-2.038817024230957031e+01
-1.945525932312011719e+01
-1.853186607360839844e+01
-1.761854743957519531e+01
-1.671585464477539062e+01
-1.582434463500976562e+01
-1.494456958770751953e+01
-1.407708358764648438e+01
-1.322244262695312500e+01
-1.238119983673095703e+01
-1.155391025543212891e+01
-1.074112796783447266e+01
-9.943405151367187500e+00
-9.161298751831054688e+00
-8.395362854003906250e+00
-7.646149635314941406e+00
-6.914214611053466797e+00
-6.200111865997314453e+00
-5.504395961761474609e+00
-4.827620983123779297e+00
-4.170341014862060547e+00
-3.533110141754150391e+00
-2.916482925415039062e+00
-2.321013450622558594e+00
-1.747256040573120117e+00
-1.195764660835266113e+00
-6.669256091117858887e-01
-1.604504734277725220e-01
3.241169750690460205e-01
7.872331142425537109e-01
1.229354500770568848e+00
1.650937318801879883e+00
2.052438259124755859e+00
2.434313535690307617e+00
2.797019481658935547e+00
3.141012907028198242e+00
3.466749906539916992e+00
3.774686574935913086e+00
4.065279483795166016e+00
4.338985919952392578e+00
4.596261024475097656e+00
4.837562561035156250e+00
5.063345432281494141e+00
5.274067401885986328e+00
5.470183372497558594e+00
5.652151584625244141e+00
5.820426940917968750e+00
5.975466728210449219e+00
6.117726802825927734e+00
6.247663497924804688e+00
6.365734100341796875e+00
6.472394466400146484e+00
6.568100929260253906e+00
6.653309822082519531e+00
6.728477954864501953e+00
6.794061183929443359e+00
6.850515842437744141e+00
6.898299217224121094e+00
6.937867164611816406e+00
6.969676494598388672e+00
6.994182586669921875e+00
7.011843204498291016e+00
7.023113727569580078e+00
7.028450965881347656e+00
7.028311252593994141e+00
7.023150920867919922e+00
7.013427257537841797e+00
6.999595165252685547e+00
6.982111930847167969e+00
6.961433410644531250e+00
6.938016891479492188e+00
6.912318229675292969e+00
6.884794712066650391e+00
6.855900287628173828e+00
6.826094150543212891e+00
6.795832157135009766e+00
