# tt
1.078977294921875000e+03
1.014615966796875000e+03
9.523803710937500000e+02
9.039168090820312500e+02
8.686098022460937500e+02
8.441451416015625000e+02
8.276931152343750000e+02
8.173479614257812500e+02
8.118781738281250000e+02
8.099178466796875000e+02
8.115311279296875000e+02
8.153410644531250000e+02
8.199372558593750000e+02
8.257485961914062500e+02
8.334343872070312500e+02
8.427365722656250000e+02
8.531798706054687500e+02
8.643380737304687500e+02
8.758675537109375000e+02
8.877072143554687500e+02
8.998690185546875000e+02
9.123762817382812500e+02
9.252310791015625000e+02
9.383389282226562500e+02
9.516184692382812500e+02
9.651361694335937500e+02
9.789633178710937500e+02
9.930407104492187500e+02
1.007296386718750000e+03
1.021737854003906250e+03
1.036386718750000000e+03
1.051243408203125000e+03
1.066285400390625000e+03
1.081419921875000000e+03
1.096592529296875000e+03
1.111971313476562500e+03
1.127719116210937500e+03
1.143754638671875000e+03
1.159935668945312500e+03
1.176149414062500000e+03
1.192402587890625000e+03
1.208731201171875000e+03
1.225171630859375000e+03
1.241760131835937500e+03
1.258525634765625000e+03
1.275469970703125000e+03
1.292587524414062500e+03
1.309872802734375000e+03
1.327320312500000000e+03
1.344926025390625000e+03
1.362692138671875000e+03
1.380622558593750000e+03
1.398720947265625000e+03
1.416990966796875000e+03
1.435436279296875000e+03
1.454060180664062500e+03
1.472865478515625000e+03
1.491855468750000000e+03
1.511032958984375000e+03
1.530401123046875000e+03
1.549962524414062500e+03
1.569719604492187500e+03
1.589674926757812500e+03
1.609831176757812500e+03
1.630190429687500000e+03
1.650754272460937500e+03
1.671523803710937500e+03
1.692500366210937500e+03
1.713685058593750000e+03
1.735080322265625000e+03
1.756694091796875000e+03
1.778536010742187500e+03
1.800615356445312500e+03
1.822941162109375000e+03
1.845520874023437500e+03
1.868351562500000000e+03
1.891429077148437500e+03
1.914748168945312500e+03
1.938304443359375000e+03
1.962093383789062500e+03
1.986113403320312500e+03
2.010362792968750000e+03
2.034840209960937500e+03
2.059544433593750000e+03
2.084473388671875000e+03
2.109624511718750000e+03
2.134994873046875000e+03
2.160581054687500000e+03
2.186379638671875000e+03
2.212388427734375000e+03
2.238603759765625000e+03
2.265023681640625000e+03
2.291645019531250000e+03
2.318465332031250000e+03
2.345482177734375000e+03
2.372692138671875000e+03
2.400093505859375000e+03
2.427682861328125000e+03
2.455457763671875000e+03
2.483415771484375000e+03
2.511553955078125000e+03
2.539869628906250000e+03
2.568360351562500000e+03
2.597022949218750000e+03
2.625855224609375000e+03
2.654854736328125000e+03
2.684018066406250000e+03
2.713343017578125000e+03
2.742826660156250000e+03
2.772465820312500000e+03
2.802251464843750000e+03
2.832174804687500000e+03
2.862226562500000000e+03
2.892397460937500000e+03
2.922677978515625000e+03
2.953059326171875000e+03
2.983531494140625000e+03
3.014085937500000000e+03
3.044712890625000000e+03
3.075403320312500000e+03
3.106148193359375000e+03
3.136937500000000000e+03
3.167762451171875000e+03
3.198614013671875000e+03
3.229482421875000000e+03
3.260358642578125000e+03
3.291233154296875000e+03
3.322097167968750000e+03
3.352941162109375000e+03
3.383755615234375000e+03
3.414532958984375000e+03
3.445264648437500000e+03
3.475942871093750000e+03
3.506559082031250000e+03
3.537105468750000000e+03
3.567574218750000000e+03
3.597956787109375000e+03
3.628245117187500000e+03
3.658431640625000000e+03
3.688507812500000000e+03
3.718465087890625000e+03
3.748296386718750000e+03
3.777992919921875000e+03
3.807546630859375000e+03
3.836949462890625000e+03
3.866193603515625000e+03
3.895270751953125000e+03
3.924172851562500000e+03
3.952891845703125000e+03
3.981419189453125000e+03
4.009746582031250000e+03
4.037864501953125000e+03
4.065764404296875000e+03
4.093437744140625000e+03
4.120875488281250000e+03
4.148067382812500000e+03
4.175006347656250000e+03
4.201682617187500000e+03
4.228086914062500000e+03
4.254210449218750000e+03
4.280044921875000000e+03
4.305581542968750000e+03
4.330810058593750000e+03
4.355722656250000000e+03
4.380310546875000000e+03
4.404563964843750000e+03
4.428474609375000000e+03
4.452033203125000000e+03
4.475230957031250000e+03
4.498059082031250000e+03
4.520508300781250000e+03
4.542570312500000000e+03
4.564235839843750000e+03
4.585495117187500000e+03
4.606341308593750000e+03
4.626765136718750000e+03
4.646760253906250000e+03
4.666318847656250000e+03
4.685434082031250000e+03
4.704098632812500000e+03
4.722304199218750000e+03
4.740044433593750000e+03
4.757311523437500000e+03
4.774099121093750000e+03
4.790398437500000000e+03
4.806203613281250000e+03
4.821506347656250000e+03
4.836299316406250000e+03
4.850575683593750000e+03
4.864327636718750000e+03
4.877548828125000000e+03
4.890230468750000000e+03
4.902366210937500000e+03
4.913948730468750000e+03
4.924970703125000000e+03
4.935424316406250000e+03
4.945302734375000000e+03
4.954598632812500000e+03
4.963304199218750000e+03
4.971414550781250000e+03
4.978929199218750000e+03
4.985850585937500000e+03
4.992181640625000000e+03
4.997923339843750000e+03
5.003078125000000000e+03
5.007647949218750000e+03
5.011635742187500000e+03
5.015042480468750000e+03
5.017871093750000000e+03
5.020123046875000000e+03
5.021800292968750000e+03
5.022905761718750000e+03
5.023440917968750000e+03
5.023408203125000000e+03
5.022809570312500000e+03
5.021646484375000000e+03
5.019922363281250000e+03
5.017638183593750000e+03
5.014796386718750000e+03
5.011399414062500000e+03
5.007448730468750000e+03
5.002946777343750000e+03
4.997895507812500000e+03
4.992297363281250000e+03
4.986153808593750000e+03
4.979467773437500000e+03
4.972240234375000000e+03
4.964474121093750000e+03
4.956171386718750000e+03
4.947333984375000000e+03
4.937964355468750000e+03
4.928063964843750000e+03
4.917635253906250000e+03
4.906680175781250000e+03
4.895201171875000000e+03
4.883200195312500000e+03
4.870679199218750000e+03
4.857639648437500000e+03
4.844084960937500000e+03
4.830016601562500000e+03
4.815436523437500000e+03
4.800346679687500000e+03
4.784749511718750000e+03
4.768646484375000000e+03
4.752041015625000000e+03
4.734934082031250000e+03
4.717328125000000000e+03
4.699225097656250000e+03
4.680626953125000000e+03
4.661537597656250000e+03
4.641965820312500000e+03
4.621922363281250000e+03
4.601416992187500000e+03
4.580460937500000000e+03
4.559063964843750000e+03
4.537236816406250000e+03
4.514990722656250000e+03
4.492334960937500000e+03
4.469280273437500000e+03
4.445837402343750000e+03
4.422016601562500000e+03
4.397828613281250000e+03
4.373283203125000000e+03
4.348391601562500000e+03
4.323164062500000000e+03
4.297610351562500000e+03
4.271742187500000000e+03
4.245568847656250000e+03
4.219101562500000000e+03
4.192350097656250000e+03
4.165325683593750000e+03
4.138037597656250000e+03
4.110497558593750000e+03
4.082715820312500000e+03
4.054701904296875000e+03
4.026467285156250000e+03
3.998021484375000000e+03
3.969375976562500000e+03
3.940540283203125000e+03
3.911525390625000000e+03
3.882342041015625000e+03
3.852999755859375000e+03
3.823509521484375000e+03
3.793881835937500000e+03
3.764127197265625000e+03
3.734255859375000000e+03
3.704278320312500000e+03
3.674205322265625000e+03
3.644046630859375000e+03
3.613813232421875000e+03
3.583515625000000000e+03
3.553164062500000000e+03
3.522768798828125000e+03
3.492340820312500000e+03
3.461889892578125000e+03
3.431427001953125000e+03
3.400962646484375000e+03
3.370506835937500000e+03
3.340070312500000000e+03
3.309663085937500000e+03
3.279293457031250000e+03
3.248968994140625000e+03
3.218698242187500000e+03
3.188488769531250000e+03
3.158348632812500000e+03
3.128285644531250000e+03
3.098307861328125000e+03
3.068422851562500000e+03
3.038638916015625000e+03
3.008963623046875000e+03
2.979405273437500000e+03
2.949971679687500000e+03
2.920670410156250000e+03
2.891509765625000000e+03
2.862497558593750000e+03
2.833641845703125000e+03
2.804950195312500000e+03
2.776430664062500000e+03
2.748091308593750000e+03
2.719940185546875000e+03
2.691984619140625000e+03
2.664233154296875000e+03
2.636693359375000000e+03
2.609373291015625000e+03
2.582280761718750000e+03
2.555423828125000000e+03
2.528810058593750000e+03
2.502447998046875000e+03
2.476344970703125000e+03
2.450509033203125000e+03
2.424948486328125000e+03
2.399670654296875000e+03
2.374683837890625000e+03
2.349996093750000000e+03
2.325614746093750000e+03
2.301548339843750000e+03
2.277804443359375000e+03
2.254391113281250000e+03
2.231316162109375000e+03
2.208587402343750000e+03
2.186213134765625000e+03
2.164200927734375000e+03
2.142558837890625000e+03
2.121294921875000000e+03
2.100416748046875000e+03
2.079932617187500000e+03
2.059850097656250000e+03
2.040177246093750000e+03
2.020921997070312500e+03
2.002090698242187500e+03
1.983683959960937500e+03
1.965700195312500000e+03
1.948138671875000000e+03
1.930998168945312500e+03
1.914277221679687500e+03
1.897974975585937500e+03
1.882090209960937500e+03
1.866621704101562500e+03
1.851568725585937500e+03
1.836929321289062500e+03
1.822703125000000000e+03
1.808888671875000000e+03
1.795484619140625000e+03
1.782490112304687500e+03
1.769904052734375000e+03
1.757724975585937500e+03
1.745952026367187500e+03
1.734583862304687500e+03
1.723619506835937500e+03
1.713057617187500000e+03
1.702897094726562500e+03
1.693136962890625000e+03
1.683775878906250000e+03
1.674812744140625000e+03
1.666246582031250000e+03
1.658076049804687500e+03
1.650299926757812500e+03
1.642917358398437500e+03
1.635927001953125000e+03
1.629327636718750000e+03
1.623118286132812500e+03
1.617297729492187500e+03
1.611864868164062500e+03
1.606818359375000000e+03
1.602157348632812500e+03
1.597880615234375000e+03
1.593986816406250000e+03
1.590474853515625000e+03
1.587343750000000000e+03
1.584592285156250000e+03
1.582219360351562500e+03
1.580223632812500000e+03
1.578604125976562500e+03
1.577359741210937500e+03
1.576489135742187500e+03
1.575991210937500000e+03
1.575864990234375000e+03
1.576109008789062500e+03
1.576722534179687500e+03
1.577703247070312500e+03
1.579044799804687500e+03
1.580740356445312500e+03
1.582782836914062500e+03
1.585165039062500000e+03
1.587879760742187500e+03
1.590920043945312500e+03
1.594278808593750000e+03
1.597948974609375000e+03
1.601923095703125000e+03
1.606194580078125000e+03
1.610755981445312500e+03
1.615600341796875000e+03
1.620720336914062500e+03
1.626109130859375000e+03
1.631759521484375000e+03
1.637664428710937500e+03
1.643816772460937500e+03
1.650209228515625000e+03
1.656834960937500000e+03
1.663686889648437500e+03
1.670757690429687500e+03
1.678040283203125000e+03
1.685527832031250000e+03
1.693212768554687500e+03
1.701088500976562500e+03
1.709147583007812500e+03
1.717383178710937500e+03
1.725787841796875000e+03
1.734354736328125000e+03
1.743076538085937500e+03
1.751946533203125000e+03
1.760957153320312500e+03
1.770101684570312500e+03
1.779372802734375000e+03
1.788763427734375000e+03
1.798266357421875000e+03
1.807874755859375000e+03
1.817581298828125000e+03
1.827378906250000000e+03
1.837260620117187500e+03
1.847219360351562500e+03
1.857247680664062500e+03
1.867338867187500000e+03
1.877485595703125000e+03
1.887680786132812500e+03
1.897917358398437500e+03
1.908188232421875000e+03
1.918486328125000000e+03
1.928804565429687500e+03
1.939135864257812500e+03
1.949475219726562500e+03
1.959817260742187500e+03
1.970156494140625000e+03
1.980488403320312500e+03
1.990807373046875000e+03
2.001108276367187500e+03
2.011386230468750000e+03
2.021635864257812500e+03
2.031852050781250000e+03
2.042029418945312500e+03
2.052163085937500000e+03
2.062247802734375000e+03
2.072278808593750000e+03
2.082250000000000000e+03
2.092156982421875000e+03
2.101994628906250000e+03
2.111757324218750000e+03
2.121440185546875000e+03
2.131037841796875000e+03
2.140545410156250000e+03
2.149957519531250000e+03
2.159269287109375000e+03
2.168475341796875000e+03
2.177570556640625000e+03
2.186549560546875000e+03
2.195407714843750000e+03
2.204139404296875000e+03
2.212739746093750000e+03
2.221203125000000000e+03
2.229524902343750000e+03
2.237699707031250000e+03
2.245722167968750000e+03
2.253587646484375000e+03
2.261290771484375000e+03
2.268825927734375000e+03
2.276188476562500000e+03
2.283373046875000000e+03
2.290374755859375000e+03
2.297188232421875000e+03
2.303808105468750000e+03
2.310229492187500000e+03
2.316447265625000000e+03
2.322456054687500000e+03
2.328250732421875000e+03
2.333826416015625000e+03
2.339177734375000000e+03
2.344299560546875000e+03
2.349186523437500000e+03
2.353833740234375000e+03
2.358237060546875000e+03
2.362396972656250000e+03
2.366314941406250000e+03
2.369992675781250000e+03
2.373431640625000000e+03
2.376633300781250000e+03
2.379599365234375000e+03
2.382331054687500000e+03
2.384830322265625000e+03
2.387098388671875000e+03
2.389137207031250000e+03
2.390947998046875000e+03
2.392532226562500000e+03
2.393891845703125000e+03
2.395028076171875000e+03
2.395942382812500000e+03
2.396636718750000000e+03
2.397112304687500000e+03
2.397370849609375000e+03
2.397413574218750000e+03
2.397242675781250000e+03
2.396859375000000000e+03
2.396264892578125000e+03
2.395461181640625000e+03
2.394449462890625000e+03
2.393231689453125000e+03
2.391808837890625000e+03
2.390183105468750000e+03
2.388355957031250000e+03
2.386328613281250000e+03
2.384102539062500000e+03
2.381679687500000000e+03
2.379061523437500000e+03
2.376249511718750000e+03
2.373244873046875000e+03
2.370049804687500000e+03
2.366665283203125000e+03
2.363093261718750000e+03
2.359334960937500000e+03
2.355392333984375000e+03
2.351266601562500000e+03
2.346958984375000000e+03
2.342471923828125000e+03
2.337806396484375000e+03
2.332963867187500000e+03
2.327946289062500000e+03
2.322754882812500000e+03
2.317391357421875000e+03
2.311857177734375000e+03
2.306153808593750000e+03
2.300283691406250000e+03
2.294250976562500000e+03
2.288060791015625000e+03
2.281718017578125000e+03
2.275228027343750000e+03
2.268595703125000000e+03
2.261825927734375000e+03
2.254923828125000000e+03
2.247894287109375000e+03
2.240742675781250000e+03
2.233473876953125000e+03
2.226092529296875000e+03
2.218604003906250000e+03
2.211013671875000000e+03
2.203325927734375000e+03
2.195546142578125000e+03
2.187679199218750000e+03
2.179730468750000000e+03
2.171704589843750000e+03
2.163606689453125000e+03
2.155441650390625000e+03
2.147215087890625000e+03
2.138931152343750000e+03
2.130595703125000000e+03
2.122213134765625000e+03
2.113788818359375000e+03
2.105327880859375000e+03
2.096834960937500000e+03
2.088315429687500000e+03
2.079773925781250000e+03
2.071216064453125000e+03
2.062646484375000000e+03
2.054070068359375000e+03
2.045492187500000000e+03
2.036917846679687500e+03
2.028351806640625000e+03
2.019799316406250000e+03
2.011265380859375000e+03
2.002754882812500000e+03
1.994272827148437500e+03
1.985824707031250000e+03
1.977414794921875000e+03
1.969048706054687500e+03
1.960731567382812500e+03
1.952467773437500000e+03
1.944262939453125000e+03
1.936121704101562500e+03
1.928049438476562500e+03
1.920050903320312500e+03
1.912131225585937500e+03
1.904294921875000000e+03
1.896545166015625000e+03
1.888884643554687500e+03
1.881315795898437500e+03
1.873841064453125000e+03
1.866463623046875000e+03
1.859185424804687500e+03
1.852009643554687500e+03
1.844938476562500000e+03
1.837974853515625000e+03
1.831121215820312500e+03
1.824380249023437500e+03
1.817754272460937500e+03
1.811246582031250000e+03
1.804859130859375000e+03
1.798594726562500000e+03
1.792456176757812500e+03
1.786445922851562500e+03
1.780566650390625000e+03
1.774820800781250000e+03
1.769211303710937500e+03
1.763740356445312500e+03
1.758411010742187500e+03
1.753225585937500000e+03
1.748187011718750000e+03
1.743297241210937500e+03
1.738559570312500000e+03
1.733976440429687500e+03
1.729550415039062500e+03
1.725284057617187500e+03
1.721180053710937500e+03
1.717240844726562500e+03
1.713469360351562500e+03
1.709867919921875000e+03
1.706439331054687500e+03
1.703186035156250000e+03
1.700110839843750000e+03
1.697216186523437500e+03
1.694504882812500000e+03
1.691979370117187500e+03
1.689642333984375000e+03
1.687496459960937500e+03
1.685544189453125000e+03
1.683788208007812500e+03
1.682231201171875000e+03
1.680875854492187500e+03
1.679724487304687500e+03
1.678779907226562500e+03
1.678044921875000000e+03
1.677521728515625000e+03
1.677212280273437500e+03
1.677115234375000000e+03
1.677228027343750000e+03
1.677548217773437500e+03
1.678073486328125000e+03
1.678801513671875000e+03
1.679729858398437500e+03
1.680856079101562500e+03
1.682177856445312500e+03
1.683692993164062500e+03
1.685398681640625000e+03
1.687292846679687500e+03
1.689373046875000000e+03
1.691636962890625000e+03
1.694082031250000000e+03
1.696706176757812500e+03
1.699506591796875000e+03
1.702481201171875000e+03
1.705627563476562500e+03
1.708943237304687500e+03
1.712425903320312500e+03
1.716073120117187500e+03
1.719882690429687500e+03
1.723851928710937500e+03
1.727978515625000000e+03
1.732260375976562500e+03
1.736694702148437500e+03
1.741279541015625000e+03
1.746011962890625000e+03
1.750890136718750000e+03
1.755911621093750000e+03
1.761073486328125000e+03
1.766373901367187500e+03
1.771810302734375000e+03
1.777380371093750000e+03
1.783081542968750000e+03
1.788911743164062500e+03
1.794868164062500000e+03
1.800948852539062500e+03
1.807151123046875000e+03
1.813472656250000000e+03
1.819911376953125000e+03
1.826464477539062500e+03
1.833129760742187500e+03
1.839904785156250000e+03
1.846787353515625000e+03
1.853774780273437500e+03
1.860864746093750000e+03
1.868055175781250000e+03
1.875343383789062500e+03
1.882726684570312500e+03
1.890201171875000000e+03
1.897762084960937500e+03
1.905405273437500000e+03
1.913125732421875000e+03
1.920919433593750000e+03
1.928781860351562500e+03
1.936708618164062500e+03
1.944695068359375000e+03
1.952736694335937500e+03
1.960829345703125000e+03
1.968968139648437500e+03
1.977148803710937500e+03
1.985366821289062500e+03
1.993617797851562500e+03
2.001897216796875000e+03
2.010200683593750000e+03
2.018523681640625000e+03
2.026861694335937500e+03
2.035210205078125000e+03
2.043564941406250000e+03
2.051921386718750000e+03
2.060274902343750000e+03
2.068621093750000000e+03
2.076955810546875000e+03
2.085273925781250000e+03
2.093571533203125000e+03
2.101843750000000000e+03
2.110086669921875000e+03
2.118295410156250000e+03
2.126465332031250000e+03
2.134592529296875000e+03
2.142672119140625000e+03
2.150699707031250000e+03
2.158670898437500000e+03
2.166581054687500000e+03
2.174426025390625000e+03
2.182200927734375000e+03
2.189901611328125000e+03
2.197523437500000000e+03
2.205062255859375000e+03
2.212512939453125000e+03
2.219871582031250000e+03
2.227134033203125000e+03
2.234294677734375000e+03
2.241350097656250000e+03
2.248295410156250000e+03
2.255126220703125000e+03
2.261837890625000000e+03
2.268426025390625000e+03
2.274886718750000000e+03
2.281217773437500000e+03
2.287416748046875000e+03
2.293482177734375000e+03
2.299412109375000000e+03
2.305204589843750000e+03
2.310857421875000000e+03
2.316368896484375000e+03
2.321737304687500000e+03
2.326960449218750000e+03
2.332036621093750000e+03
2.336963623046875000e+03
2.341739746093750000e+03
2.346363525390625000e+03
2.350832031250000000e+03
2.355144042968750000e+03
2.359297607421875000e+03
2.363290527343750000e+03
2.367121337890625000e+03
2.370787597656250000e+03
2.374287841796875000e+03
2.377619873046875000e+03
2.380781982421875000e+03
2.383771972656250000e+03
2.386588134765625000e+03
2.389228759765625000e+03
2.391691650390625000e+03
2.393974609375000000e+03
2.396076416015625000e+03
2.397994628906250000e+03
2.399727539062500000e+03
2.401273437500000000e+03
2.402629638671875000e+03
2.403795166015625000e+03
2.404767578125000000e+03
2.405545166015625000e+03
2.406125976562500000e+03
2.406508056640625000e+03
2.406689453125000000e+03
2.406668212890625000e+03
2.406442626953125000e+03
2.406010498046875000e+03
2.405370361328125000e+03
2.404519775390625000e+03
2.403457031250000000e+03
2.402180664062500000e+03
2.400687988281250000e+03
2.398977539062500000e+03
2.397047363281250000e+03
2.394895507812500000e+03
2.392520751953125000e+03
2.389924560546875000e+03
2.387109375000000000e+03
2.384077148437500000e+03
2.380830566406250000e+03
2.377371582031250000e+03
2.373702148437500000e+03
2.369825195312500000e+03
2.365742675781250000e+03
2.361456787109375000e+03
2.356969482421875000e+03
2.352283447265625000e+03
2.347400634765625000e+03
2.342323730468750000e+03
2.337054443359375000e+03
2.331595458984375000e+03
2.325948730468750000e+03
2.320116699218750000e+03
2.314101318359375000e+03
2.307905273437500000e+03
2.301530273437500000e+03
2.294979003906250000e+03
2.288253662109375000e+03
2.281356445312500000e+03
2.274289550781250000e+03
2.267054931640625000e+03
2.259655273437500000e+03
2.252092773437500000e+03
2.244369628906250000e+03
2.236488037109375000e+03
2.228450195312500000e+03
2.220258544921875000e+03
2.211915039062500000e+03
2.203422119140625000e+03
2.194781982421875000e+03
2.185996826171875000e+03
2.177069091796875000e+03
2.168000732421875000e+03
2.158794433593750000e+03
2.149451904296875000e+03
2.139975830078125000e+03
2.130368164062500000e+03
2.120631347656250000e+03
2.110767578125000000e+03
2.100779052734375000e+03
2.090667968750000000e+03
2.080436767578125000e+03
2.070087402343750000e+03
2.059622558593750000e+03
2.049043945312500000e+03
2.038354614257812500e+03
2.027557617187500000e+03
2.016657226562500000e+03
2.005657226562500000e+03
1.994561401367187500e+03
1.983373779296875000e+03
1.972098022460937500e+03
1.960738159179687500e+03
1.949298095703125000e+03
1.937781372070312500e+03
1.926192382812500000e+03
1.914534423828125000e+03
1.902812011718750000e+03
1.891028442382812500e+03
1.879187866210937500e+03
1.867293945312500000e+03
1.855350830078125000e+03
1.843362182617187500e+03
1.831332031250000000e+03
1.819264282226562500e+03
1.807162475585937500e+03
1.795030883789062500e+03
1.782872924804687500e+03
1.770692993164062500e+03
1.758494506835937500e+03
1.746281738281250000e+03
1.734058349609375000e+03
1.721828002929687500e+03
1.709594848632812500e+03
1.697362792968750000e+03
1.685135498046875000e+03
1.672916992187500000e+03
1.660710937500000000e+03
1.648521484375000000e+03
1.636352416992187500e+03
1.624207519531250000e+03
1.612090698242187500e+03
1.600005859375000000e+03
1.587956787109375000e+03
1.575947387695312500e+03
1.563981567382812500e+03
1.552063354492187500e+03
1.540196289062500000e+03
1.528384399414062500e+03
1.516631591796875000e+03
1.504941650390625000e+03
1.493318481445312500e+03
1.481766113281250000e+03
1.470288208007812500e+03
1.458888671875000000e+03
1.447571044921875000e+03
1.436337402343750000e+03
1.425189453125000000e+03
1.414129150390625000e+03
1.403157836914062500e+03
1.392277343750000000e+03
1.381489624023437500e+03
1.370796142578125000e+03
1.360198852539062500e+03
1.349699218750000000e+03
1.339299194335937500e+03
1.329000244140625000e+03
1.318804321289062500e+03
1.308713134765625000e+03
1.298728393554687500e+03
1.288851684570312500e+03
1.279084960937500000e+03
1.269429687500000000e+03
1.259887695312500000e+03
1.250460815429687500e+03
1.241150756835937500e+03
1.231958984375000000e+03
1.222887451171875000e+03
1.213937866210937500e+03
1.205112060546875000e+03
1.196411499023437500e+03
1.187838012695312500e+03
1.179393432617187500e+03
1.171079345703125000e+03
1.162897583007812500e+03
1.154849731445312500e+03
1.146937622070312500e+03
1.139162963867187500e+03
1.131527465820312500e+03
1.124032836914062500e+03
1.116680908203125000e+03
1.109473266601562500e+03
1.102411621093750000e+03
1.095497802734375000e+03
1.088733520507812500e+03
1.082120361328125000e+03
1.075660278320312500e+03
1.069354858398437500e+03
1.063205810546875000e+03
1.057214965820312500e+03
1.051383789062500000e+03
1.045714355468750000e+03
1.040208251953125000e+03
1.034867065429687500e+03
1.029692626953125000e+03
1.024686279296875000e+03
1.019846801757812500e+03
1.015172851562500000e+03
1.010663024902343750e+03
1.006315795898437500e+03
1.002129638671875000e+03
9.981031494140625000e+02
9.942349243164062500e+02
9.905233764648437500e+02
9.869671630859375000e+02
9.835646972656250000e+02
9.803145141601562500e+02
9.772152099609375000e+02
9.742652587890625000e+02
9.714633178710937500e+02
9.688078002929687500e+02
9.662972412109375000e+02
9.639301757812500000e+02
9.617052001953125000e+02
9.596207885742187500e+02
9.576755371093750000e+02
9.558677978515625000e+02
9.541962890625000000e+02
9.526594848632812500e+02
9.512560424804687500e+02
9.499843139648437500e+02
9.488427734375000000e+02
9.478301391601562500e+02
9.469449462890625000e+02
9.461854858398437500e+02
9.455505371093750000e+02
9.450386352539062500e+02
9.446480712890625000e+02
9.443776855468750000e+02
9.442257690429687500e+02
9.441909179687500000e+02
9.442717895507812500e+02
9.444666748046875000e+02
9.447742919921875000e+02
9.451931762695312500e+02
9.457218017578125000e+02
9.463587646484375000e+02
9.471024169921875000e+02
9.479514160156250000e+02
9.489044189453125000e+02
9.499597167968750000e+02
9.511160278320312500e+02
9.523717651367187500e+02
9.537255249023437500e+02
9.551758422851562500e+02
9.567209472656250000e+02
9.583585205078125000e+02
9.600858764648437500e+02
9.619005126953125000e+02
9.637996215820312500e+02
9.657805786132812500e+02
9.678408813476562500e+02
9.699777832031250000e+02
9.721887207031250000e+02
9.744710083007812500e+02
9.768221435546875000e+02
9.792393188476562500e+02
9.817199096679687500e+02
9.842614135742187500e+02
9.868611450195312500e+02
9.895163574218750000e+02
9.922246704101562500e+02
9.949832153320312500e+02
9.977894287109375000e+02
1.000640686035156250e+03
1.003534423828125000e+03
1.006468017578125000e+03
1.009438598632812500e+03
1.012443786621093750e+03
1.015480895996093750e+03
1.018547180175781250e+03
1.021640197753906250e+03
1.024757202148437500e+03
1.027895507812500000e+03
1.031052490234375000e+03
1.034225585937500000e+03
1.037412231445312500e+03
1.040609741210937500e+03
1.043815429687500000e+03
1.047026611328125000e+03
1.050240722656250000e+03
1.053455200195312500e+03
1.056667358398437500e+03
1.059874511718750000e+03
1.063073974609375000e+03
1.066263427734375000e+03
1.069439819335937500e+03
1.072600952148437500e+03
1.075743652343750000e+03
1.078865844726562500e+03
1.081964599609375000e+03
1.085037353515625000e+03
1.088081298828125000e+03
1.091094238281250000e+03
1.094072998046875000e+03
1.097015502929687500e+03
1.099920288085937500e+03
1.102785766601562500e+03
1.105610717773437500e+03
1.108394042968750000e+03
1.111134033203125000e+03
1.113829711914062500e+03
1.116479736328125000e+03
1.119082641601562500e+03
1.121637207031250000e+03
1.124142089843750000e+03
1.126595947265625000e+03
1.128997558593750000e+03
1.131345581054687500e+03
1.133638671875000000e+03
1.135875488281250000e+03
1.138054931640625000e+03
1.140175415039062500e+03
1.142235717773437500e+03
1.144234497070312500e+03
1.146170654296875000e+03
1.148042602539062500e+03
1.149849121093750000e+03
1.151588989257812500e+03
1.153260864257812500e+03
1.154863281250000000e+03
1.156395019531250000e+03
1.157854858398437500e+03
1.159241333007812500e+03
1.160553344726562500e+03
1.161789428710937500e+03
1.162948242187500000e+03
1.164028564453125000e+03
1.165029052734375000e+03
1.165948364257812500e+03
1.166785278320312500e+03
1.167538330078125000e+03
1.168206298828125000e+03
1.168787841796875000e+03
1.169281738281250000e+03
1.169686645507812500e+03
1.170001220703125000e+03
1.170223999023437500e+03
1.170354003906250000e+03
1.170389526367187500e+03
1.170329589843750000e+03
1.170172851562500000e+03
1.169917846679687500e+03
1.169563232421875000e+03
1.169107910156250000e+03
1.168550781250000000e+03
1.167892822265625000e+03
1.167135375976562500e+03
1.166279663085937500e+03
1.165326782226562500e+03
1.164278442382812500e+03
1.163135620117187500e+03
1.161899780273437500e+03
1.160572021484375000e+03
1.159153808593750000e+03
1.157646484375000000e+03
1.156051025390625000e+03
1.154369018554687500e+03
1.152601806640625000e+03
1.150750366210937500e+03
1.148816162109375000e+03
1.146800537109375000e+03
1.144704833984375000e+03
1.142530151367187500e+03
1.140277832031250000e+03
1.137949218750000000e+03
1.135545776367187500e+03
1.133068481445312500e+03
1.130518676757812500e+03
1.127897949218750000e+03
1.125207275390625000e+03
1.122447998046875000e+03
1.119621582031250000e+03
1.116729003906250000e+03
1.113771972656250000e+03
1.110751464843750000e+03
1.107668945312500000e+03
1.104525634765625000e+03
1.101322753906250000e+03
1.098061645507812500e+03
1.094743652343750000e+03
1.091370117187500000e+03
1.087942138671875000e+03
1.084461181640625000e+03
1.080928466796875000e+03
1.077345214843750000e+03
1.073712890625000000e+03
1.070032714843750000e+03
1.066305908203125000e+03
1.062533813476562500e+03
1.058717773437500000e+03
1.054858886718750000e+03
1.050958740234375000e+03
1.047018432617187500e+03
1.043039306640625000e+03
1.039022583007812500e+03
1.034968994140625000e+03
1.030879394531250000e+03
1.026754516601562500e+03
1.022595153808593750e+03
1.018401977539062500e+03
1.014175842285156250e+03
1.009917297363281250e+03
1.005627319335937500e+03
1.001306457519531250e+03
9.969557495117187500e+02
9.925756225585937500e+02
9.881670532226562500e+02
9.837305908203125000e+02
9.792671508789062500e+02
9.747775268554687500e+02
9.702622680664062500e+02
9.657223510742187500e+02
9.611583251953125000e+02
9.565710449218750000e+02
9.519612426757812500e+02
9.473295898437500000e+02
9.426770019531250000e+02
9.380042114257812500e+02
9.333118286132812500e+02
9.286006469726562500e+02
9.238714599609375000e+02
9.191251220703125000e+02
9.143620605468750000e+02
9.095833740234375000e+02
9.047897338867187500e+02
8.999816894531250000e+02
8.951602172851562500e+02
8.903259277343750000e+02
8.854796752929687500e+02
8.806221313476562500e+02
8.757541503906250000e+02
8.708763427734375000e+02
8.659895019531250000e+02
8.610944213867187500e+02
8.561918945312500000e+02
8.512825317382812500e+02
8.463672485351562500e+02
8.414466552734375000e+02
8.365215454101562500e+02
8.315927124023437500e+02
8.266608886718750000e+02
8.217267456054687500e+02
8.167911987304687500e+02
8.118547973632812500e+02
