# lsst_simulation
2.406998098050878625e-09
1.733837323854246756e-09
9.598676679002194654e-10
8.634919170081302777e-10
4.755739537531544550e-10
3.093947832618147927e-10
2.378487039692683140e-10
1.554460856176179704e-10
1.112875431834134144e-10
7.310711946639073538e-11
4.190032987104664796e-11
2.946363598596452171e-11
1.894781504142176254e-11
1.116881494905587468e-11
5.754809611097418307e-12
3.585614275025542206e-09
2.772310585433497994e-09
1.644602205575622671e-09
1.434284733868394209e-09
7.683388274014874982e-10
5.247024913633152298e-10
3.538774381946391698e-10
2.625311622679397841e-10
1.747068952030285937e-10
1.223643232612458412e-10
8.465896936382968065e-11
5.127520684157797030e-11
3.143009061470754489e-11
1.724605242834652739e-11
8.914886132389775095e-12
3.372520737556524436e-09
2.625807250774576894e-09
1.756268036913623834e-09
1.478882195262164268e-09
7.605151282825364691e-10
4.750911418872850201e-10
3.191788221777266128e-10
2.500646060590158180e-10
1.827669990638278011e-10
1.162336721377825269e-10
8.029452082040743782e-11
5.073299205635243274e-11
3.017017043597628113e-11
1.491461328860537450e-11
7.543326142719160820e-12
3.904904142920008220e-09
2.431902497332443667e-09
1.674729783147344391e-09
1.530208190265013608e-09
7.667265590029548271e-10
4.751674625414469617e-10
3.586407046060227164e-10
2.293173915470052744e-10
1.866258981929218899e-10
1.268672016648175729e-10
7.886275572900498220e-11
5.004480745093755473e-11
2.863618658068418547e-11
1.651956167826447283e-11
7.723492450348866696e-12
4.575689930739939366e-09
2.320974342946859881e-09
1.790845307256442363e-09
1.557038152427983818e-09
8.316640456441201948e-10
4.580614582705045726e-10
3.428713858536464040e-10
2.479342291346668863e-10
1.783991869384720587e-10
1.161523841306307798e-10
7.917632195298959506e-11
4.743807421071003694e-11
2.988529890457517804e-11
1.375339418063239215e-11
6.704456695817146363e-12
1.239043218039950795e-08
1.049772255717887141e-08
6.660285580805769994e-09
5.616866908332019607e-09
3.286256249252502344e-09
2.151084493217396255e-09
1.340891301288418703e-09
9.597497656583993791e-10
6.403291939065088294e-10
4.375985312133061292e-10
2.976930524883134205e-10
2.056827083629044719e-10
1.309464543680684690e-10
8.354683300167165353e-11
4.823882511494399676e-11
1.530346529317246368e-08
1.341932464750082202e-08
8.856561676497979407e-09
7.375323491125565091e-09
4.306934973489475215e-09
2.760353996527862973e-09
1.753880522099713806e-09
1.208809548697241559e-09
8.200100249716222788e-10
5.603771625323281908e-10
3.844845492654352362e-10
2.583930331004939256e-10
1.713454856678692256e-10
1.077020585105147285e-10
6.678264918303132549e-11
1.672840358188746659e-08
1.499791795988496964e-08
9.485642354409667437e-09
8.388345329183399824e-09
4.849555722412206641e-09
3.133854913945985747e-09
1.893821727077525437e-09
1.323662375960377877e-09
8.995744874913343630e-10
6.101540400945671265e-10
4.218497235549698687e-10
2.877221629942272657e-10
1.915387069297165589e-10
1.229589433255636051e-10
7.344257612669541052e-11
1.865758365819489935e-08
1.663211947058419979e-08
1.025917678108949267e-08
9.023342635657455805e-09
5.360829868324126315e-09
3.442103305887714179e-09
2.014974540012862329e-09
1.437990819891533923e-09
9.618367680177434949e-10
6.574499055540560484e-10
4.541898720945707205e-10
3.105008461669175490e-10
2.073622784778323112e-10
1.327615632656515802e-10
8.034451084667619625e-11
2.351277837063187451e-08
2.193538385521861133e-08
1.509693342457702301e-08
1.226409019302934779e-08
7.371543259222448164e-09
4.876874325770611867e-09
3.104490234690724418e-09
2.070686581582071096e-09
1.387851185730787731e-09
9.249661412182194233e-10
6.269389985744650563e-10
4.216919574205960918e-10
2.832880705201761945e-10
1.856796478313100357e-10
1.154786590185902441e-10
2.862334765453692031e-08
2.694812378470397191e-08
1.803462504346849531e-08
1.534214079212652887e-08
9.352109941394584761e-09
6.296676992895139430e-09
3.919505841336083963e-09
2.580737800643200388e-09
1.717132609369484979e-09
1.143132406893268380e-09
7.684518159287815405e-10
5.251482534891273898e-10
3.541055702206502160e-10
2.316695026658854562e-10
1.481689472837970960e-10
3.358584726994836927e-08
3.124946460780182523e-08
2.061303257868860256e-08
1.758379152213657597e-08
1.093801895548025055e-08
7.361209766492082602e-09
4.504198926361054856e-09
2.994375365173662935e-09
1.982139072583997809e-09
1.323064830959930268e-09
8.813738648949098868e-10
6.007359248662211956e-10
4.132668971561712572e-10
2.682015037580231017e-10
1.722216377575583802e-10
3.759598773147132950e-08
3.696284439668555499e-08
2.512827005743511886e-08
2.195451109707081288e-08
1.393369347770526314e-08
9.670472899938310626e-09
6.041765370967474338e-09
3.947648781993219955e-09
2.559369213005420569e-09
1.693420508337704384e-09
1.113757269845948082e-09
7.524112324315778429e-10
5.051806075311505611e-10
3.360617283058863658e-10
2.172260343839071955e-10
4.695740774542298962e-08
4.571434614567504175e-08
3.174702620349656995e-08
2.753535484087539996e-08
1.794700079596618634e-08
1.271576702915860101e-08
7.922634282977666994e-09
5.132519058321139262e-09
3.353496042772028426e-09
2.190725002727572236e-09
1.421557112978019518e-09
9.548143894604843160e-10
6.472145203069283183e-10
4.289654108736548694e-10
2.802336267496831311e-10
6.444689101518095757e-08
6.313594406345731194e-08
4.668626941508291234e-08
4.062061146693634401e-08
2.746413415916406852e-08
1.995881689232971609e-08
1.293886927359815405e-08
8.293655382933860094e-09
5.473244632681868604e-09
3.515001936988365173e-09
2.235601284574182155e-09
1.463885232078219580e-09
9.734541090809397746e-10
6.420129811068930577e-10
4.194465098991218069e-10
