# lsst_theory
2.520134151235545766e-09
1.700527657803158879e-09
1.125729961706493484e-09
7.480702596515728139e-10
5.032507828502373864e-10
3.393864764128663279e-10
2.325914780856143131e-10
1.604608038438396286e-10
1.099685160537156280e-10
7.377062242227831803e-11
4.775977781764442751e-11
2.958754886396403338e-11
1.755826625397923748e-11
1.001313936873119550e-11
5.512425360251265397e-12
4.223482711199975047e-09
2.846154439841149960e-09
1.875267176468029080e-09
1.216651422964058467e-09
7.978335105300569711e-10
5.357261127514490212e-10
3.652681076735840766e-10
2.545864707885417534e-10
1.781248053164384370e-10
1.226555262524948482e-10
8.143547078153630910e-11
5.130178960810522518e-11
3.050861872557018248e-11
1.717348867955846534e-11
9.244751460083399312e-12
4.296620469840461490e-09
2.841128254218385740e-09
1.843038481468190919e-09
1.171149731244014987e-09
7.519452583980342068e-10
5.064100161993281117e-10
3.470225667362392408e-10
2.455597017459016695e-10
1.744240808965159579e-10
1.214889903266879621e-10
8.101860746338563457e-11
5.074286593686135954e-11
2.960524963147535268e-11
1.611679361198997216e-11
8.296446173403012382e-12
4.363735606152061002e-09
2.858414412031728316e-09
1.839371378192807203e-09
1.155673890308478564e-09
7.333204373679277337e-10
4.945335571997359442e-10
3.398313740839367916e-10
2.424544066167147396e-10
1.736453257473464894e-10
1.217094677641364427e-10
8.138045156528953367e-11
5.083283481352137414e-11
2.936657840129966245e-11
1.569639920591413174e-11
7.871028537993929213e-12
4.421941802145997975e-09
2.873617591647764941e-09
1.836414300753069568e-09
1.142443929171010931e-09
7.173704033137765222e-10
4.843766863755447529e-10
3.336820693132487521e-10
2.398137905248047919e-10
1.729980365998459452e-10
1.219157548629712657e-10
8.170336117278027900e-11
5.091721541950255239e-11
2.916412309258672789e-11
1.533475329868906509e-11
7.504035593930213174e-12
1.423250748023934434e-08
1.033136488281823000e-08
7.262135471100552009e-09
4.983682858734680657e-09
3.312884788615106794e-09
2.164497675990848434e-09
1.419399791762805198e-09
9.430603722311776780e-10
6.386020730178838499e-10
4.388029756569297216e-10
3.014207788700536951e-10
2.032098479415919285e-10
1.324566377314712319e-10
8.249929604733474512e-11
4.890835910500947860e-11
1.788635640274708992e-08
1.312985539138634594e-08
9.295502216719399178e-09
6.436022966619207026e-09
4.303883461234711755e-09
2.790515194990453710e-09
1.826354580211992471e-09
1.201963124255816433e-09
8.091758454440747972e-10
5.547566498117528443e-10
3.822208364939571493e-10
2.598552970028012867e-10
1.714635445467599990e-10
1.082291575469438623e-10
6.490792989132509440e-11
1.981225228672360064e-08
1.456048602222926508e-08
1.030687264657382205e-08
7.145218177106993733e-09
4.777861171020761475e-09
3.079548828592620161e-09
2.012994112931667886e-09
1.320433682494788736e-09
8.887034576303037848e-10
6.100286649033118509e-10
4.215939110999474876e-10
2.878794219038231232e-10
1.908381310114519510e-10
1.208954790047406221e-10
7.261360671141400650e-11
2.149557035000323981e-08
1.581604054838769892e-08
1.119792875995394908e-08
7.771524833425029287e-09
5.197529820898397518e-09
3.337010012650060946e-09
2.179284799963952943e-09
1.426111927610070550e-09
9.594311513588577954e-10
6.590260776839351884e-10
4.563850673176574039e-10
3.125855794545978534e-10
2.079058641456971628e-10
1.320659104430475717e-10
7.943014903174528491e-11
2.700931916318100280e-08
2.083444088421924654e-08
1.526668991980330513e-08
1.086078157450297352e-08
7.500574920901036548e-09
4.956217062144482496e-09
3.211225755666920258e-09
2.087344165608136357e-09
1.371629371907619975e-09
9.187464378390963417e-10
6.243431900344087286e-10
4.249681224212210172e-10
2.854766152950295754e-10
1.861383157282507738e-10
1.163538179161875379e-10
3.243252737575124820e-08
2.544860162334127714e-08
1.886364489468763468e-08
1.352489937123308660e-08
9.424254131895105518e-09
6.274973235789012774e-09
4.046487341603806730e-09
2.626546422573293093e-09
1.711350303780720995e-09
1.138047177742597912e-09
7.698898581361532298e-10
5.240093480542683669e-10
3.538059609328882831e-10
2.328981721502363134e-10
1.473606543050031004e-10
3.694004649956032555e-08
2.924821176990539544e-08
2.179511287184276090e-08
1.567813071012529302e-08
1.097148326536617074e-08
7.328295001359869287e-09
4.705896657664468014e-09
3.052653351479904732e-09
1.979188473622305457e-09
1.311870034286365633e-09
8.861331560347855881e-10
6.037227527195747506e-10
4.091211695263997259e-10
2.708452588184875549e-10
1.724847869265783236e-10
4.270676944763169587e-08
3.489377578694510402e-08
2.676864008510279392e-08
1.965311146876505937e-08
1.395971439435428442e-08
9.531758998736494711e-09
6.223090594047511168e-09
4.010136439755494336e-09
2.582948972528226899e-09
1.686798746532281464e-09
1.120235929800083801e-09
7.531414523423648674e-10
5.075566077651028943e-10
3.374786761699288431e-10
2.180562316655777192e-10
5.165931547942654169e-08
4.315912305365782896e-08
3.372609629333098168e-08
2.507309648842674556e-08
1.797512996092060857e-08
1.241495591530823273e-08
8.170054543824239491e-09
5.237643481143188745e-09
3.362902062187657505e-09
2.176278262754587498e-09
1.431591019174173079e-09
9.560760611423040586e-10
6.433252701068721613e-10
4.296371015577449611e-10
2.803301542820907948e-10
6.830215264675380077e-08
5.967030607794299496e-08
4.874371232607487914e-08
3.759118238847859249e-08
2.765090600053444178e-08
1.953348940895016448e-08
1.326000448374834518e-08
8.577495273204124660e-09
5.478356521259844358e-09
3.489170786671962326e-09
2.244191737127128712e-09
1.463686262480794713e-09
9.675071243425978105e-10
6.417328651409481219e-10
4.213679773294386666e-10
