# k_h
7.432733400492001665e-05
8.023140515137071620e-05
8.660445660727317707e-05
9.348374106237259881e-05
1.009094703133650816e-04
1.089250503157545923e-04
1.175773349066746340e-04
1.269168996817694620e-04
1.369983376270415506e-04
1.478805782337337899e-04
1.596272319615862998e-04
1.723069620639711315e-04
1.859938859483541412e-04
2.007680084181743467e-04
2.167156893285865902e-04
2.339301483896823013e-04
2.525120100679314984e-04
2.725698917709889341e-04
2.942210387540054851e-04
3.175920094586895327e-04
3.428194152911687078e-04
3.700507191629006406e-04
3.994450974623881575e-04
4.311743704962193590e-04
4.654240068381770867e-04
5.023942074571964697e-04
5.423010759612606349e-04
5.853778817977254309e-04
6.318764237939116044e-04
6.820685020083293044e-04
7.362475064960143870e-04
7.947301322748652171e-04
8.578582305175429593e-04
9.260008067898003970e-04
9.995561780156247793e-04
1.078954300777406478e-03
1.164659284560856829e-03
1.257172104635453057e-03
1.357033530428142709e-03
1.464827286507656718e-03
1.581183464656479637e-03
1.706782206975225157e-03
1.842357681548424447e-03
1.988702373910882903e-03
2.146671719399691029e-03
2.317189103469601257e-03
2.501251259200348159e-03
2.699934093546196585e-03
2.914398976384174368e-03
3.145899529122636075e-03
3.395788952551927371e-03
3.665527936770986758e-03
3.956693199426118690e-03
4.270986702170920420e-03
4.610245599220730121e-03
4.976452976154344988e-03
5.371749441735046426e-03
5.798445640509123332e-03
6.259035759322293876e-03
6.756212106704426699e-03
7.292880850343934004e-03
7.872179004642966549e-03
8.497492767651484633e-03
9.172477314565854328e-03
9.901078163492000109e-03
1.068755423836314708e-02
1.153650276382309561e-02
1.245288613759415117e-02
1.344206093740787401e-02
1.450980923205447831e-02
1.566237237957442477e-02
1.690648751015463858e-02
1.824942690698442421e-02
1.969904051526551875e-02
2.126380182785671258e-02
2.295285741576982494e-02
2.477608039304049492e-02
2.674412812849418994e-02
2.886850454175245162e-02
3.116162734762168568e-02
3.363690064193039508e-02
3.630879325310493178e-02
3.919292331747547403e-02
4.230614957268383908e-02
4.566666990283554939e-02
4.929412771142544641e-02
5.320972674382472289e-02
5.743635503050519009e-02
6.199871867549281573e-02
6.692348627209007694e-02
7.223944479002609997e-02
7.797766784525070327e-02
8.417169733596520376e-02
9.085773950661740761e-02
9.807487658592184410e-02
1.058652952360017441e-01
1.142745331480192611e-01
1.233517452257279212e-01
1.331499909128844028e-01
1.437265443440473855e-01
1.551432291317000334e-01
1.674667797466464492e-01
1.807692316040713509e-01
1.951283421354540470e-01
2.106280453076468939e-01
2.273589422459368625e-01
2.454188308289571019e-01
2.649132773511073125e-01
2.859562335940530331e-01
3.086707029142981562e-01
3.331894592403397137e-01
3.596558231821997409e-01
3.882244997899523264e-01
4.190624828582457662e-01
4.523500310627809329e-01
4.882817216346104217e-01
5.270675877313460989e-01
5.689343461535973923e-01
6.141267225830803200e-01
6.629088820888563438e-01
7.155659732635186732e-01
7.724057950153299101e-01
8.337605957592858497e-01
8.999890155239999023e-01
9.714781823267011340e-01
1.048645975070374492e+00
1.131943466190460379e+00
1.221857558329243698e+00
1.318913830450168634e+00
1.423679610028649956e+00
1.536767289277362725e+00
1.658837904790504858e+00
1.790605001531308860e+00
1.932838803749097556e+00
2.086370717206399217e+00
2.252098189033151066e+00
2.430989953615532162e+00
2.624091695183484951e+00
2.832532160196641335e+00
3.057529755257748505e+00
3.300399669120619439e+00
3.562561560423220364e+00
3.845547856083398663e+00
4.151012708864132428e+00
4.480741666468513351e+00
4.836662108683554173e+00
5.220854513581581813e+00
5.635564618634099077e+00
6.083216547823885101e+00
6.566426981488048042e+00
7.088020451719506454e+00
7.651045852733868280e+00
8.258794262710569711e+00
8.914818181282900156e+00
9.622952295126973254e+00
1.038733589303147831e+01
1.121243706147211938e+01
1.210307880212233478e+01
1.306446722396590054e+01
1.410222197480443107e+01
1.522240909004220555e+01
1.643157645076087903e+01
1.773679205834898909e+01
1.914568534941419031e+01
2.066649179247883694e+01
2.230810102714147547e+01
2.408010882709478651e+01
2.599287319074104019e+01
2.805757488727502036e+01
3.028628281214657392e+01
3.269202453392821184e+01
3.528886244495900115e+01
3.809197596089055082e+01
4.111775024962127389e+01
4.438387200826912249e+01
4.790943284803272206e+01
5.171504089126165837e+01
5.582294123305792510e+01
6.025714597155014474e+01
6.504357456691114692e+01
7.021020534956620907e+01
7.578723906321069137e+01
8.180727539860036757e+01
8.830550355001841467e+01
9.531990790828521654e+01
1.028914900926586995e+02
1.110645086194791702e+02
1.198867376085020595e+02
1.294097460391503205e+02
1.396891991890330473e+02
1.507851840167433863e+02
1.627625603909126255e+02
1.756913402185708719e+02
1.896470966889570775e+02
2.047114060249450915e+02
2.209723243242775652e+02
2.385249022779110817e+02
2.574717407741736679e+02
2.779235906364411903e+02
3.000000000000001137e+02
