# k_h
7.432733400492001665e-05
7.700325535758236384e-05
7.977551482301976015e-05
8.264758075128793085e-05
8.562304635945326692e-05
8.870563422703497025e-05
9.189920095329300953e-05
9.520774198218599055e-05
9.863539660103773019e-05
1.021864531191628782e-04
1.058653542329347097e-04
1.096767025840046178e-04
1.136252665176269483e-04
1.177159860482957291e-04
1.219539790401535841e-04
1.263445476099085858e-04
1.308931847602660958e-04
1.356055812521783470e-04
1.404876327245056680e-04
1.455454470700007739e-04
1.507853520768400000e-04
1.562139033452659303e-04
1.618378924892415437e-04
1.676643556333813449e-04
1.737005822157854508e-04
1.799541241077943186e-04
1.864328050620691398e-04
1.931447305008221515e-04
2.000982976564413590e-04
2.073022060771956472e-04
2.147654685111645510e-04
2.224974221820106180e-04
2.305077404707005099e-04
2.388064450177875030e-04
2.474039182614018559e-04
2.563109164266283132e-04
2.655385829825291180e-04
2.750984625836405966e-04
2.850025155133934949e-04
2.952631326475189813e-04
3.058931509561693923e-04
3.169058695641390399e-04
3.283150663892879235e-04
3.401350153799738061e-04
3.523805043730696878e-04
3.650668535948967965e-04
3.782099348282312742e-04
3.918261912693530159e-04
4.059326580999888536e-04
4.205469837998829707e-04
4.356874522266580623e-04
4.513730054905918982e-04
4.676232676529300573e-04
4.844585692773815846e-04
5.018999728655123118e-04
5.199692992078586932e-04
5.386891546837331264e-04
5.580829595438720940e-04
5.781749772113105529e-04
5.989903446371407482e-04
6.205551037491380349e-04
6.428962340325947416e-04
6.660416862841191891e-04
6.900204175806424383e-04
7.148624275073641723e-04
7.405987956899815405e-04
7.672617206781373773e-04
7.948845602287552469e-04
8.235018730396378994e-04
8.531494619855602536e-04
8.838644189109408139e-04
9.156851710351288347e-04
9.486515290283671284e-04
9.828047368185817249e-04
1.018187523191309545e-03
1.054844155247312929e-03
1.092820493784768488e-03
1.132164050675320017e-03
1.172924048305776798e-03
1.215151481159817103e-03
1.258899179616748297e-03
1.304221876047142103e-03
1.351176273288038406e-03
1.399821115583375864e-03
1.450217262078408844e-03
1.502427762960065324e-03
1.556517938338497714e-03
1.612555459968511738e-03
1.670610435913113439e-03
1.730755498255110185e-03
1.793065893966492132e-03
1.857619579049261255e-03
1.924497316065532310e-03
1.993782775178868077e-03
2.065562638833310857e-03
2.139926710201048039e-03
2.216968025534387255e-03
2.296782970562611867e-03
2.379471401079341370e-03
2.465136767871267155e-03
2.553886246144537915e-03
2.645830869610738077e-03
2.741085669400216990e-03
2.839769817976554780e-03
2.942006778232206157e-03
3.047924457951861361e-03
3.157655369836782390e-03
3.271336797290317223e-03
3.389110966171980394e-03
3.511125222735002240e-03
3.637532217969968642e-03
3.768490098585174086e-03
3.904162704862606734e-03
4.044719775637112269e-03
4.190337160655204125e-03
4.341197040579179538e-03
4.497488154911781326e-03
4.659406038126559686e-03
4.827153264299389492e-03
5.000939700547151791e-03
5.180982769590699102e-03
5.367507721770549238e-03
5.560747916855646525e-03
5.760945115997772106e-03
5.968349784196869297e-03
6.183221403655640193e-03
6.405828798415498342e-03
6.636450470680029141e-03
6.875374949246726430e-03
7.122901150482887495e-03
7.379338752297298284e-03
7.645008581575628813e-03
7.920243015564220473e-03
8.205386397704357571e-03
8.500795468437460922e-03
8.806839811519922775e-03
9.123902316406256804e-03
9.452379657278730044e-03
9.792682789323116019e-03
1.014523746287111956e-02
1.051048475605305919e-02
1.088888162662683678e-02
1.128090148367397356e-02
1.168703477987755555e-02
1.210778962512347630e-02
1.254369242219226417e-02
1.299528852533719109e-02
1.346314292257219658e-02
1.394784094252366283e-02
1.444998898672992561e-02
1.497021528830515778e-02
1.550917069791631596e-02
1.606752949805695385e-02
1.664599024663614493e-02
1.724527665093842158e-02
1.786613847304764982e-02
1.850935246786797328e-02
1.917572335491530069e-02
1.986608482509484574e-02
2.058130058372482571e-02
2.132226543111064021e-02
2.208990638202200374e-02
2.288518382547303012e-02
2.370909272625686126e-02
2.456266386973741597e-02
2.544696515145630084e-02
2.636310291316758952e-02
2.731222332697269897e-02
2.829551382928627984e-02
2.931420460642794254e-02
3.036957013369761399e-02
3.146293076986087650e-02
3.259565440903825634e-02
3.376915819206610658e-02
3.498491027946908777e-02
3.624443168826347456e-02
3.754929819488826009e-02
3.890114230664580564e-02
4.030165530411745911e-02
4.175258935711050057e-02
4.325575971678247839e-02
4.481304698668651249e-02
4.642639947557838931e-02
4.809783563492867065e-02
4.982944658419035527e-02
5.162339872698015752e-02
5.348193646144786678e-02
5.540738498822325719e-02
5.740215321945506266e-02
5.946873679257990569e-02
6.160972119259334329e-02
6.382778498672750378e-02
6.612570317558411070e-02
6.850635066491340963e-02
7.097270586238467460e-02
7.352785440384591864e-02
7.617499301373707732e-02
7.891743350448394978e-02
8.175860691987890672e-02
8.470206782762979003e-02
8.775149876644977587e-02
9.091071485324923873e-02
9.418366855619660083e-02
9.757445463961661458e-02
1.010873152869156411e-01
1.047266454079403414e-01
1.084969981374119541e-01
1.124030905313144479e-01
1.164498094683621005e-01
1.206422177639324272e-01
1.249855605041102075e-01
1.294852716077707078e-01
1.341469806249079577e-01
1.389765197797175889e-01
1.439799312672414289e-01
1.491634748127070309e-01
1.545336355030151598e-01
1.600971319001775750e-01
1.658609244468511323e-01
1.718322241744892620e-01
1.780185017250002222e-01
1.844274966972045959e-01
1.910672273297795987e-01
1.979460005328102234e-01
2.050724222804916619e-01
2.124554083779916225e-01
2.201041956159358604e-01
2.280283533264796936e-01
2.362377953554155863e-01
2.447427924653023945e-01
2.535539851851266180e-01
2.626823971225789034e-01
2.721394487555933717e-01
2.819369717204104342e-01
2.920872236140364397e-01
3.026029033296159243e-01
3.134971669439107766e-01
3.247836441767523730e-01
3.364764554430697552e-01
3.485902295188172961e-01
3.611401218429133864e-01
3.741418334780776678e-01
3.876116307542985528e-01
4.015663656194965458e-01
4.160234967228548242e-01
4.310011112571824343e-01
4.465179475876493997e-01
4.625934186951915494e-01
4.792476364639278730e-01
4.965014368429629399e-01
5.143764059140677469e-01
5.328949068978380277e-01
5.520801081321315973e-01
5.719560120577732443e-01
5.925474852478072041e-01
6.138802895178484542e-01
6.359811141564749581e-01
6.588776093159630642e-01
6.825984206051578518e-01
7.071732249277511428e-01
7.326327676107962095e-01
7.590089008699283379e-01
7.863346236593961036e-01
8.146441229567691344e-01
8.439728165339747123e-01
8.743573972681664142e-01
9.058358790478746592e-01
9.384476443318472416e-01
9.722334934201120049e-01
1.007235695498879258e+00
1.043498041523166275e+00
1.081065899003273989e+00
1.119986268763697446e+00
1.160307843745451262e+00
1.202081069925399204e+00
1.245358209428770291e+00
1.290193405913864444e+00
1.336642752310714277e+00
1.384764360998479882e+00
1.434618436509332851e+00
1.486267350849840296e+00
1.539775721534042630e+00
1.595210492425882753e+00
1.652641017492083808e+00
1.712139147570312714e+00
1.773779320261146264e+00
1.837638653056309357e+00
1.903797039819725034e+00
1.972337250742018711e+00
2.043345035893609829e+00
2.116909232505883143e+00
2.193121876114701330e+00
2.272078315705253537e+00
2.353877333002367234e+00
2.438621266055470471e+00
2.526416137272866180e+00
2.617371786065431749e+00
2.711602006265780851e+00
2.809224688494742939e+00
2.910361967653332993e+00
3.015140375724641775e+00
3.123691000076941116e+00
3.236149647465953016e+00
3.352657013941544584e+00
3.473358860871309517e+00
3.598406197301394549e+00
3.727955468882606205e+00
3.862168753598253623e+00
4.001213964538481882e+00
4.145265059974928334e+00
4.294502260998415366e+00
4.449112276992006620e+00
4.609288539221553016e+00
4.775231442835833562e+00
4.947148597579245077e+00
5.125255087530557141e+00
5.309773740192801128e+00
5.500935405270782397e+00
5.698979243485213786e+00
5.904153025784620645e+00
6.116713443329494737e+00
6.336926428636338038e+00
6.565067488283599317e+00
6.801422047595569786e+00
7.046285807735610973e+00
7.299965115655269621e+00
7.562777347362372282e+00
7.835051304987401544e+00
8.117127628145084373e+00
8.409359220105603328e+00
8.712111689308912332e+00
9.025763806774291353e+00
9.350707979977592288e+00
9.687350743788764262e+00
1.003611326908420942e+01
1.039743188967004528e+01
1.077175864817556672e+01
1.115956186159998964e+01
1.156132670721970790e+01
1.197755582958950704e+01
1.240876996939681653e+01
1.285550861495601715e+01
1.331833067715750296e+01
1.379781518871639712e+01
1.429456202859537051e+01
1.480919267250818550e+01
1.534235097044246032e+01
1.589470395217498755e+01
1.646694266178690214e+01
1.705978302222315079e+01
1.767396673097734805e+01
1.831026218802328032e+01
1.896946545715347199e+01
1.965240126192790271e+01
2.035992401747837732e+01
2.109291889946011267e+01
2.185230295148734214e+01
2.263902623243888002e+01
2.345407300506839832e+01
2.429846296740728562e+01
2.517325252850006834e+01
2.607953613006866789e+01
2.701844761575925702e+01
2.799116164968402387e+01
2.899889518603358951e+01
3.004290899159781958e+01
3.112450922310063461e+01
3.224504906132109738e+01
3.340593040404654346e+01
3.460860561997475315e+01
3.585457936576026583e+01
3.714541046847698880e+01
3.848271387585368331e+01
3.986816267672107728e+01
4.130349019419927004e+01
4.279049215424295483e+01
4.433102893225910890e+01
4.592702788060650221e+01
4.758048573989012908e+01
4.929347113706569417e+01
5.106812717348142172e+01
5.290667410609361809e+01
5.481141212521149697e+01
5.678472423224497589e+01
5.882907922105769671e+01
6.094703476665379327e+01
6.314124062506301271e+01
6.541444194842830484e+01
6.776948271944134206e+01
7.020930930942547832e+01
7.273697416451527431e+01
7.535563962454632758e+01
7.806858187943072380e+01
8.087919506797062752e+01
8.379099552423598141e+01
8.680762617682061943e+01
8.993286110647798637e+01
9.317061026784186595e+01
9.652492438113674211e+01
1.000000000000000000e+02
