# lsst_simulation
2.498704777654951916e-09
2.195183239049781877e-09
1.370675090076420852e-09
6.885815002856608034e-10
5.485261057647848137e-10
3.749516132746235519e-10
2.265631026691099499e-10
1.615803175026887684e-10
1.207236922425183531e-10
7.847879894321267590e-11
4.665122941781431090e-11
3.224852935858058778e-11
1.849305569789330215e-11
8.700935048617595253e-12
5.925665349793901442e-12
4.491052392577173649e-09
2.943279416239647374e-09
2.009906554145609900e-09
1.020063853716005792e-09
9.033389192178967522e-10
5.509409152296639096e-10
3.822969049289990338e-10
2.403928366422286033e-10
1.801296881562551190e-10
1.202957849300873447e-10
8.064286415179749531e-11
5.059306918776167317e-11
3.024916949683202200e-11
1.796423889577449927e-11
9.712089519929977176e-12
4.248525285967458033e-09
3.155632047986558039e-09
2.070653641228038295e-09
9.890430748427478751e-10
9.220628408836063804e-10
4.677792133136738584e-10
3.559257831267113335e-10
2.547677284378391800e-10
1.776941385741736251e-10
1.172336124430270887e-10
8.301955440004291253e-11
5.385156210779975782e-11
3.070005157103502235e-11
1.709973055020498145e-11
8.109405072985763369e-12
4.335505558252462798e-09
2.896332788730832267e-09
1.815156577140254882e-09
9.477792214521346403e-10
9.090796678923631409e-10
4.352519857800378041e-10
3.671260655672342451e-10
2.504603909570670060e-10
1.820533055558813165e-10
1.165299970025481318e-10
8.477066116341801706e-11
5.204753692635193909e-11
3.077510464633086496e-11
1.517222831777727589e-11
7.484528877032454632e-12
4.365799827555820491e-09
2.334459532545096602e-09
1.974005510355940311e-09
8.636040170516363178e-10
8.771362197316731012e-10
4.491079984377761449e-10
3.656731937924267909e-10
2.135646087705066507e-10
1.918695307297129183e-10
1.070639915372690588e-10
8.824888201349579403e-11
5.156886281951293099e-11
2.872087802708249905e-11
1.527893128890529276e-11
6.659689152641960132e-12
1.575744612719598297e-08
1.062370675980739053e-08
7.021370371776175890e-09
4.598565442575206938e-09
3.434333614698542860e-09
2.149871867832965877e-09
1.390652254150321901e-09
9.446760456077365750e-10
6.462939122785129350e-10
4.286150601110795321e-10
3.031756536929841273e-10
2.031509074131667682e-10
1.306477325233142558e-10
8.266076072469996698e-11
5.013624186582787594e-11
1.942735696911986592e-08
1.405039043206896396e-08
9.141932334511186144e-09
5.950002487532907825e-09
4.452743881565351615e-09
2.765065356099426364e-09
1.826617970634111177e-09
1.204088263710714060e-09
8.235576065741419515e-10
5.499181716518608806e-10
3.789645991804448248e-10
2.589114684662039903e-10
1.711892615907916114e-10
1.087989164309240662e-10
6.465823915874146303e-11
2.196782499180002860e-08
1.577860322485498849e-08
1.003817836617804315e-08
6.743266720663239090e-09
5.020979091227541038e-09
3.059221432393889303e-09
2.019645183716341943e-09
1.295722872713519381e-09
9.082221084643334886e-10
6.022923371106096030e-10
4.237965766260706335e-10
2.876729948278835706e-10
1.897600448172529189e-10
1.192341941470518419e-10
7.335110315693873604e-11
2.456201206717063820e-08
1.730504346680741990e-08
1.095710193017173329e-08
7.631258135844067129e-09
5.464226983874590140e-09
3.368244928047709600e-09
2.153651762045028583e-09
1.364531498333794897e-09
9.846684228233010879e-10
6.477293786964519918e-10
4.570815191943100940e-10
3.114645952537450194e-10
2.068626525391549561e-10
1.303746175387476516e-10
8.138523046354219468e-11
2.861081894985414648e-08
2.286946728922477765e-08
1.486175216568981519e-08
1.017492021635936058e-08
7.703697884339021241e-09
4.865936807486656281e-09
3.248180736865967170e-09
2.075809626319576390e-09
1.397185969354161416e-09
9.245440334521757896e-10
6.270659916892058056e-10
4.257610393606492710e-10
2.878735629533894892e-10
1.858226352632530090e-10
1.173140589163133915e-10
3.521390798329999502e-08
2.798471192684533409e-08
1.820563627559941525e-08
1.281704578928869888e-08
9.673325512520342593e-09
6.164229686443706101e-09
4.065347898220461926e-09
2.594930448613782596e-09
1.760863997622823840e-09
1.134769283710948431e-09
7.749186125214620490e-10
5.239187360990886692e-10
3.564943049842855573e-10
2.328521067729942757e-10
1.484189120443961358e-10
4.130020444825574978e-08
3.198596192429326768e-08
2.124514427117212103e-08
1.537349822137072537e-08
1.118900154314333261e-08
7.220085140694717869e-09
4.648916572946031392e-09
2.984964300436773413e-09
2.032066872665686624e-09
1.307139150066905505e-09
8.886487427803570069e-10
6.019126626065631591e-10
4.095249921321198572e-10
2.700982467825829229e-10
1.734829819549539224e-10
4.785037987099597259e-08
3.868933207054746488e-08
2.542464648366792348e-08
1.890836476028403143e-08
1.426513042569514405e-08
9.523745942336365877e-09
6.337879174565153822e-09
4.007044132714802058e-09
2.638973854686867415e-09
1.682831994593276289e-09
1.128868799232092545e-09
7.524165257503277807e-10
5.084384367833030814e-10
3.367730224467722077e-10
2.171169893515724229e-10
5.871236455637108353e-08
4.739919364162285025e-08
3.199619361854857194e-08
2.482490657942117469e-08
1.828099355635988118e-08
1.243320527504893607e-08
8.231894915965065696e-09
5.212665027912436368e-09
3.434959181180530626e-09
2.176619289040976949e-09
1.442418857658801303e-09
9.579496283963536232e-10
6.444503644370448170e-10
4.283400783670039052e-10
2.811580178873643359e-10
7.865453509671446599e-08
6.303914930794648839e-08
4.627542706438297721e-08
3.792356459044351570e-08
2.819411684252646211e-08
1.946945311270045933e-08
1.323855423241188328e-08
8.522584749966024813e-09
5.547867273245352796e-09
3.500775203690814238e-09
2.259511312009652287e-09
1.462149752145388959e-09
9.690954603705592684e-10
6.406461677017989759e-10
4.239339565632472212e-10
5.561864032378587970e-07
3.577257066496025396e-07
2.512496152927973824e-07
1.323731920101827639e-07
1.119003322089774304e-07
7.174006891756117308e-08
4.519447056286608422e-08
2.995929591666085070e-08
2.219413331233363803e-08
1.533095431470059802e-08
1.045234794372775821e-08
6.757333460651445241e-09
4.083902300825471492e-09
2.419198538471450248e-09
1.356599714155011348e-09
1.745703203921533671e-06
1.153613300083844639e-06
7.876146361051930534e-07
4.929686754377948659e-07
3.618868201692789774e-07
2.346391901916180055e-07
1.434138390425500528e-07
9.988481256693135783e-08
6.969972905214070629e-08
4.745439775001532884e-08
3.320224244251206048e-08
2.271437047180484547e-08
1.469256642823121476e-08
8.987832578001203133e-09
5.293930727273827648e-09
2.054531358595060145e-06
1.447610374713794304e-06
9.625798518300388951e-07
5.974050401783667764e-07
4.331806999607324160e-07
2.773589693837754437e-07
1.769319137654379601e-07
1.200648950153100938e-07
8.481711585801003567e-08
5.764319993281894462e-08
3.997120661145603862e-08
2.739763883587722089e-08
1.788527645231792282e-08
1.096810850686066663e-08
6.487094012961572591e-09
2.309912436017096419e-06
1.601822261608488593e-06
1.023794771061832168e-06
6.709146224612633336e-07
4.868166051599406065e-07
3.081466605775578033e-07
1.955807183770412504e-07
1.300207870388855803e-07
9.307639070094065283e-08
6.309473992520915468e-08
4.395449108594483862e-08
3.008765958708671323e-08
1.976376445986849898e-08
1.220898618670491882e-08
7.153994412870110369e-09
2.571129175746988503e-06
1.677402262675818761e-06
1.083037233649954331e-06
7.551767638139804250e-07
5.312925595361263342e-07
3.390464455662150326e-07
2.093499240982300610e-07
1.376309584077079304e-07
1.017734418100907360e-07
6.745355175900985464e-08
4.729223003947854941e-08
3.247521562351955776e-08
2.142033522755634772e-08
1.324158060291843617e-08
7.814462105252925867e-09
-7.403159549901403963e-08
-8.765560969795950148e-08
-5.427760785498998982e-08
-3.836437312674152839e-08
-1.717815404806379220e-08
-2.287610115504335740e-08
-8.873678346797368219e-09
-6.236861047513736028e-09
-3.848225993205478089e-09
-2.892326963081292638e-09
-1.755914751837745567e-09
-1.339559309683559680e-09
-8.741707851543350211e-10
-6.327805051455930278e-10
-4.324860192165353406e-10
6.270779757449554589e-07
5.429134463224223393e-07
3.626451480972221340e-07
2.753440469049373258e-07
2.021783657512766132e-07
1.176020584499842632e-07
8.314327002410849541e-08
5.047628926266879903e-08
3.236655574328235813e-08
2.091205024652539067e-08
1.466035940412622571e-08
1.016647177581729177e-08
7.315517069656351496e-09
4.933962929821053343e-09
3.201101523465657418e-09
1.087501271657883524e-06
1.002175263802318568e-06
6.490382700830667921e-07
4.754390504970468438e-07
3.625600489639199478e-07
2.214143024697553771e-07
1.503837127576348328e-07
9.105164694288667631e-08
5.823360286863610176e-08
3.773529224309274552e-08
2.618355778906804329e-08
1.838203856468098710e-08
1.309046428883957249e-08
8.943752555757445319e-09
5.783833772144850702e-09
1.366047234215510968e-06
1.349774529411032492e-06
8.395368151860628565e-07
5.890801101631964153e-07
4.441363586903913849e-07
2.721645868457291345e-07
1.862351464281907190e-07
1.143980425903838005e-07
7.317225517126782548e-08
4.691452210045571208e-08
3.232908719316167721e-08
2.278981016519921789e-08
1.605481350390462893e-08
1.098271013307347846e-08
7.180337807033412279e-09
1.656185784798126127e-06
1.692143641884685345e-06
1.003589996375254377e-06
7.166779441912619344e-07
5.185355299596443007e-07
3.211595599632152556e-07
2.153619276711243406e-07
1.330470215199660344e-07
8.557081965302008802e-08
5.504307912535384911e-08
3.778898883075985408e-08
2.641993452011051594e-08
1.867824426663794674e-08
1.279907257721583874e-08
8.375510890642327041e-09
-7.982780591552818638e-08
-1.964909300519832655e-08
-2.967265095699242654e-08
-2.148697769923048738e-08
-8.765126887647672363e-09
-1.367149430557795601e-08
-6.397596184153633117e-09
-2.673686964500108826e-09
-2.336092786156952959e-09
-1.820714682269686795e-09
-1.068771589666999493e-09
-6.926426803481929366e-10
-4.094479142529911125e-10
-3.209537470324363226e-10
-2.449307520618182272e-10
9.713282466938681548e-08
1.003803811287112441e-07
6.438253961352815545e-08
6.143078995701908180e-08
4.551975831443567218e-08
2.131414966163225751e-08
2.090894738282297115e-08
9.764119778078649108e-09
7.037286118301919268e-09
4.446378299480979300e-09
2.798409337868284024e-09
1.921208427271279289e-09
1.397304432105408554e-09
9.709321883731546397e-10
6.583168595328551560e-10
5.890020247796670704e-07
5.512823977011311087e-07
3.980114447378141886e-07
3.323678762975823966e-07
2.440730766525968276e-07
1.556520213865837392e-07
1.084967540206834623e-07
6.561533898601120566e-08
4.183685735237807084e-08
2.622613955617032734e-08
1.712093179685536340e-08
1.159375633926240524e-08
8.086548997525588510e-09
5.734578911147886979e-09
3.904110569355295358e-09
9.254441533695245132e-07
7.408046561267970385e-07
5.750644507689723080e-07
4.812967797815198365e-07
3.606060545537148912e-07
2.350190176537721932e-07
1.575056788043673990e-07
9.606910579765164962e-08
6.194095690120131083e-08
3.805020154096667202e-08
2.516756631915658630e-08
1.678605694934523660e-08
1.180185856643864052e-08
8.224316536440154493e-09
5.641224023811558726e-09
1.139993569215077291e-06
9.516014436080627889e-07
7.347742769090930472e-07
6.035318271427631303e-07
4.466944061183180420e-07
2.956555443170750023e-07
1.967833763539618172e-07
1.217031627154279758e-07
7.836248038166594352e-08
4.871375002382187689e-08
3.186624285752684504e-08
2.130527875439983312e-08
1.492983789873740636e-08
1.045817049299246483e-08
7.167893534234309800e-09
-2.609501936072364403e-08
-7.869205129570577023e-09
-3.439742342215659556e-09
6.136083168345585865e-09
-4.937407087976245841e-10
-2.921685119572841290e-09
-1.317318184023115658e-09
-4.107084010332101356e-10
-2.168219063638768119e-10
-2.883951155112360936e-10
-1.722061095102314347e-12
-2.678656855841154492e-11
-4.576279568959917354e-11
-5.501030807497764369e-11
-4.203582946656284330e-11
-9.472517419528870560e-09
-6.778208575748665731e-09
-2.145967708999414494e-08
-2.118661561497824866e-08
-1.340217830773178003e-08
-1.113044724813186440e-08
-8.818633339916323409e-09
-6.288964899616867802e-09
-3.321712133678714420e-09
-2.114854836371532170e-09
-1.249171197914577079e-09
-8.131504247764425077e-10
-5.701899355766703006e-10
-3.896569586113536716e-10
-2.659964237657143938e-10
3.467081367667023282e-07
2.749766480662166499e-07
1.990179898136645894e-07
1.605578173378263048e-07
1.282165200627277612e-07
9.225362235783906624e-08
5.496364629183278237e-08
3.602561476243110838e-08
2.349453309603680366e-08
1.424247099237642952e-08
9.158714856531180303e-09
5.875719946550469941e-09
4.002233876725591130e-09
2.828858606272915137e-09
1.937965600742704298e-09
6.935234076297003897e-07
5.293992987611351875e-07
4.002857436459587168e-07
3.300138835647788900e-07
2.554232408831256505e-07
1.965064314928415688e-07
1.221379206449821903e-07
7.934957928523847795e-08
4.982479157932200427e-08
2.986089376994521407e-08
1.937489899231639938e-08
1.220236111565610202e-08
8.377904085761778015e-09
5.802708761172735697e-09
4.007129278425706647e-09
1.016081369878599714e-06
6.945087634210822094e-07
5.688703747781410755e-07
4.769141857195062484e-07
3.675432262520572821e-07
2.768844246421160194e-07
1.709813222868277139e-07
1.136882618450444969e-07
7.037323335138341492e-08
4.285133701647763889e-08
2.732140567512820320e-08
1.765911311602694944e-08
1.188700648851543224e-08
8.227866849223842235e-09
5.713752864705978119e-09
-5.951884070512156384e-09
6.211254772693757073e-10
-5.460725875768972688e-09
-1.913170454345294384e-09
-2.971773564819452968e-09
-3.094461537291003572e-10
8.860194336539774544e-10
-1.740762295928293808e-10
-1.377425960883716663e-10
-5.680050272741130794e-11
2.700172274711094383e-11
7.895862667930256145e-11
8.164681083236063801e-12
-7.972045059470843716e-12
-2.006656367654892091e-11
4.197893398984021736e-11
1.467236411681477782e-08
-2.492273154076515102e-09
-1.905408553085887823e-08
-9.021527142336793965e-09
-4.593035859595499433e-09
-5.741183549448359571e-09
-4.116393724565864634e-09
-1.805758540934347534e-09
-1.157896425119657880e-09
-6.263506493618147652e-10
-4.839110789799950975e-10
-3.306588362472131612e-10
-1.799935549163539267e-10
-1.170026980929000373e-10
8.170394084974307780e-08
7.771077769195493776e-08
5.220580628632082873e-08
1.972792866464006216e-08
2.436967409958571438e-08
2.056768222816077555e-08
9.792665507396427010e-09
7.042117041320393385e-09
5.493957955804418266e-09
3.191325140390707019e-09
2.078438257321828453e-09
1.164070680341026738e-09
8.021038067443573841e-10
5.800818478614766210e-10
3.991231295361409436e-10
3.436599509864766714e-07
3.526498268250032370e-07
2.692449645633986726e-07
1.994950380892500943e-07
1.639106638598070110e-07
1.342377487551638859e-07
9.017908409287482342e-08
5.683761965002401917e-08
3.487139917925226205e-08
2.210593415915388596e-08
1.361355967837113838e-08
8.365112756286808736e-09
5.509600294409640628e-09
3.724471064487569211e-09
2.574045839924083737e-09
5.090022438698128416e-07
5.334198848427012976e-07
4.524710214876462106e-07
3.663785040454235203e-07
2.756679591626704415e-07
2.206290115173602035e-07
1.541728767048723508e-07
9.633500419315240043e-08
5.970779264140351749e-08
3.716619574377649038e-08
2.290650036612156811e-08
1.426088026958837325e-08
9.283630595406221355e-09
6.246613490998893213e-09
4.369723126573435091e-09
-7.754575205560955797e-09
-1.454624010274447985e-08
-8.353265357718312911e-09
-6.475902215677683004e-09
-5.598029649347224676e-10
8.073660043761361044e-10
1.069122900994111677e-09
-4.555694711599846873e-11
2.950834698642776819e-10
-1.788094134476403864e-10
1.789312004469012290e-11
1.082186243135651575e-11
5.296680929771251013e-12
9.022734314536440647e-12
-1.503373526433201705e-11
-1.586318918480286434e-08
1.298491934630645004e-09
-7.054972482185062908e-09
-4.023732978964490393e-09
1.220044673473670719e-09
-1.800745135618517428e-09
-3.382020293680724514e-10
-9.590111139740502477e-10
-1.977817150002062029e-10
-4.892403634994575909e-10
9.828424579433104427e-11
-2.678977799159892088e-11
-2.135834637995337772e-11
-4.074429430322623089e-11
3.309969278745078264e-12
-3.105163939586443435e-08
-1.622141987592593726e-08
-1.232485674511693713e-08
-1.659952058264806268e-08
-1.241668212810237194e-08
-1.310500396909434708e-08
-7.293753794090720901e-09
-3.337199565074495514e-09
-1.878637368365861384e-09
-1.853152628296778547e-09
-9.082786205457379358e-10
-5.773389820943151210e-10
-3.188512412950657436e-10
-2.197938406320843956e-10
-1.472220138460547823e-10
1.080379115857351538e-07
1.796115628259840527e-07
1.362101083250495236e-07
1.183279727231316579e-07
9.021131008825830440e-08
6.828488572771018388e-08
5.179671548675786823e-08
3.204968329752745036e-08
2.063858435894851207e-08
1.225084454912666856e-08
7.689956354978335087e-09
4.613437985666297047e-09
2.962453667228780600e-09
1.926121714549484612e-09
1.304095558330003971e-09
2.838539756141147261e-07
3.561295926794684979e-07
3.143294321700072290e-07
2.789705534324886802e-07
2.269110879978094018e-07
1.659021744480833356e-07
1.233890410166011415e-07
7.827420916609412858e-08
4.996481317471272910e-08
3.039553440566350066e-08
1.861369400800673330e-08
1.115117843817437106e-08
7.137962817061832315e-09
4.681679014482013880e-09
3.159273248337789029e-09
1.512278129151418299e-08
-1.115559923304316098e-08
6.739197760629359544e-09
-2.532175366515558838e-09
-5.802043352985702204e-10
1.329305088647551302e-09
-5.199544935188586817e-10
-7.154581577943614652e-10
4.052370850381863586e-10
-2.211320089796630986e-10
5.954824647084237095e-11
7.495474737295950211e-12
4.361850715652611543e-12
-6.861288118685703735e-12
9.634323511872815439e-12
5.199754778768235251e-08
1.237864045803456732e-08
-9.195192763720075913e-10
1.285925437374847157e-08
3.084558622459976103e-10
-9.624816243526487323e-10
-8.863166512776721316e-10
-1.599741369069846777e-09
3.776258924471348317e-11
-1.021875401627910766e-11
6.071522758467258499e-11
3.498468376764666655e-11
5.347027256461876900e-13
1.103779921386497163e-12
4.182627276575639281e-12
8.179266945354436100e-08
-1.354412654987784877e-08
6.132200626888382793e-09
1.599068827055438748e-08
-3.288701774494118851e-09
-4.580671577972423640e-09
-5.160443333896868301e-09
-3.540235567882075265e-09
-1.561194571800769042e-09
-7.728731095346005167e-10
-5.119172121758932310e-10
-2.477967109810481883e-10
-1.853867892580884098e-10
-9.442339219477706091e-11
-5.414883917402206052e-11
1.466530675148373336e-07
3.013712839813952029e-08
2.933395693821221487e-08
6.576591988555476698e-08
2.502555422339337122e-08
1.509838958969304077e-08
1.079548432943788123e-08
7.293254413844025990e-09
5.169876532889447746e-09
3.520340627809448700e-09
2.125876103647153163e-09
1.309634602142442633e-09
7.940456651803734395e-10
5.066352364705440026e-10
3.334604847307914266e-10
3.602868837843080676e-07
1.777135170761564351e-07
1.926773320906245434e-07
2.527659043760498301e-07
1.653264729962196418e-07
1.144889417527766939e-07
8.880425137342685231e-08
5.958776440417341235e-08
3.881731540069918010e-08
2.370492509464764889e-08
1.426603171522605119e-08
8.617034010319708043e-09
5.244284769364435735e-09
3.330535413434549839e-09
2.173257815637903373e-09
6.136320857920081509e-09
-1.551970256166547637e-08
1.040200407685960946e-09
1.106470390293196325e-09
-9.963103572202518965e-10
6.446812883699156456e-10
1.824585895490162279e-10
-6.290330823742584951e-10
-7.278940798970016248e-11
-1.322932535151883773e-10
-2.209769596482141527e-11
-6.890122646248798570e-12
-2.493243121515495948e-11
-1.008037808954768683e-11
8.162215922320317306e-12
4.891826795581883535e-08
1.369384311853743154e-08
-1.361871236567029764e-08
7.003391916818857358e-09
-2.495068218335878953e-09
6.822947258996044990e-10
-1.107382727652331469e-09
-3.598566115302230573e-10
4.534406642946804781e-11
-8.435383632008378316e-11
1.830035931666118316e-12
9.145062349230390789e-12
-2.866062619278842359e-11
1.250616260743451071e-11
1.096532579052890486e-11
5.855799538098386798e-08
1.896107681169862500e-08
-2.251047548423619285e-08
4.391226502140815870e-09
-6.460318701146041657e-09
-1.113323314903495547e-09
-5.680419808457359956e-10
-1.443323405927639739e-09
-1.421553983960175484e-10
-9.486602045793213172e-11
-7.072391748456821420e-11
2.653715895427951522e-11
-4.598494601351549585e-11
-6.509753755994682456e-12
-1.450992127666642558e-12
5.108514343089267453e-08
1.386826913198642438e-08
-3.286107272234408784e-08
1.646842693560970621e-10
-8.950744781228030934e-09
-5.771746185886032768e-09
-2.544510342009876628e-09
-3.463728946084593993e-09
-1.651507772313232927e-09
-8.883965309892786510e-10
-5.038780867290063870e-10
-2.455049400932622494e-10
-1.886544700954053813e-10
-7.976936678282996240e-11
-5.918554108554091449e-11
1.811007641293350678e-07
1.271296460188642051e-07
9.034299249695065788e-08
1.090590312350606465e-07
9.922043346800738885e-08
6.724286176572020700e-08
5.575423329213442633e-08
3.810112180839717424e-08
2.358194940245362888e-08
1.502147749818605345e-08
9.085851731181140775e-09
5.468661320181433900e-09
3.278558689028492971e-09
1.997625933740268079e-09
1.266859989113230189e-09
1.158731324851503004e-08
-8.365569712987090063e-09
3.384080269355900022e-09
-1.597105309794779461e-09
1.883162335156735629e-10
-9.816600891848548522e-11
3.090169545321368385e-10
-2.306030507153547378e-10
1.046659928898499083e-10
-1.998404067991327727e-11
-2.796711009159849820e-13
-2.206070800084617756e-11
5.254859308777688550e-12
8.770531053865197292e-13
-1.007972788421819070e-11
1.341747078552946929e-08
-9.138301917160127287e-09
5.779576033404726177e-09
4.740913208065482161e-09
-1.251852057475869992e-09
3.811959025234353023e-10
3.450369173161192484e-10
-2.849634425541574768e-10
1.985213679619575156e-10
1.212360821049478258e-11
2.377960449349743500e-11
-5.627153001388432780e-12
-9.106429492142535547e-12
-1.291548840605487466e-12
2.097819585922416126e-12
3.441855835701546455e-09
-1.164136091015046470e-08
5.398606226670471259e-09
5.313920093124285138e-09
1.233023980804378236e-09
7.349535027189314129e-10
3.012790473009064817e-10
-7.433918640093100676e-10
2.747637014438216642e-10
-1.058546750114702347e-10
3.348326051655580865e-11
8.415249211221356955e-12
-8.652776012850664735e-12
1.752617184268442929e-11
8.044579036607970819e-12
-1.650360182767081495e-08
-2.368230857149386618e-08
5.089662829821296699e-09
6.948411425777281393e-09
2.894853997531269763e-09
8.784856297203896945e-10
-6.338881955690100920e-10
-1.827910104198389092e-09
3.301443384169397351e-10
-4.480397153844478625e-10
-1.431666932620879433e-10
-9.929733461437240689e-11
-3.547371652913661437e-11
-3.951983447528928562e-11
-9.197654692925191650e-12
9.194550841930095964e-10
-1.870468692312261197e-09
5.982786591621371282e-08
5.433072047348991073e-08
4.099867843856882347e-08
3.170890878910955872e-08
2.078639849963675980e-08
1.388263690162919942e-08
9.849808187166326475e-09
6.307511629186380486e-09
3.802146515011622748e-09
2.222371578775526251e-09
1.335198864014612731e-09
7.860978640189374337e-10
4.695906909167382182e-10
1.049227971297180665e-09
2.869607502466739863e-09
5.588562173123705445e-10
-5.040432216142450554e-10
-5.273138816203951503e-10
3.267162431390078762e-10
-1.504439864958032574e-10
2.502349936184305117e-12
1.109348747756227626e-10
3.109246687287958965e-11
2.586480981830415493e-12
-2.447247751784488299e-11
-2.927271861115002155e-12
7.198437169494805109e-14
4.022314050876551308e-12
1.843204175798831780e-09
-6.462834592121283257e-11
-1.498186779840238234e-09
-1.992293703846931128e-09
2.608290248131418304e-10
5.697110236616367681e-10
-2.585080811800126910e-10
-1.158551616293005207e-10
3.063179879469823081e-11
-1.256996065986823387e-11
-2.041025971894632489e-11
-8.671002479241103962e-12
4.335721501768562319e-12
-2.979581530030419110e-12
-2.750655333806456457e-12
-1.803215710695482727e-10
4.728537261312937552e-09
-4.932107668983101381e-09
-4.612167272432724374e-10
2.703759180179207279e-09
-1.005531098353494695e-10
-3.757618032287722986e-10
-4.961936236147579417e-11
-1.096415254825694828e-10
-4.134507677044682018e-11
8.401626347838117193e-11
2.265463148334898072e-13
-2.480775249965353190e-11
-1.228569405478049188e-12
2.004230563008311125e-12
-2.064300699971240803e-10
6.041147080564780919e-09
-7.179564292666811944e-09
1.455994662721999448e-09
3.507731254483066454e-10
2.177955653748738905e-10
-6.118574993531337220e-10
2.464957531426905679e-10
-9.717946005137192188e-12
3.776280179584915844e-11
8.032080923394065727e-11
3.167690746218055513e-11
-2.068980326419757900e-11
-2.841028808870044890e-12
4.262601209865751579e-12
1.344923985729292693e-09
1.556550760059483924e-08
-2.282834852395240389e-09
5.949626600928829954e-09
5.769749877514260777e-09
3.358595724749533686e-09
1.440423941570792460e-09
2.225512052025663093e-09
1.750203603709694659e-09
1.015460626544389134e-09
7.010163321195358723e-10
3.273016059688946031e-10
1.884743597239072283e-10
1.142318363336181900e-10
6.987934012903920842e-11
2.278234724718824090e-04
1.493894025182922322e-04
1.058301800498164408e-04
6.469447196865976614e-05
4.658788003973126648e-05
3.099346781844697140e-05
1.874317733602091866e-05
1.293143090548245235e-05
8.991709386596013657e-06
6.249049090019312984e-06
4.363853328720686918e-06
2.999465647583505582e-06
1.958387229914591351e-06
1.205951051476995986e-06
7.046572936663666285e-07
2.562623029609573268e-05
2.825408670138191463e-05
1.691606598680436428e-05
1.335723509677627778e-05
8.764046024700592334e-06
4.772973381980489532e-06
3.616576501476852036e-06
2.121487679092361979e-06
1.509212570764256604e-06
9.248905586460139017e-07
6.504022827275433529e-07
4.706284038928864439e-07
3.362149523556486284e-07
2.204126024779435967e-07
1.380174003296609675e-07
-6.512998519269201863e-06
-8.281191861614082609e-07
-5.367028038050595912e-07
1.194316127762552948e-06
7.277644910959170436e-07
-6.075865933729987725e-07
2.470804645512282917e-07
-8.876649125674429883e-08
7.430441259149099554e-08
1.548330291730065392e-08
2.523506782297977465e-09
6.327976635135745201e-09
7.187710282345189586e-09
8.162911402787313207e-10
8.749799074100505844e-10
5.578931353439175340e-06
2.443087682773819182e-06
-8.292942573580991862e-08
-1.091962535898363173e-06
-3.247022015833204021e-08
8.171044504264250526e-08
-1.055646521001691378e-07
-1.016446284746212091e-07
5.659799845734648746e-08
1.009469034339959266e-09
6.801061315938531789e-09
3.405745085962141411e-09
-6.872621636399708232e-10
3.078579047671442983e-10
-7.589900074358637907e-10
4.388217274040236984e-06
2.051492439940731694e-06
-5.067680554628958986e-08
-6.082336718488462494e-07
-2.328672219882653392e-07
2.820655506018489786e-07
-8.618042696346326879e-08
-2.849421499856981394e-08
1.875616646298329814e-08
1.776794123195041874e-08
4.346015425470296888e-10
-1.349585403353571637e-09
9.975627257307020466e-11
5.866747334587786794e-10
3.155230548020054531e-10
-1.206923087076749058e-06
-9.237818413833868439e-07
-1.784606376194874408e-06
2.679859755993404662e-07
7.667507918466429061e-07
-1.166431272924082854e-07
9.680644143352429864e-09
-4.717758634845385086e-08
-5.108332673521396357e-09
-1.836038076154210280e-08
-9.423023326416635122e-12
5.769425849213261407e-10
-2.346027264687001609e-11
-3.838302965223910497e-10
1.627286243797262788e-10
6.350537232458545493e-06
5.590961311477007526e-07
-6.521679156469043170e-07
1.387042289632328733e-06
3.135456902164640155e-07
1.850312854094021113e-07
-7.661258152131234468e-08
-1.454261911979270087e-07
1.353495450875815241e-08
-1.340097264343599501e-08
-1.584329935073687594e-11
1.772029456674514739e-09
2.427682226925140372e-09
6.949878088712279513e-10
2.470866833846309210e-10
3.707225294613401262e-06
-1.616747074592459308e-07
-1.777672305319441488e-06
8.810355118352306830e-07
-2.928783179394835186e-07
1.035459732512167249e-07
-4.174476897512582209e-08
-2.644421378818016187e-08
-9.713568268223426496e-10
-1.695435585283506817e-09
8.019394963335340009e-10
4.830688582822089693e-10
-4.844044903408244132e-10
3.783100114501468265e-10
1.746189612085196453e-10
1.770248982658493180e-06
-1.394461314094101346e-06
1.098797959275294258e-07
1.937481000046758743e-08
-1.233847326624731468e-07
2.671760627037108197e-08
8.405701857702174201e-09
-3.537390801518737694e-09
2.304020186819617237e-08
-3.222295697006965450e-09
-1.907334130407634877e-09
-4.758634962909602123e-10
1.886679266159900651e-10
5.845594339417383785e-10
2.849106423272216358e-11
3.585809140455503141e-07
3.420171587272507380e-07
-2.362629093049448744e-08
4.744833641125417982e-08
1.704750744173164571e-07
2.476446567898882545e-08
5.102648559895213328e-09
-1.053017808608994506e-08
-1.383952309891536475e-10
-2.511554887619390477e-09
4.816231350150254091e-09
-2.282827558747598149e-11
-4.793468834730803037e-10
1.089874891064534737e-10
9.906938124678235465e-11
1.134100893439766208e-04
1.034166645999877416e-04
7.223865745125494504e-05
5.192512071154229222e-05
3.870314025977047821e-05
2.460663726866071460e-05
1.600439175943267194e-05
1.017888234482222121e-05
6.279874727155100327e-06
4.122742966067918215e-06
2.845034419413426506e-06
2.007067642061500053e-06
1.416842849205366988e-06
9.738982284563299310e-07
6.345213495943467831e-07
3.181883204239902891e-05
2.570514965943920479e-05
1.632491205466645237e-05
1.231694458791819878e-05
9.271988334731463504e-06
6.209113927581667473e-06
4.295878289362856359e-06
2.493906759278571790e-06
1.579801402503749448e-06
1.005991992671158993e-06
6.807062799261340856e-07
4.567252450017887190e-07
3.241560866501200236e-07
2.279213995603976445e-07
1.530369981224215281e-07
4.483867875869022772e-06
9.855564142553138640e-06
1.837484249888633827e-06
1.843746309433925431e-07
9.333819858055594728e-07
5.206359224143380370e-07
1.227982898620493343e-07
8.292603740397323921e-08
8.741062439922815485e-09
1.480617563083859366e-08
2.014985716502353063e-08
6.946360319193643005e-09
8.586042287327320217e-09
5.083042869304104553e-09
2.941685979627503492e-09
-1.072265657686079245e-06
4.310904488323812930e-06
1.920338706284091959e-06
-1.076036365517246428e-06
4.188041170680131294e-08
-3.436911585823537671e-08
-1.561678704582347436e-07
-5.314182106035152714e-08
3.562758970066162177e-08
1.240951271972586718e-08
7.557230610143964166e-09
-4.262064661922398081e-10
-5.660517524593599184e-10
-1.277487426315117195e-10
5.154237677751795662e-10
1.273284344778085007e-06
5.256000525952121202e-06
2.001156587605871405e-06
3.506170403261065416e-08
-6.046968352964764227e-07
-1.955148528580936159e-07
-3.779676847801653526e-08
4.696800168985033141e-08
4.258643765469626799e-08
-1.519445763439370058e-08
8.405561505265794079e-10
-1.146056120009148570e-09
-9.240210653427877490e-11
-4.065922867159771681e-10
-2.974559195656656602e-13
3.083902618724396759e-06
2.427687721058878842e-06
4.527307349708590201e-07
1.286097653614409872e-06
7.658564491230435395e-08
-3.922430620902309925e-07
-1.869558841245733534e-08
-2.455633414781927543e-08
-3.563276868719647122e-08
6.087368574760012365e-09
-3.945829741951077415e-09
3.584644906188138835e-10
-3.591264818382533129e-10
3.548718374345314486e-10
-9.031493459241523986e-11
3.939907339809696379e-06
2.203830608272637079e-06
-1.204830096888883787e-06
3.789737193102498009e-08
-1.955564822705150420e-07
-1.392191266827252889e-07
-2.444378446469056753e-08
-5.223092267792471318e-08
-1.001528706584295920e-08
1.245496717325924181e-09
-4.383645686877429052e-10
-3.091827230809066008e-10
-1.087969010453939817e-09
1.047912747420456700e-09
2.291068429946308394e-10
-7.910313987633569965e-07
4.773230430999774321e-07
1.129198169380855396e-06
6.532501576390355269e-07
2.109234179820517918e-07
2.243695625424069076e-07
3.993668831462807415e-08
-6.216917415589638904e-08
1.014327096107558585e-08
1.961278251658654638e-09
2.294644636775000055e-09
1.228932117360717868e-09
-5.434306368961137184e-11
-2.726534164258271422e-11
2.343453369635981726e-10
-7.600075127010479455e-07
-4.756761138260245352e-07
-4.214863772388565520e-08
-2.966669584097851154e-07
7.545779763883978402e-08
-6.388109406327899750e-08
1.445209534256278513e-08
8.399508928783443212e-10
-6.536494557937669246e-09
2.663197843258034331e-10
3.786214560952303616e-09
2.528095794019568122e-10
-7.373929570569886020e-11
-4.167369800827772451e-10
3.713859712461773033e-11
7.520939003990277812e-05
6.365858502894728961e-05
4.899362900522960578e-05
4.021888387802521425e-05
2.824056295504634610e-05
1.927274077223322144e-05
1.241876000116753768e-05
7.863582451033930822e-06
4.918688443266166257e-06
3.095340188451075030e-06
2.026112751937006642e-06
1.358119524785344234e-06
9.502943666918975164e-07
6.709187370434456958e-07
4.604301693897485839e-07
2.161009046494996876e-05
1.017040031030204827e-05
1.209215372483034246e-05
1.047780839043264751e-05
7.577130669583747181e-06
5.593013801988580673e-06
3.244133569314825314e-06
2.191688526218660080e-06
1.363839305262936956e-06
8.362186419943872455e-07
5.480055972891604890e-07
3.575376160510805784e-07
2.462561606750903177e-07
1.729824997225694399e-07
1.203621110919991419e-07
-5.288123656015005269e-08
-2.554032976521100813e-06
-6.867559215644106801e-07
-9.554586169266576602e-07
4.393475586709085486e-07
2.653583344280693619e-07
-4.601461637790008546e-10
5.309001253497508883e-08
3.988657917225133626e-08
1.738520821253353662e-08
1.986635106421752834e-08
8.150532738465899858e-09
6.339781566287637776e-09
2.796130666955168252e-09
2.595064282183825443e-09
-2.808725669107731306e-06
-2.234900483622630348e-06
-2.104846695698255190e-07
-6.540668887888881261e-07
-2.908660286342632681e-08
-2.577080911692349989e-08
1.602052570279211475e-07
5.166486543121769691e-08
4.943741204607647497e-08
-4.342841657008207893e-09
4.699805388099400409e-09
-1.166822463659255235e-09
6.658963721958345918e-10
7.201594313022686614e-10
3.645874790395681475e-13
1.636003023924376736e-06
-1.248878750243839837e-06
1.214877817982943095e-06
4.469092734726447877e-07
-2.569697154939487216e-07
-2.931731368989113771e-08
-3.102520469164201385e-08
-5.765742051614944226e-09
-4.675447182101614753e-09
1.529628560700080193e-10
1.498701311601920506e-09
1.789777568327524892e-09
7.007608599063102903e-10
2.435517286613081692e-10
-6.949270216904925357e-11
2.763900855478936196e-07
1.844302747334982237e-06
-6.391637964382964769e-07
-5.054711397470493783e-07
-2.196610667857294127e-07
-1.645530915244839826e-07
-3.240268341115838592e-09
-4.256877673310705252e-08
1.270753862494392968e-08
-5.859304646806322713e-09
-1.519802317070227455e-09
2.421285360911517911e-10
-1.343805077635343579e-10
5.425260700262573549e-10
-2.060085275286724592e-10
-1.447947457906542761e-06
5.954018835529432130e-07
-2.375700911039724092e-07
-8.432626721999741820e-08
1.729242108390920543e-07
-8.871886132887989175e-08
-2.297396942686105386e-08
-4.585249039380958880e-08
1.100450421531146789e-08
-3.654215002369606806e-09
4.773494589001245378e-09
-1.699266925881867351e-10
-1.514996060882205045e-10
-1.825976552414859367e-10
1.436893145619302357e-10
5.136412756142909035e-07
3.998195489956408984e-07
-2.014970847812728641e-07
2.722436109659018326e-08
-3.736285131850752666e-09
6.272595137268823297e-08
-3.963327532346908433e-08
2.056000871681024360e-08
-7.187011089388197032e-09
5.669066798012772984e-09
8.362840731315913026e-10
1.181676407427044810e-10
-5.917532137342007670e-10
-1.744110422290927782e-10
1.991704519521803509e-10
4.692680094222499612e-05
3.446314009631226227e-05
2.937750404884662025e-05
2.567565075000410212e-05
1.952865016399395892e-05
1.512767095143534550e-05
9.598526932510513909e-06
6.284049322241147184e-06
3.941680333514314606e-06
2.366896376060295334e-06
1.499745990173433362e-06
9.742896078503427566e-07
6.540444187768234294e-07
4.564246970899465330e-07
3.175223993392955848e-07
1.249696290066070565e-05
1.080753103449872961e-05
8.220086908072107726e-06
6.887328080518253200e-06
5.228190252607696992e-06
4.065624100214535078e-06
2.862198612582963161e-06
1.876210693533024985e-06
1.085928681830632712e-06
6.815678258688608070e-07
4.225461254188127482e-07
2.678822385841425137e-07
1.765384267770227087e-07
1.209763561377800254e-07
8.429103035333566449e-08
1.741413124202325602e-06
6.054783718578585176e-07
9.668183563951991992e-07
3.513155801079431317e-07
3.661884120943310240e-08
1.793114952299320755e-07
2.924426216532631708e-08
9.789259979008196216e-08
3.084856892155481505e-08
1.743735586034167441e-08
1.578835266300095278e-08
1.857916611530564264e-09
3.531865850046112885e-09
3.269409816528805431e-09
1.346516565901078364e-09
3.145950179479830021e-06
-2.350665099710861735e-06
4.347788592538588148e-07
5.810406756907302557e-07
2.484353678021937713e-07
6.566079772879773534e-08
-5.375155813083844162e-08
2.548591481652857412e-08
1.700361403895356605e-09
9.626961436234689796e-09
1.052883963322215264e-09
2.254314961457925282e-09
4.920544620796862120e-10
3.920693438935377894e-11
-6.213460398496606154e-11
1.860836468855760965e-08
1.502943752288196173e-07
-1.738482000694404958e-07
-1.053706397675456666e-07
1.427426956535066994e-07
-1.634883704329306692e-07
1.117780521324560677e-08
-5.649567436102430226e-08
-1.973427252833897194e-08
-5.503444855144342178e-09
-2.336016095609336436e-09
6.817768575717750906e-10
5.714515094996059103e-13
1.662520737069310103e-10
5.700746127668260274e-11
-1.534536292536644736e-06
-1.325666805339831354e-06
-2.408205053208612030e-07
3.243749411410054314e-07
1.773311203638941157e-07
1.173439187977559474e-09
1.946003077197913113e-08
-3.102195783549403676e-08
4.744181909033466832e-09
-4.798245145916321559e-10
3.031842110086942511e-10
-1.189299590295414374e-09
2.110442150186609999e-10
2.507809187195091090e-10
5.803293211690356667e-11
5.924771230561326897e-08
4.141680414847328118e-07
-3.114932899135918548e-07
2.113080584667886876e-07
-1.000875010581821165e-07
-1.196224137138805326e-08
-3.035830664893230727e-08
-6.543973409012550028e-09
2.019108365147615887e-09
2.436251925369958113e-09
-2.734041786132663057e-10
8.128786401107389388e-10
2.298552337861071429e-10
1.700898954897987421e-10
7.659226098570559241e-11
2.646491017425398488e-05
2.728186528809626606e-05
2.249867120355412227e-05
1.985175353289065665e-05
1.437137537237143769e-05
1.096894982397651561e-05
7.984849444166680391e-06
4.911018611100264067e-06
3.037331848307703387e-06
1.889422289318541277e-06
1.163692405919907058e-06
7.302957515974259566e-07
4.750973093282201766e-07
3.210448749651387415e-07
2.231690794214362138e-07
4.865229334792415756e-06
6.675493201184068816e-06
6.391125492224319981e-06
5.081233012769398618e-06
3.580238497302259297e-06
3.205750450970523059e-06
2.265999242690051899e-06
1.319261656809718017e-06
8.331027193487800356e-07
5.287358157593969278e-07
3.223625311406857194e-07
1.963696217385803632e-07
1.266187022223770734e-07
8.444517138733585605e-08
5.797480512841983845e-08
-4.666113928741085020e-07
-6.553498964258956256e-07
-8.305224087729943282e-07
5.548548837019945429e-07
-1.447171405762109340e-07
8.616575408574110839e-08
2.814909103226161423e-08
2.119158959462216166e-08
1.483486434655181400e-08
4.624776199438471602e-09
4.475876220392703758e-09
3.688148265040818005e-09
2.123355422288167963e-09
1.739654270242976117e-09
8.722387093437683805e-10
-1.504077489735869087e-06
-7.144403753066660757e-07
2.215939093888025286e-07
1.880161859940663959e-07
8.971371146880977944e-09
-2.089318045443356168e-08
6.280410992740203669e-08
-1.474905570205498611e-08
-7.154010491451064324e-09
-3.386403211685285207e-09
-5.968757756057049971e-09
-1.654599519752797060e-09
-6.464518782293617900e-11
8.896994705878465577e-11
-1.975977044700398391e-11
-9.936918365901968238e-07
-4.091216956179524179e-07
7.625756112158728090e-08
3.024670381273980798e-07
1.113320165451542023e-08
1.138275614993550401e-08
-5.312141010679013015e-08
-1.481521135115086402e-08
4.094474851521923117e-09
-5.597722248926761150e-09
-2.034547919659035747e-09
-3.410467482317816277e-10
2.088521939367385398e-10
-1.169401799520222185e-10
-3.971620184341534768e-11
-2.282966155680094707e-07
-1.615747694520231210e-09
6.438571163609730068e-08
1.808692366565108445e-07
-6.533428472843398053e-10
8.556897199957440346e-09
-1.396053222942027810e-08
1.302752044272499392e-08
6.786624650938836878e-09
-3.738122168903244390e-10
1.842032995354178473e-10
5.749529391794546490e-10
4.341927498676468366e-10
2.278486370932451255e-10
-2.921585644266394300e-11
1.346236821101040923e-05
1.770465028484728001e-05
1.646557657574875319e-05
1.376046217005118916e-05
1.090812654986095930e-05
8.256625116734755252e-06
6.078080754813770543e-06
3.768807523424445349e-06
2.454761360110432558e-06
1.514838917720719073e-06
9.079946281393774973e-07
5.562839637271328180e-07
3.500612238937058808e-07
2.285126232430912678e-07
1.549326012296840053e-07
4.524470484634571379e-06
3.348261901206493457e-06
2.293152263179441885e-06
3.903383100527035625e-06
2.848464776061829638e-06
1.897319998370325496e-06
1.433254910190087769e-06
9.943615560620246737e-07
6.331959501829619272e-07
3.842081129566266271e-07
2.325585614544484034e-07
1.411783264167621403e-07
8.815375870798980763e-08
5.641096578433724944e-08
3.754114031805750681e-08
2.302112082787798075e-07
-6.825160121756480434e-07
-1.589268557138067690e-07
-2.949001735452262334e-07
3.874793164911706162e-07
-3.953458306084037721e-08
-1.405958254464905459e-08
2.643563055079341159e-08
-1.123582337189908354e-08
-2.770175541137968113e-09
-4.936001478658625195e-10
1.409736589057471783e-09
1.156246024644142132e-09
4.645055780859080837e-10
2.923084761897981124e-10
-2.423735023216158330e-07
-3.261281293214905728e-07
1.948969116271645250e-07
-1.331641856508304671e-07
5.859501265208454923e-08
5.279712638357939958e-08
-6.814819836968472346e-08
6.739042470170486026e-10
-2.084461869513833294e-10
-1.833499326955130215e-09
-5.157964664368786141e-11
7.936212619581143268e-11
3.756099137266048631e-10
-1.631730666495163724e-10
-1.097045169288356096e-11
-4.409478986898487648e-07
1.123522678708117974e-07
-1.622260336461769511e-08
7.063926202685897693e-08
2.281653393330082942e-08
-9.771150970643608649e-09
-3.222356477508617175e-08
-4.262839715343892696e-09
1.582358108082019168e-09
-2.789544114285270140e-09
5.367403313770373144e-11
3.604298164727517242e-10
-1.545401545705796888e-10
1.155935243280567842e-10
8.509480487912819596e-11
1.069585588930255670e-05
1.095404935699285514e-05
9.999862184360349632e-06
1.075350874358552136e-05
8.007769384424551250e-06
5.940748205457322395e-06
4.583256111929303936e-06
3.016592627175573084e-06
1.958412253676939882e-06
1.182645805041048641e-06
7.123879849823637001e-07
4.276604461986187267e-07
2.598538206842032254e-07
1.640048150780953086e-07
1.077085072727468988e-07
2.045808644600029648e-06
1.957031825431733326e-06
1.966111939123062784e-06
1.764157460373223932e-06
1.747739016244901666e-06
1.095359968289043825e-06
9.484442713738733247e-07
6.319298154460069837e-07
3.905216867768783503e-07
2.385098718430158851e-07
1.431340031596691523e-07
8.522507828858522581e-08
5.168461881713194959e-08
3.185174323149585189e-08
2.062173383730577827e-08
-1.805465864314289416e-07
-6.022616404294420128e-07
2.256746931298529158e-07
1.246143192233965745e-07
7.162339455872837481e-08
4.259558531202970242e-08
-1.149470600318618419e-08
5.574575739929981687e-09
-1.419188880831951286e-09
3.265867190583344009e-09
-2.092506703008602585e-10
-9.183949753364415524e-10
3.444720444206249777e-10
-2.331904265488318146e-11
-5.140076328343854790e-11
8.125102503906996591e-08
1.493475075900184614e-07
-1.435061249240420209e-07
-2.081240113305591918e-07
-4.236883285565817767e-08
-3.521052130492176902e-08
-3.975202841961098324e-08
-4.930238357283916746e-09
8.164556852188744726e-10
-2.759895034040081158e-12
1.821817287879387407e-09
-3.598057896363352998e-10
-4.689553131148094030e-11
4.341123352451612096e-11
-3.304703008203462548e-11
6.094283332284339144e-06
6.235864795526083871e-06
6.633758432582065690e-06
5.727978916767264687e-06
5.343600104535948581e-06
3.855615892924993468e-06
2.934356246615140857e-06
2.157237494686564383e-06
1.286015273184971749e-06
8.015513414132273211e-07
4.933845483940960237e-07
2.934652951112255630e-07
1.748931576265825280e-07
1.062510412950251021e-07
6.716681691752686998e-08
8.127279146799528421e-07
3.613070329882869451e-07
1.182400153223761884e-06
9.918603892286887022e-07
6.736828581942378624e-07
5.809257502951308856e-07
4.045149806347473528e-07
2.606949705330120155e-07
1.597754237618491058e-07
1.035847961045554428e-07
6.466281266302255128e-08
3.905887136383917873e-08
2.307803392799169512e-08
1.361600531007187786e-08
8.424892837391465347e-09
9.462237634163785439e-09
6.791033438233272378e-08
1.298953380831162673e-07
-3.562135856050451826e-08
2.477077165011890036e-08
-5.831271102567838908e-09
4.270271600806410182e-09
3.143820052396370381e-09
5.183112141437339144e-09
-2.509957095311570058e-10
1.132885727992637595e-09
4.748855064593923225e-11
-8.805402695226367873e-11
-3.169783544103797018e-11
9.825949387091687615e-12
2.281380630192412977e-06
2.636052027174802816e-06
3.107050141980074454e-06
3.075637810455792639e-06
2.697296584780827041e-06
2.129948175903062570e-06
1.591312271825417149e-06
1.209752682720202606e-06
7.390360279353417102e-07
4.930289508964531552e-07
3.019352349735632966e-07
1.748975297481321041e-07
1.008684458032663180e-07
5.909836230919978254e-08
3.566317540794774930e-08
1.626877519165297017e-07
7.538643987399928852e-08
1.790788917548938547e-07
1.279514816828854827e-07
1.044708418736713279e-07
1.383628284561003399e-07
1.042336867587496195e-07
7.129947311531869573e-08
4.611278008825039085e-08
2.944172540051238050e-08
1.925469074440072102e-08
1.090151750031742626e-08
6.145333262469816511e-09
3.484370171428241237e-09
2.031455586652980260e-09
5.764139967804808815e-07
6.381543689501415760e-07
8.041030626882119905e-07
8.405838319013535413e-07
7.465361742552407836e-07
6.627313368965070646e-07
4.706695499514771096e-07
3.660928404341033233e-07
2.571928693068448520e-07
1.591378627080439538e-07
9.572803727393980942e-08
5.688274024462767166e-08
3.258043202260033786e-08
1.855010073014883215e-08
1.050307540638089344e-08
