# bin_1
0.000000000000000000e+00
3.397748872640257017e-02
1.278637181785007571e-01
2.724973701798818482e-01
4.585204204230312053e-01
6.761408694212122095e-01
9.161160446470077989e-01
1.170726414776114277e+00
1.434206011301707662e+00
1.702567313190873399e+00
1.973094520928359685e+00
2.243828451699504178e+00
2.513216065345761141e+00
2.779935782955081702e+00
3.042834210603358791e+00
3.300907767417450067e+00
3.553284097003492903e+00
3.799166700347791803e+00
4.037686817952643281e+00
4.267561815013912074e+00
4.486417992090159679e+00
4.689665233101197650e+00
4.868998785130933094e+00
5.010978737674817829e+00
5.096563622703349949e+00
5.102627591984637334e+00
5.006035550720321581e+00
4.789754806314494573e+00
4.449208990177734080e+00
3.996406082262226711e+00
3.459866667892205427e+00
2.879939215525891161e+00
2.300938631849109850e+00
1.762721211176915936e+00
1.294277380266016131e+00
9.108489833526786095e-01
6.146240598523825538e-01
3.979306868623213589e-01
2.474124681866187725e-01
1.478767846528082075e-01
8.506239263463047373e-02
4.714774893554394414e-02
2.521253811160037786e-02
1.302451776206206037e-02
6.508145776796164621e-03
3.149655113748412935e-03
1.478199090515161041e-03
6.736164348876299592e-04
2.984263430204986889e-04
1.286853201818971006e-04
5.407511181565579430e-05
2.216855658862638964e-05
8.876245456113800958e-06
3.474869244799324449e-06
1.331420549531550205e-06
4.997985838817738021e-07
1.839917130020406763e-07
6.648609763078608273e-08
2.360392706493151817e-08
8.240166476867591227e-09
2.831064577194236113e-09
9.580233170341202046e-10
3.195599947938823173e-10
1.051486545132533354e-10
3.415409975336010085e-11
1.095899793083211049e-11
3.475981403509430776e-12
1.090539481832675050e-12
3.386342359246698286e-13
1.041367016402867722e-13
3.173279904108871188e-14
9.587010272857017843e-15
2.873146383400673277e-15
8.545800748521429730e-16
2.523948237027681507e-16
7.405337528905078811e-17
2.159445309043524835e-17
6.261251347819530582e-18
1.805855534579190381e-18
5.183011371052451739e-19
1.480901657003043051e-19
4.213823068582030721e-20
1.194503061787698345e-20
3.374488829864063805e-21
9.503455766334551374e-22
2.668980907188961136e-22
7.477077409363024763e-23
2.090103461774715148e-23
5.831432119778231070e-24
1.624319487858161100e-24
4.518238324203142010e-25
1.255383739658855431e-25
3.484957778397409514e-26
9.667898270075721505e-27
2.680871980615497784e-27
7.432272996140669324e-28
2.060427160001992399e-28
5.713047689737543841e-29
1.584655802366468131e-29
4.397813685734099596e-30
1.221373851714754646e-30
3.395020591232730326e-31
9.446857904482782835e-32
2.631781853675213437e-32
7.341648329810804819e-33
2.051065315054487005e-33
5.739395466566718968e-34
1.608828155017667374e-34
4.518182603933000058e-35
1.271393626298657275e-35
3.585153530324143971e-36
1.013197767627207485e-36
2.870018344316240093e-37
8.149339469142687456e-38
2.319791053264259923e-38
6.620696585306480300e-39
1.894631498689989463e-39
5.436861796095696596e-40
1.564620125726256023e-40
4.515851580388235824e-41
1.307290441897799181e-41
3.796088196763804995e-42
1.105760300334645247e-42
3.231272237542343128e-43
9.473272497434712639e-44
2.786539827600531239e-44
8.224184376301521070e-45
2.435595891113997951e-45
7.238086537367279154e-46
2.158582769404665472e-46
6.460397622878234332e-47
1.940499817499154415e-47
5.849907753796547088e-48
1.770034734992617008e-48
5.375604703307877736e-49
1.638702680722589787e-49
5.014342636773261286e-50
1.540216410736048839e-50
4.749145767584596597e-51
1.470031472011484701e-51
4.567996769253550167e-52
1.425026405155836813e-52
4.463004012310297015e-53
1.403290258891544598e-53
4.429876437117606018e-54
1.403999595181857581e-54
4.467663337278992512e-55
1.427375512582943143e-55
4.578741346915635640e-56
1.474718902496198344e-56
4.769055207800851381e-57
1.548530050260938982e-57
5.048645329986022401e-58
1.652727788055473481e-58
5.432527222117898069e-59
1.792994949544489860e-59
5.942030156319856585e-60
1.977292590291441803e-60
6.606761490863468047e-61
2.216607835335533343e-61
7.467448629753739927e-62
2.526033088426942431e-62
8.580037516483418958e-63
2.926323538427157522e-63
1.002161796607882579e-63
3.446154596058556885e-64
1.189903849100124300e-64
4.125415622490190166e-65
1.436152466182517770e-65
5.020054343372305438e-66
1.761931892395482319e-66
6.209265296682007545e-67
2.197146793114656337e-67
7.806256904507279093e-68
2.784764453719442843e-68
9.974536295198177904e-69
3.587171680283141667e-69
1.295278660788770149e-69
4.695935184015139500e-70
1.709325941546592088e-70
6.246942340693990165e-71
2.292164086603770461e-71
8.444134252157587865e-72
3.123138652524838491e-72
1.159710185964277481e-72
4.323395684550729397e-73
1.618128180615149822e-73
6.080065880310635888e-74
2.293538159828094561e-74
8.685618864950242459e-75
3.302078325337495043e-75
1.260260647600972143e-75
4.828522845992618488e-76
1.857135272799420034e-76
7.170384766441869992e-77
2.779107335969809604e-77
1.081250468637432744e-77
4.222790596322061408e-78
1.655461505474863128e-78
6.514467522748822329e-79
2.573196720229539369e-79
1.020223120917160661e-79
4.060123696746317354e-80
1.621806642916412979e-80
6.502319714089681362e-81
2.616620164163635529e-81
1.056841384533337588e-81
4.284195765470101940e-82
1.743061627762990541e-82
7.117601218289387007e-83
2.916926875695104204e-83
1.199725499255600396e-83
4.952176848548102013e-84
2.051453779437323770e-84
8.528488480185357032e-85
3.558119437776821169e-85
1.489705661724305573e-85
6.259004386244705499e-86
2.638932131295649027e-86
1.116510180460544726e-86
4.740257864435511729e-87
2.019479107758406387e-87
8.633127890273154623e-88
3.703238533549770287e-88
1.593944465488904790e-88
6.883922208770452444e-89
2.983068801009038221e-89
1.297025196852805731e-89
5.658282971663370821e-90
2.476653787926068855e-90
1.087636093231057168e-90
4.792177360538930047e-91
2.118392402932937909e-91
9.395015328839212574e-92
4.180222889443697312e-92
1.865973896509898153e-92
8.356207068309943597e-93
3.754081201242590979e-93
1.691929711528332455e-93
7.649596292563545143e-94
3.469489916239163348e-94
1.578545274303920877e-94
7.204538271760278177e-95
3.298423179903015425e-95
1.514785483404018379e-95
6.978046831399994495e-96
3.224393756302033024e-96
1.494469957287111532e-96
6.947758746309930144e-97
3.239770220978970111e-97
1.515266991697293056e-97
7.108257384475444100e-98
3.344488679772660049e-98
1.578274407627755005e-98
7.469905593576998826e-99
3.545856570819371618e-99
1.688085066476340431e-99
8.059874606533980126e-100
3.859372879792570287e-100
1.853332841686787514e-100
8.925490224709665686e-101
4.310686961950941763e-101
2.087807442936559361e-101
1.014046259899709018e-101
4.939037355849529576e-102
2.412336804877699568e-102
1.181513150776889841e-102
5.802806427968561158e-103
2.857790976165000426e-103
1.411268551042298471e-103
6.988270245800260268e-104
3.469800999768645197e-104
1.727461366858712334e-104
8.623331771721350972e-105
4.316173823162907482e-105
2.166077378529374170e-105
1.089919374952081668e-105
5.498627858877818101e-106
2.781301325706742767e-106
1.410489165030356089e-106
7.171561504573546137e-107
3.655731184811051813e-107
1.868295861243471012e-107
9.572431528779246110e-108
4.916980406516808911e-108
2.532029029028040796e-108
1.307155653447283001e-108
6.765015708579442950e-109
3.509842882427554462e-109
1.825485620169929417e-109
9.517777981289052571e-110
4.974548890205686610e-110
2.606318047991541644e-110
1.368835675741078799e-110
7.206428230817249248e-111
3.803017634923113901e-111
2.011735319842924673e-111
1.066700019462518300e-111
5.669405044527560702e-112
3.020307609073866251e-112
1.612791370451643201e-112
8.632038546024789015e-113
4.630752680078989411e-113
2.489933426914612009e-113
1.341889461283665408e-113
7.248256577705094251e-114
3.924037629433019635e-114
2.129171104296841819e-114
1.157872641301560957e-114
6.310719981938296200e-115
3.447148592209562423e-115
1.887118575193006486e-115
1.035360533917749026e-115
5.692885161632685945e-116
3.137016726247230669e-116
1.732367633069168763e-116
9.587322813409822763e-117
5.317212017535673337e-117
2.955256914753547507e-117
1.645987265652462675e-117
9.186985198520973288e-118
5.138427795241778308e-118
2.880007378616705917e-118
1.617552830325205069e-118
9.103750255069660123e-119
5.134222270682879740e-119
2.901462586828540614e-119
1.643019789609498611e-119
9.322828248469075418e-120
5.300626775898753161e-120
3.019792010363318815e-120
1.723823255446852702e-120
9.859842941331841432e-121
5.650729301501489080e-121
3.244830119710990619e-121
1.866930369264924984e-121
1.076239024430008153e-121
6.216266189355054626e-122
3.597381912694907212e-122
2.085813243151513951e-122
1.211691647136343896e-122
7.052328851955392476e-123
4.112375058496317475e-123
2.402528901015094845e-123
1.406229976908257038e-123
8.246165858602351445e-124
4.844533988136043662e-124
2.851363118692958220e-124
1.681318963881207651e-124
9.932107317108622803e-125
5.877914271755292391e-125
3.484919335738898979e-125
2.069889831768917069e-125
1.231641989800181454e-125
7.341801852367254464e-126
4.384301560403753784e-126
2.622871603525094234e-126
1.571927333719453843e-126
9.437728914792037745e-127
5.676541736718891478e-127
3.420457788341334023e-127
2.064774565175383673e-127
1.248689082370451993e-127
7.565470816494919168e-128
4.592253552851163350e-128
2.792762348548193221e-128
1.701657268068593649e-128
1.038852399204973479e-128
6.354697000262599983e-129
3.895046949808596667e-129
2.392362642477216491e-129
1.472513939728557265e-129
9.083087304423290266e-130
5.615322542587913335e-130
3.479447846005360605e-130
2.161072203153231775e-130
1.345494600688337721e-130
8.398081941474766433e-131
5.255288576517247725e-131
3.297350307861549994e-131
2.074531757917037148e-131
1.308869742131011696e-131
8.281884731529314821e-132
5.255976322574787694e-132
3.345830168623479005e-132
2.136559616550484424e-132
1.368738468204927378e-132
8.797375696780654864e-133
5.673419425993854264e-133
3.671355748507767645e-133
2.384115809930647974e-133
1.553730301088994242e-133
1.016243983425536975e-133
6.671439304931533918e-134
4.396062507859454466e-134
2.907722216125964577e-134
1.930665592484827255e-134
1.286900636837486488e-134
8.611601201874787317e-135
5.785478232685036454e-135
3.902339405168662863e-135
