# lsst_simulation
1.961976407807923622e-09
1.354704881906950038e-09
8.636737901218963388e-10
8.423000715496067399e-10
4.725799596052518996e-10
3.276752849295958519e-10
2.298678604858016316e-10
1.619349844568572918e-10
1.043904080392132116e-10
7.489629331227556428e-11
5.275826311086651942e-11
3.104951976309461909e-11
1.453514654187417060e-11
9.961767493254952435e-12
6.009344798317364650e-12
3.137274650823644102e-09
2.231765304860544907e-09
1.732589186711600985e-09
1.264464223508901581e-09
7.598638161331526908e-10
5.032091647492874138e-10
3.677173693140552731e-10
2.499527956194581299e-10
1.781934925488269760e-10
1.238780525933248172e-10
7.944842172062489334e-11
5.079560938083966685e-11
2.965930279036818844e-11
1.705825463157141701e-11
1.063194339475047311e-11
3.289819096392520842e-09
1.855902292491467424e-09
1.778869541642274150e-09
1.212146601525086697e-09
7.253768338970214435e-10
4.756587635176241709e-10
3.871665344562118165e-10
2.201333774430221658e-10
1.677107366582066321e-10
1.234062411367465634e-10
7.987390985267464772e-11
4.916058149167751391e-11
3.071278579692610196e-11
1.589973377485439713e-11
8.258649691018062532e-12
3.607878287318129687e-09
1.634007431506042316e-09
1.848381147526062574e-09
1.206760407611620872e-09
6.683490567962485511e-10
4.860314401411493033e-10
3.686847784578264962e-10
2.179015360255023658e-10
1.662841935545989616e-10
1.181664260245565972e-10
7.992679480671834811e-11
4.946620400385956424e-11
2.805587771563223338e-11
1.614716388139463832e-11
7.624069465706990482e-12
3.990095060333332302e-09
1.514000462065565865e-09
2.095242472461976468e-09
1.161478764284115695e-09
7.080121794747161269e-10
4.868399446950648397e-10
4.032719707464174702e-10
1.984261371779074660e-10
1.677957001227406564e-10
1.119825736518720018e-10
8.173518102803530662e-11
5.254001190939207756e-11
2.995460601910631497e-11
1.492625124163647341e-11
7.031209126259485664e-12
1.233804375038990407e-08
9.770732972943467639e-09
6.799925181934721834e-09
5.088687098161991897e-09
3.157295111388229282e-09
2.093144514394429783e-09
1.462562504911926829e-09
9.289106061912179996e-10
6.343246519974737488e-10
4.417315069147156174e-10
3.036560869921649302e-10
2.061179259638270684e-10
1.352724907922826555e-10
8.117284305440114433e-11
4.792048120447906112e-11
1.559917410465919786e-08
1.194907712571013142e-08
9.071625662877144826e-09
6.506794614856023847e-09
4.095550267832183936e-09
2.758715296802676769e-09
1.876190864070805620e-09
1.157811714212731726e-09
8.110790689071713144e-10
5.556414579324986063e-10
3.777007944377523857e-10
2.578391662517685575e-10
1.735461734872431065e-10
1.068370783366529929e-10
6.498359795816938671e-11
1.805464840372672887e-08
1.248492674817972746e-08
9.975955326355857084e-09
7.231398035868591035e-09
4.683446305652185151e-09
3.107707870530035041e-09
2.073347362958904364e-09
1.279056970822223600e-09
8.935448617690313462e-10
6.079579370931998143e-10
4.220914696263893702e-10
2.834968283837935621e-10
1.939201206632523941e-10
1.202474994623415485e-10
7.153691152086096193e-11
2.044367715131242770e-08
1.320086634452856732e-08
1.122047232546985114e-08
7.712135737058083608e-09
5.056584044924667062e-09
3.357998868295027643e-09
2.258186290261433174e-09
1.393769501116741268e-09
9.789197554185256909e-10
6.598823941757839185e-10
4.529814884324563852e-10
3.118848943162243314e-10
2.063470653734456502e-10
1.318194001829888752e-10
8.034285700533890025e-11
2.333027638068833691e-08
1.994752023554355414e-08
1.605350944395075802e-08
1.064612120003616972e-08
7.335171055354330941e-09
4.827566071542914123e-09
3.288674191801823777e-09
2.014627843947944047e-09
1.358311307945219128e-09
9.265915519826169740e-10
6.193423433546868451e-10
4.190875858370017205e-10
2.864249966404203877e-10
1.854232214595730012e-10
1.158107777286528305e-10
2.884879375148945322e-08
2.388366652163272042e-08
1.980890633221434759e-08
1.333581542813798302e-08
9.399122401427900313e-09
6.289282063490843317e-09
4.126924656604167294e-09
2.552245652972105033e-09
1.699168284577447344e-09
1.140788491513795365e-09
7.676052470666761361e-10
5.183602293557225119e-10
3.546084770708482233e-10
2.319275363064552369e-10
1.474739659343664343e-10
3.413834275902592048e-08
2.682000820547188966e-08
2.337142557510403869e-08
1.532163024550106912e-08
1.091709811924081422e-08
7.233175669850409744e-09
4.778099860071891166e-09
2.999658219120855375e-09
1.950165271902602180e-09
1.322273372861931538e-09
8.730064324365239667e-10
6.029432976865693928e-10
4.075649086368376185e-10
2.699750427231764560e-10
1.725753101879112212e-10
3.948199022226538859e-08
3.229719295257157458e-08
2.828461671425998171e-08
1.925581300172100927e-08
1.396796434862161679e-08
9.694651871330452676e-09
6.322150451428428700e-09
3.963810350119484474e-09
2.540313266111453902e-09
1.692426095414698514e-09
1.126758913955138300e-09
7.495387518277629866e-10
5.112946561169272517e-10
3.375760933713020148e-10
2.172642004490113457e-10
4.925995396430420281e-08
3.938090924370533628e-08
3.617213776370812113e-08
2.446798086641285069e-08
1.796580559144634145e-08
1.252489364289317156e-08
8.252822398719516950e-09
5.189206692519311785e-09
3.325240293845134846e-09
2.181527170942372152e-09
1.428598687724331180e-09
9.539187975692337966e-10
6.411677657163228394e-10
4.296101043308502588e-10
2.799975750494858912e-10
6.567852938160238572e-08
5.434681908286389195e-08
5.237459852679595036e-08
3.694401101017691227e-08
2.759405964753660199e-08
1.956624213791059809e-08
1.331463036735040872e-08
8.496325956309398823e-09
5.479238608255030656e-09
3.505103845090558792e-09
2.240005926652386689e-09
1.464893377820364255e-09
9.600397082948648534e-10
6.435853642776898404e-10
4.208697277516223364e-10
3.950662475234540742e-07
2.993218519864119017e-07
2.083819791505908603e-07
1.549603503317511790e-07
9.513026288169807798e-08
6.380239505986641731e-08
4.486498252647074023e-08
2.970351358418557687e-08
2.061836228946320568e-08
1.513059529361073122e-08
1.006050709572384013e-08
6.881531034447453769e-09
4.124412488089145324e-09
2.417063511377576302e-09
1.337298171319119233e-09
1.428340811910382827e-06
1.106531598974537845e-06
7.560626558569416490e-07
5.338420178108352380e-07
3.314646571765710956e-07
2.233351685609442159e-07
1.514928408585040173e-07
9.847222684386841479e-08
6.839304483350741581e-08
4.812081274931588881e-08
3.313789995724340130e-08
2.261942988122667143e-08
1.466673485147901607e-08
9.049934851567632878e-09
5.262275239371781597e-09
1.684079132385571731e-06
1.241809616602776237e-06
9.542267381348193900e-07
6.464052879972749720e-07
4.053452228033284747e-07
2.730314982454181993e-07
1.832403806931357631e-07
1.159621975353918736e-07
8.157583901434070488e-08
5.775994608815114073e-08
3.977239557182686437e-08
2.723562719376353144e-08
1.786257428829821419e-08
1.103629035537760482e-08
6.467756266103492247e-09
1.911920749367957095e-06
1.234423892134962678e-06
1.045869407770783359e-06
7.025911598317147425e-07
4.613690038529818097e-07
3.080350439517628692e-07
2.061531557089205058e-07
1.286154223300234513e-07
8.986885485908766409e-08
6.291502053524165229e-08
4.387654662653635190e-08
2.989219643174282803e-08
1.984006215334953234e-08
1.230096777562446148e-08
7.172899337601443683e-09
2.158129475285816886e-06
1.256158450502210687e-06
1.170581996759792555e-06
7.312090366434978566e-07
4.911516210773319951e-07
3.262491112174037686e-07
2.232076937697201679e-07
1.398364760826094443e-07
9.643490258129096291e-08
6.826816151231473718e-08
4.724915740815351498e-08
3.243949448975210304e-08
2.125811109137860900e-08
1.326195366006249087e-08
7.776139208815663466e-09
-9.391196658034516300e-08
-1.190989596447508354e-07
-2.241604963847047915e-08
-3.569206436168609278e-08
-2.556618366392838007e-08
-1.606083992165246263e-08
-8.649364236071573551e-09
-8.150984283995388187e-09
-4.302902563704981594e-09
-2.861595396566195749e-09
-2.031826309605044734e-09
-1.498563941044235098e-09
-9.208660060362650231e-10
-6.649561765301423420e-10
-4.170925169186355454e-10
5.172575531582187451e-07
4.609993526977551336e-07
3.616059630642379600e-07
3.043649032439799044e-07
1.908121755555587468e-07
1.258603589517529458e-07
8.500860927265265450e-08
4.795377912945622705e-08
3.202153103998667168e-08
2.134437411016560393e-08
1.455858031447022954e-08
1.017111119010376295e-08
7.278321758109515655e-09
4.917097888732834800e-09
3.183375048551996242e-09
9.201862822135817887e-07
9.373007953543812548e-07
6.907091088795483343e-07
5.019609199488220890e-07
3.557120928610224561e-07
2.249221494919920383e-07
1.498285307649845716e-07
8.897241315586961348e-08
5.717434937319829781e-08
3.851447154509267217e-08
2.592892849306599190e-08
1.817571989810818680e-08
1.287948180126112662e-08
8.876381820834421907e-09
5.756923051793919157e-09
1.189909043910076036e-06
1.134173092814027134e-06
8.478574746886160466e-07
6.302010977746517327e-07
4.465754425699650843e-07
2.801124375151726755e-07
1.851145545954469536e-07
1.101853442781875310e-07
7.019708461296575867e-08
4.759754612237766717e-08
3.257614193604796587e-08
2.253475077336332804e-08
1.601324944057765195e-08
1.099253111894665860e-08
7.165874119313021061e-09
1.432131234181054169e-06
1.296795750294071053e-06
1.015128971064829557e-06
7.225571838756470751e-07
5.297689848492348413e-07
3.266040064662472736e-07
2.137624427825026361e-07
1.294785985560832065e-07
8.258529822813068591e-08
5.521193022113988360e-08
3.776446753406744842e-08
2.635258532567588767e-08
1.864540958811616819e-08
1.279777064565293463e-08
8.408124052125638036e-09
-6.009697274383021779e-08
-5.973742815131326915e-08
-2.407669858628542255e-08
-1.864847273160206747e-08
-1.589667075232844074e-08
-9.293321706788855793e-09
-5.272499089474395812e-09
-4.430583135728984992e-09
-2.442333346539227293e-09
-1.348294851133611738e-09
-9.933562931125290504e-10
-6.647243042951411020e-10
-5.339600644482943798e-10
-3.200974651228062213e-10
-2.204581454155790706e-10
8.435322042803168037e-08
2.897313245921645711e-08
9.068773298459205587e-08
4.787459115427061580e-08
3.745330075408509798e-08
2.843847605184070515e-08
1.691507486287361152e-08
8.662509002031534278e-09
6.826798790647567676e-09
4.068407129177039509e-09
2.769447104990194615e-09
2.016022454660073550e-09
1.423545442205114274e-09
9.301842664028338632e-10
6.407721497542383470e-10
5.592472227525961484e-07
5.557810191273623174e-07
5.172707845641587878e-07
3.010443251244300598e-07
2.378531559454122098e-07
1.642882486561157656e-07
1.080637518198018082e-07
6.493421755830503563e-08
4.036571923886100020e-08
2.645661652653285554e-08
1.710121822322097362e-08
1.153506234120203380e-08
8.032648569899366041e-09
5.668229182268357175e-09
3.875536728057588171e-09
8.387948027164284186e-07
8.680861572369339310e-07
7.589200090734291821e-07
4.463155505290175968e-07
3.453980141478367943e-07
2.536871119746589412e-07
1.552669098774105902e-07
9.609639806514833824e-08
5.924595843385490095e-08
3.844369534181290181e-08
2.490141889671226010e-08
1.676755703328443700e-08
1.168048273810980667e-08
8.209680991502540279e-09
5.623795015413856846e-09
1.137586011229953239e-06
1.116377818593268885e-06
9.359437643790056837e-07
6.011898888203992827e-07
4.387501990695113504e-07
3.165352746430762113e-07
1.954140472366747338e-07
1.229783542427288763e-07
7.468264022181767836e-08
4.881260242120389560e-08
3.146782752807319035e-08
2.125148473785114310e-08
1.476728070895136407e-08
1.044015627616067596e-08
7.160102662269281065e-09
4.788000888164435311e-08
-1.639025903684529763e-08
2.618596732817345885e-11
-7.546130273067894646e-09
2.438681172247558230e-09
1.210841695844770330e-09
-1.250609803132476137e-09
-1.178771475046045328e-09
1.767334595559156034e-10
-3.175119163206725056e-10
-6.305271744596452960e-11
-8.482701761621125690e-11
5.949134048126240862e-12
-1.979286179602088762e-11
-3.691101085646851235e-11
-1.970601205266377893e-09
-8.369988966127288733e-08
-2.198851466269361344e-08
-3.533858027001006385e-08
-1.198955957340469614e-08
-1.573845139972085633e-08
-7.839902105993512112e-09
-6.726162909950450849e-09
-3.009077854297368565e-09
-2.278843508581669059e-09
-1.154036134831161401e-09
-8.029446523234440003e-10
-5.420500145085417743e-10
-4.032883210221294249e-10
-2.841648544201855739e-10
2.449820393299769829e-07
2.516295889395580867e-07
2.431691796035985495e-07
1.372896254550984115e-07
1.236316445590794486e-07
8.708506769545196115e-08
5.559736413952318274e-08
3.605676387158929640e-08
2.291858882229305640e-08
1.462718802529717954e-08
9.112143626932921583e-09
5.834223390725807712e-09
4.006304892488883249e-09
2.794839547138326174e-09
1.939581279303337270e-09
4.760892232132826949e-07
5.075628083544796837e-07
4.865903948320796573e-07
3.059376853751028945e-07
2.520543051968016827e-07
1.895430849767333111e-07
1.192914402134424698e-07
7.882345909468265430e-08
4.815926335975444967e-08
3.001461757976240258e-08
1.904548375401398391e-08
1.224981036927395722e-08
8.342833616502111499e-09
5.756736982802734317e-09
4.020529633106434788e-09
6.304562540739486886e-07
6.587587590651668525e-07
7.003446527395066381e-07
4.361272571090631458e-07
3.608089964608605388e-07
2.670767014097731826e-07
1.711978385883671277e-07
1.131515841701515477e-07
6.894685467749157536e-08
4.319040661835465359e-08
2.690349884124558408e-08
1.746687038975629643e-08
1.172342352592301767e-08
8.235081898878536905e-09
5.696971034893820391e-09
2.240819111229660981e-08
5.667940356638377409e-09
3.259704679055008588e-09
5.336619132213411836e-09
3.310492531161922937e-09
1.701321734106861297e-09
8.281820493012522678e-10
3.463450998015330694e-11
2.126868196468101287e-10
-2.467697342575168145e-10
5.034052021599685290e-11
-4.632221502192242571e-12
1.323851880823739789e-11
-1.888048817220850314e-11
-1.557314562012403528e-11
1.399386088947253498e-08
-2.090369788025770126e-08
-1.278275388018101261e-08
-1.572732076336969177e-08
-6.813804800688258589e-09
-2.908409665548424827e-09
-4.341667362032995486e-09
-2.535663640378880972e-09
-2.007521039285140787e-09
-1.201197679789128659e-09
-7.026135117568272294e-10
-5.280191004442818349e-10
-3.028009360765321992e-10
-1.992792276768204855e-10
-1.552973685057618548e-10
5.705784386228437770e-08
2.349734006453970628e-08
4.466086847828249027e-08
3.037098211545804394e-08
2.800581372442846456e-08
2.339031553961715964e-08
1.248356821446691823e-08
8.583540551755058144e-09
4.799668875625987007e-09
3.320604094086546137e-09
1.779242264899629086e-09
1.212408411629588514e-09
6.986503313784827218e-10
5.764103283565924036e-10
3.983187023031161619e-10
3.091232799104002638e-07
2.404664754354949025e-07
2.924932032039780465e-07
2.094970480908053220e-07
1.674326087993230707e-07
1.332333447001490331e-07
9.002175421128201043e-08
5.803631486098701288e-08
3.431495105306290919e-08
2.173240391452308168e-08
1.326745900796056257e-08
8.388526948933951591e-09
5.474692436897355491e-09
3.741573557691604510e-09
2.583434295633336880e-09
4.662389691627343424e-07
3.974751958467076038e-07
4.726120444964063036e-07
3.642963301495939341e-07
2.826187899681070161e-07
2.246905411494974897e-07
1.512155856369180592e-07
9.595137411863706595e-08
5.970190426642003570e-08
3.688172627076875014e-08
2.262950818459885673e-08
1.412210283576742238e-08
9.130120400807229044e-09
6.283315136503525369e-09
4.339322156571035236e-09
-7.336054549178869714e-09
1.359632068724331475e-09
6.741939279212773952e-09
-1.094964776067454436e-09
-4.389335431770396957e-10
-1.178056953145646453e-10
6.829615125431772288e-10
1.239294994824719951e-10
4.237281980627541609e-11
-1.879973585401598325e-10
1.387355704009402517e-10
1.338966541779019525e-11
1.516183622695665554e-11
-3.722106048258405796e-11
-1.136582776819308689e-11
4.307059451842924039e-08
-1.081631390927998528e-08
-3.045858384883510851e-09
-6.425738827410390056e-09
1.970794905090624468e-09
3.031090161726978391e-10
-1.055830088367282215e-09
4.572043139812828456e-10
-2.186946738749777960e-11
-1.458751084579678850e-10
-1.599748432246491248e-10
-8.492233442134454854e-11
-4.811138293501777618e-11
-1.819933222491990629e-11
-1.564183879189890533e-11
3.669382491558968406e-08
-4.928723098524972929e-08
-3.144271857413347198e-08
-1.420675634579201677e-08
-4.903402638067388056e-09
-8.129819259075225275e-09
-8.726862233711132170e-09
-3.972371099551636617e-09
-2.594686324514542100e-09
-1.589416857615793073e-09
-1.165991021487804084e-09
-4.669370416777011497e-10
-3.416566566264560552e-10
-2.453662965483630333e-10
-1.374140437989359438e-10
1.861515824487748148e-07
9.014940056453315630e-08
1.411519879922165895e-07
1.054089328905386300e-07
9.215155910185925087e-08
6.500074445590774009e-08
4.927072074561505380e-08
3.137639812364452638e-08
2.073458600037952082e-08
1.247069917148436587e-08
7.575954457954970158e-09
4.630748070102791092e-09
2.893642428888371638e-09
1.922712974053939873e-09
1.303576527842172824e-09
3.705611843322155973e-07
2.914702018597919534e-07
3.529713779134033081e-07
2.690139027549864240e-07
2.241109297531966998e-07
1.594844711099073839e-07
1.225296426870189186e-07
7.371097996150601629e-08
5.099079438222616878e-08
3.076908624881828743e-08
1.845244720138239980e-08
1.122332682639324117e-08
7.132999729442566619e-09
4.672960935311459236e-09
3.156307518843268922e-09
1.255828790964297030e-08
-7.509877979529569378e-09
1.947668600265435770e-09
5.533382328243072114e-09
1.370433503959665069e-09
4.413921713728355892e-10
8.905045069532901173e-10
4.557360040928773012e-10
-5.263353954508222479e-10
-1.845713974620956224e-10
6.605802445479487300e-11
3.004597080959118133e-11
1.792333599070784514e-11
4.403007776634474322e-12
-1.479832552156569691e-13
2.937627338411637094e-08
-1.119820181274871462e-08
1.193382064537959021e-08
7.530672670833626121e-09
2.277678696164128566e-10
-7.673663700326594367e-10
6.195226914106124360e-10
6.719092894637967633e-10
2.211732093013893775e-11
5.889124982784187251e-11
-4.927102757698258809e-12
-1.951897921170783325e-11
-4.404459782552002954e-11
1.195530595920205914e-11
-6.343529022100005721e-12
1.956090418083182787e-08
-2.518512255490073945e-08
1.192208028569099957e-08
2.007136111574819123e-09
-7.515725538101447245e-09
-8.035872079324015642e-09
-1.894842122225629090e-09
-2.311429094989381845e-09
-1.796250887829067492e-09
-1.035025829719332993e-09
-5.851431839567638747e-10
-3.238261761430845366e-10
-1.523887966339792224e-10
-1.106654135929548312e-10
-7.221376803148270659e-11
5.176672641963159831e-08
3.788128629265927877e-08
5.579901628640735703e-08
4.148739359095675126e-08
1.678506873233941169e-08
1.234500087278114647e-08
1.549303885878351177e-08
8.085713916149824846e-09
5.659539296409231568e-09
3.398295406013024774e-09
1.986825752062382272e-09
1.223457535199335547e-09
7.590713454058908477e-10
4.948485435781424262e-10
3.225329717495504997e-10
1.969081831141818222e-07
2.397806429231857553e-07
2.357585553772945350e-07
2.187565504163514353e-07
1.478029859496115640e-07
1.104416168211163337e-07
9.721321786408123701e-08
5.752784760456624386e-08
3.974796801145009479e-08
2.374831119275549784e-08
1.415440122287668178e-08
8.514891868051085969e-09
5.198477891920517270e-09
3.347003814104700090e-09
2.175953873195336865e-09
1.460541063373668134e-08
-1.379645708989184469e-09
7.719253562461485946e-09
-4.586460196488408157e-09
-9.410392804063361258e-10
-2.063770993205555981e-10
8.246924851217635492e-10
-1.078700830856044701e-10
6.507873629616053185e-11
-1.189518035517395860e-11
6.638055986410710768e-12
-1.958152070290091024e-11
-8.868569817342163781e-12
-1.188158507339979815e-11
-2.159922333961139269e-12
2.524568747702176087e-08
-2.511257565972113492e-09
-1.136337933233142036e-09
-3.545001881060082579e-10
-5.167257645928561889e-09
2.075963051924549872e-11
4.691220800620229231e-10
5.419150544883239315e-11
1.721258159563590037e-10
-9.914900150626388351e-12
6.144020467273037729e-11
1.892533550190043377e-12
1.513252538249997078e-11
1.403918648506742668e-11
-6.947656345585597399e-12
3.114818690445842119e-08
-1.637045811496189316e-08
4.715973360667710403e-09
-4.346503284869545849e-10
-6.254367889368569293e-09
-8.814677340105589135e-10
7.462698100968161451e-10
4.909159854262188713e-10
2.417217729545642897e-10
-1.723814096937876406e-10
-2.422320928149531310e-11
2.187610065238274144e-11
8.933020684334569860e-12
1.472521244373891911e-11
-1.224686211207252109e-11
2.918493933401097526e-08
-2.003219296371412328e-08
-9.573365535254177777e-10
9.722302794754927024e-10
-6.887144248522128895e-09
-3.745691716140237875e-09
-2.271216463727405179e-09
-2.406881872263587731e-09
-8.479994632689383109e-10
-7.570706515236465806e-10
-4.336377126093843568e-10
-2.113468201121269157e-10
-1.684036364049826261e-10
-1.051507855486236906e-10
-7.119108564348131276e-11
1.053808733983223769e-07
1.110501606611152139e-07
1.365581234153610754e-07
1.311677049713213857e-07
9.373605195488211816e-08
7.380854424800823893e-08
5.581202815398921941e-08
3.937209140156119699e-08
2.557443691849670798e-08
1.508789468763786882e-08
9.275064420599968020e-09
5.581650820161120707e-09
3.260406060038113318e-09
2.012986352867425077e-09
1.271275271593058456e-09
6.333393543169779513e-09
6.470014675334337631e-09
8.922085813466737623e-10
2.801747884109528651e-10
2.931857856490431714e-10
-3.193748152773270333e-10
-1.715837416027333975e-10
-4.355589421918987316e-10
5.295355668333109907e-11
-8.049018636581725465e-11
2.296911667574272163e-11
1.614111183531264156e-11
-7.212938102400856461e-13
-1.743213367882734577e-13
-5.816994084777350536e-12
-4.731457235117272604e-09
-5.341335400888965074e-09
1.467953305502296557e-09
-1.786551136653737519e-09
-1.485428346258820287e-09
-3.552211356986870272e-10
-7.324051514088281303e-10
-7.224328775468530644e-10
4.133093171159560188e-10
-2.137338179286328619e-11
5.302193304791811986e-11
1.571266059240316453e-11
-2.886389297991241908e-11
-1.016483783638000886e-11
-1.094673760876734557e-12
-6.735116490418030281e-09
-1.405348981367496392e-08
-1.865813715497682208e-09
3.413222480647379166e-10
-2.236946883072494114e-09
-1.467839237253510243e-09
-1.611177172907597363e-09
-3.216557459373553543e-10
3.636217451861871368e-10
-1.889064772287463283e-10
-4.578522937980445970e-11
4.701237781260517635e-11
-8.707003512629566822e-12
1.595482227172096857e-11
4.530889456952277736e-12
-9.471580408647808315e-09
-1.817341819219145569e-08
-6.636021633190656093e-09
-7.773699277256444408e-10
-2.840917117156891044e-09
-1.033376099198133596e-09
-2.457375465588625042e-09
-1.186656359712748952e-09
-1.501001301799187510e-10
-3.747417169762260204e-10
-2.014724038224533798e-10
-5.891692383593343981e-11
-8.107799375052239009e-11
-2.140300043231428421e-11
-2.739087917095495396e-12
2.352193165987915306e-08
1.024727951463719963e-08
3.263594606394455986e-08
4.842935974915848380e-08
3.480957499401781546e-08
2.819623637615893660e-08
1.947889200021017393e-08
1.565521194285422570e-08
1.047793652826830934e-08
6.320868669400251023e-09
3.904082374409076189e-09
2.285428254177356699e-09
1.271957569807969970e-09
7.761121117946543776e-10
4.714625808861278386e-10
3.754093620056857712e-09
-4.137081188230315398e-09
-1.811055973197186230e-09
-5.511853100097876459e-10
4.781408485169268147e-10
3.800078829809022228e-10
-3.503933395299416860e-11
-1.447499279619541393e-10
2.390812917116599015e-11
1.036857361104752636e-11
7.829368929822780005e-12
2.350805640264228048e-11
-3.550784024471367211e-12
6.398632938054017593e-13
4.216270959224599758e-12
-3.655444845383500699e-10
-7.282428678796318165e-10
-4.214586931959692816e-09
-3.272285678174024302e-10
2.982985388852778652e-10
6.095053491823361664e-10
4.648542580253834766e-11
-3.377652104139315454e-10
-4.568500728441782636e-11
-6.567528259279317308e-11
-1.587452606541684721e-12
-2.876340626569357307e-12
3.770048110196481523e-12
7.328368572089362853e-12
-5.687303121322147390e-12
-3.453465523631982117e-09
1.967335285174347275e-09
-3.918995148906891901e-10
-1.188740622962957690e-09
1.613128693615810303e-09
6.836687864695790470e-10
2.807131892869679845e-10
-2.390482517765764132e-11
2.486765396802238212e-10
-8.363970259049217705e-11
-4.313203211153225235e-12
-1.956549158378559451e-11
1.260176670921503521e-11
-1.830170441767934817e-12
-2.060880681316509470e-12
-6.627182443848563651e-09
2.047138453402220688e-09
-2.851123112823057801e-09
6.707223817639272836e-10
1.008820164066130922e-09
5.420242951776435091e-10
4.439206099214872541e-10
-3.891859735870800636e-10
1.114571552169360526e-10
-4.047716276210301989e-11
-4.716706065466602722e-11
-3.347264719423169311e-11
6.446936061154679734e-12
-1.342383001217781898e-11
-1.346112240455811260e-12
3.038813555486639030e-09
4.385333099211468935e-09
6.974050517746999236e-10
6.507391959798150403e-09
3.563598245537606929e-09
6.180577703964862237e-09
3.620723810689513045e-09
2.088374856195865468e-09
1.671404462598361715e-09
1.003652192648280747e-09
5.671774548306963275e-10
3.055349872861832893e-10
1.883356857664207872e-10
1.150181030804999548e-10
6.244178294746231632e-11
1.982141818522341684e-04
1.510912863369038477e-04
1.001455909419750117e-04
6.736343281361896831e-05
4.399906989512038881e-05
2.951205662735416756e-05
1.959004216064341565e-05
1.278203344887910582e-05
8.792060753208140030e-06
6.280872006199165997e-06
4.380094730886840049e-06
2.997478369514413999e-06
1.948387872055748216e-06
1.208520181852369671e-06
7.041989649672044959e-07
1.795674732242231780e-05
1.509674473196796254e-05
1.739094744833074262e-05
1.522134211297723519e-05
8.093620556139184799e-06
5.579213597100477557e-06
3.631311510391204603e-06
1.992336749295709973e-06
1.395680012298259735e-06
9.498562778134417426e-07
6.593915982112135982e-07
4.688719604073960653e-07
3.305070424549016678e-07
2.182686561920578156e-07
1.382476188637285743e-07
-6.116241696081136060e-06
-8.363940043609761411e-06
4.273281387058998971e-06
2.629069918038189212e-07
-5.590465296017515305e-08
2.654072603440696593e-07
2.235371587543372242e-07
-6.702859116952838636e-08
1.790451528071358905e-08
5.835248382888045592e-09
-1.670829998339387056e-09
4.477190379065335499e-09
4.845049068302000166e-09
6.797196871431168637e-10
1.067984432961677535e-09
6.216400256494626981e-06
-9.070650658440313754e-06
-1.476554311592152572e-07
-1.121951657560185332e-06
9.971350887095223527e-08
9.569519607296664132e-09
1.449969193092211121e-07
-2.008265288904967595e-07
-1.214995845306715305e-08
-1.407662657125452346e-08
1.057756162062035837e-08
1.834748746990042688e-09
1.179295378357494286e-09
1.882179594824478336e-10
-6.710612451814303014e-10
2.401650662146093048e-06
-3.700601454417732261e-06
1.361078603698910149e-07
-1.134683611483776796e-06
2.200168366118604084e-07
1.159443248806935269e-07
5.338744154783191115e-09
1.883609644578081559e-08
-4.898252402749161542e-08
4.184032349586451053e-09
-1.155599800915383583e-08
-2.190341671785075513e-09
-1.648295860856597584e-09
1.026024248756471312e-10
-2.334161521557418326e-10
2.150361161590562193e-06
-2.373534565443247406e-06
6.467102133164243813e-07
-8.099207857508368757e-07
3.906315708669404735e-07
-2.431812570156808477e-08
-4.141622320857852148e-08
9.300783809406969513e-08
-1.915308508229819445e-08
-2.787728381431822001e-09
-8.575135092779382351e-09
2.397444454428008369e-10
1.326864742808114117e-09
1.340525298857318922e-10
-1.430142123083531130e-10
1.768736502260970386e-06
-1.453296518960373571e-06
2.026635762711703896e-06
7.907094491882290156e-07
1.599874826601279707e-08
-1.063576765241027953e-07
1.359638239880145194e-07
5.371239951513833639e-08
-2.390021040978128816e-08
-1.095233426564829767e-08
-2.408771821842626279e-09
-4.177341275013389535e-09
8.258332582010940045e-10
6.518616581719891756e-10
-1.367387000175314826e-10
5.162298840466371818e-06
-5.889278325670698611e-07
-3.924034098345982104e-07
-5.449555086455109331e-07
-6.560793420500792129e-07
-9.011742239145703865e-08
-5.087964052029168263e-09
2.730178268355609323e-08
2.518604903362850874e-08
8.430271126296819884e-09
-5.206723547004789219e-09
-5.595041016279572533e-10
1.125148251053806436e-09
9.567438978458847339e-12
-1.382230523539906696e-10
1.267732488490513242e-06
-2.546802769618311077e-07
-1.770159842885100328e-07
-5.253490905234787066e-07
-1.909028237790297197e-07
-2.498700519222839232e-08
-1.713838000791684940e-08
-3.934580693975030337e-08
1.025002087623223979e-08
-6.496744055254183105e-09
1.306642521812102505e-09
-9.131648816492018957e-10
-9.095088552758910618e-10
-1.531868418124551645e-11
-1.062462948702253221e-10
-6.229303643048963158e-08
1.925484866690324947e-07
-5.667330005701139183e-07
-5.276698669341095652e-08
3.436256860025596891e-08
8.285060373216133769e-10
2.422246518130646544e-08
-4.682839613776851392e-08
4.617946143257220461e-09
-7.449925130823910929e-09
3.630489490240022941e-09
-1.645291011118334295e-09
1.142066470867865448e-09
-9.978389711841847617e-11
-1.825455651980479229e-10
1.133181197349584270e-04
1.117929343299028374e-04
7.252526553178712443e-05
5.427346142259200967e-05
3.907861968038540924e-05
2.452771710069623102e-05
1.618248080813360792e-05
9.973407162406916769e-06
6.296963683694775062e-06
4.183329421026834146e-06
2.840710589843949691e-06
1.991068359646465264e-06
1.416931772285513199e-06
9.764422497378922552e-07
6.351283676808483148e-07
2.848198701892653496e-05
2.861854631104982381e-05
1.874814267033940367e-05
1.123165634187535465e-05
9.963710434334883311e-06
6.122685178356885547e-06
4.108234888784411204e-06
2.434426767350654852e-06
1.489184138061089208e-06
1.006766632730469269e-06
6.697142288837716950e-07
4.538776181369045855e-07
3.236686130049831846e-07
2.255600611957483073e-07
1.529580719078723378e-07
-6.688907052902364725e-06
2.512472133660021737e-06
2.855643646493857012e-06
-5.039508716969826944e-07
3.410206768094436197e-07
-1.927923643638942153e-07
4.310361954598315175e-08
8.581117629192805546e-09
-3.911579465826775548e-09
2.886796002351050255e-08
2.061871217629893795e-08
6.470406862871904773e-09
4.162712239846290860e-09
4.376064351596419316e-09
2.435796684218608201e-09
1.367796093536788675e-06
-2.841968312470752849e-06
-2.766622815921030356e-07
-2.822259567445371444e-07
-1.741587326820266131e-07
1.170622225215929140e-07
6.177743404149299147e-08
3.564350687347653404e-10
-2.496394466121008480e-08
-3.838027263657828678e-09
2.646821487591264517e-09
6.830185444871116411e-10
-1.030532061560542640e-09
5.733238061269389079e-10
1.031878482932063235e-10
6.174979203943564431e-06
-2.880525386612394409e-06
-1.694648924149982495e-06
-1.942143053937993178e-07
4.460186843668056163e-07
1.834166163432659953e-07
-4.528668168130447400e-08
-5.205057631078280514e-08
6.431096422772361613e-09
7.337660211299610733e-09
-4.471986535661112062e-09
-9.766974714647756143e-10
7.052156980108071731e-10
-6.601853174195671788e-10
1.827925805541468645e-10
2.610531416356985283e-06
-3.576625063374499051e-07
8.187255881978386892e-07
-2.112792687970642121e-07
6.964835948976468860e-08
-2.477317952377267932e-07
-1.296605024938756679e-07
-1.397005581836773404e-08
-1.500494429717593737e-08
-8.425952538577727030e-09
-6.642411307709592577e-11
-3.291950708002688090e-09
-1.259834615779871635e-09
1.760370761489614626e-10
-3.947942868780228490e-10
-1.627272819977810223e-06
6.053227968424201659e-07
6.729450697545380683e-07
2.398415854575220817e-07
7.660998595084559077e-08
-1.587578343594253067e-07
3.030087043351381100e-08
-6.203310881983142716e-09
1.051961693118004334e-08
-1.406757339511022799e-08
3.723202135330917144e-09
1.856151090558917194e-09
3.631056759209323501e-10
3.487019090405924203e-11
-1.971936683976915240e-10
-2.946751598444394426e-06
-1.092861222379796331e-06
-2.151182109223823001e-07
5.320906514331180432e-07
-5.802011625050471011e-08
-1.392072843017888608e-08
-2.836434954423249624e-08
-6.059079797524932491e-08
6.096103348843500074e-09
-1.265649193982924341e-08
5.904328087120366730e-10
1.556341231561226813e-09
4.553455408901793800e-10
-4.251377952639255891e-11
6.662310043800236215e-11
-3.383988515963859195e-07
-1.409437396148647113e-07
2.294799663051352779e-07
-1.206303031669111009e-07
8.543445769223512115e-08
2.659247503173681248e-08
1.371534336737973980e-08
-1.286222070746620385e-08
1.050040677583887854e-08
-2.897121987354484902e-09
-2.068188200402805024e-09
-1.183761478891450418e-09
5.883454527825545555e-10
2.978773265795785499e-10
8.813273193167137616e-11
7.543518984106967499e-05
6.853323186191068238e-05
5.648085970306563486e-05
3.747006727058781444e-05
2.843767862165838507e-05
1.995963262883445331e-05
1.276422948316846556e-05
7.870333102244179974e-06
4.841227990345154506e-06
3.106432846051906978e-06
2.023194081820597453e-06
1.359776873457857469e-06
9.497253810105710191e-07
6.702751782580692557e-07
4.589658878554762731e-07
1.710114279057715051e-05
2.381506610808775551e-05
1.672826067418094727e-05
9.548727031540743356e-06
7.249809556708122048e-06
5.713000192779336419e-06
3.108211482885212626e-06
2.300819445163663471e-06
1.326013856248682479e-06
8.715588916833340936e-07
5.386894261883169149e-07
3.552598034759792521e-07
2.440606258682905299e-07
1.719306578033831220e-07
1.200612545047973057e-07
-2.531855526210174376e-06
2.522922106132616936e-06
2.305227599686597524e-06
1.871294632702657337e-07
-5.175824860695313711e-09
3.394614116858576983e-07
1.297683691570177428e-08
6.063358386259242131e-08
2.112031544010825858e-08
2.931460270373798174e-08
1.130624963169160598e-08
5.898052991081735312e-09
4.509775131990336483e-09
3.190542044589150491e-09
2.881826511317599173e-09
2.884718535237104949e-06
4.799424497534659670e-07
-1.153876677410991685e-06
3.333635718014201688e-07
-3.735411884701519007e-07
5.007807549954240640e-08
-6.238601770217277279e-08
-3.503670227603068224e-08
1.125657329864067503e-08
-3.236971366066596482e-09
5.022859868600700954e-09
-1.704053037548894295e-09
5.263233736536235928e-10
-1.178890245540135711e-10
3.146267997080104050e-10
1.194114810757036406e-06
1.738400383627915227e-06
-9.701816583011280496e-07
8.171737644904874511e-07
-6.862784949924536991e-07
-1.766604870995955779e-07
7.040283865955228257e-08
-7.856942759092417858e-08
-9.039626046447041846e-10
8.174386339349977660e-10
1.959670796671679948e-09
-8.989466331521380534e-10
-4.498761505120831305e-10
1.674816115167044756e-10
1.554633893710652194e-10
1.060446977386721881e-06
-7.578651527603020534e-07
1.716984214783368415e-07
3.209264557832220451e-07
5.924583789564549580e-08
1.808611791455140745e-08
2.517783353538593666e-08
2.440270583460600658e-08
8.915026841710065595e-09
2.018427681899516499e-09
2.335959058722225380e-09
2.174245397688006815e-09
-2.355478099794158102e-10
3.041439285467615658e-10
-2.267947517494327263e-10
-1.827566885338248660e-07
-1.313276785362297964e-06
-1.918609816944962999e-07
1.628881668477750167e-07
4.899236735881788764e-08
-2.434237454190123342e-08
-3.023602273100336382e-08
-3.105792882519464070e-08
8.441061626036261584e-09
-1.535147625576126009e-09
-1.546169556656516268e-09
1.260290548127200814e-09
-1.751096594487844312e-11
-3.854512903442230491e-13
7.967152806427985436e-12
-2.084782513203751044e-07
4.912236716887177807e-07
2.421169361321602243e-07
-1.772395399604632713e-08
1.182741648117806835e-07
2.872782875075241844e-08
2.550250126729413055e-08
2.447209570312943082e-08
6.727415110577595665e-09
9.214942531674121873e-10
-1.595395393088405200e-09
-6.965334261172863247e-10
-5.702030131907203523e-11
2.283342143300469492e-11
2.244426575672997783e-10
3.760969071001218759e-05
4.426251066429833420e-05
3.409058009720644341e-05
2.491489674839128491e-05
1.953780044366587416e-05
1.484048439697392291e-05
9.361820563347446179e-06
6.326240707267017030e-06
3.832049807335788266e-06
2.381541177106542938e-06
1.488852030086856134e-06
9.692728786170195167e-07
6.534662672214305049e-07
4.544139526425345171e-07
3.175439901347900912e-07
8.400657487625351230e-06
6.936901230046392881e-06
8.737642538410342501e-06
6.735528347027109026e-06
5.358573793412931044e-06
4.209746917372379771e-06
2.866256254481807066e-06
1.816014849822549917e-06
1.098318459749356151e-06
6.796210756639364281e-07
4.144165303361383946e-07
2.632839377090985552e-07
1.765814005889276946e-07
1.210163015450744728e-07
8.450606470110514134e-08
-1.774779426724778191e-06
-2.668673699605444279e-06
1.135797978958105718e-06
-1.297713709863294708e-07
8.029764764044401892e-08
-1.815476234968938140e-07
7.686744361440334377e-08
2.101235113909787707e-08
3.233645588804685360e-08
7.289850454301776503e-09
6.805713022049623561e-09
5.837353728968625903e-09
2.301084864684901819e-09
2.178889822964835898e-09
1.715063443346032319e-09
-2.520495672745457836e-06
-1.110686724477120877e-06
1.554465101006206673e-06
-7.897763497819171434e-08
7.887206299598766780e-08
-2.051540430376494059e-07
1.299311668184128890e-07
1.055780594728827253e-10
3.333714655065504323e-08
-1.382425574662988201e-09
2.483667349540136744e-09
2.112728340510217876e-09
-1.103988582483469491e-09
8.156264820285166415e-11
-1.917592795615938908e-11
-2.272523774559077217e-07
-1.701671564428345116e-06
3.639153409577695638e-07
6.057658953066911905e-07
2.047339096498671819e-07
2.166596951291884208e-07
4.601755404873188231e-08
-1.294384328845675541e-09
1.680893253150362874e-08
-5.036084862707345584e-10
2.618978429017871112e-10
2.034684950152308947e-09
-1.268317330125267319e-09
3.737822238508243663e-11
-9.393702213668249791e-11
2.944437272366271259e-08
-1.082900525928134804e-07
-2.242040971154335656e-07
8.519587062460929073e-08
4.825352352221772233e-08
8.196876100367804625e-08
-5.532460689402616400e-08
2.132973789949526158e-08
-1.645181575203274243e-09
7.238756777487741699e-09
-2.041185607140024011e-09
-3.476556819180100579e-10
-6.677741769005581423e-10
1.921740719952407311e-10
-1.056379006895704315e-10
-3.632736201044464141e-07
1.407420813702075881e-07
8.018658906409524118e-08
7.787367926214650626e-08
6.191721302130985628e-08
-1.347305676796394919e-08
-2.595270311656216476e-08
-7.541517638695586696e-10
3.995727296852196213e-09
4.990017576713683882e-09
-6.627978444894536228e-10
-2.872832012711204351e-10
-4.350788964301735142e-10
-1.498119153855077551e-10
1.637481139318817931e-10
2.791956817359303821e-05
2.209135071719592190e-05
2.348633487746338728e-05
1.896918183529028822e-05
1.446363875193182387e-05
1.130132685623052311e-05
7.859489293723341473e-06
4.942578956161996973e-06
3.029395728246457282e-06
1.879426237154475248e-06
1.165457458137258882e-06
7.280290106423900489e-07
4.736290059768871517e-07
3.216748499174093233e-07
2.231607285225417074e-07
4.128412457854821329e-06
5.582663932457856843e-06
7.113241537976353853e-06
5.322082630394123722e-06
3.670010478367859327e-06
2.783966133320207057e-06
2.117878849110217108e-06
1.363364289622393981e-06
8.694231645481290510e-07
5.178437456081633194e-07
3.237049471897734624e-07
1.982388969216373849e-07
1.250981673957806940e-07
8.458275874421867799e-08
5.807267046986954497e-08
-6.226526501195422476e-07
1.538024103543473926e-06
1.121262046511728900e-07
2.020408264946186492e-07
1.360211461154941842e-08
-3.099566838119017286e-08
2.797442118370099977e-08
6.157727131358319724e-09
3.729855521179431092e-08
5.081738155350079815e-09
4.815250143507881172e-09
4.207037046129405474e-09
1.715484578737845932e-09
1.275199650857694264e-09
1.027802156541275597e-09
-1.268437255414214930e-06
-6.339502767681834220e-07
-6.024770644504887252e-07
1.981503087581377822e-07
2.606351488704843895e-07
1.157644384782821871e-07
1.115295183700574304e-08
-4.901433553011744503e-08
1.177129666019276212e-08
2.242521408158768026e-09
-9.727206625967901939e-10
-1.191415830406861442e-09
-1.414290556925282237e-10
1.698344769751805001e-11
-2.233618533699019350e-12
4.772322722219342016e-07
1.114596859003332257e-07
-1.683217835436784969e-07
6.650643427270099952e-08
1.248505333539948788e-07
2.523374413991299218e-08
-3.045623001864306819e-08
9.266762985277283679e-09
1.825013885931762387e-08
5.609697060091866998e-09
2.986671377918066978e-09
3.135995780598679563e-10
-4.661052506591701922e-10
2.639148077986524835e-11
1.551781342083773392e-10
-1.932668704925185413e-07
-3.410590373172917249e-07
1.764587530838121195e-08
1.657707123213476475e-07
-1.226565087761786410e-07
3.451786147998454427e-08
-3.859314204257269565e-11
-6.830745991724614022e-09
-2.933380831948879537e-09
2.548489585858591005e-09
-1.294115564539439914e-10
3.933588424255862504e-10
-3.581181122931901314e-10
9.093302219141234928e-12
1.459595402289972998e-11
1.550359335555992756e-05
1.737840946100749099e-05
1.738011808846069806e-05
1.357604270826413413e-05
1.077208168059036777e-05
7.963047836246133504e-06
6.223469531306165473e-06
3.683763909136212260e-06
2.511969249936801911e-06
1.514229149288276663e-06
9.157828989482864081e-07
5.529720674206369205e-07
3.495751915920670402e-07
2.299300337254967247e-07
1.554091649103684312e-07
2.593253183822159311e-06
4.318957432185639365e-06
3.385453382044814511e-06
3.089499865432994836e-06
2.632682640868198959e-06
1.870608415024886530e-06
1.603187651599232135e-06
8.978509171052612615e-07
6.531822098156038914e-07
3.997102843863422573e-07
2.343012761987991589e-07
1.412986272191533345e-07
8.734118149697161667e-08
5.646351627580804244e-08
3.759340344633025781e-08
2.705801987863961368e-08
9.782443407736139550e-07
5.684895172000046210e-07
1.088504630699940223e-07
-1.879005481716421851e-08
-1.984824162628760237e-08
-5.119637622144152878e-08
-1.465034202299036379e-08
-6.223108302437606455e-09
9.174857669962026679e-09
1.911178870902460813e-09
2.512497023586764034e-10
1.213944743044667445e-09
4.903075047462838396e-10
2.831688907720414592e-10
4.466072731566079823e-07
-2.372615038337789142e-07
1.213369609304905050e-07
-1.800351731966303104e-07
1.327612821035014413e-08
-3.015657596102272062e-08
3.972634644562491263e-08
2.307122004435394978e-09
-5.012540819008959741e-10
-6.243488103816267993e-10
6.462266694830730226e-10
-1.732403976258606558e-11
2.132343692584065754e-10
-2.793124709398615956e-12
1.311155211417926168e-11
-4.949920094073890151e-08
-2.694979749032352581e-07
-2.092336615767970320e-07
3.184155664103293200e-08
-7.952262655756131358e-08
1.753171649301415041e-08
5.392912098641735509e-09
3.151644239597717205e-09
-1.032340908867819796e-09
4.285981252361500669e-09
4.591492021495607724e-10
3.767314690889849777e-10
-5.393969457294161170e-11
-1.776195448307099836e-10
-7.104539568839076983e-11
8.656960602904091942e-06
1.141714326712311948e-05
9.905132916765295762e-06
1.020242917113044051e-05
7.741961102722895487e-06
5.786587012225860174e-06
4.759187965888550656e-06
2.946870503693536120e-06
1.968076249617945240e-06
1.191163368557953330e-06
7.056864272021586774e-07
4.257041255520226892e-07
2.594859602573562029e-07
1.641297672285799172e-07
1.077773087344291202e-07
1.790366293198356968e-06
2.724597977844621338e-06
2.195602624913671553e-06
2.065018921794232356e-06
1.378930854250499990e-06
1.202117399203840393e-06
9.256271863585304322e-07
5.969369162652010725e-07
3.917075762512812175e-07
2.346754278564818272e-07
1.421854339046841882e-07
8.529807725525536582e-08
5.123699007010629085e-08
3.225523443628048106e-08
2.062044224439705064e-08
5.856505379309878841e-08
1.199908555234773818e-07
-2.216513568289148513e-08
1.265146984214370157e-07
2.397153705273965529e-08
-2.049404882176410171e-08
8.512231785850799173e-09
1.421621179278386433e-09
4.478405213318057814e-10
2.165815828802970503e-09
7.968047874143875871e-10
-5.933718807663973017e-10
-1.357213716138978502e-10
2.842277236712062676e-10
3.421069757333356412e-11
4.678600345698609230e-07
-4.706771748329134465e-09
-5.471002090580616593e-08
7.250355247087588704e-08
-8.750876695150637923e-08
2.474083656082592115e-08
3.484266317525293311e-09
6.162262826849017346e-10
-3.216487650180199229e-09
2.193593940578961335e-09
6.654472526798866840e-10
2.525812176163123121e-10
-3.213076887420108491e-10
8.362168756113845657e-11
-1.028650473855794760e-11
4.349537487755122844e-06
6.508045400514854295e-06
6.782942847169451475e-06
6.269115608288427966e-06
5.149301139870438143e-06
3.822174045442943375e-06
2.918766211213033282e-06
2.138340682308077643e-06
1.308798671374933221e-06
8.041366308777013143e-07
4.906783779946784522e-07
2.913780813809793058e-07
1.743550021983357648e-07
1.063626477804951882e-07
6.714267253063420146e-08
2.522807791863912412e-07
2.852135084929738279e-07
7.676928191951252322e-07
1.071132493604248980e-06
6.209222387285542628e-07
4.876706401906058298e-07
3.824228364049287293e-07
2.786976073088439115e-07
1.774215698369763207e-07
1.076137706532189573e-07
6.665181824559944812e-08
3.853603212612384646e-08
2.307264458830288866e-08
1.366554273146234686e-08
8.508895904670210648e-09
2.818585619914779309e-07
-1.586426652130701409e-08
-8.116830947405797521e-08
-9.437631861284055277e-08
-3.580325735584454870e-08
4.989787208988834083e-08
-1.918582771121068972e-08
3.630116346522275397e-09
1.486419876509378884e-09
4.611470707450816769e-10
-7.979110116642538291e-10
-2.198154477462027182e-10
-2.406757277472258692e-11
6.446792397247878508e-11
4.039959660854833375e-11
2.487392144615577789e-06
2.636497631651509434e-06
3.187289492856551862e-06
3.298206327249957102e-06
2.692915094945178648e-06
2.159382949857089671e-06
1.588954896937737282e-06
1.245615222549934803e-06
7.670723993693339659e-07
4.964612142714636270e-07
3.011325035121892536e-07
1.749189497694197217e-07
1.010898273658786692e-07
5.924995617624830323e-08
3.560424126281260486e-08
2.444299415136795542e-07
2.819069255558640253e-07
1.789032870691156976e-07
1.198403448407660915e-07
1.261104607769782503e-07
1.346789581138705742e-07
9.818125524459118870e-08
7.330672185469150448e-08
4.758338655970965774e-08
2.952760007465907512e-08
1.689084011206459714e-08
1.063730903268980438e-08
5.983794513735454695e-09
3.530498266749634010e-09
2.056941666931090783e-09
5.949301879911910042e-07
6.594973886752585274e-07
7.288670669967025960e-07
8.190893930550637916e-07
8.066696193790048433e-07
6.443794945339887021e-07
4.614126547274056299e-07
3.670552399263889696e-07
2.510681842152249452e-07
1.602803854649553075e-07
9.597598245407399402e-08
5.706851284449511376e-08
3.263511523694524557e-08
1.847507693557175878e-08
1.047431726628713935e-08
