# bin_4
0.000000000000000000e+00
-1.019578823124769457e-56
-8.156630584998155658e-56
0.000000000000000000e+00
0.000000000000000000e+00
0.000000000000000000e+00
0.000000000000000000e+00
0.000000000000000000e+00
0.000000000000000000e+00
3.541413240872159231e-50
2.643364298281181494e-47
1.441874239941668711e-44
5.793554085039246553e-42
1.740550771051956523e-39
3.964002302382162895e-37
6.932091217421435421e-35
9.421065112295620413e-33
1.006347295044402449e-30
8.539491990792263162e-29
5.814614884917873532e-27
3.207376985622511323e-25
1.446240325014208809e-23
5.376700741651543943e-22
1.661560882164899702e-20
4.301409759617294250e-19
9.397429197308151912e-18
1.744901944984820895e-16
2.772148346443453537e-15
3.792567508265002823e-14
4.495577532832503649e-13
4.644298031715395507e-12
4.205078498519141881e-11
3.354909538116496476e-10
2.370694539605863502e-09
1.491082312467506088e-08
8.387163519925634583e-08
4.238288138164331272e-07
1.932525230287905614e-06
7.984438821548936065e-06
3.001274345242377258e-05
1.030394259565204360e-04
3.243196101861850499e-04
9.392826233129264978e-04
2.511909506237992602e-03
6.224180546949016624e-03
1.433757996244283510e-02
3.080305711299945876e-02
6.191752825039583547e-02
1.168117450325247414e-01
2.074640260182962770e-01
3.479341613320869886e-01
5.526542317063376508e-01
8.338938872666603608e-01
1.198853998726494785e+00
1.647094812999275293e+00
2.169039730295481583e+00
2.746060683990029005e+00
3.352212529268486563e+00
3.957205944502479866e+00
4.529877995443492011e+00
5.041359212739031648e+00
5.467350288707910622e+00
5.789301673895850264e+00
5.994669750178113432e+00
6.076656991478044390e+00
6.033861842115483931e+00
5.870095401339733954e+00
5.594368076041690507e+00
5.220833692398883841e+00
4.768392726959902461e+00
4.259726328260271089e+00
3.719716955805924208e+00
3.173426373636825115e+00
2.643961529199716054e+00
2.150609243226275780e+00
1.707554678992374342e+00
1.323351003860993247e+00
1.001134564992347764e+00
7.394347621588938102e-01
5.333441962899985178e-01
3.758003314552817997e-01
2.587711687730090415e-01
1.742094510726621970e-01
1.147172909809830582e-01
7.392718445478986544e-02
4.664699169034686177e-02
2.883500274335685370e-02
1.747150379000828729e-02
1.038231158372473865e-02
6.054131072648093193e-03
3.466121447917677300e-03
1.949435208413047467e-03
1.077664620843766033e-03
5.858711612243721386e-04
3.133969830011105974e-04
1.650397006291127403e-04
8.560627136551117759e-05
4.375871073920088836e-05
2.205357107889299674e-05
1.096371646969304244e-05
5.379047151232272657e-06
2.605679364384605467e-06
1.246806881158325645e-06
5.895622599087961895e-07
2.756114574573740834e-07
1.274330319749665606e-07
5.829874788936214183e-08
2.639973273171895592e-08
1.183774414422851125e-08
5.258101711956590518e-09
2.314390771409163617e-09
1.009821872389203035e-09
4.369197546907253077e-10
1.875217696698606012e-10
7.986105038123005204e-11
3.375886933078293673e-11
1.416911338190631584e-11
5.906469222774029033e-12
2.446068391262570537e-12
1.006667228766671735e-12
4.118108259882692515e-13
1.675014179485249734e-13
6.775778650412449057e-14
2.726639982953312994e-14
1.091764559752165011e-14
4.350753530295514494e-15
1.725969005077182054e-15
6.817582020415466680e-16
2.681943742258754865e-16
1.050947911858141948e-16
4.103105018052058778e-17
1.596353591173254523e-17
6.190321176734220770e-18
2.393013123652643141e-18
9.223645654013599827e-19
3.545367863190397889e-19
1.359234741814413649e-19
5.198442466047209000e-20
1.983657424053099786e-20
7.553387389880776882e-21
2.870539461681645527e-21
1.088917690037789169e-21
4.123799827930700714e-22
1.559302931119962045e-22
5.887778314713905820e-23
2.220324051420074409e-23
8.363335018339325579e-24
3.146976360714971418e-24
1.183067132512003018e-24
4.444027706470305171e-25
1.668182806462083239e-25
6.258303909815942785e-26
2.346718480010619745e-26
8.796309913038612818e-27
3.296231923382165673e-27
1.234963013013925027e-27
4.626462880751516658e-28
1.733173070644509198e-28
6.493369248339880880e-29
2.433156456955956568e-29
9.119627046531025797e-30
3.419207686247384416e-30
1.282473642450695804e-30
4.812582188714816328e-31
1.806948608491471264e-31
6.788621464382008726e-32
2.552200659337191392e-32
9.602268375397709783e-33
3.615648008357111079e-33
1.362631260474752954e-33
5.140155186820145791e-34
1.940907142530778884e-34
7.336486150472776770e-35
2.776193060710663710e-35
1.051748976400602441e-35
3.989305793350998276e-36
1.515048618761895772e-36
5.761298172099770563e-37
2.193807586766338657e-37
8.365276921631426814e-38
3.194363183304125577e-38
1.221598248894744638e-38
4.678751852931728532e-39
1.794758017370090375e-39
6.895603536629626978e-40
2.653657195285627667e-40
1.022912851225585930e-40
3.949738441506409920e-41
1.527734987539434147e-41
5.919585609837862874e-42
2.297795148000299348e-42
8.935537751632924496e-43
3.481221627237957863e-43
1.358801487045405534e-43
5.313798179610775053e-44
2.082043134536423655e-44
8.173734602478947983e-45
3.215197145254325814e-45
1.267245297637427483e-45
5.004827820275659622e-46
1.980623691288393863e-46
7.854306127040099479e-47
3.121152667870892627e-47
1.242886603327150138e-47
4.959809048685750535e-48
1.983456561032451925e-48
7.948986197661763816e-49
3.192558254133443885e-49
1.285021493081031783e-49
5.183613099974681103e-50
2.095613892995582741e-50
8.490867661450724243e-51
3.447945061736636939e-51
1.403269742923658275e-51
5.723996947543461484e-52
2.340128172360830493e-52
9.588844888941465144e-53
3.938070529853595643e-53
1.621045352990623780e-53
6.688135094193078099e-54
2.765773507524634783e-54
1.146392134709448056e-54
4.762751274072224693e-55
1.983323884317472634e-55
8.278337893761523838e-56
3.463450399635377430e-56
1.452424233332844781e-56
6.105185908634849994e-57
2.572333233752814002e-57
1.086376511612034349e-57
4.598964163844866379e-58
1.951496457777513030e-58
8.300514411760575365e-59
3.538938520773687398e-59
1.512421797103418784e-59
6.478966448744919665e-60
2.782097131973038170e-60
1.197493963032229124e-60
5.166655088181059687e-61
2.234504256351213002e-61
9.686989917441133718e-62
4.209521253088543309e-62
1.833635054951247187e-62
8.006255940800167061e-63
3.504147123268775935e-63
1.537344913475528143e-63
6.760769732672931720e-64
2.980275743031431744e-64
1.316896856896663940e-64
5.832859666950701462e-65
2.589674045045616216e-65
1.152502192232146410e-65
5.141273210483259229e-66
2.298957695482512024e-66
1.030437553443805155e-66
4.629581458939716464e-67
2.084922974735875615e-67
9.411640721400313587e-68
4.258596014231343278e-68
1.931487916097127182e-68
8.780931764769063091e-69
4.001389302073947613e-69
1.827683916345244390e-69
8.367772701570596799e-70
3.840038030775074321e-70
1.766348329096380868e-70
8.143865811574023810e-71
3.763539691256294543e-71
1.743300196863710317e-71
8.093861134756456108e-72
3.766563267405235287e-72
1.756866426036684030e-72
8.213611293406223801e-73
3.848835936086382802e-73
1.807683460581991643e-73
8.509635262005460725e-74
4.015067837656399090e-74
1.898742083995427478e-74
8.999698153023462452e-75
4.275397371091609069e-75
2.035678857546653484e-75
9.714577449802093730e-76
4.646415381046806659e-76
2.227353699185533827e-76
1.070126013944803662e-76
5.152912254342570726e-77
2.486795946047032382e-77
1.202803249010016496e-77
5.830603492155663543e-78
2.832659088798038831e-78
1.379222670464583962e-78
6.730248597677945573e-79
3.291408707607346566e-79
1.613183739377411169e-79
7.923817765035912369e-80
3.900596543183986749e-80
1.924291069093704753e-80
9.513732383306212309e-81
4.713774131702075559e-81
2.340569279300619047e-81
1.164679237940381809e-81
5.807917810473153191e-82
2.902425398647411353e-82
1.453534396365885430e-82
7.294749123363472093e-83
3.668709734134823279e-83
1.848976630496338311e-83
9.338168253954075228e-84
4.726082348307884783e-84
2.396885551404944023e-84
1.218138952007561285e-84
6.203645519806987195e-85
3.165882627583344968e-85
1.618964827081626839e-85
8.296059438066610584e-86
4.259858737367611679e-86
2.191818053600627639e-86
1.130047803138201872e-86
5.838068594058573672e-87
3.022168532809449814e-87
1.567625484246737028e-87
8.147739574072200276e-88
4.243265321660328541e-88
2.214259391698103876e-88
1.157761472516183921e-88
6.065533587584035403e-89
3.184016289847730027e-89
1.674691935105533615e-89
8.825615113004475873e-90
4.660177665467198398e-90
2.465496715758909207e-90
1.306916605275275303e-90
6.941124718953650930e-91
3.693578868139588036e-91
1.969234782529522529e-91
1.051906770614521746e-91
5.629679581286124655e-92
3.018657412797034221e-92
1.621678500686649288e-92
8.728377853835944283e-93
4.706707910165967357e-93
2.542804578785485834e-93
1.376315094358130164e-93
7.463268493297169798e-94
4.054560246840551136e-94
2.206780803394857953e-94
1.203296631163513255e-94
6.573273062561606510e-95
3.597357797841744914e-95
1.972314867213690705e-95
1.083321483945865507e-95
5.961081039828589950e-96
3.286076001339394758e-96
1.814737329017222506e-96
1.003997488666496213e-96
5.564597409795574438e-97
3.089707075559834312e-97
1.718636974307390881e-97
9.577141931325796470e-98
5.346569086148288591e-98
2.990236408275842064e-98
1.675450938787758507e-98
9.405022097485889403e-99
5.289289522404311365e-99
2.980254363428360281e-99
1.682435927263037528e-99
9.516241653411131312e-100
5.393224590021523913e-100
3.062696733166651721e-100
1.742810803708183280e-100
9.938196206225364053e-101
5.679345273047259138e-101
3.252719533100676810e-101
1.867147976196463401e-101
1.074292500987799549e-101
6.195945508831998200e-102
3.582324429535859400e-102
2.076475754529679767e-102
1.206776622998274286e-102
7.032331351447230282e-103
4.109407200245840289e-103
2.408251709322137972e-103
1.415477781743617340e-103
8.344845833705333616e-104
4.934952866350871953e-104
2.927736696870139588e-104
1.742607441025054371e-104
1.040684379340775319e-104
6.236239847829356036e-105
3.750093677544404805e-105
2.263116511732496918e-105
1.370710629552932240e-105
8.332701749385084739e-106
5.084551780701398401e-106
3.114370706973785240e-106
1.914966306688443904e-106
1.182077492532015985e-106
7.325611623918082648e-107
4.557980831209275209e-107
2.847394820280304969e-107
1.786009797141680536e-107
