# fsigma_8
4.567058363128900234e-01
4.706758139517415174e-01
4.822106720854194006e-01
4.914457746927005100e-01
4.985425231287440306e-01
5.036786069505810870e-01
5.070396747596301879e-01
5.088125001430658934e-01
5.091796416264049441e-01
5.083155229400136976e-01
5.063837349108228914e-01
5.035353846978334325e-01
4.999082124753713163e-01
4.956264504123752412e-01
4.908010509934709331e-01
4.855303031320330476e-01
4.799006263876909872e-01
4.739875063423417689e-01
4.678564978610025848e-01
4.615642024143089550e-01
