# h
6.726000000000000512e+01
6.899551111356461774e+01
7.086415861041710684e+01
7.286423983735679144e+01
7.499353723651140058e+01
7.724942234072055669e+01
7.962895286391537297e+01
8.212896056746006934e+01
8.474612857249822184e+01
8.747705762440460830e+01
9.031832146759516888e+01
9.326651195577036901e+01
9.631827482224824166e+01
9.947033719587014389e+01
1.027195280018449637e+02
1.060627923642121004e+02
1.094972010536248064e+02
1.130199559219598058e+02
1.166283921496821421e+02
1.203199780141028441e+02
