# k_h
1.047804016707231206e-05
1.097183471350125944e-05
1.148890012453800001e-05
1.203033307721860762e-05
1.259728193125360449e-05
1.319094916465752143e-05
1.381259392416118199e-05
1.446353469581639646e-05
1.514515210145720388e-05
1.585889182694886462e-05
1.660626768843518629e-05
1.738886484308798652e-05
1.820834315116800237e-05
1.906644069652851841e-05
1.996497747302836817e-05
2.090585924467296174e-05
2.189108158767101415e-05
2.292273412297938167e-05
2.400300494831356582e-05
2.513418527902382653e-05
2.631867430768013207e-05
2.755898429267261541e-05
2.885774588662106454e-05
3.021771371589380129e-05
3.164177222307060162e-05
3.313294178474117667e-05
3.469438511761440417e-05
3.632941398652648725e-05
3.804149622857411152e-05
3.983426310827160486e-05
4.171151701933161122e-05
4.367723954940472188e-05
4.573559992488255308e-05
4.789096385367663138e-05
5.014790278472664722e-05
5.251120360387840545e-05
5.498587878669567130e-05
5.757717702973914924e-05
6.029059438286265838e-05
6.313188590613572494e-05
6.610707787611790358e-05
6.922248056737344789e-05
7.248470163633538219e-05
7.590066013590603708e-05
7.947760119051734294e-05
8.322311136277868481e-05
8.714513474430113208e-05
9.125198980482884933e-05
9.555238703541175862e-05
1.000554474230431849e-04
1.047707217959426240e-04
1.097082110805171201e-04
1.148783875129645815e-04
1.202922168505080020e-04
1.259611816293696482e-04
1.318973055188152582e-04
1.381131788229220570e-04
1.446219851841578827e-04
1.514375295454103770e-04
1.585742674297708772e-04
1.660473356001772912e-04
1.738725841639394347e-04
1.820666101902445927e-04
1.906467929119403065e-04
1.996313305862591325e-04
2.090392790926633160e-04
2.188905923496764570e-04
2.292061646364233643e-04
2.400078749086397662e-04
2.513186332031467035e-04
2.631624292292088154e-04
2.755643832498421331e-04
2.885507993609810469e-04
3.021492212815163141e-04
3.163884907725259378e-04
3.312988088096073406e-04
3.469117996380538375e-04
3.632605778467354828e-04
3.803798186029450578e-04
3.983058311971732126e-04
4.170766360538005063e-04
4.367320453710414022e-04
4.573137475611792368e-04
4.788653956701776964e-04
5.014326999642157185e-04
5.250635248795067038e-04
5.498079905410378949e-04
5.757185790655411969e-04
6.028502458741653641e-04
6.312605362509381016e-04
6.610097073942303777e-04
6.921608562200957330e-04
7.247800531885474889e-04
7.589364824366131050e-04
7.947025885153875683e-04
8.321542300423079991e-04
8.713708405945353851e-04
9.124355971847005224e-04
9.554355966763358656e-04
1.000462040513179539e-03
1.047610428154130673e-03
1.096980759624156549e-03
1.148677747610723403e-03
1.202811039555618357e-03
1.259495450213212863e-03
1.318851205168401590e-03
1.381004195830715922e-03
1.446086246445458081e-03
1.514235393688153535e-03
1.585596179435343634e-03
1.660319957332687894e-03
1.738565213810560478e-03
1.820497904228047603e-03
1.906291804858258011e-03
1.996128881461507742e-03
2.090199675228126500e-03
2.188703706909426571e-03
2.291849899993994143e-03
2.399857023826863691e-03
2.512954157611381814e-03
2.631381176277904944e-03
2.755389259249863346e-03
2.885241423186229743e-03
3.021213079830330304e-03
3.163592620148212090e-03
3.312682025995425383e-03
3.468797510609643135e-03
3.632270189287490573e-03
3.803446781668100730e-03
3.982690347112955234e-03
4.170381054741644292e-03
4.366916989756809697e-03
4.572714997768487048e-03
4.788211568908554497e-03
5.013863763610502434e-03
5.250150182018117027e-03
5.497571979079032833e-03
5.756653927476289810e-03
6.027945530652199964e-03
6.312022188285255041e-03
6.609486416692068357e-03
6.920969126742677890e-03
7.247130961999656215e-03
7.588663699919260403e-03
7.946291719086374938e-03
8.320773535595264378e-03
8.712903411834827666e-03
9.123513041090375655e-03
9.553473311534976462e-03
1.000369615335184280e-02
1.047513647290518844e-02
1.096879417806216443e-02
1.148571629896124810e-02
1.202699920872526279e-02
1.259379094882919284e-02
1.318729366405459354e-02
1.380876615219515414e-02
1.445952653392136925e-02
1.514095504846677508e-02
1.585449698106539129e-02
1.660166572834954543e-02
1.738404600820925988e-02
1.820329722092169783e-02
1.906115696867909451e-02
1.995944474098009999e-02
2.090006577370131374e-02
2.188501509003360976e-02
2.291638173185412200e-02
2.399635319050862081e-02
2.512722004640148901e-02
2.631138082723384966e-02
2.755134709519418967e-02
2.884974877389089726e-02
3.020933972632498798e-02
3.163300359573416320e-02
3.312375992169557665e-02
3.468477054446026525e-02
3.631934631110191047e-02
3.803095409770362173e-02
3.982322416247689040e-02
4.169995784540793393e-02
4.366513563076212384e-02
4.572292558954743624e-02
4.787769221984219947e-02
5.013400570373748727e-02
5.249665160052834761e-02
5.497064099671187393e-02
5.756122113432020349e-02
6.027388654013152852e-02
6.311439067936218394e-02
6.608875815855873304e-02
6.920329750357032128e-02
7.246461453970372280e-02
7.587962640244022561e-02
7.945557620842964852e-02
8.320004841787860539e-02
8.712098492091666091e-02
9.122670188205790620e-02
9.552590737848484781e-02
1.000277198695657538e-01
1.047416875367764566e-01
1.096778085350486320e-01
1.148465521984943921e-01
1.202588812454853939e-01
1.259262750301822498e-01
1.318607538898285692e-01
1.380749046394529611e-01
1.445819072680475104e-01
1.513955628928479735e-01
1.585303230310046718e-01
1.660013202507263641e-01
1.738244002669119825e-01
1.820161555493376992e-01
1.905939605146854399e-01
1.995760083770522775e-01
2.089813497351000193e-01
2.188299329776842161e-01
2.291426465936680923e-01
2.399413634756500380e-01
2.512489873115784089e-01
2.630895011626456226e-01
2.754880183304916907e-01
2.884708356216114655e-01
3.020654891219285987e-01
3.163008125998378328e-01
3.312069986615853723e-01
3.468156627886952448e-01
3.631599103932593442e-01
3.802744070333234916e-01
3.981954519372793988e-01
4.169610549932160071e-01
4.366110173665181393e-01
4.571870159166955827e-01
4.787326915924996484e-01
5.012937419927939731e-01
5.249180182895096802e-01
5.496556267182501898e-01
5.755590348518063726e-01
6.026831828819757542e-01
6.310856001457294528e-01
6.608265271428505061e-01
6.919690433038565569e-01
7.245792007791902467e-01
7.587261645334432147e-01
7.944823590417382508e-01
8.319236218994308096e-01
8.711293646708996308e-01
9.121827413186047728e-01
9.551708245696360899e-01
1.000184790593810380e+00
1.047320112385041746e+00
1.096676762256101112e+00
1.148359423876277763e+00
1.202477714301655620e+00
1.259146416468927221e+00
1.318485722645841074e+00
1.380621489354670217e+00
1.445685504309332625e+00
1.513815765932369883e+00
1.585156776044613025e+00
1.659859846348305856e+00
1.738083419353771530e+00
1.819993404430234163e+00
1.905763529693593528e+00
1.995575710477475395e+00
2.089620435169080359e+00
2.188097169228144789e+00
2.291214778245993067e+00
2.399191970941886520e+00
2.512257763036310099e+00
2.630651962985039116e+00
2.754625680604177784e+00
2.884441859665030528e+00
3.020375835588310132e+00
3.162715919420609811e+00
3.311764009331709779e+00
3.467836230929679520e+00
3.631263607751832989e+00
3.802392763353721783e+00
3.981586656485129883e+00
4.169225350912464378e+00
4.365706821520256575e+00
4.571447798401508500e+00
4.786884650727110113e+00
5.012474312269125321e+00
5.248695250540757584e+00
5.496048481608654335e+00
5.755058632729870283e+00
6.026275055067261910e+00
6.310272988843505182e+00
6.607654783404753651e+00
6.919051174781833069e+00
7.245122623458547295e+00
7.586560715184492487e+00
7.944089627803361253e+00
8.318467667208045313e+00
8.710488875679949672e+00
9.120984716023972538e+00
9.550825835071051984e+00
1.000092391028853989e+01
1.047223358341524602e+01
1.096575448522196083e+01
1.148253335569219402e+01
1.202366626411981620e+01
1.259030093383241145e+01
1.318363917647085692e+01
1.380493944098848047e+01
1.445551948277569210e+01
1.513675915857152177e+01
1.585010335308989582e+01
1.659706504356772783e+01
1.737922850873510328e+01
1.819825268901305648e+01
1.905587470506621983e+01
1.995391354217292701e+01
2.089427390822726238e+01
2.187895027355542510e+01
2.291003110111541829e+01
2.398970327605128716e+01
2.512025674399744801e+01
2.630408936797061514e+01
2.754371201415032999e+01
2.884175387733562346e+01
3.020096805737189172e+01
3.162423739837613823e+01
3.311458060314510021e+01
3.467515863571475876e+01
3.630928142565046102e+01
3.802041488828822935e+01
3.981218827581556496e+01
4.168840187478415515e+01
4.365303506638018405e+01
4.571025476654802588e+01
4.786442426386785343e+01
5.012011247393350288e+01
5.248210362985679467e+01
5.495540742945304657e+01
5.754526966062907434e+01
6.025718332750914641e+01
6.309690030089874568e+01
6.607044351779408942e+01
6.918411975581372531e+01
7.244453300964585196e+01
7.585859849788228360e+01
7.943355732994635332e+01
8.317699186422512980e+01
8.709684178997659387e+01
9.120142096712362445e+01
9.549943505965038071e+01
1.000000000000000000e+02
