# k_h
9.542174666421486233e-06
1.023058316784724933e-05
1.096865605725606977e-05
1.175997631107639072e-05
1.260838539518159870e-05
1.351800191329449774e-05
1.449324160075785618e-05
1.553883876073113024e-05
1.665986924687537718e-05
1.786177510409562338e-05
1.915039098695975247e-05
2.053197248404153068e-05
2.201322648568879940e-05
2.360134374263715443e-05
2.530403377352465720e-05
2.712956229076691003e-05
2.908679132647557089e-05
3.118522225321239622e-05
3.343504190842253395e-05
3.584717204645914866e-05
3.843332235826317327e-05
4.120604731608323959e-05
4.417880711918825275e-05
4.736603303643335746e-05
5.078319746288612155e-05
5.444688903060132036e-05
5.837489313817113476e-05
6.258627828998033420e-05
6.710148866430257870e-05
7.194244335960724331e-05
7.713264280087027739e-05
8.269728282243769487e-05
8.866337698125780289e-05
9.505988769425077409e-05
1.019178668364248582e-04
1.092706064822698164e-04
1.171538005222038720e-04
1.256057179386421989e-04
1.346673885828534385e-04
1.443828023544617076e-04
1.547991227505086573e-04
1.659669158207508085e-04
1.779403956406570841e-04
1.907776874937552501e-04
2.045411100409450032e-04
2.192974778465719607e-04
2.351184257298730477e-04
2.520807565163609614e-04
2.702668138773063329e-04
2.897648820672659884e-04
3.106696145001874051e-04
3.330824932446090634e-04
3.571123216685808018e-04
3.828757526258488733e-04
4.104978547473846434e-04
4.401127195873209808e-04
4.718641125706933884e-04
5.059061709030010382e-04
5.424041518296056569e-04
5.815352348773829456e-04
6.234893819731159720e-04
6.684702596140775247e-04
7.166962275674806579e-04
7.684013988984361374e-04
8.238367764723321688e-04
8.832714714487808734e-04
9.469940096823233500e-04
1.015313732371812393e-03
1.088562297757925471e-03
1.167095291158805120e-03
1.251293951159755885e-03
1.341567020336769051e-03
1.438352729498243660e-03
1.542120925077385477e-03
1.653375350002721580e-03
1.772656089119241342e-03
1.900542191031424476e-03
2.037654479095947664e-03
2.184658565210000243e-03
2.342268081025662956e-03
2.511248142276312472e-03
2.692419063032575402e-03
2.886660337918768148e-03
3.094914911621419237e-03
3.318193756416298185e-03
3.557580779935492349e-03
3.814238086999327624e-03
4.089411621056740151e-03
4.384437212620400162e-03
4.700747064058838007e-03
5.039876702225886372e-03
5.403472432679128079e-03
5.793299331673748380e-03
6.211249814728995490e-03
6.659352823363424642e-03
7.139783674595816081e-03
7.654874621026363027e-03
8.207126172761914501e-03
8.799219236147643591e-03
9.434028128232711460e-03
1.011463453014850578e-02
1.084434244713638335e-02
1.162669424784813776e-02
1.246548786078231774e-02
1.336479521133624587e-02
1.432898198897658223e-02
1.536272884048831867e-02
1.647105409218454011e-02
1.765933811138243117e-02
1.893334942540784299e-02
2.029927272492372883e-02
2.176373888752421160e-02
2.333385716734404786e-02
2.501724970694827258e-02
2.682208853903947018e-02
2.875713525760830239e-02
3.083178355111017288e-02
3.305610480414619690e-02
3.544089698902134350e-02
3.799773708452408583e-02
4.073903727639507921e-02
4.367810521230920673e-02
4.682920860388009587e-02
5.020764448929674467e-02
5.382981349282811578e-02
5.771329944168926418e-02
6.187695472676793540e-02
6.634099182159711172e-02
7.112708140385073929e-02
7.625845755569557460e-02
8.176003055369276962e-02
8.765850779578877872e-02
9.398252345243666983e-02
1.007627774712374774e-01
1.080321846099024236e-01
1.158260342210146732e-01
1.241821615642676319e-01
1.331411314778134791e-01
1.427464353003586595e-01
1.530447019999601477e-01
1.640859245344517825e-01
1.759237025423641410e-01
1.886155025424870180e-01
2.022229369052070680e-01
2.168120629498928031e-01
2.324537036202938001e-01
2.492237912946715650e-01
2.672037363996958570e-01
2.864808226175341588e-01
3.071486306046747328e-01
3.293074922794255732e-01
3.530649778834248909e-01
3.785364181816140983e-01
4.058454643356818603e-01
4.351246881688949353e-01
4.665162257362999165e-01
5.001724673245047104e-01
5.362567972306576669e-01
5.749443869118661121e-01
6.164230453554130351e-01
6.608941307978853930e-01
7.085735282191731876e-01
7.596926973565640839e-01
8.144997963265366847e-01
8.732608863088723306e-01
9.362612231412175134e-01
1.003806642094170920e+00
1.076225042549255440e+00
1.153867979787173148e+00
1.237112371613672268e+00
1.326362328107836941e+00
1.422051113375349285e+00
1.524643248830011899e+00
1.634636768213951985e+00
1.752565635303497960e+00
1.879002336037464582e+00
2.014560657651394582e+00
2.159898668308999348e+00
2.315721911695484359e+00
2.482786832080863704e+00
2.661904446480326314e+00
2.853944281738059363e+00
3.059838595647188075e+00
3.280586902597243615e+00
3.517260825718889095e+00
3.771009299080750665e+00
4.043064145192296621e+00
4.334746054888868549e+00
4.647470998628183025e+00
4.982757100321933308e+00
5.342232007071631372e+00
5.727640790584930919e+00
6.140854418629986711e+00
6.583878837652525462e+00
7.058864710647125840e+00
7.568117857555423988e+00
8.114110448873931958e+00
8.699493006811051643e+00
9.327107272252771253e+00
1.000000000000000000e+01
