# k_h
1.049778529704780910e-05
1.109454106841927680e-05
1.172521994267279203e-05
1.239175030821163906e-05
1.309617017436179285e-05
1.384063340286877282e-05
1.462741629362971102e-05
1.545892454479687463e-05
1.633770060853458617e-05
1.726643146492045310e-05
1.824795683776068604e-05
1.928527787744069508e-05
2.038156633736011266e-05
2.154017427200992287e-05
2.276464428634561617e-05
2.405872036779453852e-05
2.542635933401832414e-05
2.687174293143356369e-05
2.839929062148329996e-05
3.001367309375507821e-05
3.171982654726415040e-05
3.352296778356901770e-05
3.542861015786769908e-05
3.744258043684870943e-05
3.957103661484023328e-05
4.182048674273515011e-05
4.419780882726175573e-05
4.671027186144655421e-05
4.936555805057145726e-05
5.217178630158515507e-05
5.513753704779115718e-05
5.827187848471591870e-05
6.158439429737895261e-05
6.508521296374205039e-05
6.878503872394090999e-05
7.269518430998801522e-05
7.682760553602487486e-05
8.119493785488708941e-05
8.581053499275938300e-05
9.068850978005125768e-05
9.584377730333967880e-05
1.012921005103205308e-04
1.070501384072159454e-04
1.131354969960018822e-04
1.195667831072097753e-04
1.263636612928982852e-04
1.335469139537593113e-04
1.411385048841974545e-04
1.491616464296881023e-04
1.576408704617534196e-04
1.666021033875711703e-04
1.760727454235745822e-04
1.860817543754233170e-04
1.966597341805250386e-04
2.078390284838298511e-04
2.196538195330284278e-04
2.321402326955246973e-04
2.453364469167788366e-04
2.592828114577387330e-04
2.740219692683232072e-04
2.895989873741739188e-04
3.060614946753546567e-04
3.234598275783393613e-04
3.418471839065810396e-04
3.612797855602557285e-04
3.818170504225461910e-04
4.035217740380846055e-04
4.264603216190685419e-04
4.507028309661287335e-04
4.763234269244146705e-04
5.034004480306200754e-04
5.320166860439600950e-04
5.622596390934893502e-04
5.942217792158099605e-04
6.280008351011860971e-04
6.637000909126114555e-04
7.014287020915100724e-04
7.413020291156804595e-04
7.834419902300081891e-04
8.279774342284653907e-04
8.750445344272222634e-04
9.247872050335029194e-04
9.773575411833039950e-04
1.032916283993425607e-03
1.091633312049810310e-03
1.153688160834940571e-03
1.219270571682570369e-03
1.288581071938235765e-03
1.361831588099529340e-03
1.439246093810833595e-03
1.521061294693919425e-03
1.607527352108298118e-03
1.698908648054394711e-03
1.795484593558299051e-03
1.897550483009836138e-03
2.005418397066271053e-03
2.119418156882312346e-03
2.239898332584198612e-03
2.367227309071348769e-03
2.501794412404444255e-03
2.644011100224026058e-03
2.794312219839477970e-03
2.953157337835173122e-03
3.121032145259246618e-03
3.298449942691536983e-03
3.485953209731551972e-03
3.684115263705277192e-03
3.893542012662712295e-03
4.114873808025981856e-03
4.348787402552949100e-03
4.595998019602896140e-03
4.857261540031450851e-03
5.133376813401504396e-03
5.425188100576835114e-03
5.733587655167226085e-03
6.059518451717942414e-03
6.403977068985678214e-03
6.768016737116675820e-03
7.152750558044493681e-03
7.559354908954006580e-03
7.989073039218317143e-03
8.443218871806688203e-03
8.923181020786832840e-03
9.430427037205580537e-03
9.966507896330474570e-03
1.053306273997230667e-02
1.113182388838938365e-02
1.176462213709764115e-02
1.243339235478269078e-02
1.314017939943001867e-02
1.388714437076272491e-02
1.467657121810471942e-02
1.551087372387336717e-02
1.639260288405524832e-02
1.732445470823109485e-02
1.830927846300040712e-02
1.935008538401026060e-02
2.045005788322741200e-02
2.161255927960561637e-02
2.284114408290118317e-02
2.413956886208121211e-02
2.551180373155574957e-02
2.696204449035497289e-02
2.849472545136858340e-02
3.011453299987422449e-02
3.182641992281266818e-02
3.363562055262276501e-02
3.554766677194136359e-02
3.756840492810384347e-02
3.970401370916463307e-02
4.196102303609564044e-02
4.434633402892790288e-02
4.686724010788649586e-02
4.953144929403728580e-02
5.234710777763407208e-02
5.532282482622837005e-02
5.846769910870284331e-02
6.179134651571746573e-02
6.530392956163270923e-02
6.901618845781146150e-02
7.293947395230926389e-02
7.708578203636583248e-02
8.146779062381726000e-02
8.609889831558124873e-02
9.099326536774395013e-02
9.616585698851246033e-02
1.016324890964216549e-01
1.074098766797049603e-01
1.135156849046967398e-01
1.199685831295357885e-01
1.267883019883261353e-01
1.339956937202946563e-01
1.416127959284144422e-01
1.496628989624417538e-01
1.581706171324005206e-01
1.671619639702608962e-01
1.766644317699306577e-01
1.867070756487701488e-01
1.973206023876550586e-01
2.085374643212329349e-01
2.203919585654489921e-01
2.329203318857511751e-01
2.461608915266184638e-01
2.601541223412896509e-01
2.749428105798368271e-01
2.905721747140750932e-01
3.070900036993324256e-01
3.245468030958298389e-01
3.429959494964574529e-01
3.624938537331359178e-01
3.831001333607798598e-01
4.048777949462686321e-01
4.278934267197903041e-01
4.522174021776186881e-01
4.779240952588726943e-01
5.050921077541775661e-01
5.338045096415787727e-01
5.641490930845554086e-01
5.962186408687787376e-01
6.301112100983815578e-01
6.659304320192012128e-01
7.037858288857301581e-01
7.437931488406458458e-01
7.860747198308660755e-01
8.307598236422579774e-01
8.779850911966899929e-01
9.278949203200841378e-01
9.806419172588558553e-01
1.036387363294752673e+00
1.095301707884800191e+00
1.157565089834238670e+00
1.223367888095978406e+00
1.292911303880745377e+00
1.366407975857760304e+00
1.444082630327064631e+00
1.526172768351445885e+00
1.612929391948976887e+00
1.704617771566620421e+00
1.801518257181508265e+00
1.903927135510014024e+00
2.012157535945606313e+00
2.126540387995531578e+00
2.247425433143839690e+00
2.375182294234605695e+00
2.510201605645217438e+00
2.652896207705329079e+00
2.803702409013599350e+00
2.963081320511959493e+00
3.131520265396438685e+00
3.309534269175652632e+00
3.497667634432950035e+00
3.696495605107303017e+00
3.906626125381652326e+00
4.128701698556852762e+00
4.363401351594897726e+00
4.611442711338320066e+00
4.873584198754142172e+00
5.150627347911445497e+00
5.443419256783337268e+00
5.752855177366852146e+00
6.079881253040476885e+00
6.425497411529205394e+00
6.790760422322621004e+00
7.176787127894665552e+00
7.584757858604889158e+00
8.015920041722726097e+00
8.471592015609973103e+00
8.953167060723675519e+00
9.462117659765013400e+00
1.000000000000000178e+01
1.019852905968821588e+01
1.040099949813050095e+01
1.060748956314864344e+01
1.081807905601109177e+01
1.103284936227335500e+01
1.125188348323073839e+01
1.147526606799545590e+01
1.170308344621057550e+01
1.193542366141346811e+01
1.217237650506155511e+01
1.241403355123363639e+01
1.266048819202007181e+01
1.291183567361561835e+01
1.316817313312878746e+01
1.342959963612195118e+01
1.369621621489680408e+01
1.396812590753979499e+01
1.424543379774284624e+01
1.452824705541450356e+01
1.481667497809745271e+01
1.511082903320821558e+01
1.541082290111543251e+01
1.571677251907344086e+01
1.602879612602796300e+01
1.634701430831140101e+01
1.667155004624529013e+01
1.700252876166789662e+01
1.734007836640547850e+01
1.768432931170571720e+01
1.803541463865268213e+01
1.839347002958256283e+01
1.875863386052019877e+01
1.913104725465666434e+01
1.951085413688843673e+01
1.989820128943947353e+01
2.029323840858740269e+01
2.069611816251596181e+01
2.110699625031601201e+01
2.152603146215779972e+01
2.195338574065790738e+01
2.238922424346446149e+01
2.283371540708482783e+01
2.328703101198050618e+01
2.374934624895438162e+01
2.422083978685586203e+01
2.470169384163019899e+01
2.519209424673870501e+01
2.569223052497689253e+01
2.620229596171853714e+01
2.672248767961377425e+01
2.725300671477013381e+01
2.779405809444613240e+01
2.834585091628712661e+01
2.890859842913440048e+01
2.948251811543843459e+01
3.006783177530830642e+01
3.066476561222984998e+01
3.127355032048539485e+01
3.189442117430919410e+01
3.252761811881275378e+01
3.317338586271528555e+01
3.383197397291519337e+01
3.450363697093909110e+01
3.518863443130548774e+01
3.588723108184144195e+01
3.659969690599061920e+01
3.732630724715260584e+01
3.806734291509366130e+01
3.882309029446989257e+01
3.959384145550507839e+01
4.037989426686565508e+01
4.118155251077668311e+01
4.199912600042321031e+01
4.283293069968229361e+01
4.368328884523214128e+01
4.455052907108541405e+01
4.543498653559491629e+01
4.633700305098074068e+01
4.725692721542884556e+01
4.819511454781221005e+01
4.915192762508652180e+01
5.012773622241367377e+01
5.112291745606712823e+01
5.213785592917426470e+01
5.317294388035211483e+01
5.422858133529418012e+01
5.530517626136634846e+01
5.640314472527234102e+01
5.752291105384904313e+01
5.866490799805398382e+01
5.982957690020889885e+01
6.101736786456311279e+01
6.222873993124326120e+01
6.346416125365646366e+01
6.472410927941547243e+01
6.600907093485542987e+01
6.731954281321436895e+01
6.865603136654914351e+01
7.001905310146175054e+01
7.140913477871097825e+01
7.282681361678761789e+01
7.427263749953057470e+01
7.574716518786510733e+01
7.725096653574456695e+01
7.878462271037926712e+01
8.034872641683756456e+01
8.194388212710558150e+01
8.357070631369525415e+01
8.522982768788902774e+01
8.692188744271552991e+01
8.864753950074823763e+01
9.040745076682395620e+01
9.220230138577855428e+01
9.403278500529934547e+01
9.589960904399602271e+01
9.780349496479320237e+01
9.974517855375133024e+01
1.017254102044223316e+02
1.037449552078504951e+02
1.058045940483315377e+02
1.079051227050423734e+02
1.100473529596596904e+02
1.122321127100855023e+02
1.144602462904009883e+02
1.167326147971725447e+02
1.190500964222354554e+02
1.214135867920853116e+02
1.238239993140059028e+02
1.262822655290702585e+02
1.287893354721486219e+02
1.313461780390641422e+02
1.339537813610377555e+02
1.366131531865664783e+02
1.393253212708835633e+02
1.420913337731503532e+02
1.449122596615331133e+02
1.477891891263230946e+02
1.507232340012563157e+02
1.537155281931999014e+02
1.567672281203672071e+02
1.598795131592336247e+02
1.630535861003248215e+02
1.662906736130536558e+02
1.695920267197857072e+02
1.729589212793154616e+02
1.763926584799424688e+02
1.798945653423353406e+02
1.834659952323787024e+02
1.871083283842033325e+02
1.908229724335982382e+02
1.946113629620134589e+02
1.984749640513624627e+02
2.024152688498393502e+02
2.064338001489690555e+02
2.105321109721130028e+02
2.147117851746600081e+02
2.189744380561302819e+02
2.233217169844341186e+02
2.277553020325217972e+02
2.322769066276739522e+02
2.368882782136818435e+02
2.415911989261740587e+02
2.463874862813501920e+02
2.512789938783882917e+02
2.562676121157959415e+02
2.613552689219854415e+02
2.665439305003496315e+02
2.718356020891331468e+02
2.772323287363865916e+02
2.827361960903074305e+02
2.883493312052705164e+02
2.940739033638612909e+02
2.999121249152285031e+02
3.058662521300799426e+02
3.119385860726541750e+02
3.181314734900019516e+02
3.244473077189215360e+02
3.308885296109024807e+02
3.374576284754293169e+02
3.441571430420134448e+02
3.509896624413246968e+02
3.579578272058006405e+02
3.650643302901212905e+02
3.723119181119417931e+02
3.797033916132900231e+02
3.872416073430312053e+02
3.949294785608275902e+02
4.027699763630113239e+02
4.107661308308105959e+02
4.189210322013711902e+02
4.272378320620265981e+02
4.357197445682774628e+02
4.443700476859502828e+02
4.531920844580200765e+02
4.621892642965797222e+02
4.713650643004584140e+02
4.807230305990028114e+02
4.902667797225316235e+02
4.999999999999998295e+02
