# pt
1.254446603072207614e-03
8.898765733434989278e-04
6.751528622599713668e-04
5.346092157245265842e-04
4.362629925821534375e-04
3.641579215413973266e-04
3.090233946671794838e-04
2.654336432035738760e-04
2.303970724634730441e-04
2.021060570331927497e-04
1.788713132828590076e-04
1.598272472523861267e-04
1.436929530159566297e-04
1.299839198189781109e-04
1.180746137907141044e-04
1.076823223565306052e-04
9.863770164314488180e-05
9.070801314069183556e-05
8.368770608091584938e-05
7.742152981366708954e-05
7.178960558166691162e-05
6.670853346978412065e-05
6.211497159119242373e-05
5.796451589426997381e-05
5.421655817428017686e-05
5.081643143928343798e-05
4.771601936249939870e-05
4.488681707164559584e-05
4.230554261126453662e-05
3.994506350115006909e-05
3.777897182406054566e-05
3.577992055571363835e-05
3.392287407892781984e-05
3.218579700323104226e-05
3.055404129636448665e-05
2.903341721557935361e-05
2.762920959886551857e-05
2.632863199925325728e-05
2.511595099178756907e-05
2.397845400886316138e-05
2.291026031461175397e-05
2.190742107433046534e-05
2.096635798611831396e-05
2.008381921014069970e-05
1.925624197442355075e-05
1.847808497665483766e-05
1.774370491625648972e-05
1.704793162881817266e-05
1.638601604947540697e-05
1.575425007300929251e-05
1.515178575046760677e-05
1.457848882971554493e-05
1.403422175690326404e-05
1.351886096412232736e-05
1.303201088330923786e-05
1.257217204426751874e-05
1.213767924867399085e-05
1.172698399003056377e-05
1.133863656774489892e-05
1.097101831664970098e-05
1.062154383448879503e-05
1.028753485855195229e-05
9.966477933371488843e-06
9.656024334097091928e-06
9.354468141563326375e-06
9.062217200250075421e-06
8.780138710712779109e-06
8.509051826055890553e-06
8.249729959561163476e-06
8.002663881692194693e-06
7.767385559933779473e-06
7.543223919455320965e-06
7.329543594735911793e-06
7.125741768751494534e-06
6.931193759490285261e-06
6.745082430690497889e-06
6.566572525730458467e-06
6.394876161542370221e-06
6.229244439938773771e-06
6.069030996022990204e-06
5.913898657403884720e-06
5.763590880313240538e-06
5.617861460402145398e-06
5.476481750892366226e-06
5.339264623693937627e-06
5.206186427113605981e-06
5.077260295513762899e-06
4.952498137143432253e-06
4.831912445093260441e-06
4.715481293024340135e-06
4.603053848723580757e-06
4.494455989259646338e-06
4.389520482703914491e-06
4.288084646437439226e-06
4.189996658309586372e-06
4.095108501172189307e-06
4.003278737945701819e-06
3.914371229436116813e-06
3.828256693922729500e-06
3.744810086834674394e-06
3.663910014918452954e-06
3.585443687775955220e-06
3.509298035064892653e-06
3.435368057882206231e-06
3.363550306372156013e-06
3.293746040962017721e-06
3.225861347680987780e-06
3.159804623035220212e-06
3.095487260208343635e-06
3.032830479526024954e-06
2.971783745305992643e-06
2.912303732603739287e-06
2.854349323241300859e-06
2.797879497352651565e-06
2.742855984288543496e-06
2.689241174348581251e-06
2.636999057072110650e-06
2.586094528095994832e-06
2.536493965227913068e-06
2.488164564968886630e-06
2.441075474544254229e-06
2.395195410041237832e-06
2.350494963795778801e-06
2.306946212917920517e-06
2.264520498204540786e-06
2.223191941601647546e-06
2.182934155696142720e-06
2.143722098396204553e-06
2.105531498724120541e-06
2.068336167394781486e-06
2.032101367655076197e-06
1.996791266402654014e-06
1.962370632154070031e-06
1.928805062773202173e-06
1.896062083180876406e-06
1.864109713042185892e-06
1.832916254043277396e-06
1.802452435712834595e-06
1.772688122423525676e-06
1.743595096118144494e-06
1.715145726389495988e-06
1.687313357530467288e-06
1.660071286295140181e-06
1.633394341112080896e-06
1.607258225000730169e-06
1.581638544190894842e-06
1.556511947628697580e-06
1.531855532589820751e-06
1.507647549657067578e-06
1.483868495690698252e-06
1.460509031061472859e-06
1.437563095618461603e-06
1.415023598126357255e-06
1.392884970092583181e-06
1.371140627959409635e-06
1.349784810992650337e-06
1.328811427317618866e-06
1.308215476455344635e-06
1.287990690879887551e-06
1.268132184739130951e-06
1.248634733483654431e-06
1.229492804900040045e-06
1.210701875558366905e-06
1.192256811422608172e-06
1.174153167172907339e-06
1.156385910502461195e-06
1.138950816576722830e-06
1.121843617955421120e-06
1.105059489811666909e-06
1.088594510821827613e-06
1.072444841291013016e-06
1.056606096732349619e-06
1.041074375973808348e-06
1.025846109316842479e-06
1.010916721689921801e-06
9.962787671283657774e-07
9.819248448249116127e-07
9.678471354559396881e-07
9.540381147279694164e-07
9.404909848691789898e-07
9.271980958916787462e-07
9.141528490903509149e-07
9.013484586429102618e-07
8.887781807866692607e-07
8.764354207746943625e-07
8.643139332079063162e-07
8.524075016111395473e-07
8.407100414243163427e-07
8.292156946024562140e-07
8.179182391324118157e-07
8.068124548013606307e-07
7.958922724452072914e-07
7.851526928678843945e-07
7.745880711443332431e-07
7.641930678667774680e-07
7.539628120921140845e-07
7.438920825914244050e-07
7.339758560775773797e-07
7.242094699176641964e-07
7.145884604972190012e-07
7.051100766332415699e-07
6.957717333843218529e-07
6.865712270014155413e-07
6.775060706330489935e-07
6.685740684683118080e-07
6.597730645012415223e-07
6.511007104447012259e-07
6.425548602444829781e-07
6.341335588442983714e-07
6.258345869523569405e-07
6.176559914842476267e-07
6.095957814478399786e-07
6.016519318824407320e-07
5.938226688087210082e-07
5.861058301036906627e-07
5.784998507334772062e-07
5.710028471840089828e-07
5.636129726701128945e-07
5.563284821263182933e-07
5.491477271111561111e-07
5.420689583588596047e-07
5.350905235329425429e-07
5.282107998226330809e-07
5.214283167815254411e-07
5.147413210904526265e-07
5.081482770561688234e-07
5.016477947446767848e-07
4.952383285580439959e-07
4.889184776038783697e-07
4.826867489899751027e-07
4.765417339731308388e-07
4.704820480189634060e-07
4.645063302851027633e-07
4.586131887937101311e-07
4.528014179229406881e-07
4.470696169557805187e-07
4.414165692033841378e-07
4.358411282153646179e-07
4.303418573045934586e-07
4.249176526163728809e-07
4.195673257148755600e-07
4.142896586700639049e-07
4.090836006075685180e-07
4.039478752369481314e-07
3.988815154932275223e-07
3.938833784813239332e-07
3.889523413661928511e-07
3.840873464511033321e-07
3.792873979161209094e-07
3.745515197398766951e-07
3.698786401077257203e-07
3.652678424312996954e-07
3.607180948488352593e-07
3.562285957034568324e-07
3.517983013869034659e-07
3.474263947153618114e-07
3.431119870292078282e-07
3.388541632571178110e-07
3.346521427958011489e-07
3.305049192615183035e-07
3.264118552393293461e-07
3.223719342531479412e-07
3.183845014837875711e-07
3.144486458842682723e-07
3.105636580544422794e-07
3.067287639687395186e-07
3.029431652667196947e-07
2.992060767193461686e-07
2.955169011297738881e-07
2.918747338613524584e-07
2.882789288388721689e-07
2.847288808332226007e-07
2.812236898851211743e-07
2.777628712838199940e-07
2.743456151939753559e-07
2.709712886773376890e-07
2.676392350514537682e-07
2.643488384036981012e-07
2.610993976616667335e-07
2.578903462319196587e-07
2.547210328093602887e-07
2.515908462066237249e-07
2.484991543878567406e-07
2.454454807617780547e-07
2.424290925759311812e-07
2.394494995563600646e-07
2.365060469427453890e-07
2.335982859484954770e-07
2.307255785111572012e-07
2.278874604368668069e-07
2.250832841531050193e-07
2.223125993178388579e-07
2.195748547224010808e-07
2.168695075811316704e-07
2.141960995887461149e-07
2.115540764247219875e-07
2.089429921618937160e-07
2.063623316252285968e-07
2.038115874102864638e-07
2.012903411611248479e-07
1.987983134259637917e-07
1.963351911662039799e-07
1.939007361703988941e-07
1.914947125054854626e-07
1.891168191910440896e-07
1.867667829776037617e-07
1.844444662555231091e-07
1.821495346786779792e-07
1.798817467882991540e-07
1.776408852994617243e-07
1.754267349273406847e-07
1.732390207104898863e-07
1.710774930238067929e-07
1.689420264240963669e-07
1.668322755766823573e-07
1.647480994317148814e-07
1.626892785583683386e-07
1.606555581650696658e-07
1.586467257326093702e-07
1.566626085619514477e-07
1.547029612720011223e-07
1.527675972939750952e-07
1.508562958737978342e-07
1.489688750060065077e-07
1.471051542465641396e-07
1.452648857521526349e-07
1.434479288024939485e-07
1.416540583951701763e-07
1.398831033388723511e-07
1.381348610928419425e-07
1.364091807454251830e-07
1.347058480222351904e-07
1.330246997995564942e-07
1.313655587086515844e-07
1.297282187044416528e-07
1.281125533810023517e-07
1.265183610101032578e-07
1.249454878810495037e-07
1.233937522359754117e-07
1.218630183982923055e-07
1.203530940424365253e-07
1.188638325019201569e-07
1.173950464779800385e-07
1.159466344711375477e-07
1.145183989212077362e-07
1.131101863776434173e-07
1.117218318890398474e-07
1.103532383821476743e-07
1.090042044100016395e-07
1.076745620450535392e-07
1.063638405912691922e-07
1.050715532090746206e-07
1.037972057833934715e-07
1.025402854378465425e-07
1.013003461031929635e-07
1.000768859720806030e-07
9.886943321955258684e-08
9.767753288167886385e-08
9.650071171662953391e-08
9.533852480126978013e-08
9.419050935354487368e-08
9.305623021454900867e-08
9.193525660530693414e-08
9.082710815934819692e-08
8.973139661057829203e-08
8.864767318451322925e-08
8.757552598204054962e-08
8.651452664352922376e-08
8.546427213336086170e-08
8.442434333828641932e-08
8.339434584682173790e-08
8.237387932687499541e-08
8.136251875763627995e-08
8.035992111218202712e-08
7.936566035352933899e-08
7.837938159678137321e-08
7.740067747856681145e-08
7.642920048882885475e-08
7.546454297069020265e-08
7.450637377586743143e-08
7.355432885701419498e-08
7.260800486936179323e-08
7.166709807336307263e-08
7.073123856547146936e-08
6.980005270444611392e-08
6.887322903140849214e-08
6.795040947781075383e-08
6.703126425024555239e-08
6.611544303844816123e-08
6.520263854362173738e-08
6.429250737761091795e-08
6.338472541294358652e-08
6.247897924022912158e-08
6.157494365245547560e-08
6.067230429299933058e-08
5.977075707854408634e-08
5.886998665024814123e-08
5.796969494211153930e-08
5.706957974004253052e-08
5.616943357386541134e-08
5.526954390777432957e-08
5.437026634215062957e-08
5.347197271951388569e-08
5.257502459318148786e-08
5.167976766712671479e-08
5.078656306049739571e-08
4.989576798064919259e-08
4.900772994774293541e-08
4.812278736564343897e-08
4.724128130913976803e-08
4.636355503960433360e-08
4.548993191380562672e-08
4.462075407657738406e-08
4.375635444952527395e-08
4.289704200523362838e-08
4.204314878523806444e-08
4.119497846759572299e-08
4.035287122980165259e-08
3.951711999490908809e-08
3.868803927428365259e-08
3.786594473857262009e-08
3.705112636962890506e-08
3.624388965740839390e-08
3.544454107669110421e-08
3.465336707747595355e-08
3.387065611457898939e-08
3.309670999533101084e-08
3.233180367594991549e-08
3.157622552855841237e-08
3.083026091694632107e-08
3.009418866348860869e-08
2.936827803354717789e-08
2.865281344261735626e-08
2.794805584580554111e-08
2.725428089338082689e-08
2.657174848260203148e-08
2.590072902327150670e-08
2.524148088057469260e-08
2.459426911514866130e-08
2.395934159276791627e-08
2.333695861448153949e-08
2.272736678639999276e-08
2.213081889856280176e-08
2.154756776005689081e-08
2.097785343986228757e-08
2.042191677680485881e-08
1.988000613547671467e-08
1.935235316712378623e-08
1.883919709692430006e-08
1.834068913002960141e-08
1.785663489504107880e-08
1.738675232886719145e-08
1.693077030816465888e-08
1.648841578419795385e-08
1.605941238978273208e-08
1.564349974130956059e-08
1.524040814979495158e-08
1.484987416316245298e-08
1.447163662284705653e-08
1.410543831498940308e-08
1.375101919963738025e-08
1.340812975688523389e-08
1.307651285909095940e-08
1.275592160243632156e-08
1.244610501420376294e-08
1.214682175653943492e-08
1.185782231222742250e-08
1.157887079679519707e-08
1.130972479524995833e-08
1.105014681614453416e-08
1.079990138327328215e-08
1.055875752383331270e-08
1.032647742733252494e-08
1.010283898530163033e-08
9.887609639238088477e-09
9.680566055646098890e-09
9.481482090482385907e-09
9.290139178819021834e-09
9.106313847376919853e-09
8.929790023927905313e-09
8.760350160718247685e-09
8.597778587267484311e-09
8.441864493395595014e-09
8.292395724032868604e-09
8.149164842245419476e-09
8.011960289991633853e-09
7.880579027817894769e-09
7.754816751172886796e-09
7.634469014769048133e-09
7.519336713988132866e-09
7.409218749821303961e-09
7.303918350526236624e-09
7.203241152450318240e-09
7.106990908882143779e-09
7.014974705115080255e-09
6.927000358259226232e-09
6.842880518027913005e-09
6.762424418558817016e-09
6.685446095956803933e-09
6.611785370753022038e-09
6.541371826190256123e-09
6.474167651770048497e-09
6.410127566375059431e-09
6.349211273415042776e-09
6.291375758916132396e-09
6.236582097081973805e-09
6.184787199860537802e-09
6.135952020799688846e-09
6.090034166477442340e-09
6.046996653033826419e-09
6.006798444187625899e-09
5.969400271095964936e-09
5.934763170729006831e-09
5.902849184533639841e-09
5.873618545511853015e-09
5.847035285834840399e-09
5.823058850695204769e-09
5.801653848240214715e-09
5.782783082487065161e-09
5.766408274120668972e-09
5.752494176926825360e-09
5.741003082660085874e-09
5.731900977757015240e-09
5.725149348543614140e-09
5.720715405580340585e-09
5.718562543279484399e-09
5.718655785952157180e-09
5.720959742533799119e-09
5.725442004401131337e-09
5.732066342282316492e-09
5.740799504441536903e-09
5.751607813956007532e-09
5.764459216896659057e-09
5.779318488521552741e-09
5.796152697729730141e-09
5.814930540024517452e-09
5.835619585002866872e-09
5.858186251742813360e-09
5.882599973380994052e-09
5.908829038354973114e-09
5.936839853392813526e-09
5.966603981334120319e-09
5.998088281100160663e-09
6.031263379634318627e-09
6.066097998219890937e-09
6.102561791216650724e-09
6.140623904686588878e-09
6.180255889742217031e-09
6.221427334392171048e-09
6.264108536184487876e-09
6.308270582994171173e-09
6.353880063129443297e-09
6.400909024217894191e-09
6.449327498684491378e-09
6.499103417889123129e-09
6.550209527688711828e-09
6.602616504038854734e-09
6.656293651287614469e-09
6.711214420239565435e-09
6.767346915377984123e-09
6.824665018201145535e-09
6.883140439768767212e-09
6.942742616645233412e-09
7.003446927415262851e-09
7.065224024100334968e-09
7.128046391154567383e-09
7.191886707037380768e-09
7.256717842510205749e-09
7.322512858951097449e-09
7.389245006687050035e-09
7.456887723343785457e-09
7.525416421725111254e-09
7.594801346655607755e-09
7.665019172492969638e-09
7.736043175426425538e-09
7.807846777338144996e-09
7.880407291265079491e-09
7.953696636330150213e-09
8.027691574265577459e-09
8.102365257003169298e-09
8.177694826354583943e-09
8.253655703415794453e-09
8.330220507005152683e-09
8.407368911251076345e-09
8.485073840858703728e-09
8.563313365216834511e-09
8.642060653411037285e-09
8.721296182585901844e-09
8.800994462252165728e-09
8.881132197333129376e-09
8.961686250376464311e-09
9.042633640226300393e-09
9.123951540708703480e-09
9.205618373964811795e-09
9.287609440379180350e-09
9.369903455884498710e-09
9.452480449354920877e-09
9.535313873961886079e-09
9.618385178639581901e-09
9.701672745312770003e-09
9.785153288976310059e-09
9.868806060424597380e-09
9.952613998273272938e-09
1.003655313623442732e-08
1.012060674430348801e-08
1.020475106558361318e-08
1.028896602656560129e-08
1.037323291909634896e-08
1.045753444947104751e-08
1.054184726591540445e-08
1.062615434312703642e-08
1.071043504263670966e-08
1.079466752872916548e-08
1.087883777330950107e-08
1.096292421074269648e-08
1.104690794622286918e-08
1.113077020744429472e-08
1.121449234361271411e-08
1.129805582446617370e-08
1.138144223930532958e-08
1.146463602283647664e-08
1.154761356675361055e-08
1.163035952032192120e-08
1.171285733451372847e-08
1.179508640612725947e-08
1.187703181757812200e-08
1.195867599786404499e-08
1.203999719229681740e-08
1.212098229054499386e-08
1.220161405497921459e-08
1.228187243590512387e-08
1.236174329653377344e-08
1.244120676534573322e-08
1.252024895823366290e-08
1.259885317556905389e-08
1.267699829964794473e-08
1.275467230736660302e-08
1.283185881184876506e-08
1.290853692299728657e-08
1.298469655353790130e-08
1.306031698917134811e-08
1.313538531908920291e-08
1.320988409019415925e-08
1.328379749251659792e-08
1.335710663696642628e-08
1.342980224608211608e-08
1.350186564212579487e-08
1.357328140294292056e-08
1.364403582422258079e-08
1.371411100850871584e-08
1.378349628603416985e-08
1.385218001875525501e-08
1.392015395119126434e-08
1.398739998098587544e-08
1.405391164905606825e-08
1.411967426422129401e-08
1.418468157754205502e-08
1.424891563783050508e-08
1.431237035616214564e-08
1.437503467260142146e-08
1.443689415952141201e-08
1.449794129473578586e-08
1.455816002232435746e-08
1.461754469829620420e-08
1.467608633742027406e-08
1.473376903612005965e-08
1.479058215023579102e-08
1.484651863165744044e-08
1.490156445878418263e-08
1.495571451493507852e-08
1.500895132584929980e-08
1.506126991822966443e-08
1.511266006215138848e-08
1.516310978432811711e-08
1.521260533818243891e-08
1.526114388236081484e-08
1.530871180158865571e-08
1.535529732037914088e-08
1.540089419585275076e-08
1.544549077496752408e-08
1.548907728339839949e-08
1.553164400420387288e-08
1.557318127740676903e-08
1.561367949957879513e-08
1.565312912342865776e-08
1.569152065739377315e-08
1.572884653617958674e-08
1.576509364090000092e-08
1.580025451126161663e-08
1.583432364161994850e-08
1.586728428687503129e-08
1.589913293158576262e-08
1.592985668435252216e-08
1.595945216942705985e-08
1.598790469392727837e-08
1.601520529130253904e-08
1.604134886363719145e-08
1.606632656645138535e-08
1.609012577717872967e-08
1.611274453172201555e-08
1.613418508158503242e-08
1.615446026547112186e-08
1.617357519422777489e-08
1.619154261426438898e-08
1.620836752606310284e-08
1.622406258407955948e-08
1.623863268094609087e-08
1.625209231280589427e-08
1.626444433655787279e-08
1.627569735109279982e-08
1.628586571976695271e-08
1.629495214115901268e-08
1.630296895007928989e-08
1.630991874031391839e-08
1.631581763590705682e-08
1.632067007597169700e-08
1.632448239007667092e-08
1.632726668733919194e-08
1.632902920604712658e-08
1.632977808060735112e-08
1.632952140034777083e-08
1.632826720982874682e-08
1.632601962477594503e-08
1.632279437064778113e-08
1.631859741596088282e-08
1.631343274602706479e-08
1.630731012796191710e-08
1.630023734411942655e-08
1.629222213419602130e-08
1.628327606980452741e-08
1.627339905529455995e-08
1.626260258053230477e-08
1.625089615078302593e-08
1.623828342867716126e-08
1.622477769911900796e-08
1.621037868698599804e-08
1.619509959132700706e-08
1.617894392546912181e-08
1.616192479219470579e-08
1.614404370607720782e-08
1.612530792306448647e-08
1.610573040891712828e-08
1.608531258017108294e-08
1.606406539960622740e-08
1.604199213730163506e-08
1.601910366968048644e-08
1.599540320154593251e-08
1.597090152319879436e-08
1.594560177594821303e-08
1.591951444953750133e-08
1.589264155248786430e-08
1.586499242410179081e-08
1.583656881128199213e-08
1.580738186209060519e-08
1.577743139080505184e-08
1.574672284583565564e-08
1.571526725654363269e-08
1.568306251724562120e-08
1.565012145121509624e-08
1.561644378487498747e-08
1.558203853407941527e-08
1.554690540554051841e-08
1.551105704705661498e-08
1.547449496395784722e-08
1.543722250542949540e-08
1.539924850810694167e-08
1.536057626281901230e-08
1.532120722903918313e-08
1.528115378647729010e-08
1.524041733236517705e-08
1.519900289285531538e-08
1.515691546808479367e-08
1.511416003234325521e-08
1.507074153423956823e-08
1.502666489686717606e-08
1.498193501796816008e-08
1.493655677009614470e-08
1.489053500077774810e-08
1.484387806493396554e-08
1.479658368474996726e-08
1.474866017698520108e-08
1.470011229065068889e-08
1.465094649371250863e-08
1.460116399455681294e-08
1.455077468154706138e-08
1.449977627040951838e-08
1.444817686504783051e-08
1.439598278421778912e-08
1.434319517843706156e-08
1.428982372666565031e-08
1.423586784522494369e-08
1.418133206659747547e-08
1.412622426253526184e-08
1.407054888126934458e-08
1.401430534568894262e-08
1.395750310144595513e-08
1.390014652920921727e-08
1.384223669315081895e-08
1.378378125107699921e-08
1.372478253589104811e-08
1.366525454563051554e-08
1.360520597438642964e-08
1.354465196053495963e-08
1.348360110805103698e-08
1.342206840856610506e-08
1.336006237788329003e-08
1.329759786187928244e-08
1.323468329008555614e-08
1.317133336361478789e-08
1.310755954689769885e-08
1.304336859135474310e-08
1.297877655005647231e-08
1.291379164488637735e-08
1.284842974822757609e-08
1.278269745752998862e-08
1.271660897492330844e-08
1.265017085870058825e-08
1.258340018916556130e-08
1.251630344013529315e-08
1.244889453417258369e-08
1.238117991004541496e-08
1.231317630664540436e-08
1.224489008132733189e-08
1.217633488108397273e-08
1.210751991348833210e-08
1.203845293462084757e-08
1.196915026066671759e-08
1.189961952886052363e-08
1.182987120711561544e-08
1.175991571290607262e-08
1.168976202254992886e-08
1.161942324395562064e-08
1.154890824572261539e-08
1.147822724657427526e-08
1.140739041628772678e-08
1.133640652699926315e-08
1.126528835790172756e-08
1.119404457624678923e-08
1.112268515892686812e-08
1.105122266545262537e-08
1.097966170071296624e-08
1.090801474705555933e-08
1.083629159303527708e-08
1.076450198081689993e-08
1.069265687885639336e-08
1.062076338399131086e-08
1.054883238180772435e-08
1.047687592510680955e-08
1.040489852410055096e-08
1.033291130749318313e-08
1.026092067230900194e-08
1.018892847015903571e-08
1.011694262058417987e-08
1.004496255282061683e-08
9.972996120721607010e-09
9.901045164410951159e-09
9.829117421158657272e-09
9.757213539239191230e-09
9.685337707812094365e-09
9.613497528722987715e-09
9.541693669135537501e-09
9.469930260412666875e-09
9.398214770092240881e-09
9.326547885124329180e-09
9.254935882790467888e-09
9.183379489260123944e-09
9.111886020302622898e-09
9.040459443583398125e-09
8.969101573713771847e-09
8.897818510441747090e-09
8.826612065888231899e-09
8.755488269638805250e-09
8.684448931668236892e-09
8.613500011888454503e-09
8.542643318459204971e-09
8.471884742109314213e-09
8.401226089501631648e-09
8.330673182674250766e-09
8.260229793138227102e-09
8.189896751267464260e-09
8.119680768393198913e-09
8.049583648744614201e-09
7.979611044799835025e-09
7.909766642947762749e-09
7.840051313810674542e-09
7.770470634509502561e-09
7.701030099281908236e-09
7.631730578702620738e-09
7.562575725923406987e-09
7.493571853085020526e-09
7.424719856035734615e-09
7.356025089978603865e-09
7.287488492323330851e-09
7.219117096289114839e-09
7.150911831940367354e-09
7.082877925627532309e-09
7.015016348996542765e-09
6.947333942511994504e-09
6.879832489711017773e-09
6.812514725082879297e-09
6.745386172332692866e-09
6.678449980668051064e-09
6.611708526748631749e-09
6.545168906812863128e-09
6.478833446766249390e-09
6.412706044848221391e-09
6.346790582102190459e-09
6.281090174939614496e-09
6.215610173147339861e-09
6.150353651396734055e-09
6.085324422885752821e-09
6.020526284082819228e-09
5.955963014818278414e-09
5.891638378375283228e-09
5.827556121580057006e-09
5.763719974891577321e-09
5.700133652490675739e-09
5.636800852368565175e-09
5.573725256414754300e-09
5.510910530504435036e-09
5.448360324585281101e-09
5.386078272763663389e-09
5.324068627039822609e-09
5.262333715448754239e-09
5.200877766113769129e-09
5.139704350627729258e-09
5.078817025165062575e-09
5.018220525072392602e-09
4.957915972567781016e-09
4.897908086996546142e-09
4.838200939515755805e-09
4.778796851709946014e-09
4.719699871904047541e-09
4.660914560105504646e-09
4.602442119231000392e-09
4.544287634674748593e-09
4.486453424310831792e-09
4.428944482105395838e-09
4.371762063407648580e-09
4.314911112816623320e-09
4.258393945279682081e-09
4.202215415977442870e-09
4.146376831439319959e-09
4.090882998560003423e-09
4.035736229307006613e-09
3.980941243208215714e-09
3.926499863923494076e-09
3.872415361772955518e-09
3.818691902122570639e-09
3.765332303705847905e-09
3.712336949007060130e-09
3.659706751829478844e-09
3.607443910048093469e-09
3.555548004281955835e-09
3.504020770824104722e-09
3.452862249417134109e-09
3.402073334585731082e-09
3.351656113697009121e-09
3.301610240922980091e-09
3.251937373562474073e-09
3.202637593342378602e-09
3.153712526715122024e-09
3.105162271713420719e-09
3.056988424373632083e-09
3.009191098751607404e-09
2.961771860898669090e-09
2.914730840608566644e-09
2.868069574379344747e-09
2.821788207454895248e-09
2.775888247212442981e-09
2.730369854055792591e-09
2.685234506674508398e-09
2.640483008911477394e-09
2.596115234492417881e-09
2.552132939501354249e-09
2.508536320956146600e-09
2.465326787727108863e-09
2.422505127643333236e-09
2.380071275642931120e-09
2.338026893450615401e-09
2.296372212831259039e-09
2.255108843978880488e-09
2.214236753876834019e-09
2.173756740889341688e-09
2.133670361810720370e-09
2.093977617833805868e-09
2.054679297379557132e-09
2.015776905250943031e-09
1.977270475731806568e-09
1.939161249074093869e-09
1.901449294603265305e-09
1.864136285352068780e-09
1.827222297968511761e-09
1.790708524512435818e-09
1.754595075091892530e-09
1.718883540282098383e-09
1.683574037065373512e-09
1.648667711075875554e-09
1.614165095428864391e-09
1.580066244517004304e-09
1.546371131859665566e-09
1.513078285908744986e-09
1.480186447526758236e-09
1.447694894316942975e-09
1.415602371820498758e-09
1.383907480488533670e-09
1.352609820841349772e-09
1.321707994251651189e-09
1.291200943297083706e-09
1.261087464625645366e-09
1.231366812914840255e-09
1.202037789528568672e-09
1.173099353644899623e-09
1.144550468540967517e-09
1.116390101572809839e-09
1.088616964991135658e-09
1.061230559097600005e-09
1.034229597589778845e-09
1.007613063940303366e-09
9.813799456016612331e-10
9.555292339867336438e-10
9.300599244494507824e-10
9.049710162655549059e-10
8.802615126134809955e-10
8.559304205553457677e-10
8.319767510180500092e-10
8.083995187744888596e-10
7.851977424248740729e-10
7.623704443781637093e-10
7.399166508335977061e-10
7.178353917623472897e-10
6.961257837535666107e-10
6.747866959990226952e-10
6.538172551249159524e-10
6.332165060085905788e-10
6.129834972091279399e-10
5.931174221557184960e-10
5.736170496633100084e-10
5.544815851655548858e-10
5.357100917720249702e-10
5.173016361864177146e-10
4.992553481197177140e-10
4.815701804464104529e-10
4.642452721280226761e-10
4.472798105604795005e-10
4.306726632338704451e-10
4.144230285841270493e-10
3.985300454374180316e-10
3.829927119076240385e-10
3.678099868918510655e-10
3.529794140894976237e-10
3.384985399379997932e-10
3.243648679665342861e-10
3.105757938417798558e-10
2.971289127019106014e-10
2.840215735733824869e-10
2.712513857955991526e-10
2.588157958515318019e-10
2.467124182225912076e-10
2.349386639108062741e-10
2.234921617227055772e-10
2.123704069664386668e-10
2.015710346567244835e-10
1.910915372943122947e-10
1.809294960932803650e-10
1.710825622248722915e-10
1.615482666741871940e-10
1.523242174465319681e-10
1.434080824996263345e-10
1.347974299098338675e-10
1.264898941030245935e-10
1.184831604366573259e-10
1.107748327147170395e-10
1.033625714192000481e-10
9.624407990401271933e-11
8.941699636617959410e-11
8.287902671792809229e-11
7.662783369259479276e-11
7.066114777165129419e-11
6.497667621808720114e-11
5.957212078446220431e-11
5.444522266267886614e-11
4.959370300514395706e-11
4.501530659255921476e-11
4.070780086614048081e-11
3.666892939276528146e-11
3.289646933143973748e-11
2.938818851901844551e-11
2.614187868458645716e-11
2.315532562803259553e-11
2.042633574945327921e-11
1.795271241455408649e-11
1.573227679281007125e-11
1.376284942434131274e-11
1.204226634381359784e-11
1.056836488012311162e-11
9.338996026393251464e-12
8.352013520371005696e-12
7.605283404368634474e-12
7.096558934685533715e-12
6.823139557424337058e-12
6.782214784501130980e-12
6.970987615391054201e-12
7.386669661034692636e-12
8.026479917760676739e-12
8.887652703109743450e-12
9.967427630266984815e-12
1.126305855199434846e-11
1.277180443372310292e-11
1.449094124603716223e-11
1.641774565765156840e-11
1.854950798764306250e-11
2.088353311459634886e-11
2.341712672570990164e-11
2.614761725977224475e-11
2.907232603161250171e-11
3.218859123501710327e-11
3.549377312127627635e-11
3.898521842413643723e-11
4.266029355922024079e-11
4.651637973979792632e-11
5.055087533968028745e-11
5.476115945423935453e-11
5.914464963688268881e-11
6.369873896302249286e-11
6.842087193895571929e-11
7.330848277661044053e-11
7.835898692185874664e-11
8.356987119658669606e-11
8.893856732699669568e-11
9.446254209065459734e-11
1.001393068627973968e-10
1.059663144465542956e-10
1.119410848196314478e-10
1.180610822317684806e-10
1.243238744808888587e-10
1.307269411647058599e-10
1.372678431540532483e-10
1.439440705672467886e-10
1.507532381558581122e-10
1.576928696558228290e-10
1.647605104286812394e-10
1.719537723445897602e-10
1.792701759228419527e-10
1.867073951869918251e-10
1.942629880262950919e-10
2.019345376039539264e-10
2.097197066147618451e-10
2.176160439538401274e-10
2.256213054227004494e-10
2.337331911298596181e-10
2.419494520604928514e-10
2.502679323255052652e-10
2.586863992566029640e-10
2.672026556466350085e-10
2.758144462155565949e-10
2.845197182012694014e-10
2.933162334791099043e-10
3.022018250512376489e-10
3.111742963438442157e-10
3.202315682846365865e-10
3.293714602141433202e-10
3.385918348267429075e-10
3.478905621602953774e-10
3.572654344954009360e-10
3.667145043511116825e-10
3.762355807711361201e-10
3.858265628546069940e-10
3.954853568883627458e-10
4.052098763162688319e-10
4.149980417086980162e-10
4.248477301510628319e-10
4.347569763581975545e-10
4.447236726903054761e-10
4.547457679219349264e-10
4.648212178038614365e-10
4.749479850334887354e-10
4.851240392254024125e-10
4.953473568820715937e-10
5.056159213646996140e-10
5.159277228642246158e-10
5.262807583724633536e-10
5.366730316534049245e-10
5.471025532146485319e-10
5.575673402789841449e-10
5.680654167561186372e-10
5.785948132145442023e-10
5.891535668535479053e-10
5.997397214753635102e-10
6.103513274574628944e-10
6.209864417249864285e-10
6.316432029264702837e-10
6.423195318651246593e-10
6.530135788791314192e-10
6.637234268111470187e-10
6.744471649157130547e-10
6.851828888325095872e-10
6.959287005597368809e-10
7.066828767035503166e-10
7.174432592141858637e-10
7.282084408317281310e-10
7.389769150176432195e-10
7.497471802428334185e-10
7.605178305149016579e-10
7.712871944476104892e-10
7.820538746813325958e-10
7.928163895177885533e-10
8.035732621652759399e-10
8.143232146277328325e-10
8.250643946051773645e-10
8.357955312534450738e-10
8.465152679929401396e-10
8.572219519617233058e-10
8.679142348963290403e-10
8.785908830029147642e-10
8.892500421305949298e-10
8.998904854176034465e-10
9.105108924467686397e-10
9.211096235282495669e-10
9.316853663390573944e-10
9.422369304349466814e-10
9.527624593962083259e-10
9.632607695101036867e-10
9.737305757351655419e-10
9.841702510411354287e-10
9.945787551081232889e-10
1.004954229426937288e-09
1.015295646452452783e-09
1.025601387355054881e-09
1.035870197984702571e-09
1.046100958109043894e-09
1.056291807049885654e-09
1.066441757988984833e-09
1.076549202126244524e-09
1.086613172323016490e-09
1.096631806171137865e-09
1.106604148858752520e-09
1.116528599464413001e-09
1.126404222524334309e-09
1.136229289241488877e-09
1.146002470415135081e-09
1.155722853972079213e-09
1.165388574638172801e-09
1.174998732301220501e-09
1.184551739600775862e-09
1.194046715143986476e-09
1.203481935484398105e-09
1.212856101092528867e-09
1.222168353191690477e-09
1.231417052356163553e-09
1.240601319393395084e-09
1.249720805903375394e-09
1.258773979971849321e-09
1.267760951136361149e-09
1.276680336971687274e-09
1.285531658927790662e-09
1.294313678805406547e-09
1.303026079270540756e-09
1.311668089375572576e-09
1.320238468987291452e-09
1.328736917483035223e-09
1.337162671183595435e-09
1.345514648371104846e-09
1.353792084194765542e-09
1.361994702777585661e-09
1.370121263482238523e-09
1.378171336932601684e-09
1.386143678553894095e-09
1.394038030723287337e-09
1.401853648710976532e-09
1.409589454407633879e-09
1.417245039696751527e-09
1.424819157811058444e-09
1.432311576808395981e-09
1.439721563490419484e-09
1.447048042308949401e-09
1.454290625700921359e-09
1.461448239216149974e-09
1.468520503311444666e-09
1.475506168990974591e-09
1.482405038659784066e-09
1.489216394872838270e-09
1.495939166124180647e-09
1.502572992407582373e-09
1.509116803478861787e-09
1.515570246938640583e-09
1.521932253855127388e-09
1.528202479315450803e-09
1.534379855752503476e-09
1.540464045618541674e-09
1.546453982765097198e-09
1.552349336887154205e-09
1.558149043310494380e-09
1.563852778849400980e-09
1.569459480361159707e-09
1.574968831654911662e-09
1.580379771178326108e-09
1.585691989609950121e-09
1.590904427048334861e-09
1.596016893186160791e-09
1.601028890500470968e-09
1.605940794070191361e-09
1.610752216464730161e-09
1.615463535139055319e-09
1.620074360406006667e-09
1.624585072000794424e-09
1.628995278074950252e-09
1.633305360548113891e-09
1.637515315473204037e-09
1.641624552429403781e-09
1.645633650915609486e-09
1.649542214096938507e-09
1.653350628934871989e-09
1.657058496766737516e-09
1.660666206403038903e-09
1.664173357448636601e-09
1.667580539032265965e-09
1.670887151344387831e-09
1.674093187888338900e-09
1.677199041677818436e-09
1.680204308403631392e-09
1.683109583008009606e-09
1.685914260036261298e-09
1.688618333254712635e-09
1.691222199281067712e-09
1.693725450488118762e-09
1.696128686733497852e-09
1.698431297812303009e-09
1.700633277752332604e-09
1.702735026175981709e-09
1.704736538717825529e-09
1.706637201301915023e-09
1.708437617819040390e-09
1.710137783844314541e-09
1.711737083418794697e-09
1.713236122412079195e-09
1.714634896339260928e-09
1.715932787680840653e-09
1.717130403961718231e-09
1.718227331436856221e-09
1.719224178947381024e-09
1.720120327751255193e-09
1.720916182441460626e-09
1.721611123344917639e-09
1.722205760326440753e-09
1.722700088717808471e-09
1.723093488253030661e-09
1.723386569481449370e-09
1.723579327672673653e-09
1.723671236262904747e-09
1.723663580716978281e-09
1.723556302245906672e-09
1.723349956201679765e-09
1.723045711894620257e-09
1.722643505729499019e-09
1.722144298400047341e-09
1.721548023490827901e-09
1.720856048299569750e-09
1.720068303397668264e-09
1.719185742462000297e-09
1.718208293704445487e-09
1.717137316521648015e-09
1.715972736295576291e-09
1.714715499417302401e-09
1.713365529359823201e-09
1.711924176994055254e-09
1.710391363142429766e-09
1.708768026647854080e-09
1.707054086864295439e-09
1.705250885527065417e-09
1.703358339515050939e-09
1.701377379867168322e-09
1.699307922424450283e-09
1.697151299191309643e-09
1.694907423705378484e-09
1.692577218952223537e-09
1.690161000379933766e-09
1.687658882098707261e-09
1.685072183134240121e-09
1.682400813673995473e-09
1.679645686295992664e-09
1.676807110431822268e-09
1.673885196043325900e-09
1.670881248297756917e-09
1.667795174926263758e-09
1.664627877732088449e-09
1.661379660515443372e-09
1.658050629713712988e-09
1.654642075783483996e-09
1.651154101488610458e-09
1.647587007640067374e-09
1.643941682643867192e-09
1.640218424036285020e-09
1.636417334823886050e-09
1.632539686723728149e-09
1.628585579017837396e-09
1.624555306769644451e-09
1.620449744497597508e-09
1.616269183995905960e-09
1.612014188185042229e-09
1.607685249579166273e-09
1.603284086387539611e-09
1.598811263351876682e-09
1.594267726434720593e-09
1.589654229606530459e-09
1.584972092610910985e-09
1.580222063512588788e-09
1.575405077561124185e-09
1.570521693307983728e-09
1.565573589968492555e-09
1.560561319650354811e-09
1.555485807041138677e-09
1.550347974211280497e-09
1.545148556622350844e-09
1.539888839766375188e-09
1.534569553297606039e-09
1.529191608909890627e-09
1.523755915725776768e-09
1.518263018705456860e-09
1.512714546377406600e-09
1.507111037296224779e-09
1.501453390389169273e-09
1.495742502057071229e-09
1.489979266183198519e-09
1.484164574142076787e-09
1.478299138766365011e-09
1.472384199227514567e-09
1.466420462686052701e-09
1.460408810568943096e-09
1.454350121837978121e-09
1.448245272998381097e-09
1.442095138107380438e-09
1.435900588782735400e-09
1.429662494211237225e-09
1.423381721157168716e-09
1.417059133970732586e-09
1.410695594596438453e-09
1.404291628120920417e-09
1.397848762157690230e-09
1.391367515498521198e-09
1.384848740548172800e-09
1.378293287347146553e-09
1.371702003579870544e-09
1.365075734582852331e-09
1.358415323352789449e-09
1.351721610554655101e-09
1.344995434529748277e-09
1.338237631303703763e-09
1.331449034594481251e-09
1.324630432093367749e-09
1.317782434533163833e-09
1.310905607297666970e-09
1.304000514214381040e-09
1.297067717559858889e-09
1.290107778065029787e-09
1.283121254920500413e-09
1.276108857749486957e-09
1.269070837904436209e-09
1.262007902789295854e-09
1.254920605486033700e-09
1.247809497562484542e-09
1.240675129077517551e-09
1.233518048586190854e-09
1.226338803144882121e-09
1.219137938316397853e-09
1.211915998175060955e-09
1.204673525311781769e-09
1.197411060839102840e-09
1.190129427855874283e-09
1.182828595874991223e-09
1.175509386797919514e-09
1.168172335873925488e-09
1.160817976898836425e-09
1.153446842219968063e-09
1.146059462741029165e-09
1.138656367927005599e-09
1.131238220526385322e-09
1.123805276821491634e-09
1.116358197591015245e-09
1.108897506593574945e-09
1.101423726173199833e-09
1.093937637815545746e-09
1.086439238161078805e-09
1.078929307673049888e-09
1.071408363084734202e-09
1.063876919738459947e-09
1.056335617388464479e-09
1.048784716113685355e-09
1.041224853807829939e-09
1.033656540296046720e-09
1.026080284035712924e-09
1.018496834705802061e-09
1.010906211064539933e-09
1.003309161884403982e-09
9.957061901974193224e-10
9.880979153630700924e-10
9.804846014761266825e-10
9.728668661254619056e-10
9.652452069897823359e-10
9.576205968491669238e-10
9.499943131293945666e-10
9.423685645379574253e-10
9.347454359324891167e-10
9.271266720563152053e-10
9.195143481941338247e-10
9.119104221891646313e-10
9.043170620791922639e-10
8.967357827414483617e-10
8.891687436799990694e-10
8.816179870458434962e-10
8.740852339858724318e-10
8.665725173100677849e-10
8.590819634599070150e-10
8.516150781655004527e-10
8.441739795134457863e-10
8.367606737944541762e-10
8.293768624386550624e-10
8.220245425802905354e-10
8.147057998741716398e-10
8.074221311134280828e-10
8.001757090500572429e-10
7.929682189559229465e-10
7.858016287779304335e-10
7.786779908608713519e-10
7.715987945595516682e-10
7.645661751908627222e-10
7.575818020472361772e-10
7.506476144027321839e-10
7.437656319601037022e-10
7.369373365164067921e-10
7.301648267510271820e-10
7.234497560923794353e-10
7.167940356760970529e-10
7.101996532780516066e-10
7.036680829001738501e-10
6.972013874566919863e-10
6.908012045649078827e-10
6.844695808075152264e-10
6.782079837013227126e-10
6.720184482263158454e-10
6.659025993476775600e-10
6.598624561322752328e-10
6.538994793265421629e-10
6.480156766192133576e-10
6.422126602865957052e-10
6.364924225514756854e-10
6.308564170464541266e-10
6.253065503788314749e-10
6.198446454791628924e-10
6.144717681820533392e-10
6.091860583574494331e-10
6.039854232130706630e-10
5.988674118702650455e-10
5.938299378531587515e-10
5.888704225413501638e-10
5.839867894743940708e-10
5.791766162068076853e-10
5.744378327823497737e-10
5.697678933688816393e-10
5.651647379815010085e-10
5.606259720217006520e-10
5.561495421597580388e-10
5.517330002267264228e-10
5.473741056834582174e-10
5.430708177116902419e-10
5.388206458965781556e-10
5.346215592884051410e-10
5.304712107278801054e-10
5.263675760971464794e-10
5.223082578577058511e-10
5.182910550732384900e-10
5.143139561392847443e-10
5.103745238966441105e-10
5.064707564743957395e-10
5.026004723995154300e-10
4.987613175538781698e-10
4.949513024807547058e-10
4.911682622869850018e-10
4.874098634327097641e-10
4.836741288187359777e-10
4.799589099682710774e-10
4.762618936841646446e-10
4.725811151490162145e-10
4.689143304485452445e-10
4.652595815917825764e-10
4.616145808718717886e-10
4.579772147664937951e-10
4.543455374086795828e-10
4.507172809799976834e-10
4.470904543771480060e-10
4.434628042416638945e-10
4.398324019581690097e-10
4.361971631165373929e-10
4.325548539817867680e-10
4.289035577291336974e-10
4.252412055742573844e-10
4.215655832807181786e-10
4.178747856451288517e-10
4.141667593560847872e-10
4.104401511888318630e-10
4.066968804352932093e-10
4.029397973217821109e-10
3.991714547047782534e-10
3.953946395495450011e-10
3.916118953141601147e-10
3.878260413139881727e-10
3.840397475739775659e-10
3.802555868984513846e-10
3.764762187464918349e-10
3.727044291343906969e-10
3.689427284686204020e-10
3.651938434371320052e-10
3.614602753710493851e-10
3.577447800430135892e-10
3.540499749138489581e-10
3.503783875180175309e-10
3.467327076013090652e-10
3.431154106782534899e-10
3.395292136135764647e-10
3.359767017018591710e-10
3.324603746877938333e-10
3.289828860199466426e-10
3.255466856391003647e-10
3.221544522512978109e-10
3.188087395012731940e-10
3.155120196274591851e-10
3.122669104940951274e-10
3.090758733975172785e-10
3.059414393080494943e-10
3.028662411600892835e-10
2.998526870731547263e-10
2.969033601072646504e-10
2.940206943062668106e-10
2.912072590420133526e-10
2.884654774847429155e-10
2.857978373806903830e-10
2.832069215354355324e-10
2.806951024646267819e-10
2.782649159395468473e-10
2.759187579674963861e-10
2.736591511388187390e-10
2.714884805906094510e-10
2.694092558865815313e-10
2.674238194324525123e-10
2.655347002240612675e-10
2.637443244095122027e-10
2.620550498912985896e-10
2.604693543683340741e-10
2.589895848124160795e-10
2.576173192811739362e-10
2.563504621500654206e-10
2.551861593611227948e-10
2.541214417593948628e-10
2.531534688182067997e-10
2.522792859345370766e-10
2.514960661216286385e-10
2.508008392822505966e-10
2.501908219893218354e-10
2.496631476648404021e-10
2.492148973322102494e-10
2.488432778605971989e-10
2.485453842381870790e-10
2.483184368657880046e-10
2.481595445422470264e-10
2.480659411867506076e-10
2.480347492606883386e-10
2.480632161835548573e-10
2.481484779371360095e-10
2.482877954183790906e-10
2.484783179932608330e-10
2.487173200085618354e-10
2.490019640841542431e-10
2.493295379842891372e-10
2.496972174583194424e-10
2.501023036508803379e-10
2.505419853222412328e-10
2.510135769556327569e-10
2.515142802094959315e-10
2.520414228591867085e-10
2.525922193543637334e-10
2.531640107113753359e-10
2.537540240699053687e-10
2.543596136315203870e-10
2.549780191304674320e-10
2.556066078931363977e-10
2.562426931973082791e-10
2.568835029087150960e-10
2.575264543607953193e-10
2.581688183934350439e-10
2.588079948502264602e-10
2.594412668762235615e-10
2.600660471923523850e-10
2.606796311788072630e-10
2.612794443529015288e-10
2.618627942655164575e-10
2.624271191448924616e-10
2.629697386536903503e-10
2.634881036411243603e-10
2.639795458282437383e-10
2.644421442373864282e-10
2.648761292116156536e-10
2.652824079632002156e-10
2.656619488760171526e-10
2.660155918302041358e-10
2.663443011470673905e-10
2.666489123067371796e-10
2.669303855685482075e-10
2.671895520607127145e-10
2.674273998346157048e-10
2.676447239126746260e-10
2.678424126285255361e-10
2.680214160994359619e-10
2.681825547720466587e-10
2.683267747158253561e-10
2.684548921790482528e-10
2.685678811786912211e-10
2.686665218400525925e-10
2.687516881366012990e-10
2.688243160544547916e-10
2.688852115157713034e-10
2.689353064916124846e-10
2.689754669096211463e-10
2.690064605598608434e-10
2.690292454469750550e-10
2.690446173864640088e-10
2.690534983708399649e-10
2.690567443204517148e-10
2.690551130324360935e-10
2.690495526058959603e-10
2.690408489408388548e-10
2.690299141539206724e-10
2.690175943094538111e-10
2.690046373977933374e-10
2.689919817120886081e-10
2.689804034000722539e-10
2.689708048281559894e-10
2.689640223533156482e-10
2.689607943049318099e-10
2.689620493052156433e-10
2.689685538852385468e-10
2.689812328469239388e-10
2.690008168736998101e-10
2.690281308523309295e-10
2.690640618666789370e-10
2.691093669395008031e-10
2.691649614634514534e-10
2.692315666386618048e-10
2.693099979293427852e-10
2.694011331012302306e-10
2.695054445040641311e-10
2.696219500662185964e-10
2.697495232798118737e-10
2.698869441724174023e-10
2.700328990716901378e-10
2.701862699527221867e-10
2.703457807745915929e-10
2.705103192013408420e-10
2.706785824462393430e-10
2.708493670060743525e-10
2.710215689535003837e-10
2.711938935268797361e-10
2.713651454034443135e-10
2.715341966570923330e-10
2.716998575030095815e-10
2.718608437076775523e-10
2.720160678962879783e-10
2.721643483457795612e-10
2.723044087004065929e-10
2.724351697726296939e-10
2.725554578291513653e-10
2.726640043502621111e-10
2.727597382417441940e-10
2.728414611910373058e-10
2.729080099780064235e-10
2.729581914922131542e-10
2.729909452840046843e-10
2.730050184402375443e-10
2.729992581772507034e-10
2.729726118582548706e-10
2.729238343314446566e-10
2.728517805899428477e-10
2.727554056769776418e-10
2.726334722041991573e-10
2.724849077910660567e-10
2.723084802848763655e-10
2.721031548072691547e-10
2.718678015745938047e-10
2.716011962581130409e-10
2.713023113414447304e-10
2.709700245686834755e-10
2.706031194718265861e-10
2.702006079163635067e-10
2.697612785569462724e-10
2.692840193850211937e-10
2.687678169365533014e-10
2.682114677730222518e-10
2.676139310935533468e-10
2.669740089789634956e-10
2.662906972139654137e-10
2.655640311213420376e-10
2.647984806359404430e-10
2.639998584996586832e-10
2.631737438797544835e-10
2.623257982778004190e-10
2.614617640921214552e-10
2.605871837356162788e-10
2.597077430613205757e-10
2.588289604988176654e-10
2.579565583987189403e-10
2.570960307239621386e-10
2.562529518926482078e-10
2.554329752781304162e-10
2.546415588475145151e-10
2.538843006604866914e-10
2.531666350888151765e-10
2.524941958509171259e-10
2.518723932682772749e-10
2.513067761118372318e-10
2.508027311936402500e-10
2.503658427103652885e-10
2.500014736133728095e-10
2.497151241202099654e-10
2.495121336610373119e-10
2.493980082235480162e-10
2.493781526505208272e-10
2.494578708727780217e-10
2.496426629708842984e-10
2.499378092634166357e-10
2.503487269977325061e-10
2.508806727182855846e-10
2.515391001676249607e-10
2.523292423728425731e-10
2.532564704419260543e-10
2.543259933520300736e-10
2.555432199605768835e-10
2.569133357884034330e-10
2.584416668225975217e-10
2.601334361339151682e-10
2.619938233926131948e-10
2.640281836298038506e-10
2.662416424871557247e-10
2.686394710960696618e-10
2.712267700837709457e-10
2.740088534311673734e-10
2.769907983244174961e-10
2.801778333353980523e-10
2.835750100562244160e-10
2.871876033705480777e-10
2.910206413826445962e-10
2.950764654525179415e-10
2.993458601762207678e-10
3.038170340638288470e-10
3.084780095301078834e-10
3.133168676501854079e-10
3.183218264798677391e-10
3.234809417746015467e-10
3.287825614342481076e-10
3.342147902696754211e-10
3.397659530332640763e-10
3.454242816329228976e-10
3.511779886850486731e-10
3.570155615337205463e-10
3.629252211491661081e-10
3.688954247713777503e-10
3.749145263059172298e-10
3.809708562961999424e-10
3.870530409130783763e-10
3.931494148569051073e-10
3.992485665758395640e-10
4.053388735259727009e-10
4.114090720487792656e-10
4.174476361708079327e-10
4.234431090013206893e-10
4.293842085994725440e-10
4.352595274124779515e-10
4.410576267531231189e-10
4.467674059406808756e-10
4.523774220224857845e-10
4.578765207569612317e-10
4.632534115309952182e-10
4.684967692323242477e-10
4.735956261925647451e-10
4.785387061490331815e-10
4.833148093336629843e-10
4.879129317814558169e-10
4.923218042293263577e-10
4.965305887850090775e-10
5.005281212097612905e-10
5.043033168219962912e-10
5.078452940583311680e-10
5.111430152870363714e-10
5.141854032094981462e-10
5.169617704944234992e-10
5.194610868014134215e-10
5.216724044444510045e-10
5.235849848900916251e-10
5.251879265831903811e-10
5.264702872655226597e-10
5.274215234983452027e-10
5.280343287095293200e-10
5.283158255611028770e-10
5.282768965005553472e-10
5.279282126049277622e-10
5.272803596864658887e-10
5.263442781358618462e-10
5.251305086913103382e-10
5.236496954894145741e-10
5.219123981870178450e-10
5.199293409276001725e-10
5.177110387112160490e-10
5.152679240224638846e-10
5.126107761590168228e-10
5.097499829200170831e-10
5.066959731199363170e-10
5.034593351186513780e-10
5.000504536090080209e-10
4.964797522103884644e-10
4.927575154153488470e-10
4.888943591296460792e-10
4.849005236541969051e-10
4.807863460005979986e-10
4.765620849033692150e-10
4.722381484562472410e-10
4.678247520353971229e-10
4.633320365618841480e-10
4.587704538982335975e-10
4.541501013715732053e-10
4.494811665822737810e-10
4.447737630275653159e-10
4.400381426402349378e-10
4.352843762731656061e-10
4.305225673603122933e-10
4.257626969991151086e-10
4.210150308598018218e-10
4.162895072544776928e-10
4.115961463162917817e-10
4.069448990138811342e-10
4.023458416488868288e-10
3.978088834137517120e-10
3.933439619981367837e-10
3.889609946136562018e-10
3.846697864048830354e-10
3.804803980666028231e-10
3.764025930254545233e-10
3.724462071037313747e-10
3.686210119982624605e-10
3.649368914079933734e-10
3.614035762959417617e-10
3.580308219288792433e-10
3.548258695437313211e-10
3.517858907563692217e-10
3.489058234508260090e-10
3.461803633898863826e-10
3.436043015524883059e-10
3.411724395743462300e-10
3.388795493540811641e-10
3.367205347498425465e-10
3.346901885655455967e-10
3.327833547932520654e-10
3.309948879465274682e-10
3.293196530336351088e-10
3.277524474482036819e-10
3.262883136217972697e-10
3.249220694320405954e-10
3.236486216007707457e-10
3.224628872117108384e-10
3.213597936841506342e-10
3.203342405889619912e-10
3.193812523669283876e-10
3.184957490076356853e-10
3.176726990116473112e-10
3.169070810846934292e-10
3.161938841118281129e-10
3.155280319610111484e-10
3.149046842885178146e-10
3.143187850350495778e-10
3.137653635472820136e-10
3.132394592231726831e-10
3.127361214865843690e-10
3.122504097619872559e-10
3.117773563105877411e-10
3.113121148151819969e-10
3.108497373566371776e-10
3.103853231109746238e-10
3.099139811294703708e-10
3.094308303138122771e-10
3.089309993913310841e-10
3.084096268903073680e-10
3.078617877706657086e-10
3.072827869160872159e-10
3.066677186362735571e-10
3.060117604189989752e-10
3.053100994306271145e-10
3.045579324918600500e-10
3.037504660535606769e-10
3.028829161726467029e-10
3.019505084880571739e-10
3.009484423478444377e-10
2.998720343092846845e-10
2.987183420913802089e-10
2.974918192950171400e-10
2.961987482309055001e-10
2.948453986645196949e-10
2.934380278473766943e-10
2.919828805482187246e-10
2.904861890841041450e-10
2.889541733514043345e-10
2.873930408567093830e-10
2.858089186562973267e-10
2.842081261335766512e-10
2.825967653401262752e-10
2.809809945291515614e-10
2.793669597172268505e-10
2.777607947146514388e-10
2.761686211557156517e-10
2.745965485288770642e-10
2.730506742068463007e-10
2.715370834765847916e-10
2.700618495692115401e-10
2.686310336898226730e-10
2.672506850472225869e-10
2.659268408835652411e-10
2.646655265039095284e-10
2.634727553056863432e-10
2.623544975561238999e-10
2.613168055529568167e-10
2.603656257608031968e-10
2.595069242387999332e-10
2.587466552844901597e-10
2.580907614627703334e-10
2.575451736347533061e-10
2.571158109865457831e-10
2.568085810579407365e-10
2.566293797710256539e-10
2.565840914587060524e-10
2.566785888931450336e-10
2.569187333141195518e-10
2.573103744572933444e-10
2.578593505824051787e-10
2.585714885013769666e-10
2.594526036063366787e-10
2.605084998975606610e-10
2.617449700113329742e-10
2.631677952477239798e-10
2.647827455982864670e-10
2.665955797736712320e-10
2.686120452311615431e-10
2.708378782021274714e-10
2.732788037193988487e-10
2.759373612429735007e-10
2.788033938643651696e-10
2.818635931661048943e-10
2.851046766600733406e-10
2.885133877244270392e-10
2.920764955407101696e-10
2.957807950311481697e-10
2.996131067961253406e-10
3.035602770518436561e-10
3.076091775681635000e-10
3.117467056066262281e-10
3.159597838586546259e-10
3.202353603839361212e-10
3.245604085489822382e-10
3.289219269658692040e-10
3.333069394311535035e-10
3.377024948649673986e-10
3.420956672502894467e-10
3.464735555723915716e-10
3.508232837584619612e-10
3.551320429217939658e-10
3.593869225910604134e-10
3.635751629482629344e-10
3.676839870864464985e-10
3.717006427412990658e-10
3.756124022318147167e-10
3.794065624011283174e-10
3.830704445575206888e-10
3.865913944155936567e-10
3.899567820376154506e-10
3.931540017750351048e-10
3.961704722101642095e-10
3.989936360980282846e-10
4.016109603083842623e-10
4.040099357679055774e-10
4.061780774025331582e-10
4.081029240799919578e-10
4.097721361796090506e-10
4.111731053604273722e-10
4.122935391987606828e-10
4.131210717549859125e-10
4.136433607463195267e-10
4.138480874903162826e-10
4.137229568485315086e-10
4.132556971703424608e-10
4.124340602369322724e-10
4.112458212054327734e-10
4.096787785532288689e-10
4.077207540224192031e-10
4.053596408525753502e-10
4.025876597836002677e-10
3.994149813515956719e-10
3.958561535693554590e-10
3.919256967784546154e-10
3.876381037149611181e-10
3.830078395749604779e-10
3.780493420798939607e-10
3.727770215417108996e-10
3.672053484141708262e-10
3.613485020169245024e-10
3.552208996396923438e-10
3.488368426076858396e-10
3.422106051596108650e-10
3.353564345117178269e-10
3.282885509216685374e-10
3.210211477522228656e-10
3.135683915347458911e-10
3.059444584781394556e-10
2.981633878226600234e-10
2.902393033402035556e-10
2.821862648697032782e-10
2.740183057335389057e-10
2.657494327999731123e-10
2.573936265454109350e-10
2.489649004324598958e-10
2.404770616857238447e-10
2.319440733052661661e-10
2.233798108224576329e-10
2.147981236854781433e-10
2.062128353205317567e-10
1.976377431928869105e-10
1.890866413927803124e-10
1.805732295818250387e-10
1.721112512523349282e-10
1.637144006344576915e-10
1.553963463000456260e-10
1.471707312226743934e-10
1.390512059666358627e-10
1.310512943240768139e-10
1.231845978990368027e-10
1.154646578720469677e-10
1.079049901229382534e-10
1.005190852898584984e-10
9.332041994500655528e-11
8.632241135215183594e-11
7.953848675287317756e-11
7.298203640705985953e-11
6.666642562553560086e-11
6.060499482809285395e-11
5.481107266023056955e-11
4.929481534558829149e-11
4.405397919535478835e-11
3.908320601005254983e-11
3.437714754523413245e-11
2.993046905389751152e-11
2.573783450197524932e-11
2.179392946640340988e-11
1.809344529194182369e-11
1.463108316356105634e-11
1.140155680012551932e-11
8.399580850630038720e-12
5.619889368936998593e-12
3.057222672507992492e-12
7.063308057828676632e-13
-1.438026653586802122e-12
-3.381080163374436598e-12
-5.128050549189994754e-12
-6.684149083270368071e-12
-8.054579341581887338e-12
-9.244529833345813234e-12
-1.025918464503256855e-11
-1.110371672154890231e-11
-1.178328948072832759e-11
-1.230305830086483522e-11
-1.266816472354384013e-11
-1.288374512089595745e-11
-1.295492502153261878e-11
-1.288682360626337956e-11
-1.268454140013665887e-11
-1.235317882987109235e-11
-1.189782388211056784e-11
-1.132355521142085194e-11
-1.063544342863195188e-11
-9.838545959325410469e-12
-8.937914939362344494e-12
-7.938591908705790280e-12
-6.845610812503964665e-12
-5.663991216634423462e-12
-4.398748939390906815e-12
-3.054888744899101297e-12
-1.637406450492374572e-12
-1.512879902798405685e-13
1.398488870169563489e-12
3.006955808689533084e-12
4.669154674369879037e-12
6.380133424775305914e-12
8.134951567589821921e-12
9.928676891184303523e-12
1.175638756110330065e-11
1.361316671880267114e-11
1.549420799831422745e-11
1.739510773400753651e-11
1.931155599689162557e-11
2.123926219305774431e-11
2.317393983143317871e-11
2.511131318917733667e-11
2.704710555880673763e-11
2.897705648691050670e-11
3.089691048347287456e-11
3.280242758047498147e-11
3.468935250243732285e-11
3.655346018729390453e-11
3.839053043945334082e-11
4.019633719541069165e-11
4.196667529735606739e-11
4.369734283568038976e-11
4.538415629949973126e-11
4.702290769757467201e-11
4.860942823611995961e-11
5.013955221767131227e-11
5.160910371815139246e-11
5.301393187542594827e-11
5.434990046959820036e-11
5.561284220073565599e-11
5.679863544669660838e-11
5.790315338776655415e-11
5.892228364030691029e-11
5.985190027344147340e-11
6.068790556519790602e-11
6.142621689789742178e-11
6.206271525003144459e-11
6.259333251143061022e-11
6.301400093689128920e-11
6.332063759848438591e-11
6.350918928642638248e-11
6.357561775024209935e-11
6.351584653520536971e-11
6.332585186248423377e-11
6.300160954694334380e-11
6.253908003615673356e-11
6.193425357476900033e-11
6.118313461264868599e-11
6.028169080834502882e-11
5.922594108533956599e-11
5.801190364559008741e-11
5.663558290235866406e-11
5.509301140210359192e-11
5.338023443056540966e-11
5.149326572961643554e-11
4.942816509798792335e-11
4.718318263827948970e-11
4.476531364880153657e-11
4.218374723435369766e-11
3.944765970423793040e-11
3.656618221504439511e-11
3.354845922664408101e-11
3.040361257241953436e-11
2.714073666917439214e-11
2.376892143794924357e-11
2.029724154869814953e-11
1.673474025957669443e-11
1.309046099551561127e-11
9.373426650865758875e-12
5.592640370839731563e-12
1.757094050007375209e-12
-2.124240035692298417e-12
-6.042402357054533846e-12
-9.988451715831374692e-12
-1.395345959003448136e-11
-1.792851582290926065e-11
-2.190473046122791251e-11
-2.587321450992175149e-11
-2.982511192441906418e-11
-3.375156779791921433e-11
-3.764375250992139496e-11
-4.149285877624788300e-11
-4.529006605736391446e-11
-4.902659711262205991e-11
-5.269368744020098779e-11
-5.628256953010030628e-11
-5.978452344643380281e-11
-6.319079682042447052e-11
-6.649269366400687263e-11
-6.968152814253436256e-11
-7.274860511183353613e-11
-7.568528681354442890e-11
-7.848288929797850692e-11
-8.113279647508882636e-11
-8.362639998020943483e-11
-8.595507690170658138e-11
-8.811026966363766107e-11
-9.008336351211402813e-11
-9.186582065252016527e-11
-9.344910887529363740e-11
-9.482467763626424513e-11
-9.598404717258575900e-11
-9.691867322658820505e-11
-9.762009445056675044e-11
-9.807985335845564042e-11
-9.828947217427924828e-11
-9.824344366787911207e-11
-9.794777312155107181e-11
-9.741142054830868430e-11
-9.664331853182739103e-11
-9.565234950768333474e-11
-9.444743770868884568e-11
-9.303741249364915133e-11
-9.143116685930597037e-11
-8.963752276476317050e-11
-8.766531992912490885e-11
-8.552339207488710272e-11
-8.322049598747767458e-11
-8.076544504261362782e-11
-7.816698736261590749e-11
-7.543390335301638945e-11
-7.257489377875474699e-11
-6.959869956586317020e-11
-6.651403587953581503e-11
-6.332957870576289796e-11
-6.005402786348180230e-11
-5.669601619059808059e-11
-5.326421244827233543e-11
-4.976723595647884245e-11
-4.621372204234153808e-11
-4.261225055233624625e-11
-3.897142127002592012e-11
-3.529981155531111315e-11
-3.160597097245228960e-11
-2.789845451959513798e-11
-2.418577704950987234e-11
-2.047646292120536331e-11
-1.677900659089316238e-11
-1.310189925599847440e-11
-9.453604447259641276e-12
-5.842582984272323921e-12
-2.277274687197320486e-12
1.233892137450445023e-12
4.682505851873425990e-12
8.060166671984396022e-12
1.135849225065868506e-11
1.456911060430212906e-11
1.768367154976991656e-11
2.069382629408683514e-11
2.359125427671879136e-11
2.636763757770771024e-11
2.901468712722656562e-11
3.152410540052687813e-11
3.388763254108377870e-11
3.609700465360587217e-11
3.814399255887506270e-11
4.002259410453763754e-11
4.173581907946168989e-11
4.328889050451109654e-11
4.468704767884388143e-11
4.593548461062511185e-11
4.703942336564319205e-11
4.800405015790155485e-11
4.883457058138869101e-11
4.953614121474526958e-11
5.011394439536387656e-11
5.057314828199525506e-11
5.091889425242666051e-11
5.115634512415710642e-11
5.129061249946465857e-11
5.132684188278555207e-11
5.127013962168637916e-11
5.112563393741120650e-11
5.089840170493751687e-11
5.059355384244414256e-11
5.021616232438118095e-11
4.977132056578220656e-11
4.926407752508777205e-11
4.869949174488642390e-11
4.808263046649188289e-11
4.741851196353551662e-11
4.671218625828829779e-11
4.596866651129966184e-11
4.519298506276552018e-11
4.439012766927764679e-11
4.356510953771243283e-11
4.272291084786807187e-11
4.186852913903411734e-11
4.100691816060951755e-11
4.014305843149155865e-11
3.928189750789952864e-11
3.842839833982612878e-11
3.758748302427208735e-11
3.676409763079420659e-11
3.596315737052821204e-11
3.518959092644620154e-11
3.444828894394502885e-11
3.374416339237240341e-11
3.308209733813955586e-11
3.246698562941493382e-11
3.190369130866443508e-11
3.139708130142050305e-11
3.095202542955558971e-11
3.057335932227278280e-11
3.026593644384165422e-11
3.003458385684235406e-11
2.988349722741348973e-11
2.981427593871413487e-11
2.982790084782100295e-11
2.992533339103791935e-11
3.010755121384785161e-11
3.037550896256266003e-11
3.073017027815601298e-11
3.117250827902918569e-11
3.170346874209091752e-11
3.232402175052658571e-11
3.303511700528953747e-11
3.383772207531372169e-11
3.473277519272604371e-11
3.572124104639727741e-11
3.680407100632046372e-11
3.798220135987864347e-11
3.925659313046843189e-11
4.062818339386697053e-11
4.209793140605882347e-11
4.366676061700671744e-11
4.533562768663108255e-11
4.710547326957612289e-11
4.897721903552209427e-11
5.095181877636582037e-11
5.303019597229838052e-11
5.521330344357698918e-11
5.750204771338661728e-11
5.989737930565428737e-11
6.240022833342776926e-11
6.501150022091026995e-11
6.773214346968201606e-11
7.056306691430621428e-11
7.350521892887300046e-11
7.655948680916795891e-11
7.972681694824585205e-11
8.300812908842011960e-11
8.640431066364302485e-11
8.991630693798169946e-11
9.354501097163556163e-11
9.729136879315978116e-11
1.011562580674831273e-10
1.051405870187343431e-10
1.092453013405959785e-10
1.134712565650011920e-10
1.178193968816715752e-10
1.222906275084192790e-10
1.268858069232724878e-10
1.316058795448453654e-10
1.364517137865801628e-10
1.414242561877317314e-10
1.465223838122669218e-10
1.517371437554537100e-10
1.570576849033098498e-10
1.624730461031424135e-10
1.679724136721899262e-10
1.735449374679945723e-10
1.791797210311354749e-10
1.848660095933639960e-10
1.905929605797760488e-10
1.963498604837308755e-10
2.021258770896263851e-10
2.079102617335663059e-10
2.136923595835638625e-10
2.194613584673755085e-10
2.252066404337741491e-10
2.309175305614124689e-10
2.365832866628096618e-10
2.421933488984257431e-10
2.477370941485348629e-10
2.532038259590663345e-10
2.585830421422649699e-10
2.638641081597138682e-10
2.690365618407003702e-10
2.740897694732364871e-10
2.790132068885343600e-10
2.837964684508122916e-10
2.884289660507505714e-10
2.929002265841521625e-10
2.971999001902085136e-10
3.013174445052056232e-10
3.052424372158309142e-10
3.089645833774756018e-10
3.124733493910170601e-10
3.157584751440865219e-10
3.188096079694520539e-10
3.216162967467540008e-10
3.241683348811426298e-10
3.264554193415878543e-10
3.284671460728933250e-10
3.301933609109337354e-10
3.316238101276871181e-10
3.327481373192510474e-10
3.335562395681622288e-10
3.340379121185343104e-10
3.341828469050057757e-10
3.339809909759042578e-10
3.334221087726077587e-10
3.324961796950687923e-10
3.311929610412793295e-10
3.295023459501271579e-10
3.274188855899602973e-10
3.249549954821295299e-10
3.221277106974306511e-10
3.189541533394079550e-10
3.154511880786936412e-10
3.116357688557171634e-10
3.075249326849624856e-10
3.031354668099609929e-10
2.984842444728212271e-10
2.935881821562653923e-10
2.884640960441632157e-10
2.831286741765173241e-10
2.775987840584597221e-10
2.718911614353763523e-10
2.660224202181704413e-10
2.600093420953243556e-10
2.538685829049365662e-10
2.476166834231623353e-10
2.412703394787845005e-10
2.348461275301501510e-10
2.283605160488692241e-10
2.218301151183422421e-10
2.152714223410685938e-10
2.087008594152635363e-10
2.021348763569847355e-10
1.955899670260935485e-10
1.890824547857953087e-10
1.826287116164290346e-10
1.762451465471684349e-10
1.699480122079529036e-10
1.637536029524528270e-10
1.576782436653055984e-10
1.517381164771654523e-10
1.459494385210577886e-10
1.403284513771930273e-10
1.348912667504402297e-10
1.296540558498685815e-10
1.246328852636157323e-10
1.198438888655510576e-10
1.153031271340194482e-10
1.110265957504190488e-10
1.070303475730105034e-10
1.033303676263248928e-10
9.994258028273876920e-11
9.688295868154692961e-11
9.416741289049128641e-11
9.181180635158639817e-11
8.983200111779733043e-11
8.824386560884897703e-11
8.706317917749808397e-11
8.630011977921044372e-11
8.594245214041113940e-11
8.597229379652744487e-11
8.637182108939575381e-11
8.712326915528576219e-11
8.820883924922788381e-11
8.961081226952981505e-11
9.131144387114670184e-11
9.329308146351994579e-11
9.553806877707510006e-11
9.802875395747019961e-11
1.007475342636519288e-10
1.036768713335815661e-10
1.067991822153911253e-10
1.100969462271680892e-10
1.135527104730944471e-10
1.171489706241653038e-10
1.208683164344097724e-10
1.246932941023233658e-10
1.286065633370712873e-10
1.325907691004817931e-10
1.366285508492528422e-10
1.407026046611193161e-10
1.447957052440914368e-10
1.488905535735309688e-10
1.529699262480823858e-10
1.570166827453931571e-10
1.610135998852875802e-10
1.649435736776582711e-10
1.687894298898508590e-10
1.725341387337353841e-10
1.761606392883766710e-10
1.796518541704359047e-10
1.829907726908650597e-10
1.861604771425607180e-10
1.891439452897316951e-10
1.919242911984693962e-10
1.944845418488671825e-10
1.968078875449896705e-10
1.988774768997870946e-10
2.006764365513283211e-10
2.021879656466247755e-10
2.033953621674880617e-10
2.042818054408575068e-10
2.048306213800027361e-10
2.050250399730454358e-10
2.048484633581186376e-10
2.042842460763510451e-10
2.033157195710051479e-10
2.019262900041485546e-10
2.001051104395951867e-10
1.978637958841633036e-10
1.952197080702868922e-10
1.921900650308244876e-10
1.887921977937015079e-10
1.850433398930768801e-10
1.809606550419695525e-10
1.765613265873832392e-10
1.718625731726541463e-10
1.668814609242244978e-10
1.616351331158816435e-10
1.561406273567420311e-10
1.504149962368329142e-10
1.444753180438727033e-10
1.383385374897784869e-10
1.320216606954232540e-10
1.255415869914771239e-10
1.189152841804165246e-10
1.121596446569108003e-10
1.052915098335459267e-10
9.832774879606024603e-11
9.128514389677599283e-11
8.418052212003156274e-11
7.703064715983344387e-11
6.985224047767086109e-11
6.266201980011571753e-11
5.547669722451385135e-11
4.831291464047514432e-11
4.118732334161957770e-11
3.411652627476860885e-11
2.711711430135190455e-11
2.020566022850288238e-11
1.339869230530492560e-11
6.712727378033839501e-12
1.642508047239736637e-13
-6.230272366708312889e-12
-1.245440663679918346e-11
-1.849173698801492195e-11
-2.432587915857950687e-11
-2.994046495996531047e-11
-3.531915411861494375e-11
-4.044564573710061130e-11
-4.530363837063553546e-11
-4.987687800260245952e-11
-5.414910724597391981e-11
-5.810412892895640135e-11
-6.172575397856831365e-11
-6.499780205981394013e-11
-6.790414658892004702e-11
-7.042865446542795214e-11
