# tt
1.053722837188309313e+03
9.964389755249922018e+02
9.392600065212576510e+02
8.943154094090174340e+02
8.612968417553652216e+02
8.381866989487938326e+02
8.225981884848533809e+02
8.128970240371088494e+02
8.078105918623799653e+02
8.061350691271209143e+02
8.081845234366700197e+02
8.118210027738416557e+02
8.169799216975345644e+02
8.225848638227828360e+02
8.303069457921532148e+02
8.398737925112587845e+02
8.500456959787604774e+02
8.615942984663379320e+02
8.729365059161193585e+02
8.847493787122000413e+02
8.970320977392314035e+02
9.093806067532053703e+02
9.221024861873362397e+02
9.353306301761469967e+02
9.485735829540590203e+02
9.622262215685777846e+02
9.761048279022606948e+02
9.901305845840579423e+02
1.004504894524338624e+03
1.018640049899323913e+03
1.033357253283770433e+03
1.048124974605186935e+03
1.062916926349101004e+03
1.078317175170059954e+03
1.093427275714916277e+03
1.108764141089443910e+03
1.124425276459137649e+03
1.140312250978265865e+03
1.156346362849370053e+03
1.172442956343055130e+03
1.188604982075092494e+03
1.204844293267472267e+03
1.221209885669001324e+03
1.237765612397889754e+03
1.254477978037977664e+03
1.271332650515539626e+03
1.288307089174122666e+03
1.305393610226283727e+03
1.322651385067588080e+03
1.340142408241095154e+03
1.357813685112700568e+03
1.375592758861671882e+03
1.393459170585610082e+03
1.411407317411257281e+03
1.429547877104376539e+03
1.447981237858220766e+03
1.466664075993972347e+03
1.485508496557525632e+03
1.504493458465577532e+03
1.523625685508696279e+03
1.542911539770522040e+03
1.562370291342113660e+03
1.582006352002135600e+03
1.601846416914171641e+03
1.621929112420488082e+03
1.642236797767733378e+03
1.662734049936472047e+03
1.683378015804010374e+03
1.704140697206384175e+03
1.725001464448562501e+03
1.746073163804204114e+03
1.767468581752864793e+03
1.789196506302453372e+03
1.811258295616070654e+03
1.833608889357642511e+03
1.856121554422751615e+03
1.878779134761650084e+03
1.901623900027452464e+03
1.924675833843139571e+03
1.947957981040070081e+03
1.971483348923547055e+03
1.995230864522871116e+03
2.019201739470151324e+03
2.043389756739532231e+03
2.067792668491626046e+03
2.092379534172333933e+03
2.117130811042894038e+03
2.142056670012749237e+03
2.167159854019737395e+03
2.192450179150142958e+03
2.217928610938084148e+03
2.243610616649713393e+03
2.269489379343934161e+03
2.295580368070351597e+03
2.321876767854808804e+03
2.348379193177362140e+03
2.375095688038726621e+03
2.402004584264520417e+03
2.429121356701774857e+03
2.456439196449775409e+03
2.483958724282422281e+03
2.511665705607404561e+03
2.539560763865838908e+03
2.567637095469159703e+03
2.595887898126365144e+03
2.624306370810872977e+03
2.652878285367550689e+03
2.681611699862110072e+03
2.710492388419866529e+03
2.739513405785749910e+03
2.768674640929002635e+03
2.797968406585807315e+03
2.827387016300376672e+03
2.856922784338539259e+03
2.886575453949414168e+03
2.916337340575309099e+03
2.946193331762239268e+03
2.976143172122468059e+03
3.006179178197955935e+03
3.036293666728349763e+03
3.066471526223091587e+03
3.096712501940200582e+03
3.127008910770229249e+03
3.157345641178567348e+03
3.187722438206976221e+03
3.218124190032633123e+03
3.248543212988874529e+03
3.278979251545771604e+03
3.309417193251019398e+03
3.339842223907901825e+03
3.370263008063931920e+03
3.400658795162952174e+03
3.431031119561416745e+03
3.461366658827982974e+03
3.491666947207161229e+03
3.521918662292489898e+03
3.552115910162598084e+03
3.582245368776641044e+03
3.612316001481272451e+03
3.642307058674170094e+03
3.672212648029317734e+03
3.702034306278160329e+03
3.731751285946645567e+03
3.761365125600360443e+03
3.790847651540908373e+03
3.820192976409110543e+03
3.849387785937575245e+03
3.878418767455402303e+03
3.907272610042268298e+03
3.935928354536791176e+03
3.964393870055889693e+03
3.992654521069799102e+03
4.020710531087083837e+03
4.048554697737233710e+03
4.076194677947018135e+03
4.103608417955741061e+03
4.130803580224115649e+03
4.157765545078561445e+03
4.184487124196552031e+03
4.210946275627720752e+03
4.237135817253567438e+03
4.263048570131929409e+03
4.288662501827244341e+03
4.313977868178032622e+03
4.338980071547092848e+03
4.363661945858829313e+03
4.388016328220699506e+03
4.412036058880195014e+03
4.435713981167341444e+03
4.459035513072870344e+03
4.482008360564035684e+03
4.504610519034699792e+03
4.526834843296397594e+03
4.548681619106195285e+03
4.570136444363844930e+03
4.591193013161568160e+03
4.611837759792098041e+03
4.632071977261332904e+03
4.651889532073693772e+03
4.671276864063363064e+03
4.690235271272691534e+03
4.708758624726837297e+03
4.726833368258209703e+03
4.744460803382052291e+03
4.761627375721985118e+03
4.778334388240550652e+03
4.794575716022292909e+03
4.810337806113072475e+03
4.825621962416815222e+03
4.840422060498506653e+03
4.854724547446759061e+03
4.868523298446603803e+03
4.881827045012635608e+03
4.894622233131997746e+03
4.906910164921859177e+03
4.918692141847666790e+03
4.929969464654825060e+03
4.940721148262859060e+03
4.950963348525720903e+03
4.960682387015674067e+03
4.969871532652785390e+03
4.978509076759283744e+03
4.986603023207742808e+03
4.994124233292250210e+03
5.001080709266127087e+03
5.007458167586246418e+03
5.013249752370675196e+03
5.018485748865752612e+03
5.023151871667856540e+03
5.027256119957584815e+03
5.030813920887429958e+03
5.033825844624267120e+03
5.036299889497167896e+03
5.038236625396487398e+03
5.039621765524389048e+03
5.040455879896523584e+03
5.040739538740706848e+03
5.040465884243061737e+03
5.039628058990527279e+03
5.038234062758224354e+03
5.036269610838400695e+03
5.033742704214310834e+03
5.030661344572872622e+03
5.027026106007800990e+03
5.022830135062032241e+03
5.018081435809050163e+03
5.012780584820068725e+03
5.006935587869222218e+03
5.000539594873658643e+03
4.993600613271147267e+03
4.986126651281642808e+03
4.978110861154125814e+03
4.969553824149948923e+03
4.960470978811013083e+03
4.950848050761751438e+03
4.940707907750778759e+03
4.930043704374423214e+03
4.918863452041006894e+03
4.907167733770579616e+03
4.894957132384211036e+03
4.882247087033014395e+03
4.869038179616186426e+03
4.855330991292223189e+03
4.841140958982967277e+03
4.826476090120585468e+03
4.811329534090484231e+03
4.795724152122868873e+03
4.779653090279082789e+03
4.763131777691432035e+03
4.746153214879369443e+03
4.728724691177922068e+03
4.710845923597702495e+03
4.692531483048775044e+03
4.673766224047593823e+03
4.654564711335667198e+03
4.634934077954480927e+03
4.614888881782875615e+03
4.594436248685249666e+03
4.573598157423857629e+03
4.552374297782886970e+03
4.530786640559877924e+03
4.508842295719688991e+03
4.486548369016087236e+03
4.463904533578913288e+03
4.440917886568655376e+03
4.417602949147361869e+03
4.393959381415701500e+03
4.369986839118081662e+03
4.345692402014140498e+03
4.321098002266468939e+03
4.296195854392372894e+03
4.271015310484566726e+03
4.245548576791554297e+03
4.219810140616138597e+03
4.193821913724098522e+03
4.167583519064011853e+03
4.141102004299563305e+03
4.114391841950161506e+03
4.087467501189316408e+03
4.060328591299455638e+03
4.032989575233526921e+03
4.005464913079006692e+03
3.977754205524337522e+03
3.949871907427899259e+03
3.921825042934752673e+03
3.893635490693072370e+03
3.865302842265282834e+03
3.836834115686854602e+03
3.808251183968437999e+03
3.779561061839588547e+03
3.750763334235437014e+03
3.721872441474468360e+03
3.692902822674677736e+03
3.663854059158479686e+03
3.634740587947094809e+03
3.605561988440267669e+03
3.576340124235033272e+03
3.547082001428398598e+03
3.517794625357891164e+03
3.488492267540553712e+03
3.459188553022800988e+03
3.429889516340307637e+03
3.400608619640430334e+03
3.371359324303349695e+03
3.342140234200300256e+03
3.312972237391528324e+03
3.283861364310494082e+03
3.254813644389453657e+03
3.225827677624887656e+03
3.196931776236117912e+03
3.168117109413251001e+03
3.139404558363705746e+03
3.110800146100343682e+03
3.082302465678072167e+03
3.053932393479306484e+03
3.025695947346691355e+03
2.997606571518783767e+03
2.969662851466618577e+03
2.941870798835587266e+03
2.914258708042276339e+03
2.886810301025140234e+03
2.859553867358319621e+03
2.832480552318872469e+03
2.805611211969353917e+03
2.778944414647858594e+03
2.752493582673542278e+03
2.726264707263545006e+03
2.700263776865124328e+03
2.674504205502699278e+03
2.648984547739374193e+03
2.623718212106147348e+03
2.598703747745369128e+03
2.573954557872623354e+03
2.549484043153594484e+03
2.525290745097320269e+03
2.501380631216854454e+03
2.477759666804730387e+03
2.454441243424237200e+03
2.431431322364625885e+03
2.408728434810770068e+03
2.386338538726403840e+03
2.364267590698733329e+03
2.342514117794087724e+03
2.321084074474207682e+03
2.299983414470423213e+03
2.279210662665148448e+03
2.258771772030068860e+03
2.238680123868347891e+03
2.218934243009126931e+03
2.199547515394157472e+03
2.180525915090383933e+03
2.161867992718897312e+03
2.143579728459100352e+03
2.125674532286790964e+03
2.108143530805416503e+03
2.090992709222382928e+03
2.074228054865091508e+03
2.057848129037460239e+03
2.041851495566033691e+03
2.026244149334095027e+03
2.011024659752078833e+03
1.996206455965418400e+03
1.981773256895590976e+03
1.967745926519740351e+03
1.954115618830134508e+03
1.940888348031350915e+03
1.928062703568958568e+03
1.915637278542858212e+03
1.903625526454572309e+03
1.892011191136419484e+03
1.880807733568371987e+03
1.870006333425807270e+03
1.859613030815449292e+03
1.849619012844952067e+03
1.840030326981172266e+03
1.830853024294532133e+03
1.822070874341737408e+03
1.813697363540684591e+03
1.805731124982994970e+03
1.798163366690398789e+03
1.791000156565036150e+03
1.784240137233016412e+03
1.777874525934855683e+03
1.771901971113956279e+03
1.766328552303532888e+03
1.761152923313391057e+03
1.756358883768703663e+03
1.751952520753391127e+03
1.747932495305687553e+03
1.744297470670656821e+03
1.741031255508863751e+03
1.738147373915098569e+03
1.735629638542682414e+03
1.733476720641331440e+03
1.731687293303922615e+03
1.730252603075160550e+03
1.729178754973527475e+03
1.728456999074268879e+03
1.728086015557310247e+03
1.728064662670929238e+03
1.728385077315658464e+03
1.729047002872451003e+03
1.730050184600164812e+03
1.731379512999259305e+03
1.733034737289704481e+03
1.735015608799582424e+03
1.737314452715471816e+03
1.739916168193855583e+03
1.742835370233675576e+03
1.746042106304053277e+03
1.749550996685362634e+03
1.753354379461748294e+03
1.757444595722117356e+03
1.761806561364304798e+03
1.766454909003582998e+03
1.771367132979123653e+03
1.776550444665005443e+03
1.781989774175844332e+03
1.787692340622852953e+03
1.793643082162677956e+03
1.799834369543088769e+03
1.806273434590925945e+03
1.812945228590211627e+03
1.819842135802922030e+03
1.826963973577963998e+03
1.834288279047232436e+03
1.841829736011717159e+03
1.849558463158968834e+03
1.857474297621084361e+03
1.865577081613748078e+03
1.873851805759710487e+03
1.882305750847481704e+03
1.890916489370132467e+03
1.899691312300720710e+03
1.908622658947008404e+03
1.917702973591004820e+03
1.926924705411009199e+03
1.936287736737204114e+03
1.945777097889986862e+03
1.955385252104092160e+03
1.965097238686437549e+03
1.974912957910976274e+03
1.984817457448465348e+03
1.994803217235646343e+03
2.004862720932177126e+03
2.014988455717740408e+03
2.025187768780824854e+03
2.035445725348240103e+03
2.045754821860713037e+03
2.056115188256679630e+03
2.066527766930395501e+03
2.076971419903914466e+03
2.087447296178780562e+03
2.097941689749886791e+03
2.108448324423736267e+03
2.118960925239462995e+03
2.129465789894964928e+03
2.139949216879914729e+03
2.150427218667122361e+03
2.160871238009127410e+03
2.171304716300331165e+03
2.181699096493116940e+03
2.192077819832567457e+03
2.202412328796525344e+03
2.212718635505373186e+03
2.222983038089547790e+03
2.233191833974423844e+03
2.243346176478823054e+03
2.253432361326289538e+03
2.263436683272123446e+03
2.273360292744554499e+03
2.283189482398296605e+03
2.292925400483610701e+03
2.302561765776635184e+03
2.312099724273350148e+03
2.321525564143974862e+03
2.330847857500213649e+03
2.340067747020178103e+03
2.349164089282729037e+03
2.358152881612154488e+03
2.367005550274779580e+03
2.375730662386543827e+03
2.384314499170044655e+03
2.392743341067249730e+03
2.401025752853811355e+03
2.409148013601408366e+03
2.417103830141537401e+03
2.424901765476175115e+03
2.432528097083290504e+03
2.439983958719922612e+03
2.447270483767383212e+03
2.454388805269670684e+03
2.461332627613250224e+03
2.468095654897955228e+03
2.474679019297566356e+03
2.481068996008257272e+03
2.487266716636903311e+03
2.493265884125159118e+03
2.499060201061522548e+03
2.504643409909897400e+03
2.510016842135019488e+03
2.515174440582509760e+03
2.520117575806384139e+03
2.524855045962483018e+03
2.529373363287437314e+03
2.533681324066999878e+03
2.537772866739013352e+03
2.541641928436067701e+03
2.545304729867089918e+03
2.548740348335666113e+03
2.551965001053262768e+03
2.554965189789106716e+03
2.557742270766318597e+03
2.560297597749704437e+03
2.562632521828947574e+03
2.564740962847731680e+03
2.566616837530868906e+03
2.568268915960559298e+03
2.569683679601142558e+03
2.570869891178262606e+03
2.571821452708312790e+03
2.572532261984054458e+03
2.573018497416259834e+03
2.573266619379941858e+03
2.573292796822703622e+03
2.573090908628905254e+03
2.572662256847310800e+03
2.572008138179279285e+03
2.571137272180227683e+03
2.570036087723516630e+03
2.568720721331549612e+03
2.567185018618506547e+03
2.565422819251297824e+03
2.563450241926687340e+03
2.561253685862412112e+03
2.558849257558770205e+03
2.556230772323255223e+03
2.553406896014952963e+03
2.550364003303036952e+03
2.547125604494832714e+03
2.543685490425536045e+03
2.540037445916582328e+03
2.536197534898523372e+03
2.532166958745928696e+03
2.527939484726986393e+03
2.523523731165861136e+03
2.518920882514816640e+03
2.514132117837507849e+03
2.509158610951052651e+03
2.504016237399006059e+03
2.498690554874081954e+03
2.493196679814145227e+03
2.487542295694112909e+03
2.481720224844097174e+03
2.475730713669903253e+03
2.469596289523311043e+03
2.463302334068601340e+03
2.456856510250580868e+03
2.450259049055882315e+03
2.443525034721137217e+03
2.436639834782918570e+03
2.429618527024180821e+03
2.422468757859498965e+03
2.415175885762242615e+03
2.407754979834435744e+03
2.400213678163367149e+03
2.392544759568418613e+03
2.384755857087890035e+03
2.376847173002506679e+03
2.368826335598377682e+03
2.360700970867321303e+03
2.352471274195302612e+03
2.344137438739648587e+03
2.335721940495262061e+03
2.327210111496967784e+03
2.318624423315710374e+03
2.309957631889932145e+03
2.301217347601300389e+03
2.292411178539825414e+03
2.283546730461704556e+03
2.274624178390102770e+03
2.265643694910602335e+03
2.256620306812159470e+03
2.247554181622933356e+03
2.238445484245139141e+03
2.229301805238387260e+03
2.220138160752709609e+03
2.210939850711509280e+03
2.201729313900398665e+03
2.192506701105406592e+03
2.183272160108734170e+03
2.174033263989983880e+03
2.164790154383724712e+03
2.155557826496467897e+03
2.146336415681063045e+03
2.137126054122700680e+03
2.127934299185641521e+03
2.118768705071187924e+03
2.109629394488102207e+03
2.100531166638873856e+03
2.091458395870921322e+03
2.082439846534686694e+03
2.073459709954062419e+03
2.064524459668220061e+03
2.055647994835052941e+03
2.046821926948419105e+03
2.038060150071989256e+03
2.029369127584420767e+03
2.020733035638434103e+03
2.012180618485545665e+03
2.003696048457835104e+03
1.995285781316537850e+03
1.986971128108908260e+03
1.978728828583225322e+03
1.970587619967967385e+03
1.962539097002622611e+03
1.954589710630052878e+03
1.946738483191996238e+03
1.938991865380284707e+03
1.931363736490795191e+03
1.923845691278397226e+03
1.916436753614631698e+03
1.909150805094114958e+03
1.901986871887912457e+03
1.894951410045651983e+03
1.888036020691911517e+03
1.881262020369467336e+03
1.874613586122268543e+03
1.868104610875334401e+03
1.861734133552302183e+03
1.855501195985448931e+03
1.849419699815334980e+03
1.843481264927536813e+03
1.837692371380055192e+03
1.832059502866545472e+03
1.826581718516902583e+03
1.821258081385059086e+03
1.816095086923219469e+03
1.811091806391621276e+03
1.806254743655501898e+03
1.801575550217067303e+03
1.797075595386127134e+03
1.792731682833382820e+03
1.788565190836244028e+03
1.784575217156865619e+03
1.780753435760960883e+03
1.777106381875513762e+03
1.773633166934375367e+03
1.770347763615511894e+03
1.767234404679398494e+03
1.764299488277338924e+03
1.761549385975972200e+03
1.758983045400935225e+03
1.756606846888606697e+03
1.754404890032371441e+03
1.752390992078753470e+03
1.750564117768483811e+03
1.748923235978861612e+03
1.747467319665952118e+03
1.746195345808188222e+03
1.745113723702625975e+03
1.744214009863579804e+03
1.743502621377318746e+03
1.742978550810179513e+03
1.742633366173403374e+03
1.742473495945426976e+03
1.742505372350282869e+03
1.742713146293673844e+03
1.743110685809961296e+03
1.743689577614448126e+03
1.744448840517518420e+03
1.745387497096815423e+03
1.746504573729068852e+03
1.747806528981570864e+03
1.749284968611950490e+03
1.750938930678548786e+03
1.752760028908359800e+03
1.754762166174889444e+03
1.756936964481464656e+03
1.759276050104176647e+03
1.761778482041063853e+03
1.764450752117068532e+03
1.767291928393726494e+03
1.770286226933486432e+03
1.773440153669010897e+03
1.776752791122744611e+03
1.780223226879267941e+03
1.783850553707905647e+03
1.787626441334546371e+03
1.791549993262618500e+03
1.795620318540648668e+03
1.799836531876359004e+03
1.804190325395746413e+03
1.808688253797375864e+03
1.813307164347643266e+03
1.818068480472311194e+03
1.822949061633902147e+03
1.827962915255356620e+03
1.833094341628410803e+03
1.838342640419550889e+03
1.843700234721722836e+03
1.849174547066364994e+03
1.854765578030890310e+03
1.860451049538146663e+03
1.866253259995226699e+03
1.872149944063402245e+03
1.878141127769582681e+03
1.884234271751253345e+03
1.890414557787243211e+03
1.896682030467216237e+03
1.903044168746415380e+03
1.909478744086503639e+03
1.915993247137200569e+03
1.922587745852729540e+03
1.929247456997946074e+03
1.935972459395062515e+03
1.942762837058980494e+03
1.949611250673789300e+03
1.956517794111795183e+03
1.963475137544257223e+03
1.970483383946779213e+03
1.977542640548613008e+03
1.984645590277626070e+03
1.991792348252729198e+03
1.998975604873058046e+03
2.006195482306949316e+03
2.013452105929995469e+03
2.020723319063460167e+03
2.028024109567284995e+03
2.035347182831915688e+03
2.042677818276360995e+03
2.050023582551364598e+03
2.057377187595772284e+03
2.064723918800589672e+03
2.072078776580945032e+03
2.079419621052075399e+03
2.086754027017891985e+03
2.094074713714338031e+03
2.101374401363687412e+03
2.108645811037584281e+03
2.115889092879790951e+03
2.123104397638016508e+03
2.130277019855129765e+03
2.137407111171442011e+03
2.144487395184688921e+03
2.151518024070483534e+03
2.158491721810683885e+03
2.165408640831310549e+03
2.172261505247530295e+03
2.179043193790185342e+03
2.185747203635498408e+03
2.192382043202165733e+03
2.198941364099018756e+03
2.205418817802251851e+03
2.211808055636192876e+03
2.218125013808023141e+03
2.224355914942349045e+03
2.230501838170498559e+03
2.236556434068142153e+03
2.242520781343866474e+03
2.248388530125547732e+03
2.254160758645663009e+03
2.259823688172423772e+03
2.265378396388920919e+03
2.270825960666227729e+03
2.276152601331208643e+03
2.281366823380094502e+03
2.286447417982414208e+03
2.291410317581696290e+03
2.296241740683923581e+03
2.300935333541270666e+03
2.305499598426261855e+03
2.309920751795525121e+03
2.314199865946928639e+03
2.318345440565950867e+03
2.322351117562215677e+03
2.326217965998222098e+03
2.329947053607865200e+03
2.333532018305937527e+03
2.336981353089870481e+03
2.340281264131074749e+03
2.343440240711038314e+03
2.346444484946928696e+03
2.349295053363026909e+03
2.351978143303598245e+03
2.354502234492410935e+03
2.356860947084876898e+03
2.359040469817620760e+03
2.361056701555794461e+03
2.362895824284769787e+03
2.364566301354100233e+03
2.366061735517915622e+03
2.367383153777699590e+03
2.368524150475121587e+03
2.369493172138379578e+03
2.370291232230231799e+03
2.370911910950885158e+03
2.371363640096647032e+03
2.371639989472701473e+03
2.371741965815609547e+03
2.371678054775092278e+03
2.371434465195502980e+03
2.371019685011268848e+03
2.370419911000184129e+03
2.369628762049364468e+03
2.368647279030871232e+03
2.367476496338193556e+03
2.366110013434211851e+03
2.364548851461668164e+03
2.362794024814878867e+03
2.360861397774301622e+03
2.358744542701535465e+03
2.356451881748969299e+03
2.353991830129737536e+03
2.351365367749804591e+03
2.348566039201928561e+03
2.345594810471443907e+03
2.342445212251958310e+03
2.339110768322269450e+03
2.335584995582988540e+03
2.331868832452793413e+03
2.327955782222694324e+03
2.323854198169641677e+03
2.319572426926270509e+03
2.315111380207535149e+03
2.310479391593974469e+03
2.305677359919053742e+03
2.300721034412035806e+03
2.295611301392568748e+03
2.290349041069417581e+03
2.284927699290285545e+03
2.279340715993170761e+03
2.273596382008237924e+03
2.267680697407426578e+03
2.261587085005098288e+03
2.255323818806004965e+03
2.248899167399941234e+03
2.242299109002975456e+03
2.235554186697952900e+03
2.228657796665771002e+03
2.221618186716490982e+03
2.214436171312892839e+03
2.207134845040426171e+03
2.199692727518287938e+03
2.192125475309709600e+03
2.184419026821324223e+03
2.176581600800576780e+03
2.168606554624203454e+03
2.160487241032607926e+03
2.152239159044740063e+03
2.143854981387141379e+03
2.135342098754900235e+03
2.126700468937638107e+03
2.117952330228753453e+03
2.109082774627651816e+03
2.100114031342990074e+03
2.091046039988453686e+03
2.081878735628898994e+03
2.072612048773988136e+03
2.063253333720937007e+03
2.053795083495796916e+03
2.044252071596956057e+03
2.034616781886781610e+03
2.024889121987363978e+03
2.015083851627792001e+03
2.005186012542656499e+03
1.995202926927434419e+03
1.985141912395677309e+03
1.974995425291368065e+03
1.964770774108299520e+03
1.954475262814037478e+03
1.944101334180492131e+03
1.933663711573332648e+03
1.923162257246421404e+03
1.912604257446156453e+03
1.901989565772791821e+03
1.891340316651768717e+03
1.880641498610752933e+03
1.869907809519788771e+03
1.859131658236413386e+03
1.848327734812985454e+03
1.837488440509963311e+03
1.826613601320520957e+03
1.815710468102839741e+03
1.804778860020348247e+03
1.793818593040893575e+03
1.782844336793989442e+03
1.771841044633502406e+03
1.760830808961091179e+03
1.749806006251648341e+03
1.738773867338467880e+03
1.727734192551557953e+03
1.716701636962255179e+03
1.705661140479734286e+03
1.694634783204767018e+03
1.683614930481790452e+03
1.672608803206836001e+03
1.661623621334868631e+03
1.650659175738076328e+03
1.639715110972290631e+03
1.628805344808245309e+03
1.617928792414045574e+03
1.607084369052354987e+03
1.596278418632261037e+03
1.585509857207040113e+03
1.574792458219232458e+03
1.564117710939221524e+03
1.553491962401301862e+03
1.542914132532252552e+03
1.532390571025255213e+03
1.521927629156756211e+03
1.511524231596712070e+03
1.501179304912436692e+03
1.490891777715077296e+03
1.480675437499309055e+03
1.470521789023890051e+03
1.460429767837018289e+03
1.450413168743504457e+03
1.440470932513309890e+03
1.430594574334070558e+03
1.420797897307265885e+03
1.411087279135502058e+03
1.401446815503672269e+03
1.391897746956298533e+03
1.382431603814658274e+03
1.373054776342083869e+03
1.363773658102098125e+03
1.354587217662103058e+03
1.345494426993333036e+03
1.336494261516832694e+03
1.327600556846723521e+03
1.318804867079031510e+03
1.310113606580869373e+03
1.301525764976005348e+03
1.293040335530355378e+03
1.284663743536929587e+03
1.276394989649994159e+03
1.268240506620703627e+03
1.260191874282432082e+03
1.252262961339505409e+03
1.244445355305011390e+03
1.236745504293584872e+03
1.229162432014764818e+03
1.221702594520506636e+03
1.214357595204608288e+03
1.207141326607550354e+03
1.200045400372171343e+03
1.193068860705576299e+03
1.186225612794114340e+03
1.179507264003203545e+03
1.172912785998237268e+03
1.166448566173338577e+03
1.160106139798024742e+03
1.153899331851882152e+03
1.147819687009807240e+03
1.141873611483058539e+03
1.136052659710831904e+03
1.130363247856267208e+03
1.124811797203011338e+03
1.119389877553434417e+03
1.114103920729549145e+03
1.108952935622918858e+03
1.103935936645806123e+03
1.099051943831798553e+03
1.094299982935626758e+03
1.089686513881886640e+03
1.085203145810855403e+03
1.080856350573604459e+03
1.076645177772350053e+03
1.072561254847998271e+03
1.068611072214340993e+03
1.064793698286133349e+03
1.061115636253296543e+03
1.057561110748010606e+03
1.054136638008248156e+03
1.050848740882562879e+03
1.047689092178248757e+03
1.044656799753510541e+03
1.041758406551324924e+03
1.038985605574724559e+03
1.036337524955515619e+03
1.033813299613749450e+03
1.031419499609303784e+03
1.029147845083987022e+03
1.026997491296621320e+03
1.024975028598861172e+03
1.023072197351803766e+03
1.021288172935742523e+03
1.019622137350720891e+03
1.018073279159324784e+03
1.016648221771962199e+03
1.015331309973411862e+03
1.014136608294962002e+03
1.013048474126008500e+03
1.012073556072997803e+03
1.011211080459651384e+03
1.010460279572924151e+03
1.009812963203424260e+03
1.009275803582297499e+03
1.008833310054082745e+03
1.008500177033055934e+03
1.008261507450937870e+03
1.008124694539920370e+03
1.008074851602569197e+03
1.008126810333643448e+03
1.008265693887371981e+03
1.008498915198197665e+03
1.008826463448993991e+03
1.009233475590736020e+03
1.009734806315083688e+03
1.010315601125056901e+03
1.010975866311209529e+03
1.011730468828665380e+03
1.012557137725102166e+03
1.013470747525977231e+03
1.014471319668756450e+03
1.015544022392351621e+03
1.016696312381448251e+03
1.017928221262343413e+03
1.019232355503636427e+03
1.020608753021304437e+03
1.022042598036416962e+03
1.023548791088932489e+03
1.025105093801496878e+03
1.026726412301603887e+03
1.028397941992449660e+03
1.030119737580770789e+03
1.031906713006168729e+03
1.033736642921395969e+03
1.035624446129287435e+03
1.037555330367007400e+03
1.039544219046242915e+03
1.041576324390719265e+03
1.043659145828377859e+03
1.045777899830811748e+03
1.047925233255281000e+03
1.050116079985874421e+03
1.052335662421644656e+03
1.054576633166529291e+03
1.056846503316634198e+03
1.059137928994220829e+03
1.061443567980735452e+03
1.063778364697254119e+03
1.066127551679228873e+03
1.068491219600935665e+03
1.070869460494072882e+03
1.073262367662719043e+03
1.075662607243648381e+03
1.078070274812791695e+03
1.080478165629869636e+03
1.082887012367023544e+03
1.085297675517895868e+03
1.087711016239794390e+03
1.090113039534214067e+03
1.092512035874023695e+03
1.094901439323140949e+03
1.097282112453301806e+03
1.099647489504824307e+03
1.102005861294066563e+03
1.104350661664798281e+03
1.106682752387271421e+03
1.108995566302281532e+03
1.111289963862818468e+03
1.113559376271677365e+03
1.115812090367676319e+03
1.118034106707661294e+03
1.120241137849747020e+03
1.122411753031260787e+03
1.124561661500624268e+03
1.126676857194174545e+03
1.128765617017175828e+03
1.130813930572285699e+03
1.132830070092238429e+03
1.134807448521506331e+03
1.136754332752437904e+03
1.138656701711880487e+03
1.140522816303747049e+03
1.142338649152264225e+03
1.144119882902575000e+03
1.145852483272129575e+03
1.147537269010501632e+03
1.149175055062492447e+03
1.150766652437363973e+03
1.152305439733736421e+03
1.153792219721425454e+03
1.155227790878933320e+03
1.156605518937536999e+03
1.157926193482862118e+03
1.159190599512552126e+03
1.160399517351093209e+03
1.161546294221315065e+03
1.162631700873550699e+03
1.163656503170891483e+03
1.164621462031440387e+03
1.165519905026920696e+03
1.166360011388718021e+03
1.167135098568388912e+03
1.167838478905647889e+03
1.168485744652301719e+03
1.169055363029997352e+03
1.169563025359874473e+03
1.169994726255166142e+03
1.170366168534730832e+03
1.170663336417704159e+03
1.170887065625203604e+03
1.171045615033424610e+03
1.171124953278710791e+03
1.171140757217681994e+03
1.171078985135501853e+03
1.170947875209370295e+03
1.170740803770090906e+03
1.170465998716564400e+03
1.170116826128587945e+03
1.169694075331344493e+03
1.169198530558494667e+03
1.168630970964809649e+03
1.167992170637801792e+03
1.167275470257844972e+03
1.166481633807557728e+03
1.165618848578998040e+03
1.164680440128259534e+03
1.163667157329595966e+03
1.162587172376722492e+03
1.161426367381001683e+03
1.160185476119739405e+03
1.158880084031114848e+03
1.157503486455799930e+03
1.156048973678613493e+03
1.154532115968338985e+03
1.152938765113365207e+03
1.151277052859355535e+03
1.149547677492907269e+03
1.147743903825223242e+03
1.145873848225812480e+03
1.143938193554289455e+03
1.141930189142837207e+03
1.139857935829690859e+03
1.137722100891741775e+03
1.135508489678648175e+03
1.133240044050324514e+03
1.130902558861952457e+03
1.128504108755654215e+03
1.126037906401467808e+03
1.123512015893505804e+03
1.120927067697680968e+03
1.118283687004109879e+03
1.115575065383049832e+03
1.112809245846200611e+03
1.109986837811188252e+03
1.107108354923968363e+03
1.104173943440101993e+03
1.101191082250096088e+03
1.098144960063063763e+03
1.095050473900942734e+03
1.091900230695214987e+03
1.088701689092736160e+03
1.085454874465750663e+03
1.082159807329122032e+03
1.078816503413526789e+03
1.075424973744828094e+03
1.071992653079795218e+03
1.068512114946808879e+03
1.064990785144152369e+03
1.061428656792205629e+03
1.057818290441820409e+03
1.054167099238628680e+03
1.050475063990754279e+03
1.046749589992365600e+03
1.042983222100241619e+03
1.039183358265981951e+03
1.035349964619995717e+03
1.031483003959610642e+03
1.027582435889647741e+03
1.023648216965288725e+03
1.019687729187048149e+03
1.015700923446421370e+03
1.011680319673011581e+03
1.007640720383203643e+03
1.003574640726450070e+03
9.994820220337384171e+02
9.953702319643343799e+02
9.912392079508900906e+02
9.870888856937915534e+02
9.829191993033753079e+02
9.787300814399230831e+02
9.745288918013709463e+02
9.703155605574343099e+02
9.660900168313952463e+02
9.618447604780617439e+02
9.576020039597091227e+02
9.533468173148283995e+02
9.490865550773032737e+02
9.448285713389194598e+02
9.405653631581415084e+02
9.362968557161285617e+02
9.320304024180029501e+02
9.277733566399035681e+02
9.235182151219119078e+02
9.192649031084454236e+02
9.150206726638095915e+02
9.107849407428655013e+02
9.065570229319229156e+02
9.023436636456705173e+02
8.981367511498414160e+02
8.939430310330909606e+02
8.897618212248706868e+02
8.855998687625981347e+02
8.814564931561862977e+02
8.773235864517517939e+02
8.732078983450858232e+02
8.691161795432108192e+02
8.650403251256161639e+02
8.609870880069923942e+02
8.569632222987929708e+02
8.529531983211868464e+02
8.489712011184518587e+02
8.450165604223504943e+02
8.410886074190057116e+02
8.371792464667762488e+02
8.333100969176116450e+02
8.294582096868384724e+02
8.256452075308037593e+02
8.218555732712748068e+02
8.181035050274632567e+02
8.143809178467616903e+02
8.106945855412443507e+02
8.070438557249602809e+02
8.034355066052507937e+02
7.998614620255542604e+02
7.963210766123638678e+02
7.928211358739837351e+02
7.893684279514368427e+02
7.859474586711025950e+02
7.825724501018804631e+02
7.792353422106465359e+02
7.759429347222437627e+02
7.726946021787227892e+02
7.694897224005269436e+02
7.663276765980397158e+02
7.632152778336574102e+02
7.601519144330183053e+02
7.571295500962711458e+02
7.541550090592465949e+02
7.512276911518949873e+02
7.483544286063450954e+02
7.455272011116921931e+02
7.427528493181227986e+02
7.400233615362415094e+02
7.373530155854708710e+02
7.347263622491817614e+02
7.321501692559704679e+02
7.296311908745847177e+02
7.271613294810957768e+02
7.247473490360058577e+02
7.223885901044981210e+02
7.200843982723378076e+02
7.178341242059594833e+02
7.156296953565517924e+02
7.134927577597406980e+02
7.114003925754922193e+02
7.093668279771502512e+02
7.073914407297999105e+02
7.054661845644362757e+02
7.035978752464475292e+02
7.017784771862105799e+02
7.000222451958737793e+02
6.983211543874406289e+02
6.966746135675447249e+02
6.950820368753363709e+02
6.935428437651845570e+02
6.920638873344190642e+02
6.906371692451160698e+02
6.892613819076766504e+02
6.879433941143443008e+02
6.866804229579989851e+02
6.854719191482074621e+02
6.843173384583976713e+02
6.832161416750551552e+02
6.821685373792539622e+02
6.811739962207841472e+02
6.802319936953879278e+02
6.793420100853691110e+02
6.785035303989591284e+02
6.777167871438136899e+02
6.769805317598555803e+02
6.762950058970694727e+02
6.756589700131811469e+02
6.750719318168971768e+02
6.745348890417476468e+02
6.740458723756677273e+02
6.736044024120149061e+02
6.732100039217308449e+02
6.728629486320967317e+02
6.725605409970056598e+02
6.723038036593727611e+02
6.720907918849723046e+02
6.719217933586099889e+02
6.717948711269350497e+02
6.717095777284918086e+02
6.716655407734060645e+02
6.716619339457250817e+02
6.716980059203151541e+02
6.717730090321564376e+02
6.718884277451103344e+02
6.720412931017380060e+02
6.722323538747778002e+02
6.724608766891191181e+02
6.727261316597144969e+02
6.730266495248803267e+02
6.733631929549238748e+02
6.737342995104430656e+02
6.741392529505162656e+02
6.745773403651102171e+02
6.750478521415639079e+02
6.755500819298213173e+02
6.760833266061168842e+02
6.766468862348211815e+02
6.772400640281593951e+02
6.778614234684984012e+02
6.785110167680654740e+02
6.791881563155920958e+02
6.798906717898527177e+02
6.806186242799769843e+02
6.813705920519441861e+02
6.821458989915320217e+02
6.829438717032744535e+02
6.837630966054014152e+02
6.846021626907162272e+02
6.854611471183136473e+02
6.863386437909269944e+02
6.872325061031618816e+02
6.881435610256155542e+02
6.890696663295001372e+02
6.900094246624976222e+02
6.909629262805266308e+02
6.919280347655056858e+02
6.929048439246965927e+02
6.938912206662417930e+02
6.948857762216580340e+02
6.958886088601936990e+02
6.968975895902359525e+02
6.979120762084405669e+02
6.989299418314066088e+02
6.999512889406544218e+02
7.009739922407324002e+02
7.019974127013344969e+02
7.030194260832728332e+02
7.040401369791062507e+02
7.050574216682718998e+02
7.060707235738341296e+02
7.070790688719256423e+02
7.080837934499730864e+02
7.090765759980049552e+02
7.100684084440445076e+02
7.110524540741022292e+02
7.120293037964016776e+02
7.129995476669257641e+02
7.139563464176574143e+02
7.149002880385181697e+02
7.158319593117336126e+02
7.167593740500865351e+02
7.176682595874907520e+02
7.185666267757951573e+02
7.194550564829503401e+02
7.203192711458959820e+02
7.211747047792456442e+02
7.220145044348216743e+02
7.228318151678163304e+02
7.236420650070715510e+02
7.244235380767028118e+02
7.251916580262582102e+02
7.259395611603324596e+02
7.266678097750302641e+02
7.273695353966525090e+02
7.280527237752027077e+02
7.287179297797978279e+02
7.293582773480422929e+02
7.299743161389134229e+02
7.305591647874393857e+02
7.311282242634389377e+02
7.316671793798321914e+02
7.321765688562752530e+02
7.326569285826133182e+02
7.331162199346465513e+02
7.335475446902013346e+02
7.339440016974981518e+02
7.343135435443158485e+02
7.346492631262058239e+02
7.349591070170167768e+02
7.352361620375007760e+02
7.354809402755388419e+02
7.357013790552789487e+02
7.358831275047562031e+02
7.360266882750714785e+02
7.361399891572334582e+02
7.362235263477808758e+02
7.362629360635814919e+02
7.362735646072155760e+02
7.362410415276381173e+02
7.361807216901073616e+02
7.360783043539059918e+02
7.359417856633266410e+02
7.357717298977379414e+02
7.355612694279972175e+02
7.353109613722560880e+02
7.350213592000047811e+02
7.347004410357333199e+02
7.343338962105933660e+02
7.339371236662292404e+02
7.334958051044526428e+02
7.330179033904587413e+02
7.324965207530415228e+02
7.319396121372838024e+02
7.313402717557053165e+02
7.307064464421107459e+02
7.300312222043909287e+02
7.293225375805308204e+02
7.285734701940851892e+02
7.277845217631285095e+02
7.269561897101916657e+02
7.260889671246887929e+02
7.251907710780839125e+02
7.242472291905412476e+02
7.232662497030432860e+02
7.222483080501976929e+02
7.211864468374434409e+02
7.200885608726022156e+02
7.189551120997015232e+02
7.177865579377349832e+02
7.165759229229992116e+02
7.153310837566323244e+02
7.140450559047060324e+02
7.127257070047020306e+02
7.113660434744314216e+02
7.099739239274334750e+02
7.085423457908673299e+02
7.070717303796358237e+02
7.055699229242113688e+02
7.040373359023584499e+02
7.024669490756737105e+02
7.008591662308502919e+02
6.992143868742933819e+02
6.975404346312013786e+02
6.958302722474555821e+02
6.940842866966437441e+02
6.923102892397785126e+02
6.905012304375054555e+02
6.886574852668356925e+02
6.867868531899206346e+02
6.848896454527463220e+02
6.829585169423580737e+02
6.809934911794840673e+02
6.790020164681832284e+02
6.769841092744017033e+02
6.749397826565666492e+02
6.728690463469660017e+02
6.707644784836560348e+02
6.686335107439044805e+02
6.664761433764256253e+02
6.642923736346774604e+02
6.620821958597473440e+02
6.598456015628693194e+02
6.575825795073745894e+02
6.552931157898912033e+02
6.529846222708807773e+02
6.506496516031054398e+02
6.482956107106473382e+02
6.459150474646127122e+02
6.435079358091721815e+02
6.410891041856137917e+02
6.386436655030955762e+02
6.361715873108115602e+02
6.336876918670483292e+02
6.311770861051319343e+02
6.286545885012842518e+02
6.261127306871688916e+02
6.235514709136853071e+02
6.209781941123255820e+02
6.183854269044317107e+02
6.157805510609508701e+02
6.131560901590536332e+02
6.105194230397378305e+02
6.078779271630556877e+02
6.052166936123604728e+02
6.025505256004732928e+02
5.998645117216833569e+02
5.971734528074936179e+02
5.944772918787821254e+02
5.917648283746727884e+02
5.890471457826602091e+02
5.863226984468577712e+02
5.835921683235093269e+02
5.808554936966492050e+02
5.781140977398400764e+02
5.753686600688135968e+02
5.726206024704213178e+02
5.698698604577804190e+02
5.671178546720258282e+02
5.643652624404252265e+02
5.616126939575143524e+02
5.588619778655429400e+02
5.561119044687424093e+02
5.533634923673115509e+02
5.506177600242864401e+02
5.478742401692918520e+02
5.451332083792681260e+02
5.423956831559569309e+02
5.396619403351329538e+02
5.369322560026499787e+02
5.342069065771370333e+02
5.314883973993565860e+02
5.287755201377700587e+02
5.260700383909037328e+02
5.233729736006019948e+02
5.206838623064822968e+02
5.180037275764578908e+02
5.153335934278908326e+02
5.126729992493488908e+02
5.100229712329334575e+02
5.073837939616627750e+02
5.047557533369861176e+02
5.021391366711065416e+02
4.995349756139517012e+02
4.969435605744929489e+02
4.943659264813719005e+02
4.918016243674127281e+02
4.892516927981059780e+02
4.867171722885481131e+02
4.841976197187838693e+02
4.816940797575174429e+02
4.792061136036571156e+02
4.767355132409484213e+02
4.742818445050307901e+02
4.718454184982900301e+02
4.694272916620178648e+02
4.670262945057472734e+02
4.646449743540507598e+02
4.622829098949758873e+02
4.599404254158025651e+02
4.576178480255545651e+02
4.553169933794310964e+02
4.530367087198412719e+02
4.507788156045670576e+02
4.485421672712925556e+02
4.463285913593034593e+02
4.441384329376289202e+02
4.419705545401555469e+02
4.398267932077643536e+02
4.377067606720763706e+02
4.356107985796493836e+02
4.335391872544771559e+02
4.314929369787308815e+02
4.294708328120111105e+02
4.274738916164356510e+02
4.255023907290247394e+02
4.235566108068899212e+02
4.216368358352189034e+02
4.197433531332262646e+02
4.178757105231937317e+02
4.160342020028533057e+02
4.142198677461408352e+02
4.124315227624249474e+02
4.106709567397398928e+02
4.089369913615236101e+02
4.072306801477585054e+02
4.055508514399605815e+02
4.038985654057801753e+02
4.022741426927969428e+02
4.006764215869597479e+02
3.991072150158890395e+02
3.975646250266001402e+02
3.960497282935706949e+02
3.945628619364428005e+02
3.931036235129099623e+02
3.916716138467566566e+02
3.902679226911059231e+02
3.888921573817395370e+02
3.875446713358498982e+02
3.862243355409127616e+02
3.849322527240385057e+02
3.836680431713445500e+02
3.824313303927536367e+02
3.812217411169638694e+02
3.800389052865956501e+02
3.788839417235135443e+02
3.777557439490333309e+02
3.766539515193383068e+02
3.755789500206986418e+02
3.745303853944492971e+02
3.735079067667521144e+02
3.725119092779601715e+02
3.715413055713706285e+02
3.705964971265233885e+02
3.696771457465723074e+02
3.687821735498544626e+02
3.679127343005538364e+02
3.670677563879813761e+02
3.662461713198182451e+02
3.654498850489928259e+02
3.646763901655926929e+02
3.639263159014341227e+02
3.631995922661120062e+02
3.624961523051264862e+02
3.618159320779087693e+02
3.611581277987461931e+02
3.605234243156394882e+02
3.599110237417343683e+02
3.593208739296027829e+02
3.587529256030350098e+02
3.582071323214130416e+02
3.576834504415990637e+02
3.571810962422816260e+02
3.567000315508613539e+02
3.562402208627183882e+02
3.558016312929677269e+02
3.553834896906691370e+02
3.549857682556225313e+02
3.546076988126168317e+02
3.542492584233853563e+02
3.539104264911616724e+02
3.535904418629876318e+02
3.532892884349388396e+02
3.530062094151932683e+02
3.527411929252525056e+02
3.524942290942621526e+02
3.522638243166092025e+02
3.520507153531338531e+02
3.518541550806751275e+02
3.516733980855260029e+02
3.515084434207543609e+02
3.513585488575009208e+02
3.512229736405668064e+02
3.511024640784110602e+02
3.509955392875224902e+02
3.509014624517389507e+02
3.508209835763786941e+02
3.507526252322793425e+02
3.506963966503059851e+02
3.506515651360409151e+02
3.506173988251106266e+02
3.505939094392006155e+02
3.505803665378279561e+02
3.505767831111830333e+02
3.505816869989450311e+02
3.505950921554908177e+02
3.506162700712574747e+02
3.506444925356352087e+02
3.506797744013794613e+02
3.507206450105197177e+02
3.507671715717648908e+02
3.508196297387866593e+02
3.508761187273116207e+02
3.509384518285914396e+02
3.510047279988896207e+02
3.510745316462100618e+02
3.511489325736626483e+02
3.512267717494960948e+02
3.513083754291442347e+02
3.513925837637684708e+02
3.514797220906699522e+02
3.515686295451092178e+02
3.516603731888848188e+02
3.517537909550915742e+02
3.518484629444920415e+02
3.519439685480309095e+02
3.520406292405625663e+02
3.521380228705578475e+02
3.522349836208019838e+02
3.523318304749892604e+02
3.524281386748702403e+02
3.525234825180799589e+02
3.526174353213972950e+02
3.527103122193660170e+02
3.528009416230295301e+02
3.528896365239384068e+02
3.529759659529643727e+02
3.530602406141118763e+02
3.531405415079483987e+02
3.532171769049558634e+02
3.532911966382619084e+02
3.533599350557712455e+02
3.534244393321221196e+02
3.534842695845825915e+02
3.535389845034814016e+02
3.535881413118594878e+02
3.536312957243601431e+02
3.536687447403663214e+02
3.537000409312781244e+02
3.537239923970626592e+02
3.537408912271191070e+02
3.537510277852925924e+02
3.537524621591784353e+02
3.537469667940745239e+02
3.537318552609000903e+02
3.537088962292089036e+02
3.536768850692657793e+02
3.536346151441859433e+02
3.535831062668735854e+02
3.535218904767077106e+02
3.534505135505170301e+02
3.533685826217977706e+02
3.532764613010714925e+02
3.531737680697534074e+02
3.530608619038190454e+02
3.529366137231620542e+02
3.528013776871029563e+02
3.526547626458595346e+02
3.524978606034647441e+02
3.523287896669179418e+02
3.521486366873007796e+02
3.519562573772874430e+02
3.517519904508739046e+02
3.515361719199937625e+02
3.513083922283589118e+02
3.510689818927019132e+02
3.508167829713412402e+02
3.505521203804783568e+02
3.502760590380257213e+02
3.499866896700787038e+02
3.496858143105546901e+02
3.493722607732640881e+02
3.490455968172583994e+02
3.487076158100680914e+02
3.483563940436721396e+02
3.479922334138584006e+02
3.476161757523123583e+02
3.472270314916125358e+02
3.468250938483685104e+02
3.464106531640481421e+02
3.459832540836287080e+02
3.455431812420383721e+02
3.450899736131226518e+02
3.446239102012271474e+02
3.441445243950788040e+02
3.436535753340872930e+02
3.431498480915020650e+02
3.426336107148764540e+02
3.421051285881577542e+02
3.415646644654908073e+02
3.410124785065146966e+02
3.404480854779561128e+02
3.398717404614412771e+02
3.392829532221746263e+02
3.386834595885537169e+02
3.380712788120934533e+02
3.374473991232077310e+02
3.368128064319271857e+02
3.361655130287077213e+02
3.355079859755210805e+02
3.348389485597984390e+02
3.341592408106855032e+02
3.334689304028694323e+02
3.327673400970780904e+02
3.320545334484844489e+02
3.313313148442092597e+02
3.305970010348067945e+02
3.298516496748842428e+02
3.290953165225421913e+02
3.283287983077392482e+02
3.275514042593999307e+02
3.267631846414981283e+02
3.259649307828905194e+02
3.251559466009136941e+02
3.243377628040498166e+02
3.235096799082277812e+02
3.226717396023467472e+02
3.218247247727393301e+02
3.209686738567143607e+02
3.201036237003993392e+02
3.192296095808922587e+02
3.183466652278683000e+02
3.174555656797950292e+02
3.165555987997692000e+02
3.156482794714202669e+02
3.147321497745302850e+02
3.138087216862018067e+02
3.128780200920056132e+02
3.119393256427944721e+02
3.109941461172427353e+02
3.100417594349452770e+02
3.090829278557579300e+02
3.081176695000568202e+02
3.071467440453869813e+02
3.061694242493918523e+02
3.051872101544796578e+02
3.042001149438981429e+02
3.032074078097306824e+02
3.022105853278370091e+02
3.012096573195262863e+02
3.002038897254107042e+02
2.991947759864225986e+02
2.981823229117398455e+02
2.971657935590193347e+02
2.961466786218783227e+02
2.951242394692897619e+02
2.940999652074219739e+02
2.930731157232818305e+02
2.920451787507064978e+02
2.910154129180307905e+02
2.899852663734722569e+02
2.889545473380840690e+02
2.879230251723649303e+02
2.868912117204345691e+02
2.858596185410711428e+02
2.848280141399715717e+02
2.837961668731144869e+02
2.827645878509922568e+02
2.817330453384502107e+02
2.807020504951078124e+02
2.796713717759600968e+02
2.786415206721499089e+02
2.776122661115005599e+02
2.765841201987961426e+02
2.755575954504216156e+02
2.745324620282272576e+02
2.735092334774843152e+02
2.724876811235555465e+02
2.714683198072829668e+02
2.704509222787050930e+02
2.694360049291256018e+02
2.684240850161887124e+02
2.674141950518558133e+02
2.664068541983159548e+02
2.654033254864247056e+02
2.644026445266096630e+02
2.634053337324446602e+02
2.624119166964112537e+02
2.614229182330105914e+02
2.604373787490798691e+02
2.594573112915362572e+02
2.584817589019899629e+02
2.575112516589354072e+02
2.565455782019748767e+02
2.555852714284685021e+02
2.546308656824760703e+02
2.536814111061188441e+02
2.527381878336598220e+02
2.518002489979629104e+02
2.508688777550332816e+02
2.499438731212024152e+02
2.490250356535605079e+02
2.481136531286221043e+02
2.472087863742239051e+02
2.463109834502566571e+02
2.454207939829933309e+02
2.445387691684302922e+02
2.436632332697067511e+02
2.427962262991510158e+02
2.419368185044462223e+02
2.410855539948134947e+02
2.402429249167336422e+02
2.394079259403450237e+02
2.385817818211160670e+02
2.377642332266270842e+02
2.369557652441665141e+02
2.361553788789374835e+02
2.353643052333593175e+02
2.345815485021104791e+02
2.338090858236170391e+02
2.330444389373272998e+02
2.322895882128210872e+02
2.315442871447341417e+02
2.308082908693592685e+02
2.300813561775713936e+02
2.293632415291500024e+02
2.286551927385329179e+02
2.279569716517652296e+02
2.272675989998634805e+02
2.265883257584739852e+02
2.259189189934347155e+02
2.252584047175114392e+02
2.246080392531094390e+02
2.239668522455010304e+02
2.233361036969680526e+02
2.227148269810971044e+02
2.221035430426286723e+02
2.215020319172029986e+02
2.209100755911102283e+02
2.203274580257231037e+02
2.197554508514851079e+02
2.191930992160218636e+02
2.186401931465710504e+02
2.180965247361731087e+02
2.175626309985934768e+02
2.170390510516764948e+02
2.165240976289363459e+02
2.160190569394971476e+02
2.155229888356041101e+02
2.150364409981883398e+02
2.145592204398289766e+02
2.140918791802951944e+02
2.136334857442908799e+02
2.131838536665640618e+02
2.127435414890623520e+02
2.123123670850804103e+02
2.118901504854667337e+02
2.114767138667493214e+02
2.110718815361853444e+02
2.106762227487580219e+02
2.102880992081236684e+02
2.099089214740783405e+02
2.095378925039230751e+02
2.091757029355113104e+02
2.088215597144173046e+02
2.084761573986336032e+02
2.081387067805292759e+02
2.078091633515911667e+02
2.074889700948863549e+02
2.071766004302973556e+02
2.068720151781933509e+02
2.065759196762623162e+02
2.062875352248385923e+02
2.060068275411418881e+02
2.057345067074256235e+02
2.054697986132615313e+02
2.052126734074147123e+02
2.049631026092889670e+02
2.047218018903203642e+02
2.044872596803712952e+02
2.042601941247181401e+02
2.040405816913488479e+02
2.038276571191254050e+02
2.036228847070062784e+02
2.034240155841148123e+02
2.032317731765488134e+02
2.030468818203391095e+02
2.028678382110494169e+02
2.026953683703418676e+02
2.025294562641417713e+02
2.023693437628413392e+02
2.022142734385371909e+02
2.020657170343792473e+02
2.019221755857609821e+02
2.017843792339648985e+02
2.016515730216024735e+02
2.015237453703235815e+02
2.014008852204459004e+02
2.012822391725401019e+02
2.011677971359612229e+02
2.010575494740745057e+02
2.009514869861590682e+02
2.008496008908311126e+02
2.007503971407893744e+02
2.006546105839496477e+02
2.005622336103970156e+02
2.004725161403008542e+02
2.003854512825550671e+02
2.003002896537986999e+02
2.002170250378188427e+02
2.001364228175516757e+02
2.000571339519960361e+02
1.999793238126264043e+02
1.999031580592444755e+02
1.998288026277330118e+02
1.997556808818827960e+02
1.996839592692131475e+02
1.996138044704666186e+02
1.995446405476940868e+02
1.994766345958596787e+02
1.994099538876845372e+02
1.993432801816617257e+02
1.992782667083687898e+02
1.992135954644441256e+02
1.991486913598378408e+02
1.990852078578921009e+02
1.990218270980730608e+02
1.989579740368738214e+02
1.988953020815248749e+02
1.988317503713714984e+02
1.987682292526427545e+02
1.987049060609109858e+02
1.986404622417802273e+02
1.985758074799623216e+02
1.985111083114912560e+02
1.984450452395173556e+02
1.983777840238881538e+02
1.983094899594119056e+02
1.982395849881615675e+02
1.981689761510904191e+02
1.980963413588612241e+02
1.980225863475779136e+02
1.979471304490873536e+02
1.978693922065239121e+02
1.977902749901478501e+02
1.977084527685285025e+02
1.976248270657483204e+02
1.975388127342998530e+02
1.974498235743444354e+02
1.973587579543694517e+02
1.972650274232975676e+02
1.971680423345432018e+02
1.970672118019986669e+02
1.969641721632456211e+02
1.968568442597984074e+02
1.967468617502461825e+02
1.966328855604925252e+02
1.965143180270270022e+02
1.963927885378918461e+02
1.962662108262402967e+02
1.961362225247164872e+02
1.960015333122410368e+02
1.958623482242414298e+02
1.957188707405671835e+02
1.955713027738357823e+02
1.954191018256091752e+02
1.952617238154095105e+02
1.951001087474655264e+02
1.949337093699137142e+02
1.947627196816598030e+02
1.945865892664680530e+02
1.944055089693541731e+02
1.942189252349224375e+02
1.940277686226971525e+02
1.938314824789670752e+02
1.936295086202756579e+02
1.934235158532335674e+02
1.932114573101501378e+02
1.929949988160009866e+02
1.927728333905981515e+02
1.925458811116286029e+02
1.923143177926791338e+02
1.920768321663936149e+02
1.918343400776391263e+02
1.915870131611147542e+02
1.913335360235190592e+02
1.910748204351789923e+02
1.908110340056024938e+02
1.905416001981312490e+02
1.902666840135076995e+02
1.899871920021371920e+02
1.897018009348895760e+02
1.894106719876785121e+02
1.891147079143734686e+02
1.888133245480913445e+02
1.885066793110352990e+02
1.881941855475885461e+02
1.878767410309175432e+02
1.875537566228065032e+02
1.872253847771111168e+02
1.868910338665916413e+02
1.865515966834476842e+02
1.862072219283722063e+02
1.858573142034566388e+02
1.855027625090671961e+02
1.851429688945787859e+02
1.847773341184385174e+02
1.844074861425905283e+02
1.840328231111820685e+02
1.836534846792003179e+02
1.832688535415962292e+02
1.828797455591318055e+02
1.824854767746516018e+02
1.820861046965100059e+02
1.816816854532985701e+02
1.812730166194392893e+02
1.808586658666567928e+02
1.804401708019114494e+02
1.800160962813179992e+02
1.795879770859941402e+02
1.791543752391957298e+02
1.787168226856862532e+02
1.782738786126763841e+02
1.778263292982291830e+02
1.773749596116151110e+02
1.769183245159583464e+02
1.764572060884758855e+02
1.759923850279198234e+02
1.755224121644898219e+02
1.750488083224911691e+02
1.745708644951456563e+02
1.740878703721454883e+02
1.736013428696713845e+02
1.731105691476041102e+02
1.726163208143678105e+02
1.721171397837995016e+02
1.716145381545002806e+02
1.711077984009069155e+02
1.705976875866102205e+02
1.700842288992800491e+02
1.695674445273494655e+02
1.690473557031689040e+02
1.685239827474864853e+02
1.679973451150747508e+02
1.674689471113669867e+02
1.669365780946386337e+02
1.664017408741860322e+02
1.658651947484823665e+02
1.653254698836111345e+02
1.647833243718800134e+02
1.642387729399700618e+02
1.636918298318042559e+02
1.631432516908240018e+02
1.625930519364193003e+02
1.620405008094674884e+02
1.614870967568673166e+02
1.609321094645685832e+02
1.603755512394573373e+02
1.598181770496191518e+02
1.592592560578936229e+02
1.586995216275093412e+02
1.581388787380057011e+02
1.575772109675314141e+02
1.570144018954586613e+02
1.564510779666858866e+02
1.558863800138464342e+02
1.553216774577167030e+02
1.547553684853376410e+02
1.541895655865762365e+02
1.536226672232960482e+02
1.530560433621444076e+02
1.524888356451534719e+02
1.519216715789415844e+02
1.513536932070875309e+02
1.507862712962377145e+02
1.502185483355667941e+02
1.496511527202723073e+02
1.490832274187399094e+02
1.485161441539758869e+02
1.479483035639310913e+02
1.473818207215729785e+02
1.468150967889866934e+02
1.462487617015916044e+02
1.456841885019310325e+02
1.451190363333450080e+02
1.445554216292060232e+02
1.439924897669199595e+02
1.434308720827633579e+02
1.428704573720732469e+02
1.423103918952212155e+02
1.417520507245212968e+02
1.411945807418358925e+02
1.406386148225082877e+02
1.400840433402389351e+02
1.395314998483108297e+02
1.389808754220062212e+02
1.384313186724184277e+02
1.378842071017486717e+02
1.373394329447906159e+02
1.367968888570123340e+02
1.362564679340112264e+02
1.357188065673983033e+02
1.351830559619585870e+02
1.346505963343421115e+02
1.341205799277548749e+02
1.335929023781037017e+02
1.330682027411642423e+02
1.325463778507277368e+02
1.320280680177735064e+02
1.315124285553277730e+02
1.310000912754390754e+02
1.304909063940407350e+02
1.299854578538498799e+02
1.294828447249252861e+02
1.289843954118089187e+02
1.284884678403513760e+02
1.279963921697417533e+02
1.275080138138658299e+02
1.270224363073639893e+02
1.265409926761377619e+02
1.260627884568319388e+02
1.255884159006723593e+02
1.251177254960452672e+02
1.246505688299842092e+02
1.241867986133131012e+02
1.237270115393765053e+02
1.232710626361480166e+02
1.228188081217652439e+02
1.223701054233024763e+02
1.219255560287510747e+02
1.214842769970153000e+02
1.210476151461670469e+02
1.206146900544414819e+02
1.201861082444916349e+02
1.197617346854081859e+02
1.193414356327983228e+02
1.189250786318046664e+02
1.185125325181084008e+02
1.181044102519714016e+02
1.177005832452606882e+02
1.173001813566334022e+02
1.169045642249974861e+02
1.165128642509720436e+02
1.161257007619578872e+02
1.157422086604105687e+02
1.153630097508424939e+02
1.149887270553131629e+02
1.146177562926462343e+02
1.142514657067698494e+02
1.138897390387288482e+02
1.135317183429976495e+02
1.131780324730987104e+02
1.128285685564596434e+02
1.124824719738650316e+02
1.121411176786610042e+02
1.118043960005175705e+02
1.114714554592514588e+02
1.111421884137091354e+02
1.108172310407557859e+02
1.104964776444843153e+02
1.101798311909506793e+02
1.098672264485086743e+02
1.095586068082956643e+02
1.092546593805499100e+02
1.089545864716430259e+02
1.086583340720754194e+02
1.083665918402705870e+02
1.080785645822183625e+02
1.077949435772582660e+02
1.075156780596830544e+02
1.072399752064331295e+02
1.069685286308913845e+02
1.067012898675534558e+02
1.064382111978133452e+02
1.061785028066939134e+02
1.059236041156676009e+02
1.056727267661536303e+02
1.054258259541436189e+02
1.051821147555000096e+02
1.049430354621626122e+02
1.047078025687928573e+02
1.044763741102773054e+02
1.042494516596575238e+02
1.040255089863961899e+02
1.038059919002624838e+02
1.035893755700882650e+02
1.033771072030703948e+02
1.031684061987425025e+02
1.029624926531363940e+02
1.027608158627803050e+02
1.025625973132036108e+02
1.023678020173214662e+02
1.021756528431975823e+02
1.019876018513867848e+02
1.018021304463375998e+02
1.016206920524131618e+02
1.014417694286697440e+02
1.012660745080862057e+02
1.010928342154947188e+02
1.009235046346935434e+02
1.007558283191056745e+02
1.005912626317036001e+02
1.004297798882787021e+02
1.002706101796422047e+02
1.001137270275519882e+02
9.995910453424475861e+01
9.980671736565975039e+01
9.965654073332639484e+01
9.950855037492040367e+01
9.936272253350237804e+01
9.921904921977935032e+01
9.907684120671349604e+01
9.893616782207752181e+01
9.879784163842043654e+01
9.866044710613199697e+01
9.852554037072694371e+01
9.839244939879503704e+01
9.826124528831962834e+01
9.813125656802289143e+01
9.800329767110301304e+01
9.787744039818224451e+01
9.775301388479019238e+01
9.762934740343551709e+01
9.750799883539721691e+01
9.738829762706924953e+01
9.727031609644440380e+01
9.715338372944970047e+01
9.703757281649546940e+01
9.692369841920051954e+01
9.681108983238031840e+01
9.669981905663240696e+01
9.658995793137715680e+01
9.648157810358323161e+01
9.637400816222908873e+01
9.626731927869712990e+01
9.616232517806727742e+01
9.605761077134734194e+01
9.595398913906944927e+01
9.585153016582806629e+01
9.575030335120031566e+01
9.564963495193453014e+01
9.554959363058318900e+01
9.544950476544974549e+01
9.535092177213384446e+01
9.525242624127797342e+01
9.515482776815750299e+01
9.505744976347376962e+01
9.496035794585006329e+01
9.486361749572137114e+01
9.476729304572515389e+01
9.467070583751615231e+01
9.457466222009455237e+01
9.447848230432842342e+01
9.438222846396806176e+01
9.428596249781685401e+01
9.418900279309085022e+01
9.409215282999217322e+01
9.399472984213919347e+01
9.389753615814134946e+01
9.379914502880006921e+01
9.370036595577681737e+01
9.360129830154099295e+01
9.350056351229994789e+01
9.340049665244380606e+01
9.329897522430407264e+01
9.319684752364982216e+01
9.309421846990761651e+01
9.299044961149361654e+01
9.288564480107022803e+01
9.278065020051818124e+01
9.267482578049141750e+01
9.256753099465160517e+01
9.245961045335722872e+01
9.235116542158843345e+01
9.224155382121821845e+01
9.213087590252328596e+01
9.201923140973410398e+01
9.190671958065676961e+01
9.179269631025753995e+01
9.167800265328527587e+01
9.156199348061501553e+01
9.144476597963277698e+01
9.132715964838966727e+01
9.120778494849061246e+01
9.108748030706705379e+01
9.096559793232025015e+01
9.084297514315679223e+01
9.071896301752380509e+01
9.059439771988745349e+01
9.046788631248413992e+01
9.034026375090820693e+01
9.021162152858623529e+01
9.008205049559673228e+01
8.995089800675366121e+01
8.981825357418038891e+01
8.968420601433444972e+01
8.954958626472476624e+01
8.941299602526990498e+01
8.927526474980196269e+01
8.913647828734983136e+01
8.899597886368965760e+01
8.885459356827865918e+01
8.871166299646407083e+01
8.856726973746113174e+01
8.842149552296807258e+01
8.827516404670917893e+01
8.812686960987042539e+01
8.797743411793848622e+01
8.782619289354782666e+01
8.767396600596177336e+01
8.752082558798900891e+01
8.736608332177949876e+01
8.720978860990608439e+01
8.705198990536834458e+01
8.689347754464074569e+01
8.673281240757637534e+01
8.657152576462232219e+01
8.640817660074243634e+01
8.624429430185179513e+01
8.607843598298164522e+01
8.591138634395109364e+01
8.574244350685970062e+01
8.557239037089915712e+01
8.540052328901826684e+01
8.522762342678470304e+01
8.505372827799892832e+01
8.487738885220090879e+01
8.470012670909494545e+01
8.452197697430837309e+01
8.434148836680806482e+01
8.416018023783985313e+01
8.397734275576867446e+01
8.379375111228766571e+01
8.360795137927996734e+01
8.342146038670985320e+01
8.323356591071267019e+01
8.304355521229801695e+01
8.285294357622645123e+01
8.266101733464284962e+01
8.246854807577287261e+01
8.227407850196500760e+01
8.207837947241220888e+01
8.188147869484058106e+01
8.168340359135763151e+01
8.148492416315914966e+01
8.128458167880133090e+01
8.108314571125438874e+01
8.088138565811463820e+01
8.067858509508882037e+01
8.047402746770286797e+01
8.026922461605174419e+01
8.006420261727241439e+01
7.985750180098807505e+01
7.965063377268975842e+01
7.944288157953813823e+01
7.923501389418861152e+01
7.902631368110903054e+01
7.881680670580648496e+01
7.860726153674650618e+01
7.839696104001831145e+01
7.818592052429534078e+01
7.797559949823308045e+01
7.776373289225226415e+01
7.755251259349527970e+01
7.734041625084816474e+01
7.712814994396032375e+01
7.691567683066074324e+01
7.670221713335719471e+01
7.648921946461710775e+01
7.627516096676457380e+01
7.606148997636068998e+01
7.584668332801717838e+01
7.563218901857395338e+01
7.541722634609834586e+01
7.520175723459176709e+01
7.498648621926272995e+01
7.477063192762346944e+01
7.455489840688782976e+01
7.433850377251670238e+01
7.412289437354836252e+01
7.390654493939155145e+01
7.369015841892131391e+01
7.347443747145409532e+01
7.325785596001244926e+01
7.304185879727309327e+01
7.282566210372259263e+01
7.260922455375079210e+01
7.239324738438963891e+01
7.217768873680967090e+01
7.196176367071083746e+01
7.174617268664822234e+01
7.153087324105662503e+01
7.131582260419014574e+01
7.110172072081746819e+01
7.088703889846392769e+01
7.067321968349288852e+01
7.045947704926985011e+01
7.024651060690517568e+01
7.003353430287357639e+01
6.982124779873922193e+01
6.960960800739420051e+01
6.939857197085139262e+01
6.918735406919077491e+01
6.897739740556914967e+01
6.876865967666601875e+01
6.855961321862753266e+01
6.835244489826290248e+01
6.814562780859183988e+01
6.793912115928809214e+01
6.773437032111372957e+01
6.752984346965457974e+01
6.732695513914656260e+01
6.712414275063602531e+01
6.692281571970529797e+01
6.672215564712711000e+01
6.652283052727645440e+01
6.632476627355974585e+01
6.612714674591335040e+01
6.592989944514617662e+01
6.573443836887228997e+01
6.553994985375554450e+01
6.534562109428750887e+01
6.515361149282470876e+01
6.496162431543777416e+01
6.477107787940630601e+01
6.458116287134751587e+01
6.439255651679864911e+01
6.420519406577793120e+01
6.401901161470576085e+01
6.383320325464826794e+01
6.364919239119995353e+01
6.346617471080235617e+01
6.328408949419798546e+01
6.310287675187063883e+01
6.292322002689948590e+01
6.274431785535111317e+01
6.256685506978158884e+01
6.239077425581371017e+01
6.221601854739682835e+01
6.204178875094547863e+01
6.186951464388978650e+01
6.169839792262837364e+01
6.152838350075577267e+01
6.135941663256264889e+01
6.119218570735812790e+01
6.102663653985747061e+01
6.086197233212288893e+01
6.069888214243434987e+01
6.053656951117908136e+01
6.037572376945713870e+01
6.021703434035571689e+01
6.005896220829896492e+01
5.990219690697878008e+01
5.974705657813340309e+01
5.959319082268909540e+01
5.944076922590475220e+01
5.928966423203782199e+01
5.913997112624334562e+01
5.899156233519369152e+01
5.884453313400829444e+01
5.869883244460787353e+01
5.855449231767620688e+01
5.841147276714594483e+01
5.826980815407046066e+01
5.812953292952040840e+01
5.799053309762874875e+01
5.785299195007490169e+01
5.771679583468658592e+01
5.758190561243001326e+01
5.744843098291899253e+01
5.731633339458689136e+01
5.718564894117388064e+01
5.705619127509534394e+01
5.692814592382191563e+01
5.680147607076914795e+01
5.667607117131893801e+01
5.655196985199917492e+01
5.642913710784944215e+01
5.630761291604608232e+01
5.618736371381238115e+01
5.606835672468911724e+01
5.595063428222564283e+01
5.583409101666573093e+01
5.571877102275845317e+01
5.560471932278721852e+01
5.549183332548378189e+01
5.538008569802100567e+01
5.526959866628065754e+01
5.516019832563314651e+01
5.505193463206586557e+01
5.494478426942793448e+01
5.483872492870061421e+01
5.473373529819154015e+01
5.462986933161641190e+01
5.452695909305715105e+01
5.442506043138524774e+01
5.432423009769996014e+01
5.422430285744795952e+01
5.412533714893670833e+01
5.402731790192826367e+01
5.393023076912925973e+01
5.383398778637845083e+01
5.373872444640837642e+01
5.364427965053653224e+01
5.355064134277551346e+01
5.345787215677287207e+01
5.336588649358026970e+01
5.327459901528094832e+01
5.318407313749413845e+01
5.309422382028692766e+01
5.300504754523336004e+01
5.291656956230605857e+01
5.282874792798114072e+01
5.274161479882206294e+01
5.265520207843287182e+01
5.256939278367991619e+01
5.248444096573384599e+01
5.240008024836593137e+01
5.231648945808824180e+01
5.223369830547195392e+01
5.215151305612804578e+01
5.207011075873231221e+01
5.198937065936510038e+01
5.190931987453615193e+01
5.182991051907725222e+01
5.175116825813029919e+01
5.167311801535093707e+01
5.159570968792157686e+01
5.151896671891159940e+01
5.144276325893950741e+01
5.136726988608982225e+01
5.129228507988565866e+01
5.121790380470509518e+01
5.114414613031097190e+01
5.107080870873368639e+01
5.099805909166912699e+01
5.092569294991752571e+01
5.085380268400525949e+01
5.078233178641001899e+01
5.071122347541418662e+01
5.064042076499156764e+01
5.056994082063494744e+01
5.049980074998947543e+01
5.042986911114582682e+01
5.036016312244467485e+01
5.029062588758293373e+01
5.022120075386623483e+01
5.015197995241681639e+01
5.008283325163817779e+01
5.001363087580696032e+01
4.994454070362274933e+01
4.987535977705226742e+01
4.980610862494016544e+01
4.973680846274747580e+01
4.966733266991502660e+01
4.959770396187443708e+01
4.952787157073101554e+01
4.945778555275251875e+01
4.938747108831629617e+01
4.931687992352546956e+01
4.924604326865832604e+01
4.917478764913359868e+01
4.910331616501738239e+01
4.903146130089726995e+01
4.895935344489137719e+01
4.888682657994422698e+01
4.881401250316738327e+01
4.874089506839182206e+01
4.866745868929346130e+01
4.859368826843732592e+01
4.851964340317872626e+01
4.844523545139803389e+01
4.837052457614011303e+01
4.829549680071774276e+01
4.822021247695028023e+01
4.814465761569731228e+01
4.806874378142171622e+01
4.799260511853836420e+01
4.791615254128878831e+01
4.783951932499370940e+01
4.776254101192934343e+01
4.768534957071488378e+01
4.760785330495286161e+01
4.753018245000412634e+01
4.745216908763212871e+01
4.737394131736657243e+01
4.729547746377053841e+01
4.721668027388779620e+01
4.713767397154827421e+01
4.705828420014152869e+01
4.697870650902266476e+01
4.689883774500913916e+01
4.681872170503719133e+01
4.673825196283864614e+01
4.665761754004655160e+01
4.657663433445581092e+01
4.649541366123857955e+01
4.641384226817259417e+01
4.633202804652276541e+01
4.624978006650194828e+01
4.616727715879818561e+01
4.608432511941799703e+01
4.600102531070278644e+01
4.591725473561810844e+01
4.583303752300081158e+01
4.574839643676151013e+01
4.566335296004378819e+01
4.557770453624311813e+01
4.549161893527779199e+01
4.540496580634514601e+01
