# lsst_simulation
2.596464057219676222e-09
1.736581480803521169e-09
1.178375584471151068e-09
8.287192753532688681e-10
4.764997830464351730e-10
3.348357273965116885e-10
2.319250365474417500e-10
1.750326563060740395e-10
1.207380770945767644e-10
7.400708240030800270e-11
4.539704908446079080e-11
2.712508926823927582e-11
1.794179907421918716e-11
1.065406781350012478e-11
4.137296132408370461e-12
4.492648215123714994e-09
2.823436770389800805e-09
1.991860041858493640e-09
1.291216276912361200e-09
7.176767149354081485e-10
5.758892857373593272e-10
3.589476444979944675e-10
2.746529711900278585e-10
1.874033251368546741e-10
1.254497161470169635e-10
8.002138845470607980e-11
5.276981553130609385e-11
3.024675839222571246e-11
1.808827664703539219e-11
9.257763957923214710e-12
4.007094514865810642e-09
3.126681025604011541e-09
1.871732017893041951e-09
1.247138288618160386e-09
6.959698922145557010e-10
5.514917675838557345e-10
3.439216795017259673e-10
2.708363868314386667e-10
1.808483773462406804e-10
1.263091610219757864e-10
8.138629101032700171e-11
5.280540383656917598e-11
3.208775129538513352e-11
1.614439517900465296e-11
9.119142348162273674e-12
3.943775248617463495e-09
3.085620513498313010e-09
1.972879499567278000e-09
1.151729486770238262e-09
6.855038076643971986e-10
5.545297619943568721e-10
3.466036738281848789e-10
2.907811071716967963e-10
1.756538369098616833e-10
1.247882500148354075e-10
8.006481370582473700e-11
5.399625873320597302e-11
3.097591218929913104e-11
1.647043668527673678e-11
7.938091917176359417e-12
3.886811019907388173e-09
3.281757682595629124e-09
1.929574360383887461e-09
1.012054034856260328e-09
6.237213331984797710e-10
5.414670625710960568e-10
3.542478674545032614e-10
3.029343706227898507e-10
1.669765043796070896e-10
1.222169404756204351e-10
8.429412805826174798e-11
5.256396119752512367e-11
3.095938673504320325e-11
1.456303239088429049e-11
8.302817462071604964e-12
1.463116924739349001e-08
1.034493616983454501e-08
7.369474405089890820e-09
5.218598781376259065e-09
3.135886469416411883e-09
2.183202943524627276e-09
1.395438586737005973e-09
9.273088830988098092e-10
6.458828011911035932e-10
4.470714885580695687e-10
2.988513714570735404e-10
2.012219267154020852e-10
1.340014962507717065e-10
8.061835447114101771e-11
4.979292699926328565e-11
1.725896171764927340e-08
1.345518738020452790e-08
9.234633939517268729e-09
6.539548235118697440e-09
4.156494051495107072e-09
2.852558756524078063e-09
1.814988802209125811e-09
1.195823274507929818e-09
8.183619989112632973e-10
5.630470793845411811e-10
3.836159599757525541e-10
2.580324198352760421e-10
1.728590351879948662e-10
1.081015242587836561e-10
6.458869823606954484e-11
1.880688961264920835e-08
1.486396198405485235e-08
1.031403050022081623e-08
7.167624185792341045e-09
4.729619842681838413e-09
3.091336309025957709e-09
1.950803861742472664e-09
1.317041137903110532e-09
9.033281936382951160e-10
6.161121634501769123e-10
4.230477424483497839e-10
2.846758808611879649e-10
1.878560592230394724e-10
1.207841445610346396e-10
7.368482356493487387e-11
2.003059728194618244e-08
1.558991127514838998e-08
1.127308132700614720e-08
7.707807082849137904e-09
5.089698202435479620e-09
3.344270618995654199e-09
2.134101093830957552e-09
1.479093961750766197e-09
9.729856007430121014e-10
6.676449209074177307e-10
4.578946923941428271e-10
3.089827336522966881e-10
2.061659253629796391e-10
1.327604815741927750e-10
8.007926568675616214e-11
2.566650265105963020e-08
2.165327334772728059e-08
1.490715913700353941e-08
1.064358944860292987e-08
7.371233831586931004e-09
5.027076580186479639e-09
3.163682954202279434e-09
2.126246498876449151e-09
1.369792263882473554e-09
9.258221594894995085e-10
6.293456590510756740e-10
4.225432173386315203e-10
2.859995925939799073e-10
1.862571199830751123e-10
1.160824695644720939e-10
3.075781789520784134e-08
2.638848472063393942e-08
1.878808320732603025e-08
1.317644587906696858e-08
9.385914031716163889e-09
6.300081976478001595e-09
3.905910087290493799e-09
2.667564903042725308e-09
1.697082438744078243e-09
1.152258221663003030e-09
7.757736763805584795e-10
5.219467579751134382e-10
3.526817548826382986e-10
2.320077444765974793e-10
1.477470292189432223e-10
3.428066608018379869e-08
2.973825865140240059e-08
2.193726485080040880e-08
1.541801055871206345e-08
1.082670243432157256e-08
7.384000982286836716e-09
4.578895214998608953e-09
3.129187890679958527e-09
1.973961819915154344e-09
1.327240533412394178e-09
8.993414157473477724e-10
5.955105054729723822e-10
4.125179600631858965e-10
2.723487429342700571e-10
1.726064963755117501e-10
4.024195372150127368e-08
3.581673009818905418e-08
2.731475253476625450e-08
1.931891520047674579e-08
1.423886321782746477e-08
9.571325330382905993e-09
5.988798468893802110e-09
4.068124323714458699e-09
2.547004546282583529e-09
1.683090659065032862e-09
1.124764518774970354e-09
7.492016819439937559e-10
5.036628860172907317e-10
3.366366762863829633e-10
2.194267709813987394e-10
4.727241521836519768e-08
4.376608719301523822e-08
3.528853754323192869e-08
2.509408654062858616e-08
1.829830733129429711e-08
1.253806717994612051e-08
7.969017176579124372e-09
5.332704697530400013e-09
3.327598185453606044e-09
2.189929147724825914e-09
1.448396238975475066e-09
9.511106308829414271e-10
6.444819008784572465e-10
4.300023295626219462e-10
2.822404190759031420e-10
6.110567388354260477e-08
6.004848005819540219e-08
5.268737343216767476e-08
3.862536429352102391e-08
2.787986150014372034e-08
1.971909809707217694e-08
1.311070397798471772e-08
8.711016500557896611e-09
5.441694997581603884e-09
3.502048834110249585e-09
2.289244264161039220e-09
1.452773711826841745e-09
9.731491430091763516e-10
6.435019494336838238e-10
4.226925266465644727e-10
