# lsst_theory
2.519222736361107702e-09
1.699667220849221882e-09
1.124997942173087912e-09
7.474518316172483430e-10
5.029102620547978020e-10
3.396460505745386047e-10
2.325057377667186420e-10
1.604666244157317789e-10
1.099685739656816207e-10
7.377182862639909110e-11
4.776333794118811072e-11
2.959426211516140593e-11
1.756869812096748904e-11
1.002895071482476324e-11
5.535820311886890248e-12
4.222233962413410764e-09
2.844851664141482092e-09
1.874052267058516104e-09
1.215619248268265081e-09
7.969851168603174198e-10
5.353821967233713761e-10
3.658798178049943088e-10
2.544538053489558383e-10
1.781193701457578182e-10
1.226540315538394172e-10
8.143865078024143579e-11
5.130888573667466949e-11
3.051963277023116853e-11
1.718987270074127831e-11
9.268905205644677661e-12
4.295326202127186268e-09
2.839754111930157870e-09
1.841714304115865200e-09
1.170101325493037210e-09
7.510250829057573243e-10
5.055984649499694057e-10
3.482956291102183065e-10
2.454141689591663373e-10
1.743651056832096455e-10
1.214839536542419919e-10
8.102248811381402623e-11
5.075028454763372416e-11
2.961658980472146233e-11
1.613351296311617047e-11
8.320992556516376523e-12
4.362412890158825176e-09
2.856996360867975791e-09
1.837982293206242591e-09
1.154611947690489197e-09
7.323599066078807396e-10
4.934737013742384686e-10
3.414382678701134839e-10
2.423008275051179690e-10
1.735585185047501887e-10
1.217025082711289741e-10
8.138466470027867159e-11
5.084042217962552736e-11
2.937809902000390346e-11
1.571330773499596285e-11
7.895817936838651122e-12
4.420594488401711154e-09
2.872161403318877920e-09
1.834968966065763038e-09
1.141371053177476476e-09
7.163750473662088864e-10
4.831014434815190538e-10
3.355786327804686165e-10
2.396527171525099058e-10
1.728872463816182345e-10
1.219071115801987652e-10
8.170786282983172794e-11
5.092494843240773814e-11
2.917580019976903107e-11
1.535182994033300716e-11
7.529056502715666494e-12
1.423028637341898712e-08
1.032902684353055310e-08
7.259566803898085534e-09
4.981167950902963429e-09
3.310467409541640080e-09
2.161773376248253917e-09
1.418705983683731228e-09
9.437073404929746034e-10
6.385619919817316929e-10
4.387946460931202689e-10
3.014168864496977257e-10
2.032124162629043011e-10
1.324664974692019656e-10
8.251609046362057558e-11
4.893312100005277596e-11
1.788381769638392667e-08
1.312723918648166436e-08
9.292632323155483095e-09
6.432903479381659102e-09
4.301088310363319854e-09
2.788143844956499312e-09
1.822438658750354046e-09
1.203772416310941245e-09
8.093315278221365632e-10
5.547443414648269401e-10
3.822094100352311987e-10
2.598559430158408307e-10
1.714726734046049684e-10
1.082458182774196179e-10
6.493296581026236632e-11
1.980953004550117636e-08
1.455771354542333465e-08
1.030382502030842021e-08
7.141773940367564751e-09
4.774847079438222901e-09
3.077183204578658210e-09
2.007418642151235201e-09
1.323286710866074762e-09
8.890236176229449217e-10
6.099554970574493589e-10
4.215718097152138344e-10
2.878800857660493377e-10
1.908470179712511985e-10
1.209121768414979344e-10
7.263888510500402920e-11
2.149268970927987258e-08
1.581313259698526412e-08
1.119472720225446195e-08
7.767799293752724402e-09
5.194327022994620209e-09
3.334657892141037540e-09
2.172286935766553079e-09
1.429795346237950657e-09
9.598849906633832347e-10
6.589053726177889329e-10
4.563543003576538785e-10
3.125861419232812332e-10
2.079145195103497717e-10
1.320826327715646508e-10
7.945562963691246969e-11
2.700624004046470363e-08
2.083116576497551483e-08
1.526322569126181281e-08
1.085699471149587740e-08
7.496656089568298363e-09
4.952408065703420565e-09
3.207174225709940067e-09
2.085803791759302840e-09
1.372872249661247132e-09
9.187962043632079523e-10
6.243236304767957042e-10
4.249635644589896112e-10
2.854813781951048550e-10
1.861528853626543881e-10
1.163780815977450868e-10
3.242915765347265000e-08
2.544494002370901925e-08
1.885982554459790307e-08
1.352073948487091336e-08
9.419620739952673869e-09
6.270460216112967484e-09
4.043496451620557302e-09
2.620502480088068765e-09
1.713355126270037047e-09
1.138268405404511035e-09
7.698744475136508179e-10
5.239979174798696581e-10
3.538078053976273589e-10
2.329116143462303924e-10
1.473845179243708215e-10
3.693642331880095334e-08
2.924421815640879974e-08
2.179099362214091614e-08
1.567365626411126685e-08
1.096624709763886563e-08
7.323181873338253825e-09
4.703691055640858348e-09
3.042654612215857726e-09
1.982347251078142492e-09
1.312336771424306087e-09
8.861171830806827007e-10
6.037035156338883945e-10
4.091209993285580973e-10
2.708578940560803331e-10
1.725083876303020238e-10
4.270309034989427984e-08
3.488953717454468938e-08
2.676412500661201276e-08
1.964827836922246664e-08
1.395433753647545271e-08
9.526269925118936167e-09
6.218090588994675208e-09
4.001944319338625413e-09
2.583383792277589657e-09
1.688736272837836685e-09
1.120425353353508070e-09
7.531055861256425529e-10
5.075529166656494783e-10
3.374887414080129952e-10
2.180782651427107422e-10
5.165535888926197662e-08
4.315439438695199064e-08
3.372096849921655363e-08
2.506766794015750601e-08
1.796911205458524125e-08
1.240839188194199063e-08
8.163322188923887993e-09
5.230693990251580415e-09
3.359235929970149056e-09
2.179061577239172341e-09
1.431765864094033944e-09
9.559999281272592733e-10
6.433185763176222720e-10
4.296434119053754049e-10
2.803505242923977858e-10
6.829791372529617688e-08
5.966497388849009464e-08
4.873760886772245178e-08
3.758465415064241840e-08
2.764385553305233850e-08
1.952542835032407070e-08
1.325147030814451299e-08
8.570717030674631712e-09
5.464771636289926007e-09
3.490883534761476654e-09
2.247228876535750925e-09
1.464107739541945103e-09
9.674448669749114770e-10
6.417279597407939872e-10
4.213831445477282946e-10
