# f_z
5.276531700930022772e-01
5.398775678268533662e-01
5.518831365924649068e-01
5.636638504864023291e-01
5.752145632136588249e-01
5.865310107361948466e-01
5.976097365174402043e-01
6.084480832526119043e-01
6.190441387707112941e-01
6.293966690509874562e-01
6.395051480181914716e-01
6.493696220239130179e-01
6.589907249936514111e-01
6.683696280704241044e-01
6.775079731899310564e-01
6.864078301658497194e-01
6.950717217775701506e-01
7.035024710267860915e-01
7.117032439298283109e-01
7.196775206052706819e-01
7.274289888601687126e-01
7.349615863878175004e-01
7.422794166032493646e-01
7.493867392461259769e-01
7.562879639167711110e-01
7.629875926708442613e-01
7.694902192860501033e-01
7.758004795587682967e-01
7.819230641081548194e-01
7.878626600292681914e-01
7.936240101627262122e-01
7.992118069864077023e-01
8.046307316972354240e-01
8.098854451824316625e-01
8.149805223792382369e-01
8.199205632705041102e-01
8.247100054073450703e-01
8.293533019258862993e-01
8.338547856259947988e-01
8.382187316885864048e-01
8.424493091419550383e-01
8.465506232112106622e-01
8.505266623325177244e-01
8.543813304637314365e-01
8.581184686998082345e-01
8.617417796682232956e-01
8.652548561508887071e-01
8.686612743290922367e-01
8.719644171266923705e-01
8.751676366686238495e-01
8.782741566760654539e-01
8.812871204195036334e-01
8.842095661917269700e-01
8.870444547108735645e-01
8.897946382495981466e-01
8.924628944026408162e-01
8.950519090537123468e-01
8.975642921807186481e-01
9.000025281449836045e-01
9.023690694267757495e-01
9.046662670300009701e-01
9.068963927322744034e-01
9.090616414144062629e-01
9.111641448418162925e-01
9.132059462169417330e-01
9.151890474958664923e-01
9.171153446491627781e-01
9.189867053473949055e-01
9.208049197616853254e-01
9.225716884822816599e-01
9.242887047847944126e-01
9.259575694671678958e-01
9.275798406179629474e-01
9.291570135803748354e-01
9.306905301179314582e-01
9.321818040250400283e-01
9.336321769758818556e-01
9.350429324520427299e-01
9.364153602655181929e-01
9.377506553154811852e-01
9.390499886605042645e-01
9.403145081060264587e-01
9.415452912392271445e-01
9.427433909507657583e-01
9.439098379385404414e-01
9.450456042288803982e-01
9.461516257061191038e-01
9.472288513773435836e-01
9.482781223248730740e-01
9.493003312788393933e-01
9.502962931781850919e-01
9.512668139379821808e-01
9.522126394638249502e-01
9.531345167514225780e-01
9.540331867741360661e-01
9.549093161384476502e-01
9.557636033074004001e-01
9.565966646432956244e-01
9.574091489150660106e-01
9.582016742985076663e-01
9.589747840065052653e-01
9.597290733944667807e-01
9.604650873405862210e-01
9.611833563323622931e-01
9.618843758317021653e-01
9.625686497176902945e-01
9.632366676303001363e-01
9.638888780209668994e-01
9.645257191298276522e-01
9.651476612325274873e-01
9.657550716205590691e-01
9.663484033681546403e-01
9.669280224150227365e-01
9.674943166494708313e-01
9.680476564357476388e-01
9.685883782964557209e-01
9.691168582598046477e-01
9.696334157035619850e-01
9.701383567472072755e-01
9.706320349574510953e-01
9.711147178112737866e-01
9.715867185291438002e-01
9.720483056948091560e-01
9.724997754542027417e-01
9.729413898758544343e-01
9.733733910371669129e-01
9.737960482463299261e-01
9.742095943503344957e-01
9.746142747415648122e-01
9.750103372241534228e-01
9.753979654709957758e-01
9.757773848093492797e-01
9.761488418583781357e-01
9.765124902135035034e-01
9.768685466624881242e-01
9.772172189763406180e-01
9.775586613675204539e-01
9.778930775175392887e-01
9.782206502464302345e-01
9.785415112790544212e-01
9.788558616664140288e-01
9.791638569580503049e-01
9.794656348892634146e-01
9.797613697563445356e-01
9.800511775525002633e-01
9.803352155963226400e-01
9.806136456413175884e-01
9.808865696122268663e-01
9.811541463078554681e-01
9.814164915005798573e-01
