# lsst_theory
2.519910722368722404e-09
1.700400006677660590e-09
1.125677604380219795e-09
7.480391942578169160e-10
5.032341397084999647e-10
3.393913630421932379e-10
2.326009271461039830e-10
1.604662928660912867e-10
1.099656494303737087e-10
7.376843868017073700e-11
4.775579507196061705e-11
2.958172152912280445e-11
1.754996467079614206e-11
1.000169099704502624e-11
5.497170393951503011e-12
4.223093475806875411e-09
2.845850302448279399e-09
1.875138109636183485e-09
1.216635772257575888e-09
7.977956522925849734e-10
5.357128731219726427e-10
3.652639649845512859e-10
2.545945668879244744e-10
1.781342426893095756e-10
1.226518533052502621e-10
8.143107106226108465e-11
5.129591542757251553e-11
3.050000776098666230e-11
1.716127659295290163e-11
9.228026807987312520e-12
4.296199457616254677e-09
2.840782276845808960e-09
1.842890366626325908e-09
1.171158656162952064e-09
7.519318481576416921e-10
5.063827143422115631e-10
3.470337270565430961e-10
2.455858889928651799e-10
1.744477743246699384e-10
1.214831442939466528e-10
8.101338483881737827e-11
5.073697717484369007e-11
2.959660782992438935e-11
1.610439318540862208e-11
8.279315709575940622e-12
4.363295478587781159e-09
2.858043432711712251e-09
1.839212215245537960e-09
1.155695962716506673e-09
7.333187504593115995e-10
4.944989328639820613e-10
3.398483791067914947e-10
2.424876919852384384e-10
1.736754315669294493e-10
1.217024487611920416e-10
8.137479386541706884e-11
5.082693813517528729e-11
2.935791769037017582e-11
1.568388650671344524e-11
7.853646168435626709e-12
4.421485098012148803e-09
2.873224960509290863e-09
1.836245733147478010e-09
1.142477466897496642e-09
7.173788557187787226e-10
4.843357273270175576e-10
3.337041554576571607e-10
2.398532213031296629e-10
1.730336951534555645e-10
1.219077247833029464e-10
8.169732768098089941e-11
5.091131237311102406e-11
2.915544544159064797e-11
1.532213934598354134e-11
7.486418549681896036e-12
1.423180262844355291e-08
1.033058732370628908e-08
7.261397765498232017e-09
4.983230497026519501e-09
3.312760708746373974e-09
2.164361620263276223e-09
1.419373637795334862e-09
9.430446383705235451e-10
6.385965860817663679e-10
4.388030602798715536e-10
3.014157961650223846e-10
2.032024974230069760e-10
1.324471064816623484e-10
8.248621428946692102e-11
4.889025055007314361e-11
1.788557867409491859e-08
1.312896815157319520e-08
9.294572542321889602e-09
6.435335701885045875e-09
4.303648488630094417e-09
2.790380730455593069e-09
1.826223410212120561e-09
1.201907308880480575e-09
8.091725590888117907e-10
5.547972658178256175e-10
3.822200673246698050e-10
2.598471453099305517e-10
1.714538041912087555e-10
1.082159656775599953e-10
6.488964974550280130e-11
1.981143160361409085e-08
1.455953390426435891e-08
1.030583109200741418e-08
7.144401155793063275e-09
4.777583311842591156e-09
3.079449161431779052e-09
2.012812955367024413e-09
1.320396836955033907e-09
8.887393587420490739e-10
6.101116042145580838e-10
4.215958086046308033e-10
2.878702885439022931e-10
1.908284531567784436e-10
1.208823938255707950e-10
7.259531481758508103e-11
2.149471256959436529e-08
1.581503229756461654e-08
1.119679031629688108e-08
7.770595213702244105e-09
5.197212811747486864e-09
3.336934818916652657e-09
2.179060295907479885e-09
1.426086593030501795e-09
9.594937278274848078e-10
6.591404919309487826e-10
4.563888076369905446e-10
3.125756261995527894e-10
2.078962059415946846e-10
1.320528897693071595e-10
7.941183130297788337e-11
2.700842163253742544e-08
2.083340057621962014e-08
1.526554050280259375e-08
1.085967181326252316e-08
7.499828968851037758e-09
4.956028295629018590e-09
3.211020842043993032e-09
2.087291389029923445e-09
1.371601781513397001e-09
9.187480111795731845e-10
6.243520465341016031e-10
4.249615434611230164e-10
2.854650024294753222e-10
1.861239122100791982e-10
1.163348400383545066e-10
3.243157415094362572e-08
2.544747092202848713e-08
1.886235688638980185e-08
1.352355533914042276e-08
9.423197610878069789e-09
6.274617317876962421e-09
4.046269832633389652e-09
2.626349721691888473e-09
1.711167205099496442e-09
1.137910743576864048e-09
7.698951764306572710e-10
5.240036841277330045e-10
3.537922692982173371e-10
2.328825445502017658e-10
1.473408917827801511e-10
3.693904481399463714e-08
2.924700320819261000e-08
2.179370641995222058e-08
1.567658710793576012e-08
1.097016668718110445e-08
7.327814106977767064e-09
4.705676662486863337e-09
3.052333533612182915e-09
1.978947244959381406e-09
1.311705149690291912e-09
8.861730767363260344e-10
6.037218200798679079e-10
4.091052597929702640e-10
2.708286901881991410e-10
1.724644260348634403e-10
4.270577445877100346e-08
3.489253245165580468e-08
2.676717134364099438e-08
1.965149947065913984e-08
1.395819189126191211e-08
9.530787106780175555e-09
6.222834607421059886e-09
4.009750684152939947e-09
2.582900624672532054e-09
1.686884306018555586e-09
1.120348001892972585e-09
7.531604162855987319e-10
5.075411928125877015e-10
3.374592432826830285e-10
2.180341194969551728e-10
5.165826849320826448e-08
4.315778317585519227e-08
3.372447372748570154e-08
2.507124839848000904e-08
1.797322897840004946e-08
1.241351340129568240e-08
8.169724900628648685e-09
5.237232145179530101e-09
3.362772378209327903e-09
2.176154015477603306e-09
1.431508807901491409e-09
9.560668441207201355e-10
6.433084427758093797e-10
4.296141358805560887e-10
2.803059853820583251e-10
6.830098454607900986e-08
5.966884734558949940e-08
4.874189797524863970e-08
3.758903100971376714e-08
2.764851696401957219e-08
1.953120368099014055e-08
1.325857608023532362e-08
8.577031425442425970e-09
5.477736319890579197e-09
3.488986911010180728e-09
2.244133294227793066e-09
1.463818358677018032e-09
9.675442835453434513e-10
6.417112332130256657e-10
4.213396861919912589e-10
5.014136988279283397e-07
3.481959960715507146e-07
2.337865080058006037e-07
1.530619408255780181e-07
1.005426135676874516e-07
6.627765892205211079e-08
4.459518045323125078e-08
3.073236113229895559e-08
2.152228223764032740e-08
1.502598611132082585e-08
1.022081155189349218e-08
6.645587723647683053e-09
4.098686136789833026e-09
2.398905256263032002e-09
1.341843294344071299e-09
1.576214195923650652e-06
1.136074185639313438e-06
7.956795226217670777e-07
5.366595798376513136e-07
3.498745985544107502e-07
2.282219401022023977e-07
1.491172437492967065e-07
9.964606141648813897e-08
6.843219232599669220e-08
4.783595375639485058e-08
3.335238823677612029e-08
2.264518687769068110e-08
1.470711591884952494e-08
9.045165840301942616e-09
5.274194405388247602e-09
1.885434910137457763e-06
1.364931057811158723e-06
9.607072165187535666e-07
6.508038070857986375e-07
4.241719656085920611e-07
2.764699196772970314e-07
1.800653234673835937e-07
1.198767706886390780e-07
8.208131177187627845e-08
5.733462922722342499e-08
4.006046891591712051e-08
2.732448617263150173e-08
1.784929303731891572e-08
1.104012159613905407e-08
6.467974968118301792e-09
2.068280908123010307e-06
1.500210905438473499e-06
1.058235432434173503e-06
7.182318167832009312e-07
4.680470422940951091e-07
3.049639153015251074e-07
1.983439839357325802e-07
1.318278956068762870e-07
9.014684659345295203e-08
6.294908099645755543e-08
4.402589786835756771e-08
3.009028106400080399e-08
1.970593591504104759e-08
1.221839349023943949e-08
7.172757558303793611e-09
2.226253782543618997e-06
1.617088206531228294e-06
1.142495965191805470e-06
7.764878275274839369e-07
5.059539434427884953e-07
3.295819251888136615e-07
2.141362410432035838e-07
1.421533480134944070e-07
9.711524704640258482e-08
6.779981821269738444e-08
4.745191575089680849e-08
3.247983097130974940e-08
2.131000231533559038e-08
1.323637676500960285e-08
7.781666704369094640e-09
-7.571632847382800708e-08
-6.294555262986634165e-08
-4.744494465965130721e-08
-3.570212589816167689e-08
-2.601686282788445357e-08
-1.636327968713997902e-08
-1.067847946538763846e-08
-6.698210486677842569e-09
-4.225047175450871681e-09
-2.747927591324302366e-09
-1.857498272360915943e-09
-1.300658528176939839e-09
-9.239644735118909750e-10
-6.423334863154060898e-10
-4.230587775605744034e-10
6.212122726117204430e-07
4.971538180256160309e-07
3.721486646061568195e-07
2.774393566483018866e-07
1.936228937544201598e-07
1.235675169598185106e-07
7.932372032697964509e-08
5.009688894866680855e-08
3.203028677498034912e-08
2.118684700851936202e-08
1.456133113956724342e-08
1.028235700572188656e-08
7.265722698257092857e-09
4.961930397286504487e-09
3.193820678589842932e-09
1.091071266920215722e-06
8.844313351913693179e-07
6.646874382938402049e-07
4.963096347182479646e-07
3.509619239149122634e-07
2.238421256912390809e-07
1.444834386050662447e-07
9.094734683598154774e-08
5.792036287408149000e-08
3.810359688503951266e-08
2.603482662222521364e-08
1.831610832903524369e-08
1.294848953751657327e-08
8.886558699629322550e-09
5.763886958769502395e-09
1.347377635405409751e-06
1.095138442550019373e-06
8.237201841363042235e-07
6.152651042089599616e-07
4.362614893660113721e-07
2.782126703646353474e-07
1.797698329460787601e-07
1.130861000376858224e-07
7.196178653974754966e-08
4.728768415850230899e-08
3.227087008533526386e-08
2.268592495813413732e-08
1.603938227537517065e-08
1.101916586654681678e-08
7.158373717339561320e-09
1.568791704854027422e-06
1.277159483047242535e-06
9.611009849805200122e-07
7.180241506876168858e-07
5.099471337815096147e-07
3.251797422982818794e-07
2.102515297905077464e-07
1.322103672676735272e-07
8.409130413951416082e-08
5.522129144987450980e-08
3.765786672739908821e-08
2.646080849747557183e-08
1.870946852636190310e-08
1.286142326945106136e-08
8.362994261572619899e-09
-3.504715550483665511e-08
-3.099679434330587150e-08
-2.419942266254573625e-08
-1.813285276035203255e-08
-1.364325811725800814e-08
-9.027437701127701216e-09
-5.883727821377955222e-09
-3.648427795501616576e-09
-2.287087902156729478e-09
-1.459251033748538248e-09
-9.608355131410099461e-10
-6.570699625318016566e-10
-4.620960448155933663e-10
-3.246020132552067655e-10
-2.199187157995112818e-10
1.076580315606202475e-07
9.331921913617066140e-08
7.167594145331205906e-08
5.358565539681095424e-08
4.018870039478612893e-08
2.580968181806053442e-08
1.709558050041626703e-08
1.048845528160065162e-08
6.584551008629743599e-09
4.235081470450911406e-09
2.816150975461878567e-09
1.944530527653792550e-09
1.375585165525787091e-09
9.654989622134295898e-10
6.489414528924854573e-10
5.912247651057612713e-07
5.344232284650959449e-07
4.246669122561447471e-07
3.189262261597957094e-07
2.404970322640131251e-07
1.643048147008508115e-07
1.051104095023497714e-07
6.593810981125343141e-08
4.130420209497472926e-08
2.614526770685426455e-08
1.704525983132595667e-08
1.154071837532894298e-08
8.065435263014004816e-09
5.669301335569165306e-09
3.872345334712653352e-09
8.546141635140117410e-07
7.755222909269088895e-07
6.182749541793387533e-07
4.646083900090101663e-07
3.504368779333040541e-07
2.407094376463188673e-07
1.535469122747912691e-07
9.655511686985605541e-08
6.046052802260853655e-08
3.821672300325242626e-08
2.487173732252522652e-08
1.680917926056812922e-08
1.173310961527153431e-08
8.247273364344218029e-09
5.640765933553168401e-09
1.080253287269831571e-06
9.819699560265345217e-07
7.839842769173814253e-07
5.892809694863253574e-07
4.445228387340016257e-07
3.060550768273111162e-07
1.949839579723678801e-07
1.227370855976564550e-07
7.684378992116583856e-08
4.854259716717826469e-08
3.156791992603682776e-08
2.131786256142033784e-08
1.487244183020683038e-08
1.045397458971430424e-08
7.154297572476720333e-09
-2.790609437013085271e-09
-2.635927469797684977e-09
-2.174488205658125338e-09
-1.645410624921158108e-09
-1.241600822513716337e-09
-8.992956636566052391e-10
-5.572019829981577265e-10
-3.598043435151308306e-10
-2.244673118670468213e-10
-1.399345556759226769e-10
-8.954778630917539305e-11
-5.943584148147342637e-11
-4.096367605998874948e-11
-2.876712971826150993e-11
-1.992703299629067563e-11
-3.521332773646827493e-08
-3.508225202677188284e-08
-3.063794778257313689e-08
-2.381675271730632542e-08
-1.784282231765984712e-08
-1.357483897476596777e-08
-8.536638208859300657e-09
-5.697922090449111211e-09
-3.472988841441674292e-09
-2.134871892913697834e-09
-1.338987815790378759e-09
-8.644701163657769442e-10
-5.807870649427685857e-10
-4.029245512497891449e-10
-2.814538622945582031e-10
2.547674707744584018e-07
2.480102969349898249e-07
2.113236631950439362e-07
1.623050392597387149e-07
1.219590016069652984e-07
9.105025923288972151e-08
5.671070469625448737e-08
3.742308708794570535e-08
2.303397060062868395e-08
1.423229379060191204e-08
8.998278263877894444e-09
5.876792218176988119e-09
3.991786238439150846e-09
2.784762325995498761e-09
1.939198513957278646e-09
5.205291373273630497e-07
5.106767678381818129e-07
4.391013039575039599e-07
3.390935062894862816e-07
2.545887796416315040e-07
1.910128688717044119e-07
1.200249981557997037e-07
7.924791041083905102e-08
4.861892037765017664e-08
3.000770703300867114e-08
1.891750507828249921e-08
1.229931544415438769e-08
8.316703658223442488e-09
5.786392637754313086e-09
4.031425942224835551e-09
7.344018376523608523e-07
7.218084950372636490e-07
6.219417537329174679e-07
4.808910226757149899e-07
3.609817309063055826e-07
2.711446911771386249e-07
1.707127196947720396e-07
1.127280441860956956e-07
6.911061821332240880e-08
4.264459874749793351e-08
2.686642161631577285e-08
1.744940795668510806e-08
1.178704164089862847e-08
8.195874817110256643e-09
5.710786654157050402e-09
-5.228143499347193641e-11
-5.217105924792313852e-11
-4.570895014642928052e-11
-3.565874191973707575e-11
-2.671398332895349231e-11
-2.028255912716131940e-11
-1.290529401648274957e-11
-8.572034388581517129e-12
-5.215098182097082852e-12
-3.208937024251264782e-12
-2.011638342654963676e-12
-1.296529951848247535e-12
-8.691807941475181344e-13
-6.018331726378790175e-13
-4.200093277970533919e-13
-1.636490799588655167e-08
-1.677986186048154817e-08
-1.520665453957138661e-08
-1.216931440033147338e-08
-9.120738085198068119e-09
-6.950771288486264995e-09
-4.680592575718772243e-09
-3.025998679740430317e-09
-1.846888735628826909e-09
-1.138657424042570992e-09
-7.068257803828748643e-10
-4.480787880455956076e-10
-2.949906125699362810e-10
-2.015211140703670164e-10
-1.402523453868412855e-10
4.713284342992817109e-08
4.783096587219751398e-08
4.275199833418145448e-08
3.378923092492112031e-08
2.525872567707185869e-08
1.928397350017273416e-08
1.263509494190330633e-08
8.321591473065232881e-09
5.020908928164764334e-09
3.091028253675168100e-09
1.929829748572839716e-09
1.232841660154417049e-09
8.185766646599673625e-10
5.632247303341166782e-10
3.931794516197954787e-10
2.927539808927340895e-07
3.034563527701330964e-07
2.789882182282453426e-07
2.261856428692834535e-07
1.700063532535042329e-07
1.292399130724388267e-07
8.949310312741970472e-08
5.671372559100328524e-08
3.506001255378270436e-08
2.165389712235357849e-08
1.336461933864816154e-08
8.407475756035871474e-09
5.487604007394368072e-09
3.721111477561414646e-09
2.581192128019897979e-09
4.900022565305578253e-07
5.090194397568668370e-07
4.693186804925868216e-07
3.814954286493537281e-07
2.869346259716510659e-07
2.180120646251210362e-07
1.517618764986673339e-07
9.582948864401394713e-08
5.939972019367089305e-08
3.669481042040134884e-08
2.262129812700711805e-08
1.420930558590684565e-08
9.258597208598651030e-09
6.268668397922333162e-09
4.345150186091650448e-09
-2.301139554513279650e-13
-2.388981195483626239e-13
-2.199165421077234020e-13
-1.782413259599486679e-13
-1.337430626792853842e-13
-1.018146443750349321e-13
-7.059045087116612073e-14
-4.474904816586619651e-14
-2.751832139238225894e-14
-1.700358244145636547e-14
-1.050573861936714388e-14
-6.610046800717174728e-15
-4.314994538924480751e-15
-2.927659042653486007e-15
-2.033041711906597218e-15
-1.353567567980938815e-09
-1.434809686439264977e-09
-1.358298551713125073e-09
-1.131419349524823209e-09
-8.568443686684890612e-10
-6.472974111523521042e-10
-4.719654287138771317e-10
-2.886256660472172611e-10
-1.836116084158939242e-10
-1.136339905044577531e-10
-6.931258105560110457e-11
-4.296169843730248286e-11
-2.756485363385110972e-11
-1.840219760319284720e-11
-1.266345214672127633e-11
-1.507296011877485674e-08
-1.643215072050421049e-08
-1.615984518397215544e-08
-1.401772782880726573e-08
-1.083678351360311273e-08
-8.094177798102935694e-09
-6.198189887274626620e-09
-3.751409330024235655e-09
-2.487133247934930443e-09
-1.520553943549065631e-09
-9.133686306948399018e-10
-5.564293455506257912e-10
-3.486489427947501720e-10
-2.269488504093519595e-10
-1.533970805767056727e-10
1.338533295029722966e-07
1.442291896305627303e-07
1.396388909311771426e-07
1.191474866656055748e-07
9.133395543038474419e-08
6.852689340455349483e-08
5.150618193500986507e-08
3.125434449315911255e-08
2.040090328626313311e-08
1.253774851110747928e-08
7.574929115434059209e-09
4.645256337310315093e-09
2.937942697066735163e-09
1.931951914024616832e-09
1.315510474756442134e-09
3.183453109199611298e-07
3.443680199702375619e-07
3.352284947520620328e-07
2.878039778077543322e-07
2.214504312529355684e-07
1.659053988273215014e-07
1.253757642533360018e-07
7.628878073652239671e-08
5.001950326395852580e-08
3.064562740657498632e-08
1.848286873496897467e-08
1.130966673987288120e-08
7.127441682645219773e-09
4.667971157496882561e-09
3.168533161158252654e-09
-1.073556740563819934e-17
-1.132494387369839922e-17
-1.064584184886530108e-17
-8.795807209921476968e-18
-6.630998762724953323e-18
-5.022830990647131296e-18
-3.625267915743504386e-18
-2.223688493577715228e-18
-1.399160208156485467e-18
-8.679272912635657907e-19
-5.315850890060027857e-19
-3.308311884958716935e-19
-2.133421142630185337e-19
-1.431788248481128896e-19
-9.890119858455954908e-20
-2.151351058778190503e-11
-2.348638124952615905e-11
-2.314900420533661309e-11
-2.014510793793921352e-11
-1.561948404731280797e-11
-1.166076989473742377e-11
-8.928271084031627758e-12
-5.445615129054209271e-12
-3.611372432662626354e-12
-2.199499554354334291e-12
-1.320920721457816530e-12
-8.042877721766971902e-13
-5.030455810354990374e-13
-3.266641418414083805e-13
-2.202941055436270216e-13
-6.483898629970941779e-09
-7.184079295135464612e-09
-7.229000916444884145e-09
-6.448538940375680597e-09
-5.092021526751786589e-09
-3.788497651404511707e-09
-2.927101899756951733e-09
-1.848476581167765277e-09
-1.226366604363318099e-09
-7.370649922885439897e-10
-4.417787590509436365e-10
-2.674231022968563420e-10
-1.650178342884761296e-10
-1.053561075558397745e-10
-6.999242652768180324e-11
3.069158400489927253e-08
3.395810222199098856e-08
3.410209481795485551e-08
3.034349926009198757e-08
2.390833151511630172e-08
1.778704152839774973e-08
1.374275721017993783e-08
8.632832650370198763e-09
5.741109182032953009e-09
3.449914770373112721e-09
2.067034072846460196e-09
1.252139663320140143e-09
7.738218378220749601e-10
4.949823812611062594e-10
3.294309625509482413e-10
1.951146148096346293e-07
2.178424016854731104e-07
2.215903707520944834e-07
2.003817023073398217e-07
1.600988162442308635e-07
1.191375770365301143e-07
9.197812701114215156e-08
5.981404949870257351e-08
3.917378533088569651e-08
2.353249663243545055e-08
1.413316330985931693e-08
8.528482041563905189e-09
5.222301435483960971e-09
3.301173697706953213e-09
2.172039369900629721e-09
0.000000000000000000e+00
0.000000000000000000e+00
0.000000000000000000e+00
0.000000000000000000e+00
0.000000000000000000e+00
0.000000000000000000e+00
0.000000000000000000e+00
0.000000000000000000e+00
0.000000000000000000e+00
0.000000000000000000e+00
0.000000000000000000e+00
0.000000000000000000e+00
0.000000000000000000e+00
0.000000000000000000e+00
0.000000000000000000e+00
-3.550043705046829505e-14
-3.965515391495138483e-14
-4.035648629505860944e-14
-3.649472807363161273e-14
-2.912850995403932409e-14
-2.164797051082053418e-14
-1.675654051393336996e-14
-1.083899305349087604e-14
-7.156197541367289471e-15
-4.274552662916382798e-15
-2.562626503129940764e-15
-1.547447246579705039e-15
-9.481497045744565659e-16
-5.997095978659938018e-16
-3.949354782582724685e-16
-3.036855017424195390e-10
-3.434814854561443386e-10
-3.557775281094210083e-10
-3.291136780845330297e-10
-2.682752422424389956e-10
-1.999713689309862703e-10
-1.538045263901221229e-10
-1.051004700533088606e-10
-6.703108949437650207e-11
-4.046778718643331300e-11
-2.441886562240417641e-11
-1.465260920388968076e-11
-8.860324806407206021e-12
-5.510201498228425247e-12
-3.566060504991390922e-12
-4.628382552601242816e-09
-5.359719922041941903e-09
-5.737916820335922464e-09
-5.541710835532908610e-09
-4.720433550014059897e-09
-3.573696433305752245e-09
-2.694570147925432035e-09
-2.026194467262160249e-09
-1.207744989650592402e-09
-7.651937024024100822e-10
-4.682312762691908163e-10
-2.757841692709702800e-10
-1.624994195273610267e-10
-9.784617266699133911e-11
-6.102904592001845907e-11
1.009916498893631335e-07
1.157876267976289143e-07
1.222612472504182579e-07
1.160101712765381812e-07
9.707358180807078331e-08
7.302536877129188839e-08
5.550820987744681030e-08
4.022271096911452460e-08
2.461343329590943066e-08
1.529573013262079897e-08
9.308026661439586026e-09
5.522489187516738799e-09
3.286877687399591041e-09
2.004372780428404029e-09
1.268820205898069114e-09
0.000000000000000000e+00
0.000000000000000000e+00
0.000000000000000000e+00
0.000000000000000000e+00
0.000000000000000000e+00
0.000000000000000000e+00
0.000000000000000000e+00
0.000000000000000000e+00
0.000000000000000000e+00
0.000000000000000000e+00
0.000000000000000000e+00
0.000000000000000000e+00
0.000000000000000000e+00
0.000000000000000000e+00
0.000000000000000000e+00
0.000000000000000000e+00
0.000000000000000000e+00
0.000000000000000000e+00
0.000000000000000000e+00
0.000000000000000000e+00
0.000000000000000000e+00
0.000000000000000000e+00
0.000000000000000000e+00
0.000000000000000000e+00
0.000000000000000000e+00
0.000000000000000000e+00
0.000000000000000000e+00
0.000000000000000000e+00
0.000000000000000000e+00
0.000000000000000000e+00
-5.152755783725853695e-13
-5.958621971022964525e-13
-6.367694160239447946e-13
-6.138008035062782899e-13
-5.221766147260638600e-13
-3.955702210342279341e-13
-2.983401216140516674e-13
-2.233384571362823522e-13
-1.336459894994017120e-13
-8.471896207564731953e-14
-5.179380750392335736e-14
-3.049978234804303089e-14
-1.798302266591980905e-14
-1.083861314372886489e-14
-6.766465947591550484e-15
-1.432140986441325535e-09
-1.673145414974398454e-09
-1.813956179821426132e-09
-1.783094024167108463e-09
-1.551807787548264912e-09
-1.192563001167317063e-09
-8.910060008485552429e-10
-6.860588445331654535e-10
-4.096779829392421943e-10
-2.661479053623846523e-10
-1.618216195140636967e-10
-9.439558290227586912e-11
-5.513053812392100186e-11
-3.273882440858967749e-11
-2.003996396037332595e-11
3.197987674259588855e-08
3.758328626214825161e-08
4.108837552264098155e-08
4.085985298343501942e-08
3.607365963079965980e-08
2.803792986741637479e-08
2.086613978854645152e-08
1.620343819795648698e-08
9.832011573921884152e-09
6.436510522482528640e-09
3.877585535875111294e-09
2.255375031272331281e-09
1.313350168499236858e-09
7.732670543917932971e-10
4.672962340239947149e-10
0.000000000000000000e+00
0.000000000000000000e+00
0.000000000000000000e+00
0.000000000000000000e+00
0.000000000000000000e+00
0.000000000000000000e+00
0.000000000000000000e+00
0.000000000000000000e+00
0.000000000000000000e+00
0.000000000000000000e+00
0.000000000000000000e+00
0.000000000000000000e+00
0.000000000000000000e+00
0.000000000000000000e+00
0.000000000000000000e+00
0.000000000000000000e+00
0.000000000000000000e+00
0.000000000000000000e+00
0.000000000000000000e+00
0.000000000000000000e+00
0.000000000000000000e+00
0.000000000000000000e+00
0.000000000000000000e+00
0.000000000000000000e+00
0.000000000000000000e+00
0.000000000000000000e+00
0.000000000000000000e+00
0.000000000000000000e+00
0.000000000000000000e+00
0.000000000000000000e+00
0.000000000000000000e+00
0.000000000000000000e+00
0.000000000000000000e+00
0.000000000000000000e+00
0.000000000000000000e+00
0.000000000000000000e+00
0.000000000000000000e+00
0.000000000000000000e+00
0.000000000000000000e+00
0.000000000000000000e+00
0.000000000000000000e+00
0.000000000000000000e+00
0.000000000000000000e+00
0.000000000000000000e+00
0.000000000000000000e+00
-1.354745170613249064e-12
-1.614876311990858997e-12
-1.800688759463073192e-12
-1.839599395793941696e-12
-1.679199621859396496e-12
-1.341780571210640875e-12
-9.924395747438366612e-13
-7.784640763261919852e-13
-4.964154764211065233e-13
-3.266270959995199792e-13
-1.928417812338008184e-13
-1.119146772175591131e-13
-6.491695577278294984e-14
-3.753286952422567516e-14
-2.203225211147579332e-14
3.716171428258369525e-09
4.473762193230434460e-09
5.057691405712066528e-09
5.266815944123707447e-09
4.931045128153525525e-09
4.043826152800838203e-09
3.003307333817905821e-09
2.328513633348359389e-09
1.585367986337469051e-09
1.008694005222138023e-09
5.995426023845730894e-10
3.520000897393764947e-10
2.034674909802748463e-10
1.158982757184041013e-10
6.650973544930457283e-11
2.052985155324664869e-04
1.487890801861591191e-04
1.047957903584258301e-04
7.045469596182458820e-05
4.573798169899938044e-05
2.970314413015828170e-05
1.933131944503037970e-05
1.287669630886878438e-05
8.853078781447058901e-06
6.224270505429924180e-06
4.376927347162206561e-06
2.996432743855915037e-06
1.956762381144115736e-06
1.206288283044363724e-06
7.037841045543447134e-07
2.963127581204589255e-05
2.272639250011263093e-05
1.690229037488562034e-05
1.243042517369975273e-05
8.191335294515168141e-06
5.357771749864510291e-06
3.366959171584233278e-06
2.142219216007996245e-06
1.394894214399159994e-06
9.428627182476401140e-07
6.611775098161110155e-07
4.713048474805386240e-07
3.305954292417474361e-07
2.206895870657499898e-07
1.379105634397315955e-07
1.943361190807646003e-07
1.592464714123442778e-07
1.194430538623644288e-07
8.962735130171292589e-08
6.455441965586374686e-08
4.040594553917750932e-08
2.629682461874802956e-08
1.658078748160161866e-08
1.049796757821466699e-08
6.868003074656590603e-09
4.672402931075559106e-09
3.284323713451355551e-09
2.330935821865024077e-09
1.611286565623341417e-09
1.052506892920949401e-09
5.506838638223361702e-11
4.806724215831321796e-11
3.709043131805894721e-11
2.776393489757306139e-11
2.088762773822886187e-11
1.346797346120706096e-11
8.946741158917308877e-12
5.496536407870085805e-12
3.441652362805140922e-12
2.206937602048011261e-12
1.462618104841956439e-12
1.006785144562147795e-12
7.110489981311858526e-13
4.993944483774343371e-13
3.365909526834127072e-13
0.000000000000000000e+00
0.000000000000000000e+00
0.000000000000000000e+00
0.000000000000000000e+00
0.000000000000000000e+00
0.000000000000000000e+00
0.000000000000000000e+00
0.000000000000000000e+00
0.000000000000000000e+00
0.000000000000000000e+00
0.000000000000000000e+00
0.000000000000000000e+00
0.000000000000000000e+00
0.000000000000000000e+00
0.000000000000000000e+00
0.000000000000000000e+00
0.000000000000000000e+00
0.000000000000000000e+00
0.000000000000000000e+00
0.000000000000000000e+00
0.000000000000000000e+00
0.000000000000000000e+00
0.000000000000000000e+00
0.000000000000000000e+00
0.000000000000000000e+00
0.000000000000000000e+00
0.000000000000000000e+00
0.000000000000000000e+00
0.000000000000000000e+00
0.000000000000000000e+00
0.000000000000000000e+00
0.000000000000000000e+00
0.000000000000000000e+00
0.000000000000000000e+00
0.000000000000000000e+00
0.000000000000000000e+00
0.000000000000000000e+00
0.000000000000000000e+00
0.000000000000000000e+00
0.000000000000000000e+00
0.000000000000000000e+00
0.000000000000000000e+00
0.000000000000000000e+00
0.000000000000000000e+00
0.000000000000000000e+00
0.000000000000000000e+00
0.000000000000000000e+00
0.000000000000000000e+00
0.000000000000000000e+00
0.000000000000000000e+00
0.000000000000000000e+00
0.000000000000000000e+00
0.000000000000000000e+00
0.000000000000000000e+00
0.000000000000000000e+00
0.000000000000000000e+00
0.000000000000000000e+00
0.000000000000000000e+00
0.000000000000000000e+00
0.000000000000000000e+00
0.000000000000000000e+00
0.000000000000000000e+00
0.000000000000000000e+00
0.000000000000000000e+00
0.000000000000000000e+00
0.000000000000000000e+00
0.000000000000000000e+00
0.000000000000000000e+00
0.000000000000000000e+00
0.000000000000000000e+00
0.000000000000000000e+00
0.000000000000000000e+00
0.000000000000000000e+00
0.000000000000000000e+00
0.000000000000000000e+00
0.000000000000000000e+00
0.000000000000000000e+00
0.000000000000000000e+00
0.000000000000000000e+00
0.000000000000000000e+00
0.000000000000000000e+00
0.000000000000000000e+00
0.000000000000000000e+00
0.000000000000000000e+00
0.000000000000000000e+00
0.000000000000000000e+00
0.000000000000000000e+00
0.000000000000000000e+00
0.000000000000000000e+00
0.000000000000000000e+00
1.190783718106182103e-04
9.681455901720946065e-05
7.261115294799885681e-05
5.438570235238317750e-05
3.872200827026097439e-05
2.447579236447814012e-05
1.583247948614486714e-05
9.977908105558157308e-06
6.339544328426608890e-06
4.162340273367778131e-06
2.840841893667568481e-06
1.999677541928229364e-06
1.417046011252723803e-06
9.756182563706929286e-07
6.342871296428159625e-07
2.525520538865383966e-05
2.191803346367362750e-05
1.688464671690523400e-05
1.264779006943594131e-05
9.470758408830080350e-06
6.106965611923621684e-06
4.031276986417886248e-06
2.491987504576375442e-06
1.562390364088058022e-06
1.003075010096129303e-06
6.660278333684885710e-07
4.591025843480863150e-07
3.242296314915568539e-07
2.273115562763139214e-07
1.527840315944905307e-07
4.064674641825090493e-07
3.726854356182822714e-07
2.987549989395465972e-07
2.241719053850908273e-07
1.696341625956552746e-07
1.179163320694690715e-07
7.471490281582946401e-08
4.685724352510134212e-08
2.938696735354771715e-08
1.853854523215220805e-08
1.202353220547810827e-08
8.100725004673582934e-09
5.648250063454998247e-09
3.977882834282399553e-09
2.732617611762770196e-09
2.609868766597589735e-10
2.511498674502805364e-10
2.109457750680463101e-10
1.605272067502077244e-10
1.208378286487669111e-10
8.958303920306933028e-11
5.483886257163979355e-11
3.608031058288299458e-11
2.242213885679758666e-11
1.387847150055729637e-11
8.812235449599768398e-12
5.797293723949010040e-12
3.966942693446056965e-12
2.779973863113293159e-12
1.934733113942556092e-12
7.927711813662081316e-17
7.879186083119403338e-17
6.861678420790866577e-17
5.322056541376223663e-17
3.985180459372598874e-17
3.031781270422827202e-17
1.894936221659983323e-17
1.273408240134758584e-17
7.733622819974305261e-18
4.751205597067171381e-18
2.982845215935561589e-18
1.928903559485496406e-18
1.298139599424180511e-18
9.017073008915288839e-19
6.300629158794105961e-19
0.000000000000000000e+00
0.000000000000000000e+00
0.000000000000000000e+00
0.000000000000000000e+00
0.000000000000000000e+00
0.000000000000000000e+00
0.000000000000000000e+00
0.000000000000000000e+00
0.000000000000000000e+00
0.000000000000000000e+00
0.000000000000000000e+00
0.000000000000000000e+00
0.000000000000000000e+00
0.000000000000000000e+00
0.000000000000000000e+00
0.000000000000000000e+00
0.000000000000000000e+00
0.000000000000000000e+00
0.000000000000000000e+00
0.000000000000000000e+00
0.000000000000000000e+00
0.000000000000000000e+00
0.000000000000000000e+00
0.000000000000000000e+00
0.000000000000000000e+00
0.000000000000000000e+00
0.000000000000000000e+00
0.000000000000000000e+00
0.000000000000000000e+00
0.000000000000000000e+00
0.000000000000000000e+00
0.000000000000000000e+00
0.000000000000000000e+00
0.000000000000000000e+00
0.000000000000000000e+00
0.000000000000000000e+00
0.000000000000000000e+00
0.000000000000000000e+00
0.000000000000000000e+00
0.000000000000000000e+00
0.000000000000000000e+00
0.000000000000000000e+00
0.000000000000000000e+00
0.000000000000000000e+00
0.000000000000000000e+00
0.000000000000000000e+00
0.000000000000000000e+00
0.000000000000000000e+00
0.000000000000000000e+00
0.000000000000000000e+00
0.000000000000000000e+00
0.000000000000000000e+00
0.000000000000000000e+00
0.000000000000000000e+00
0.000000000000000000e+00
0.000000000000000000e+00
0.000000000000000000e+00
0.000000000000000000e+00
0.000000000000000000e+00
0.000000000000000000e+00
6.917420161232462573e-05
6.301098616552477840e-05
5.027623456945125616e-05
3.772447151425634354e-05
2.852225003434013146e-05
1.964599872837201948e-05
1.252120585282052857e-05
7.838603193073231763e-06
4.913764037943721078e-06
3.105409131165305821e-06
2.019223647377848262e-06
1.363891373065710616e-06
9.523518593030471547e-07
6.703617719729863172e-07
4.593683995083643786e-07
1.651890112504564924e-05
1.572621364335820423e-05
1.306940701083998689e-05
9.910030256428498346e-06
7.471431534396776054e-06
5.467254585771356535e-06
3.366895133458090592e-06
2.190962348842300224e-06
1.365290500349722042e-06
8.485642257729023672e-07
5.412263027410249894e-07
3.579104800218393690e-07
2.459637257533475296e-07
1.726084127949566653e-07
1.198187132929876247e-07
2.886319195217858322e-07
2.857240212772710156e-07
2.478561092571375152e-07
1.920027874455992549e-07
1.439123106701897904e-07
1.089952670899193170e-07
6.827250354566852666e-08
4.555877869597045098e-08
2.779081415794947037e-08
1.709937987270067417e-08
1.074819558593934490e-08
6.961433412971245283e-09
4.691464378751289719e-09
3.260180629491383102e-09
2.275846556412107126e-09
2.113867198372483369e-10
2.164594020984596430e-10
1.957221707029885388e-10
1.561801467995792151e-10
1.169028081883669880e-10
8.923692196634531721e-11
5.968391947079739510e-11
3.888161103722666745e-11
2.357401114749161306e-11
1.452049222712430253e-11
9.029197242104865152e-12
5.733718843251431292e-12
3.781732630320596733e-12
2.588134256940617488e-12
1.803447480033471486e-12
0.000000000000000000e+00
0.000000000000000000e+00
0.000000000000000000e+00
0.000000000000000000e+00
0.000000000000000000e+00
0.000000000000000000e+00
0.000000000000000000e+00
0.000000000000000000e+00
0.000000000000000000e+00
0.000000000000000000e+00
0.000000000000000000e+00
0.000000000000000000e+00
0.000000000000000000e+00
0.000000000000000000e+00
0.000000000000000000e+00
0.000000000000000000e+00
0.000000000000000000e+00
0.000000000000000000e+00
0.000000000000000000e+00
0.000000000000000000e+00
0.000000000000000000e+00
0.000000000000000000e+00
0.000000000000000000e+00
0.000000000000000000e+00
0.000000000000000000e+00
0.000000000000000000e+00
0.000000000000000000e+00
0.000000000000000000e+00
0.000000000000000000e+00
0.000000000000000000e+00
0.000000000000000000e+00
0.000000000000000000e+00
0.000000000000000000e+00
0.000000000000000000e+00
0.000000000000000000e+00
0.000000000000000000e+00
0.000000000000000000e+00
0.000000000000000000e+00
0.000000000000000000e+00
0.000000000000000000e+00
0.000000000000000000e+00
0.000000000000000000e+00
0.000000000000000000e+00
0.000000000000000000e+00
0.000000000000000000e+00
0.000000000000000000e+00
0.000000000000000000e+00
0.000000000000000000e+00
0.000000000000000000e+00
0.000000000000000000e+00
0.000000000000000000e+00
0.000000000000000000e+00
0.000000000000000000e+00
0.000000000000000000e+00
0.000000000000000000e+00
0.000000000000000000e+00
0.000000000000000000e+00
0.000000000000000000e+00
0.000000000000000000e+00
0.000000000000000000e+00
4.067493251808493071e-05
4.006777280102058567e-05
3.457352034226015403e-05
2.671259730249431107e-05
2.003790961338622507e-05
1.511583992153820097e-05
9.448060413735063327e-06
6.282922072261671387e-06
3.844805763994028592e-06
2.368471565713695077e-06
1.491177277354488647e-06
9.681462276259323295e-07
6.539746331272013696e-07
4.549997964473764776e-07
3.174103621816079644e-07
1.005703213980935886e-05
1.022028430547871119e-05
9.155231942374101486e-06
7.255249916434505694e-06
5.431191377486527403e-06
4.142592092044695021e-06
2.727010618849863391e-06
1.789967419031512896e-06
1.085302717106571376e-06
6.680705772361307642e-07
4.163591546568849088e-07
2.655346319731228408e-07
1.759832496229652553e-07
1.208722535504445360e-07
8.428156666263507955e-08
1.835730209770750223e-07
1.917503450556196117e-07
1.779528456869743447e-07
1.453226694021944581e-07
1.092568935080388267e-07
8.301778900160999611e-08
5.846300632784943662e-08
3.661661569375153176e-08
2.271643847521668835e-08
1.405320068858041393e-08
8.652669514102893750e-09
5.420543118973080727e-09
3.521303288531733944e-09
2.378794910874805088e-09
1.648364921425023415e-09
9.594775184153427984e-11
1.027910729421012154e-10
9.869615028195222103e-11
8.338135552598996100e-11
6.349863133336298135e-11
4.776210463592637175e-11
3.562144928064880937e-11
2.146325618097730019e-11
1.389781506179209518e-11
8.600595013878320669e-12
5.211799419279501347e-12
3.207231392341818361e-12
2.040377407893772418e-12
1.350775681946562571e-12
9.247106899249766968e-13
0.000000000000000000e+00
0.000000000000000000e+00
0.000000000000000000e+00
0.000000000000000000e+00
0.000000000000000000e+00
0.000000000000000000e+00
0.000000000000000000e+00
0.000000000000000000e+00
0.000000000000000000e+00
0.000000000000000000e+00
0.000000000000000000e+00
0.000000000000000000e+00
0.000000000000000000e+00
0.000000000000000000e+00
0.000000000000000000e+00
0.000000000000000000e+00
0.000000000000000000e+00
0.000000000000000000e+00
0.000000000000000000e+00
0.000000000000000000e+00
0.000000000000000000e+00
0.000000000000000000e+00
0.000000000000000000e+00
0.000000000000000000e+00
0.000000000000000000e+00
0.000000000000000000e+00
0.000000000000000000e+00
0.000000000000000000e+00
0.000000000000000000e+00
0.000000000000000000e+00
0.000000000000000000e+00
0.000000000000000000e+00
0.000000000000000000e+00
0.000000000000000000e+00
0.000000000000000000e+00
0.000000000000000000e+00
0.000000000000000000e+00
0.000000000000000000e+00
0.000000000000000000e+00
0.000000000000000000e+00
0.000000000000000000e+00
0.000000000000000000e+00
0.000000000000000000e+00
0.000000000000000000e+00
0.000000000000000000e+00
2.505901920923815160e-05
2.608249168457648517e-05
2.409705286762472013e-05
1.960406683457080007e-05
1.473096418578748491e-05
1.120055113977362639e-05
7.821055719510845098e-06
4.930134714356692307e-06
3.048754247984429824e-06
1.884585452612427567e-06
1.162039200320064056e-06
7.295401769096985720e-07
4.750843137685979261e-07
3.216036097502972685e-07
2.230311377534401223e-07
6.141670002066641400e-06
6.536433559850893809e-06
6.220776300611271293e-06
5.208557258469611319e-06
3.951751540739828203e-06
2.980688182935532446e-06
2.192768990487433530e-06
1.332304396022927485e-06
8.530891366294448080e-07
5.281464771904633055e-07
3.213756943558198340e-07
1.986571436897935553e-07
1.270618037823482471e-07
8.457015856940208275e-08
5.809365841296883632e-08
8.809908969726658241e-08
9.574273982020544706e-08
9.376640952227493877e-08
8.098366541127735859e-08
6.246125121035338291e-08
4.670008349829128947e-08
3.560305036121076221e-08
2.153881241488696628e-08
1.423852214870478077e-08
8.717039934766259582e-09
5.242153658958975731e-09
3.198481920675070963e-09
2.009016225531457952e-09
1.311322541624316288e-09
8.881431640275934913e-10
1.666299846593315730e-11
1.847718719381708215e-11
1.861077753903355507e-11
1.661475458004821247e-11
1.311909366634788960e-11
9.753276763550052036e-12
7.551273023775908123e-12
4.754869313127261318e-12
3.169950044978578550e-12
1.899829611782637481e-12
1.137492864593235742e-12
6.884870929375754193e-13
4.247719874002766248e-13
2.711446079540040043e-13
1.801380790730849479e-13
0.000000000000000000e+00
0.000000000000000000e+00
0.000000000000000000e+00
0.000000000000000000e+00
0.000000000000000000e+00
0.000000000000000000e+00
0.000000000000000000e+00
0.000000000000000000e+00
0.000000000000000000e+00
0.000000000000000000e+00
0.000000000000000000e+00
0.000000000000000000e+00
0.000000000000000000e+00
0.000000000000000000e+00
0.000000000000000000e+00
0.000000000000000000e+00
0.000000000000000000e+00
0.000000000000000000e+00
0.000000000000000000e+00
0.000000000000000000e+00
0.000000000000000000e+00
0.000000000000000000e+00
0.000000000000000000e+00
0.000000000000000000e+00
0.000000000000000000e+00
0.000000000000000000e+00
0.000000000000000000e+00
0.000000000000000000e+00
0.000000000000000000e+00
0.000000000000000000e+00
1.556744006602332696e-05
1.686931176650994783e-05
1.645683970442522807e-05
1.415415769491700719e-05
1.089282388811453110e-05
8.153954042618479032e-06
6.188127358836750413e-06
3.745215448922176919e-06
2.465320963630029725e-06
1.511695969345705227e-06
9.105039001193014865e-07
5.564743644987531767e-07
3.503511431125472009e-07
2.292689283291213915e-07
1.555761773039048830e-07
3.544579170820988325e-06
3.907768634469241456e-06
3.904505818579422401e-06
3.452640019323967439e-06
2.707134209330039814e-06
2.015296537617181277e-06
1.555416935995313357e-06
9.662048130413052955e-07
6.437351703242074405e-07
3.881702062338185950e-07
2.325807571124076267e-07
1.410434970536821993e-07
8.745308533033418020e-08
5.618346413851637973e-08
3.754135725758618327e-08
2.856917388763304776e-08
3.203157194634707472e-08
3.276998617887834724e-08
2.983322625030159007e-08
2.395456429326925138e-08
1.781037664786652629e-08
1.376846856236025474e-08
9.047519678668525853e-09
5.921707857651060380e-09
3.541619294623955298e-09
2.126388520546688381e-09
1.282059953784265897e-09
7.825891168007362841e-10
4.925616667237774738e-10
3.227812736319934922e-10
1.452318121956391252e-13
1.658434854101403467e-13
1.740996964683967163e-13
1.638573540853387252e-13
1.358143263385488537e-13
1.016288519342599262e-13
7.762474706971621868e-14
5.529586683134194975e-14
3.419688041573110008e-14
2.095687772380823576e-14
1.272778511962445742e-14
7.592086749454380083e-15
4.544454804287555104e-15
2.790372375196164845e-15
1.781046489460414270e-15
0.000000000000000000e+00
0.000000000000000000e+00
0.000000000000000000e+00
0.000000000000000000e+00
0.000000000000000000e+00
0.000000000000000000e+00
0.000000000000000000e+00
0.000000000000000000e+00
0.000000000000000000e+00
0.000000000000000000e+00
0.000000000000000000e+00
0.000000000000000000e+00
0.000000000000000000e+00
0.000000000000000000e+00
0.000000000000000000e+00
9.626147544418193434e-06
1.076539996607416236e-05
1.097493417806564150e-05
9.948792796486696723e-06
7.960745942600523352e-06
5.919920181329012268e-06
4.576252212787048188e-06
2.982497666110858861e-06
1.957231075992106655e-06
1.172124328830120154e-06
7.035220375209543992e-07
4.244690704265735775e-07
2.596628415996365596e-07
1.639098003598749765e-07
1.077159776033592030e-07
1.735400694619378143e-06
1.968278679107126076e-06
2.046692533800231567e-06
1.902743381848415238e-06
1.558274499793405284e-06
1.162509623132531176e-06
8.925991606248265152e-07
6.172459890468558048e-07
3.904394436050887180e-07
2.364841242965385206e-07
1.429309525491803584e-07
8.564012756680517473e-08
5.163905580053045897e-08
3.199753024831758382e-08
2.062818527820127854e-08
2.106194833449568098e-09
2.427487195060363376e-09
2.581942861290349437e-09
2.473008878108641085e-09
2.088856212329539990e-09
1.576270335592546406e-09
1.192827599851141575e-09
8.826051974887607607e-10
5.312428857845702099e-10
3.337231833238331394e-10
2.039032558256776383e-10
1.204942663825271243e-10
7.131607126160269866e-11
4.319632667356601463e-11
2.713310147131417247e-11
0.000000000000000000e+00
0.000000000000000000e+00
0.000000000000000000e+00
0.000000000000000000e+00
0.000000000000000000e+00
0.000000000000000000e+00
0.000000000000000000e+00
0.000000000000000000e+00
0.000000000000000000e+00
0.000000000000000000e+00
0.000000000000000000e+00
0.000000000000000000e+00
0.000000000000000000e+00
0.000000000000000000e+00
0.000000000000000000e+00
5.286449318994805760e-06
6.074274220580558597e-06
6.433335496154283559e-06
6.127920790670735371e-06
5.146735014913623667e-06
3.875540258225348586e-06
2.940876385651128914e-06
2.149852058643425177e-06
1.306236521837804426e-06
8.148982632501603516e-07
4.967674883074228400e-07
2.943099953649138388e-07
1.747770850879400140e-07
1.062926330333501916e-07
6.708176677298701075e-08
6.153561046933981921e-07
7.166404902539078346e-07
7.734924430183060704e-07
7.556866045181219295e-07
6.528489886070329985e-07
4.991195146958706758e-07
3.739106409308795574e-07
2.859041942099586154e-07
1.701378202718191396e-07
1.097868518771819513e-07
6.699617887339144493e-08
3.918060477728099314e-08
2.293759510297856320e-08
1.368430803327289765e-08
8.430686488448476193e-09
5.504720510348539868e-12
6.519841694116185530e-12
7.205325673870921771e-12
7.270498378401956005e-12
6.531878498366702168e-12
5.143605102216530345e-12
3.808448035709949319e-12
2.990623920693847453e-12
1.843541030879391206e-12
1.220650270578060276e-12
7.268965509624816832e-13
4.210919212852782579e-13
2.443741548318187053e-13
1.424871012809211356e-13
8.483395133949168490e-14
2.383804966651438600e-06
2.810449980356008216e-06
3.086220900021766834e-06
3.087487383553454879e-06
2.745311908188262598e-06
2.144872886139186679e-06
1.592706361499951781e-06
1.243274904252054390e-06
7.584442019525597526e-07
4.989837774462592305e-07
2.993918486853094922e-07
1.738190059163682001e-07
1.010474158035289527e-07
5.925097212659441092e-08
3.558851041606671088e-08
1.227292237128806118e-07
1.468087246506682431e-07
1.645005859260681111e-07
1.691901497350511214e-07
1.557923759138081082e-07
1.255368215007667059e-07
9.287356835408623805e-08
7.267808176147385813e-08
4.731987996740585886e-08
3.090628092132256964e-08
1.820909993341261242e-08
1.059150778395109147e-08
6.141669755926832916e-09
3.534464556152359309e-09
2.058840889600736390e-09
5.495640073067407883e-07
6.651480461868736822e-07
7.575754398565909830e-07
7.971274168798906144e-07
7.569388509707855307e-07
6.307521305067333884e-07
4.715303937012906954e-07
3.622955379607326862e-07
2.552288489804077013e-07
1.595611626985277301e-07
9.618441203602480940e-08
5.683903596966940635e-08
3.270570204271443502e-08
1.848248900446733782e-08
1.048368825382210928e-08
