# d_a
0.000000000000000000e+00
8.782198420622239610e+01
1.713965848063848796e+02
2.509585534380127854e+02
3.267260980668737034e+02
3.989023847122678603e+02
4.676768731587254706e+02
5.332265075865693689e+02
5.957167801453513221e+02
6.553026830282108222e+02
7.121295625078133753e+02
7.663338866053878746e+02
8.180439365338711468e+02
8.673804307434633074e+02
9.144570892691987183e+02
9.593811451074037677e+02
1.002253808507794929e+03
1.043170689340882063e+03
1.082222182069951259e+03
1.119493817309338510e+03
1.155066583474361551e+03
1.189017221613249149e+03
1.221418496149272187e+03
1.252339443944920276e+03
1.281845603823230249e+03
1.309999228438993214e+03
1.336859480180106857e+03
1.362482612592798205e+03
1.386922138660605697e+03
1.410228987122868148e+03
1.432451647891565017e+03
1.453636307513523207e+03
1.473826975526337037e+03
1.493065602469157056e+03
1.511392190232517123e+03
1.528844895363076148e+03
1.545460125878778399e+03
1.561272632096244251e+03
1.576315591924584169e+03
1.590620691037433971e+03
1.604218198297238587e+03
1.617137036772134707e+03
1.629404850655696691e+03
1.641048068372868556e+03
1.652091962131279388e+03
1.662560704155490384e+03
1.672477419822230559e+03
1.681864237897147405e+03
1.690742338057769530e+03
1.699131995873085316e+03
1.707052625397165912e+03
1.714522819522547252e+03
1.721560388228386273e+03
1.728182394848697868e+03
1.734405190477120641e+03
1.740244446616560481e+03
1.745715186174646306e+03
1.750831812899153647e+03
1.755608139341299875e+03
1.760057413429083454e+03
1.764192343727555226e+03
1.768025123458029157e+03
1.771567453343729312e+03
1.774830563345206428e+03
1.777825233344978187e+03
1.780561812837275056e+03
1.783050239675420244e+03
1.785300057926289583e+03
1.787320434878388824e+03
1.789120177247409856e+03
1.790707746620593753e+03
1.792091274178892036e+03
1.793278574733716596e+03
1.794277160113001401e+03
1.795094251929385791e+03
1.795736793761509489e+03
1.796211462777720726e+03
1.796524680829899125e+03
1.796682625043605867e+03
1.796691237929357385e+03
1.796556237038504605e+03
1.796283124185946008e+03
1.795877194260727038e+03
1.795343543644485635e+03
1.794687078256640916e+03
1.793912521244257505e+03
1.793024420333577154e+03
1.792027154859337315e+03
1.790924942487174576e+03
1.789721845643617826e+03
1.788421777667450215e+03
1.787028508695511846e+03
1.785545671295360762e+03
1.783976765856582915e+03
1.782325165751953364e+03
1.780594122279088651e+03
1.778786769392707811e+03
1.776906128237110352e+03
1.774955111488013472e+03
1.772936527512437124e+03
1.770853084354898101e+03
1.768707393557777095e+03
1.766501973823334765e+03
1.764239254524492935e+03
1.761921579071154156e+03
1.759551208138502716e+03
1.757130322763426420e+03
1.754661027314901730e+03
1.752145352343907916e+03
1.749585257318166441e+03
1.746982633246763044e+03
1.744339305199457840e+03
1.741657034725268886e+03
1.738937522174704100e+03
1.736182408929802705e+03
1.733393279545961150e+03
1.730571663809330403e+03
1.727719038713398959e+03
1.724836830358205361e+03
1.721926415775469195e+03
1.718989124682778538e+03
1.716026241169827244e+03
1.713039005319559692e+03
1.710028614766951478e+03
1.706996226198031309e+03
1.703942956791631104e+03
1.700869885606240814e+03
1.697778054914236918e+03
1.694668471485654209e+03
1.691542107823568358e+03
1.688399903353078344e+03
1.685242765565768423e+03
1.682071571121474108e+03
1.678887166909065627e+03
1.675690371067918704e+03
1.672481973971641764e+03
1.669262739175582965e+03
1.666033404329555424e+03
1.662794682057174896e+03
1.659547260803129575e+03
1.656291805649651451e+03
1.653028959103406123e+03
1.649759341853961359e+03
1.646483553504949896e+03
1.643202173278990131e+03
1.639915760697387213e+03
1.636624856235593597e+03
1.633329981955365383e+03
1.630031642114510305e+03
1.626730323755093650e+03
