# lsst_simulation
2.576274620371166013e-09
1.595356928997511416e-09
1.266633214078340627e-09
6.810144445288972309e-10
4.801170478766895954e-10
3.499055235020529985e-10
2.426737061943088691e-10
1.696280373936961837e-10
1.064179543669543812e-10
7.378968687731326127e-11
5.212476775988392718e-11
2.965561756679314555e-11
1.605973481819942045e-11
1.135591803531086613e-11
6.146528781653143482e-12
4.117404353503714160e-09
2.369474876422006595e-09
2.228787400340095838e-09
9.742431279880364192e-10
8.470033463406555446e-10
4.759008033921233772e-10
3.702875828077126406e-10
2.617217097405124793e-10
1.692756217996648709e-10
1.205479890291381179e-10
8.294396865792144511e-11
5.202624789363073107e-11
2.777353809792821804e-11
1.800185580260289928e-11
9.635768799299572256e-12
4.176763693986566415e-09
2.627908064173102118e-09
2.203404848071741858e-09
8.202872102396817318e-10
8.510333937283673173e-10
4.327782498554881753e-10
3.682771218528209166e-10
2.478671211824843455e-10
1.735480907121307046e-10
1.275887990173191526e-10
7.909102348352852813e-11
5.255458892200757792e-11
2.982641499416153345e-11
1.645835577885609200e-11
8.041071664233739804e-12
4.252014495148223681e-09
3.042439457122378199e-09
2.345282159805960072e-09
7.316881573188460968e-10
8.091954630756599676e-10
4.282564177697826233e-10
3.772285193367449467e-10
2.522248179542857714e-10
1.679756788765618708e-10
1.163540640677738263e-10
7.632223257421067087e-11
5.054484409570757449e-11
3.065534738350414768e-11
1.515628176830019482e-11
7.380386293053970226e-12
3.578118967133107190e-09
3.329887239136272144e-09
2.493623438024120225e-09
6.161140765299850161e-10
8.655528006129936054e-10
4.317727804729451951e-10
3.947923910498740068e-10
2.671328048345492691e-10
1.827995470972414481e-10
1.160088296203431161e-10
8.012678677435033634e-11
5.001607002825896335e-11
3.003800591334401586e-11
1.669300316878195921e-11
5.510653296736007137e-12
1.295217185088918620e-08
9.506037688157901689e-09
8.028668041471831935e-09
4.543695981556262791e-09
3.389097849452283545e-09
1.895381838765030565e-09
1.442180425330823864e-09
9.429601867668122064e-10
6.304775713093073916e-10
4.388036913134133227e-10
3.071308063215942934e-10
1.960257361777665304e-10
1.320477143053881392e-10
8.006354630690207375e-11
4.840483320725482035e-11
1.630060278432545079e-08
1.269818601118736832e-08
1.069908023268785456e-08
6.126435432804795648e-09
4.467396150718432121e-09
2.565126577883615677e-09
1.823391305205201351e-09
1.211266403833468032e-09
8.075170503449911940e-10
5.433378490765182394e-10
3.826706395993298830e-10
2.583004671782475158e-10
1.701707302779290801e-10
1.074793101183724690e-10
6.476331401746081794e-11
1.709750082130365782e-08
1.524953644301912788e-08
1.221810846678913231e-08
6.900756718655125020e-09
4.974256582331849248e-09
2.782195266750387866e-09
1.988924829994038098e-09
1.312264811494623651e-09
8.904366231170971858e-10
5.991563895527999744e-10
4.222631531206801215e-10
2.832484419774680620e-10
1.929467067777049384e-10
1.194422726428897057e-10
7.298542883638618482e-11
1.701824976066055149e-08
1.813970982507720362e-08
1.354322762417953221e-08
7.575733440606918833e-09
5.577011569420561761e-09
2.986486938126747873e-09
2.208054473370802250e-09
1.413122501003403116e-09
9.595535276874520596e-10
6.491278042938949039e-10
4.552514841168078887e-10
3.081506665198695476e-10
2.042246351186222885e-10
1.317310525824975696e-10
8.132030264892736834e-11
2.564825487909189428e-08
2.099468922112246119e-08
1.784447270829947463e-08
1.068521928903986497e-08
7.730747809678599357e-09
4.866391807913342795e-09
3.201077274149694140e-09
2.094847733255623327e-09
1.381999026563706453e-09
9.054831148401471194e-10
6.151401399839934459e-10
4.185225632183817619e-10
2.870043024614835527e-10
1.845379292368046228e-10
1.172716225845344615e-10
2.968789814119182748e-08
2.707811953856892334e-08
2.210620488762711878e-08
1.338932691959203416e-08
9.703551835347427503e-09
6.166051267064823105e-09
3.992097099910951322e-09
2.620300206910862201e-09
1.702030524375392535e-09
1.125133121357502712e-09
7.615264350555161199e-10
5.233984215457707791e-10
3.519640651561427543e-10
2.331324729494788841e-10
1.471570685665380949e-10
3.263285919639675483e-08
3.332820814519221293e-08
2.610443572737412784e-08
1.574604056394262855e-08
1.160817084594450169e-08
7.222954579049961864e-09
4.679813272054342840e-09
3.037839531859281678e-09
1.949279771195148726e-09
1.295756901057307351e-09
8.762552025648408399e-10
6.045607456569106932e-10
4.073132827833440545e-10
2.724353055507265272e-10
1.709006256515033912e-10
3.844003720846496674e-08
3.836738230271406874e-08
3.118129517133595629e-08
1.920166364538633890e-08
1.417396082009344707e-08
9.423991494205205560e-09
6.072644773477161839e-09
4.013933528903903200e-09
2.564309998124524514e-09
1.659720268082070800e-09
1.118454395371689301e-09
7.506304456371529680e-10
5.061154195479469054e-10
3.353642831126285921e-10
2.191374163464056500e-10
4.555675907747946176e-08
4.997173986719719381e-08
3.935178664142308293e-08
2.484900080038816604e-08
1.858686211590452621e-08
1.234100124003541080e-08
7.992233627367387743e-09
5.238018804844286997e-09
3.334356983266328866e-09
2.151458505843230183e-09
1.425671707938797504e-09
9.535206011033295004e-10
6.436144041906533927e-10
4.276406116352172794e-10
2.802251144580825241e-10
6.052238990278364916e-08
7.075917417058102816e-08
5.549512289910849394e-08
3.772622267195754456e-08
2.829337399141362113e-08
1.952234191915145051e-08
1.290079744846248628e-08
8.544422764851465620e-09
5.392055541162564378e-09
3.475219516129393459e-09
2.233270373204561672e-09
1.457201299747403954e-09
9.680526393928462828e-10
6.390796852652541500e-10
4.233674958870121008e-10
5.209471130572635291e-07
2.935340089841656648e-07
2.679349317885816764e-07
1.324827493000266124e-07
1.048692710364004878e-07
6.178439708984138671e-08
4.664333323738841464e-08
3.238109861418988528e-08
2.136390136864525261e-08
1.474904157465738495e-08
1.032503508867981932e-08
6.605493037622674238e-09
4.108195411630348549e-09
2.405009055732818929e-09
1.337756462882011083e-09
1.463295470843702955e-06
1.023100392481734890e-06
8.687508014848685400e-07
4.735766780596506569e-07
3.577583530456367089e-07
2.101370110266173597e-07
1.490198698366302924e-07
1.000471814316053775e-07
6.842113955451438287e-08
4.726024931869660728e-08
3.347566931069352982e-08
2.247535327156328702e-08
1.464677047405311934e-08
8.988470501380156059e-09
5.255456547823665167e-09
1.728427414810137849e-06
1.307851734028856551e-06
1.057163488259628646e-06
5.882729755491412584e-07
4.417176894635181822e-07
2.596349012525381021e-07
1.774257449755243393e-07
1.209309660535955020e-07
8.243592778635351632e-08
5.648398218969456938e-08
4.004343428246845064e-08
2.722321848582356374e-08
1.776539683061938874e-08
1.094771158462968443e-08
6.447730901162660566e-09
1.755012535017582473e-06
1.558672653078407943e-06
1.191551526041768759e-06
6.570364064086415676e-07
4.987307187694947343e-07
2.818744202331916262e-07
1.947202456744886843e-07
1.318054808811024410e-07
8.986017692281152084e-08
6.183818625016898462e-08
4.398442360256183264e-08
2.999402290053661469e-08
1.965047859774743264e-08
1.218273971960955757e-08
7.172373277742345192e-09
1.778277385283447720e-06
1.806234311106321074e-06
1.323380585051695361e-06
7.135033494274225681e-07
5.530347176600210769e-07
3.046532048496836778e-07
2.143756546960139630e-07
1.424584167647737838e-07
9.574813064734365929e-08
6.664538298670803991e-08
4.756501749011279621e-08
3.244902981866664193e-08
2.128814484859597254e-08
1.323346183430432325e-08
7.788937554850003364e-09
-1.057718729591328887e-07
-9.347931914362430142e-08
-3.380054133995822383e-08
-5.069701381503549825e-08
-1.756635740329138942e-08
-1.827094929732002813e-08
-1.113814436610495745e-08
-7.885558125809014521e-09
-3.751035308303672075e-09
-3.030503678774079541e-09
-1.844179896177884495e-09
-1.206580088060567285e-09
-9.181387669630434970e-10
-5.928199675573362683e-10
-4.078344543696889630e-10
5.755358921084067753e-07
5.428759128305326348e-07
4.012504400293784686e-07
2.834630653884788228e-07
1.965651436725202078e-07
1.144999883073525181e-07
7.754226285850118234e-08
5.045117657097954575e-08
3.276342447559011018e-08
2.066437950239676160e-08
1.462870796298024742e-08
1.017758424814301347e-08
7.221157829141933251e-09
4.895909429403098246e-09
3.206854553532523762e-09
1.080563969474804881e-06
9.145923082534933968e-07
7.535184676123624010e-07
5.106134472359204881e-07
3.585693771353221199e-07
2.205762651093319533e-07
1.400930392327732748e-07
9.104111695130309846e-08
5.976465808624080145e-08
3.736302233353848853e-08
2.574714134749603835e-08
1.838100613681030281e-08
1.301440348060759544e-08
8.919723581657022792e-09
5.763162090763445297e-09
1.306089699167416576e-06
1.158684639668486333e-06
9.492878172344615996e-07
6.337717430329743174e-07
4.411291937694383411e-07
2.729702592882294053e-07
1.697137740563487950e-07
1.137269043266743157e-07
7.382771470112277306e-08
4.700165343338784672e-08
3.190448621149868251e-08
2.260500231373027701e-08
1.600593505062702061e-08
1.104611794128543105e-08
7.147557633995057848e-09
1.453609695149787887e-06
1.445557971914569512e-06
1.107507396496411837e-06
7.424661317596662084e-07
5.253846091761231904e-07
3.196731268477090519e-07
1.987142898241921790e-07
1.323263478449219869e-07
8.446708473082902486e-08
5.471376293080902514e-08
3.737691693002974601e-08
2.639896851504731058e-08
1.867381311367296198e-08
1.284168537160412778e-08
8.388831315280094561e-09
-3.147583622507913098e-08
1.544996025984762898e-08
-1.993684638425981087e-08
-3.028417253048869827e-08
-1.362344920281330401e-08
-1.098647324001144608e-08
-4.164808000226240098e-09
-3.730914925115225650e-09
-2.099875302663878234e-09
-1.276028241071002443e-09
-1.172863749272966120e-09
-6.732262573408672903e-10
-3.663972158173858094e-10
-3.565944659925997185e-10
-2.308662235430732277e-10
2.602248937538110668e-08
1.219268265212374021e-07
1.483443214650334440e-07
6.543742579609591826e-08
4.630209525456286198e-08
2.609126600286204882e-08
1.842933097829192075e-08
1.074788219670665338e-08
5.783769792749314543e-09
3.612365711603126613e-09
2.698912072411037985e-09
1.918172863910056417e-09
1.398308064185295615e-09
9.383372357804733172e-10
6.717745043638999249e-10
5.262245919595338391e-07
5.342210611403928119e-07
5.720004911620549467e-07
3.562266121306998303e-07
2.449320165616448537e-07
1.741356852175139189e-07
1.074375625984078512e-07
6.576102374743469040e-08
4.027159755275393389e-08
2.540648815591809869e-08
1.672125086900456659e-08
1.145695746569674817e-08
8.072503737874550010e-09
5.674693781784407935e-09
3.857455630096301409e-09
7.704002327749820593e-07
7.966342572125260631e-07
7.920952611414199529e-07
4.984162065975201099e-07
3.568531489085656625e-07
2.566303026407414870e-07
1.540715026696591641e-07
9.650905773703354539e-08
5.900051039458211537e-08
3.771556259903935337e-08
2.476534453933134894e-08
1.683198672078081401e-08
1.156734092417072846e-08
8.222435082669994255e-09
5.645170082090247567e-09
1.013532827924059458e-06
1.112817290029652504e-06
9.964398969588575893e-07
6.257882610985866797e-07
4.717791368839047108e-07
3.249212658860696882e-07
1.938347658750243780e-07
1.215135559033035288e-07
7.485647649739628700e-08
4.841846708468649021e-08
3.139968616794080134e-08
2.113675105829106967e-08
1.477251006275109948e-08
1.045462688734502353e-08
7.158124476454905510e-09
-1.725686856305721858e-08
3.954999798847022009e-08
-1.571304257072621973e-09
-8.710855184787410241e-09
2.775527845222933080e-10
-7.804902852471967100e-10
8.405311346054988320e-10
-3.322847258220424468e-11
-2.794742459022228062e-10
-1.368868807667243989e-10
-1.883618475510121958e-10
-2.638551082106507072e-11
8.414850174049911107e-12
-8.005890609183372844e-11
-3.542252773244815074e-11
-7.522230249746686426e-08
2.084814983671402163e-08
1.771926167489151526e-08
-2.680179864733434783e-08
-1.144947805152054640e-08
-1.183545115946254468e-08
-9.107959914240319583e-09
-5.629985406521183510e-09
-3.990888281120495806e-09
-2.147835237265336543e-09
-1.420963681238956784e-09
-9.446792474767126913e-10
-5.562650702076697346e-10
-3.904504011944743999e-10
-2.578095471332913569e-10
2.384754695202395665e-07
3.422463982902691324e-07
2.825379754081201680e-07
1.469876234512418750e-07
1.301816729023157126e-07
9.762081753206637527e-08
5.726870067923747914e-08
3.723219419147437301e-08
2.168479900017149513e-08
1.430524939327204358e-08
8.717811143483228835e-09
5.880145038283812440e-09
4.024407366505866496e-09
2.800238015140220129e-09
1.934375952159257015e-09
4.996499796018131840e-07
6.144364664558639538e-07
5.326251735216336323e-07
2.986468660949251868e-07
2.626029648701225236e-07
2.034802390855815485e-07
1.172439611482053730e-07
7.822421063685360001e-08
4.715389771432469238e-08
2.970714618894380752e-08
1.896247482442354368e-08
1.228115080586526576e-08
8.277813827927940150e-09
5.753621251104268556e-09
4.037588872341766144e-09
7.704726090267660601e-07
8.691997689474808705e-07
7.250716680382858719e-07
4.554979721470296444e-07
3.749441250589939678e-07
2.870267963277798016e-07
1.661494593637705929e-07
1.110254907099730842e-07
6.777427489639912253e-08
4.230619247509136029e-08
2.664088979259675146e-08
1.737225251892941065e-08
1.174932032250031294e-08
8.164992610571202740e-09
5.702159177403130316e-09
-7.865030310176970347e-10
2.022607392396832653e-08
2.455818989515025819e-09
2.036615999460822905e-09
-1.113006197225875171e-09
1.629196118570081416e-09
-5.743118043074495787e-10
1.747034807213486635e-11
-5.608330278188126334e-11
-1.455844348506092790e-10
3.959526638461558314e-11
2.482013155495641420e-12
-1.054382174275455780e-11
-4.944799634824295978e-12
-1.820806014102078315e-12
-4.687057071820933274e-08
6.729917022155748875e-08
-1.426844552613903029e-08
-6.214261556866119465e-09
-2.710685580694954583e-09
-1.105039190193760825e-08
-4.921527167133845306e-09
-4.250014853973056620e-09
-1.608059863990981355e-09
-1.188449530012064161e-09
-6.282439692194303923e-10
-4.474564065710699124e-10
-2.532836291356822011e-10
-1.737154246504044033e-10
-1.385165588152595898e-10
1.166475213003455841e-08
1.578924068865753427e-07
3.623251812752428715e-08
2.960177401777250492e-08
3.046229769905994795e-08
1.228747757305673178e-08
1.274121368486327642e-08
6.280603714497051967e-09
4.599437932520958310e-09
3.154048521903479390e-09
1.932815612041242735e-09
1.327473865819034661e-09
7.914914266698185041e-10
5.955838498842218167e-10
4.075103948150575874e-10
2.781330348163398720e-07
4.393349124619711156e-07
2.868681736247088914e-07
2.071900039148154374e-07
1.714795011512658046e-07
1.212487191226727269e-07
9.045959245849789510e-08
5.499780856513146098e-08
3.504397704898070120e-08
2.140772162108415498e-08
1.335286952075178306e-08
8.408850740191699892e-09
5.497978203435326080e-09
3.742581458890748736e-09
2.599914744860394156e-09
4.662513472968937288e-07
6.727363283388957596e-07
4.922441751423519038e-07
3.538104203221365341e-07
2.887692453008262644e-07
2.069820672054947441e-07
1.494159172891907424e-07
9.490366979456503092e-08
5.901512959748831338e-08
3.606378647017386985e-08
2.258268672562648436e-08
1.423103627229552943e-08
9.273847855559607786e-09
6.256205469557842734e-09
4.366957999833189276e-09
1.456394640877311442e-09
1.962684787941083975e-08
2.877818674890986990e-09
-2.058008415655998977e-09
6.009499326205630603e-10
-8.940148509066691461e-10
3.479081524003143773e-10
6.137275147336827944e-11
1.936767003503979970e-11
-8.750063258194430645e-12
-1.677998589883009593e-11
5.710811345836719551e-11
-1.178356761350772356e-11
-1.109399147549924562e-11
-1.272647570239795182e-11
-2.711783722874342721e-08
5.314425693965131306e-08
-1.207769585255958684e-08
2.042389835012305764e-09
-1.598510375780307399e-09
-2.159290352259340036e-09
-4.765661356353688930e-10
-1.625871366809917577e-09
2.268156249506943483e-10
2.094748039439604351e-10
-1.903253807372396738e-11
-2.841222789717923534e-11
-3.493811585226807168e-11
-1.306190204607726627e-12
3.983104997335316336e-12
-4.866699737036199040e-08
5.728700649689869389e-08
-3.115096437733533134e-08
-5.737130758095856382e-09
-7.707755182797761715e-09
-1.135098890002518100e-08
-5.723835277345187420e-09
-4.810374291473422175e-09
-2.746596463180209143e-09
-1.390726829770442860e-09
-9.016300566781279384e-10
-4.681615176118515199e-10
-4.218091217867051838e-10
-2.086474779557926015e-10
-1.521899588512389102e-10
1.027918965424756384e-07
2.394788715853189358e-07
1.288369152679077996e-07
1.261770250032215213e-07
8.341561284728908806e-08
6.423242287804177581e-08
4.958682340348209211e-08
3.026149361918808283e-08
2.096150637661478106e-08
1.258488271983376337e-08
7.634915710849206421e-09
4.678291393989816526e-09
2.899512339858132870e-09
1.933034827489159531e-09
1.322706312407054614e-09
2.602087689299232769e-07
4.215777410013432933e-07
3.356649432447848588e-07
3.003745231923702133e-07
1.980736797978564685e-07
1.618257221604270675e-07
1.193454196493692052e-07
7.510183186102995709e-08
5.089130935663545170e-08
3.098450236865592568e-08
1.846031529526295248e-08
1.136055776440035628e-08
7.140890936402853927e-09
4.642202241407542531e-09
3.175975903417492113e-09
-2.090378898446161272e-08
1.213129703866875219e-09
-2.549117777251937693e-09
-9.140619323156846650e-11
-1.220357838976006863e-09
1.597847524908064929e-09
1.466521111936747452e-09
4.333148153742271801e-10
3.491994678024258652e-10
2.165789640855773271e-11
5.219283396908764391e-11
-3.426898897910043485e-11
-3.568206728553187367e-12
-1.372427846257393864e-11
-1.302483656330205389e-11
-4.826034718672489088e-08
4.423927945797214227e-09
-3.889454963613972170e-09
5.274399566377518485e-10
5.482142176622479951e-10
7.586593989333959495e-10
7.924101804258637351e-10
-4.115638246179468363e-10
1.630209521690541620e-10
1.622134565653132730e-11
-1.486260599896652653e-10
3.093776864527026262e-12
-1.843920819002440044e-11
2.747898738461235522e-11
1.340853233774824320e-11
-6.491468016225813414e-08
2.979981831407999589e-08
-3.453142868436656864e-09
4.841727483354562248e-10
-6.655880808115139174e-09
3.126783548363812063e-10
-2.442384567626027506e-09
-2.179576272818678078e-09
-1.635655083447271189e-09
-8.716983318390485328e-10
-5.256143710543923770e-10
-2.403214195460415957e-10
-1.820906839628429908e-10
-8.830579116241376941e-11
-6.690318396491991562e-11
-3.102827129351879548e-08
7.867396786370728679e-08
3.204586919702338648e-08
4.606636489676028680e-08
2.722413947006897503e-08
2.450797369035780710e-08
1.420302338290966508e-08
8.714747190323946689e-09
5.596211172953462536e-09
3.315573847634861856e-09
2.085007743368474548e-09
1.196943029969349710e-09
8.129982793422778561e-10
4.952478016166032661e-10
3.300914316133101698e-10
1.267495457737999450e-07
2.661719517682783553e-07
2.082476119595126408e-07
2.143720046525143688e-07
1.543619658514094555e-07
1.283129644676344964e-07
8.910262928878504868e-08
5.912036757475157644e-08
3.926606824300947524e-08
2.371759549576419945e-08
1.415924686547254045e-08
8.595575543439780318e-09
5.253069596243761892e-09
3.289720203161640381e-09
2.177506469812707752e-09
-1.804317157516062311e-08
-8.398080882608118471e-09
1.880958695713056327e-09
7.891722910946799053e-10
-2.102758624737796631e-10
-1.493483753033725276e-10
7.825388927346303464e-10
4.476175422793720744e-10
8.838722334935423629e-11
-2.764336605154679919e-11
7.860219138111481748e-11
-3.593052427230497963e-11
1.099541450306416625e-11
-2.395492665161129944e-12
3.756899756864667833e-13
-1.403315316414385774e-08
4.008717577762396581e-10
4.199106651462208985e-09
8.524895298636511822e-09
4.850548063932422016e-09
-2.817977356271761372e-09
9.072110809461753683e-10
7.902800640948389666e-10
8.199292327908916840e-11
-6.862583180883637390e-11
-9.690609520335242013e-11
-3.547347333331115759e-11
-1.691920569268855228e-11
1.196431212721319640e-11
1.822594797624544233e-11
-4.791163448250727751e-09
1.355842672163400985e-09
2.160590398286010390e-08
1.286552063757755319e-08
1.106693079304556028e-08
-3.235933589321945244e-09
6.842663265454591986e-10
5.362462421023042232e-10
-4.041664074754465741e-10
-1.728666640552228426e-10
-1.161433981989305228e-10
-3.393536332846815425e-11
-3.410278453196257430e-11
4.127373240813143366e-13
4.203814261630344061e-13
-1.797199266982396790e-08
1.544917142032101187e-08
2.138806553183486516e-08
1.088959832400834444e-08
8.715796586631621222e-09
-7.601971460342908397e-09
-1.679178300332470215e-09
-8.317086654762066004e-10
-1.411274194627362786e-09
-1.062240708310875376e-09
-4.731964098410502275e-10
-3.348715866602953477e-10
-1.237048365670377350e-10
-1.155655581154550291e-10
-4.839320426266667514e-11
9.424903796141152610e-08
1.578452506876406979e-07
1.355009242492678790e-07
1.337878250338518641e-07
1.046738473407962706e-07
6.699356734222631322e-08
5.560849743410840257e-08
4.025897362847660735e-08
2.360732370123289932e-08
1.483712974440783218e-08
9.252225808394389240e-09
5.505493498778163720e-09
3.317125463597549250e-09
1.987438603562088164e-09
1.276310395273247651e-09
-1.000379001170360379e-08
-4.424942947186979525e-09
2.155215159043486262e-09
3.666133833970559104e-09
2.644873431677363841e-09
7.988281656604701308e-10
-8.699557364263709002e-10
3.308225072129674529e-10
-8.014530829078300931e-11
3.814211841937815840e-11
3.010325406314445661e-11
-1.802529391312560387e-11
-4.693366099646394822e-12
-1.579143911259831605e-12
-6.391989382708613008e-12
-2.836767751119201945e-08
1.354098256541705894e-08
3.072237769405127194e-09
3.334609451900314443e-09
8.048558049473119830e-11
1.001159636138293179e-09
3.161934551156708753e-10
6.969600307854963651e-10
3.705422894792548669e-11
4.959746584901461254e-11
-2.230274806709293585e-11
-9.195351792905468806e-12
-3.533307858315211689e-12
-1.248430118047011378e-11
-2.150354142396672125e-12
-4.200781511545411643e-08
1.956793912672516569e-08
3.901036902933980524e-09
3.788165091142839771e-09
-5.355958863861210153e-11
2.044395516215270667e-09
-6.397109720709438940e-10
6.332825303164983368e-10
-4.402155406350014728e-11
-1.386154580282874157e-10
-2.348154682798919772e-11
-1.295890016056500254e-11
2.705543026819742347e-12
4.804763942229519523e-12
-3.508871641610798361e-12
-4.506245076644192597e-08
2.401133715018546367e-08
-7.473742628021059939e-10
5.135905569967310458e-09
-3.258697409309726638e-09
-2.678123484019015871e-11
-1.690305695505967852e-09
7.988287789646013440e-10
-4.778592659667383642e-10
-2.545665388811716067e-10
-1.975894363869411290e-10
-1.244849760396836759e-10
-5.495434911806949702e-11
-3.687372031803047899e-11
-2.818920623663248731e-11
-1.470666905446350810e-08
6.057910661436419673e-08
4.155653870521294153e-08
5.438831797299518591e-08
3.111143678497110771e-08
2.723840473828422534e-08
1.963701564991666811e-08
1.778826965527984187e-08
9.735896128998800213e-09
6.509519090364483029e-09
3.798112317719630373e-09
2.228665949980435389e-09
1.317118258295051511e-09
7.642044712374065332e-10
4.593083477030482003e-10
-2.298095771980006237e-09
1.682484635585833333e-09
-1.768265629362552605e-09
1.037359907070600075e-09
3.641544963398269807e-10
8.400643776623526020e-10
5.539410100574182028e-11
-3.763007878565767027e-10
-8.460970432700035750e-11
-2.482839678983365793e-11
1.539236209346018856e-11
2.043442016218490495e-11
1.107927735649735519e-11
1.155203999075737113e-11
1.114580919693465332e-13
-1.931916914078630495e-09
-2.780670389901527823e-09
-8.833720507035533547e-10
9.471121619367579522e-10
2.362428180789091673e-10
9.254582261293882369e-10
-8.439401323245487927e-11
4.434325852594690064e-11
-2.419879231929835819e-11
-1.650508840852109908e-11
-1.123087144455489158e-11
1.395929070790744800e-11
-1.316511987699669069e-11
-5.650842051240115550e-13
-8.488187377871061817e-13
-1.129767106338544438e-09
-1.182332680009492659e-08
-1.267350218343274610e-09
2.302967774274234288e-09
1.131458416957321926e-10
1.950398800013807957e-09
-2.772654796184494920e-10
1.660981883386068631e-10
-4.185858733628752825e-11
-5.518490921683114851e-11
2.077491031712177328e-11
1.625025611606255951e-11
-4.123396910285986684e-14
-7.464318871063995151e-13
-3.694564941997002523e-12
8.077798455340057058e-09
-2.376861542236602320e-08
-5.994918907833378765e-09
2.849594585887968806e-09
7.456387306753465965e-10
4.148830962081400836e-09
-4.065830146259413745e-10
2.033338566680912015e-10
-2.199794423054122465e-10
5.152376598437174993e-11
-2.690477009302266644e-11
2.941891251369608432e-11
1.806665517872278221e-12
-5.155558437630832066e-12
-3.778196555101994910e-12
1.468373232765411532e-08
-2.456360382702653524e-08
-2.349945406745914651e-09
1.231414896304881779e-08
5.512455716329468924e-09
9.723577565931917238e-09
3.956949100794452997e-09
2.562398535872845894e-09
1.376778283202465378e-09
1.069135334923969377e-09
6.158901968830352746e-10
3.563693209391650489e-10
1.946369448926856716e-10
1.212690284153624563e-10
6.168148336579684157e-11
1.928186875427646471e-04
1.316447140985564526e-04
1.103651358306613798e-04
6.270699552499050655e-05
4.568098942333088036e-05
2.848205046471789716e-05
1.943124711101220224e-05
1.287939501555170994e-05
8.916397897943467837e-06
6.161677447252873056e-06
4.405314946061011565e-06
2.995282989557681789e-06
1.954286740645956052e-06
1.204217051683037802e-06
7.026682891331532802e-07
2.484315180815792516e-05
2.707075460200609814e-05
1.926291015119032822e-05
1.055332859014404725e-05
9.453358249256485436e-06
4.282935022358588318e-06
2.889504814955290877e-06
2.189924130993939864e-06
1.474293730563319824e-06
9.055552990061240589e-07
6.529903437817979102e-07
4.704696936763688860e-07
3.299688553773532425e-07
2.208803614002813698e-07
1.381799986899271852e-07
-7.600032284206204964e-06
7.307747792023322283e-06
5.436276288118411295e-06
4.603831703896377053e-07
1.486581493565190547e-06
6.308239280637054950e-08
-1.757040101672274444e-07
1.961789877633410943e-08
-6.036956161025523616e-08
-7.952145727264902789e-09
-5.104251811077086378e-09
-8.951398703675443797e-10
1.940884775171733339e-09
1.510628089151499381e-10
6.222039460135055046e-10
-3.444348509973977662e-06
4.263465375056538812e-06
3.729972454677481193e-06
-1.257757959412498390e-06
6.418440653348734277e-07
1.568638087230147632e-07
7.463815082511194424e-08
-1.703120079112063295e-08
-1.023171871280714005e-07
-7.289817875543597978e-09
-9.140151623130876446e-09
1.562607187593883942e-09
-4.542607096528826513e-10
-9.416668419109134653e-10
-1.331758978337425612e-10
-6.311937061234834960e-06
8.598694282575730571e-06
-8.437209885141175243e-07
1.498982800742518226e-06
3.174252728362829403e-07
-2.182354849148521263e-07
1.420545354681774681e-07
-5.362201726727383244e-08
-5.082079424459144352e-09
-1.771454187662334784e-08
-9.296244003165811467e-10
-1.976460563745211008e-10
1.508734805492636742e-09
3.087457161402560489e-10
7.299775553191265515e-10
-3.501273880843915817e-06
7.718135816955356776e-06
-1.240179069521331616e-08
-1.630319758632696844e-07
2.361429512913524736e-07
-2.693980287961188129e-07
6.039956388443813516e-08
-3.508578496791524058e-08
3.141797517214130725e-08
-4.753218168166117594e-10
4.354086364973830947e-10
2.569160165729845917e-09
-1.807834148299208745e-09
4.312700560419089836e-10
3.107055436627657719e-10
-4.613568256801335743e-06
-1.441325889256654232e-07
-9.922676385962619996e-07
-3.930933744400216964e-07
-3.343657715669255648e-07
8.671102369588945231e-08
5.038720638252696705e-08
-2.410822769518442712e-08
1.219493542674733536e-09
-7.643825610935934336e-09
-2.797094831418436198e-09
-1.814366871877898231e-09
1.095148471426960792e-10
-7.253715045721122206e-13
1.796229630206052568e-11
-9.383182187787974504e-08
-8.449150291163397024e-07
8.740172623996408992e-07
9.730195496252470237e-07
5.900638648180395043e-07
-2.144824915827802493e-07
7.552396911195618463e-08
7.685134713090319063e-09
-3.333307089090495978e-08
-1.550705206267168109e-08
-4.826171652000168838e-09
-5.474307470426946575e-10
1.747548882800298992e-09
1.774243997546383779e-10
3.495851047039176691e-10
-2.457712918999040897e-06
4.294575608835333690e-07
6.828240866684949932e-07
5.842563941873027683e-07
9.827637182145811934e-08
1.947431415280199782e-07
-3.418575909284306807e-08
5.534564679515118436e-08
-1.076129609212741900e-08
-3.595059944771103671e-09
1.692171100019013676e-09
-5.086419130493651412e-09
-8.652706190679792310e-11
-2.195484836989180034e-10
-3.804096739884444295e-12
-4.621367397875601803e-07
-2.281667184221561027e-07
1.511442544828352381e-08
1.284563495422841423e-07
6.019586257585367582e-08
1.675016416285077193e-07
1.257330701133412115e-08
-3.274705375866205516e-08
-3.861217885916652623e-10
-3.958060640826565435e-09
-2.557256748006504769e-09
4.059415572837135247e-10
-2.685148594188380748e-10
3.604304024988074117e-10
1.316849704364027238e-10
1.269202962218845979e-04
1.033573970857395134e-04
7.273515888156148598e-05
5.780284436709302246e-05
3.783777036526886735e-05
2.460892165719948227e-05
1.544246787932634571e-05
9.982204339043121257e-06
6.423942167519192857e-06
4.159244511366707798e-06
2.821640277640415041e-06
2.006206227763050254e-06
1.413023732282353954e-06
9.758475265409695217e-07
6.340343710472739087e-07
2.094162092662201044e-05
1.506655649935259583e-05
2.510952114818753813e-05
1.462413183365363420e-05
9.366801233812158448e-06
6.728069951017764777e-06
4.072662146054528272e-06
2.481520927075968773e-06
1.563556223464450681e-06
9.769188766698961114e-07
6.594622531032038415e-07
4.564315763926596102e-07
3.226937787452855295e-07
2.281011421247922767e-07
1.528177531440793941e-07
-7.955651982112455907e-07
1.391048119063991921e-06
4.467420755098791785e-06
-3.247765575483731847e-07
5.314083024609815349e-07
4.398506061522322413e-07
-5.676865335230561524e-08
-1.409823968416049403e-08
2.996799939085937354e-08
9.598305935654888304e-09
5.282355985448046668e-09
2.971833646196161965e-09
5.160020523263985186e-09
3.955356673607284743e-09
2.790820213723853784e-09
1.132057439493585383e-06
5.151051180788847763e-06
-6.935497645514890741e-07
-1.339193592077403217e-06
3.101192033412807920e-07
-5.806011271506798122e-07
-7.073940676910448614e-08
2.258303722340699423e-08
-1.087960020073553935e-08
1.598199481738322251e-08
3.287537737934849163e-09
1.725414203237912724e-09
1.700664902217228586e-09
-1.900747844624792314e-10
6.068899498136395112e-11
-2.699611139078960220e-06
-6.611990940773899201e-07
-9.154163521807751241e-07
8.298198317761161966e-07
1.446361326624016036e-07
1.082832874717764535e-07
-1.451486896955106727e-07
1.474652863887578802e-08
1.937662400047161668e-08
2.408860592410630947e-08
4.851745935825075963e-09
-2.483918754437337868e-10
4.056019687588516932e-10
-3.321415271038580696e-10
5.649545760475375559e-11
-1.679684263022446766e-06
8.403781317320651735e-07
9.568361008802588449e-07
1.482231588437895065e-07
3.321904112046393690e-07
2.793760781665062078e-07
2.145894290848943117e-08
-1.605521218566486269e-08
-2.856640971053563310e-08
-7.617488211551694478e-09
-6.049456644963036772e-09
-2.090789632018711724e-10
2.796331072761377669e-10
5.143713762916194968e-11
2.627450335737998035e-10
-1.589150556898887845e-06
3.034606339112979314e-07
8.206174740384747719e-07
4.515155645153341151e-07
3.618465692599719038e-07
-2.044339934064509473e-07
2.209564488362055242e-08
-6.830610292055863217e-09
-1.658123654675008332e-08
-1.070567672647974503e-08
4.178987897299147780e-09
-3.795914307556076625e-10
3.726346803507445844e-10
-3.466052545759434421e-10
2.542627228631303121e-10
-2.076928521825140095e-06
2.078454442543024564e-06
-8.838586198824793119e-07
-3.351128379726422775e-07
-2.652737064328884060e-07
2.816753938291336014e-08
7.282335741504202909e-08
1.154598923592765965e-08
-1.586511038781710749e-08
5.493781711818052817e-10
-5.876740785148217321e-09
-8.985033748348778853e-10
-1.938173301911208100e-10
8.056019411096540004e-11
-1.947450361082876390e-10
1.405034548959743290e-07
-3.363664788198643880e-07
-1.455481328410004346e-07
-1.382429504815442456e-07
-1.302927416562470619e-07
2.931510562109103307e-08
-2.462463130625116311e-08
2.335133079675550119e-08
-4.839607878124999996e-09
-5.214861458530515515e-09
-2.368372216676703171e-09
2.163706558677092782e-10
-1.054439487908399875e-11
1.093111557113473283e-10
-1.255636776282331290e-10
6.749508146883537055e-05
5.533751681003472474e-05
5.557264023918647138e-05
4.096964614972714846e-05
2.766242345256613691e-05
1.988321425305613244e-05
1.272370149137889419e-05
7.855166839868477568e-06
4.874234437021116683e-06
3.085058544220388104e-06
2.009652045138116775e-06
1.363396752080444429e-06
9.471296267470856052e-07
6.714666798121719168e-07
4.594477841087419406e-07
1.941685098506312253e-05
1.910913696194180096e-05
1.455894400801303418e-05
9.342961359453110393e-06
7.433097601922059010e-06
6.041802752676649875e-06
3.448604195962605061e-06
2.201521447060953752e-06
1.336521606060079050e-06
8.598861074129359921e-07
5.444288760728304978e-07
3.562568166284334166e-07
2.431860533980073071e-07
1.725875173384449362e-07
1.198705767630656173e-07
3.021314995361002961e-06
1.102230441900440918e-06
1.277713657187844328e-06
-8.706140700338880732e-07
6.916386185883739478e-07
1.750683985525105959e-07
1.127802253880722512e-07
-9.190678344968007465e-09
2.721691968331264759e-08
3.223952927525910068e-08
1.252626067707086562e-08
6.684180595062260472e-09
3.496520592413166448e-09
3.939631122737573673e-09
2.379132259164093842e-09
-1.160075108568602244e-06
3.201638754526984249e-06
-7.053231798698592772e-07
7.011171964983973232e-07
3.119857105373413753e-07
-7.110297802483795517e-08
-1.309882701513835793e-08
-3.888532788829175879e-08
-2.455745810070917329e-08
2.588321855518971983e-09
9.018761830426602552e-10
-5.934732572070493365e-10
-8.164560209953088401e-10
-1.490730981975948887e-10
-1.869474513793954159e-11
-1.743901051861291946e-06
5.380651765233288378e-06
-6.311857044231909050e-07
5.796897681571322121e-07
4.914414784402942640e-07
2.782332672167145605e-07
-1.444356233793813911e-07
-4.765108666733670937e-08
-1.942252701586152512e-08
2.543775793666706926e-09
-3.898807821038955920e-10
-1.352108495291424636e-09
-1.027244751956405529e-09
8.242451162854161324e-11
2.872108082821204788e-10
2.757758831228467167e-06
2.364910359253208215e-06
6.934987470503991126e-07
-1.019979523152618074e-07
5.385174171987061816e-07
-1.208042502960180912e-07
-7.674056323215554631e-08
1.832785365235167538e-08
-4.112918523867122638e-09
-7.125980738508098105e-09
-1.840555351321877495e-10
-1.612873048867717308e-09
2.921277919727168647e-10
-3.096195783668712630e-10
-9.225466940291909977e-12
-7.178036156381563360e-08
2.333395985830117134e-07
7.004000519931547844e-07
-4.836408178666188974e-08
-2.675516124576903434e-07
4.920680234809228744e-08
-2.203735677861928565e-08
1.193090880993778111e-08
1.423543763288961133e-08
-3.122687804095021956e-09
-3.985653285559101960e-09
3.732967423854935005e-10
1.129599017155662211e-09
3.151856158241438593e-10
-1.944274142410076415e-10
4.035508032909544261e-07
-1.175398158466752098e-06
8.495130959462859044e-08
1.492728928512810239e-07
-1.510138963632975511e-08
6.199712053874199949e-08
-2.128245539148683035e-09
1.274909372462426584e-08
1.160518054231978684e-09
6.452191841293208954e-09
-1.794707325936619373e-09
8.935204345614086829e-10
-8.508625638791720248e-11
-5.763343658369507348e-11
9.482614542004938621e-12
4.120223437197074068e-05
4.227637524441823374e-05
3.588553560282642624e-05
2.543583759726605428e-05
2.057201721896510354e-05
1.541789678547287552e-05
9.230853211306500351e-06
6.334590610686229582e-06
3.824511681482578277e-06
2.372491323835471920e-06
1.489595427043612806e-06
9.650812982464726185e-07
6.512481213711773267e-07
4.544446858697116053e-07
3.171609205058631817e-07
9.962901526443662060e-06
1.072512418106999665e-05
9.940001288269353225e-06
6.498995590829488610e-06
5.662615220041855654e-06
4.142993745940306146e-06
2.629402848901374698e-06
1.662477809226685963e-06
1.094434794279359367e-06
6.576827241306530108e-07
4.149471832093960657e-07
2.676179675134273739e-07
1.747082210706459221e-07
1.215849918507502641e-07
8.418908113634031878e-08
8.231869961837971068e-07
5.644515004352130361e-07
1.833212857886360664e-07
-2.994085318634188763e-08
-3.830660634444735120e-07
-1.041267004653810376e-07
3.080487891116582621e-08
-1.998692657767498951e-08
3.780761349442079682e-08
1.325188687805948473e-08
4.024500133623368171e-09
7.802028291624367889e-09
3.656956416036279887e-09
2.064873824945239510e-09
1.562682476120807591e-09
2.094807331875718838e-06
1.182076362748023576e-06
-1.686224547414249772e-07
1.290851536132593857e-06
-2.093535696123674006e-07
1.634608907000428549e-07
2.365721069749569151e-08
1.149046030600676737e-08
1.630237411978691577e-08
7.234379367158260585e-10
3.811286198735324809e-09
1.699717905916379917e-09
8.756243888827357649e-10
1.755604209273093225e-10
1.488923743345153063e-10
9.784297982164291096e-07
-3.213247434509004875e-08
3.100852236832912896e-07
2.027522950400457584e-07
1.996826366502755367e-07
6.153126820879760812e-08
4.209963260640222753e-09
1.314613272231314905e-09
-1.008514687153658557e-08
-8.919578479651710408e-09
-8.921903445215444479e-10
-9.680206171111155556e-10
2.700742291470233497e-10
-2.930098193467902860e-10
6.601671807764236540e-11
-3.884813954365123676e-07
1.816575120434409593e-07
-1.017089446816410389e-07
2.505995042809818801e-07
1.165363516335913861e-07
-9.008836928693476099e-08
1.089984136468786882e-09
7.395271039256681360e-09
-5.145456193991838722e-09
-2.185211987837449735e-09
1.167961714902160101e-09
-4.583652251684409264e-10
2.847258229225114597e-10
-3.178112471460379503e-11
7.551776968417466795e-11
3.787618057305052163e-07
-6.731638735268628521e-07
-1.676994299755949126e-07
-4.183959895596734031e-08
1.660871794784672176e-07
6.249626374557259496e-08
-2.079527544416888826e-09
1.886365948265104307e-08
-1.013667944704368091e-08
3.196987217919395669e-09
1.106295799835552462e-09
7.657847775699065322e-10
5.982569329750101669e-12
-2.260847013137286448e-10
-7.667729098959022329e-11
2.481944946704703055e-05
2.588604713465883248e-05
2.460910724566931645e-05
1.901774010884033742e-05
1.461726516357616256e-05
1.099610605705040598e-05
7.824152176750990989e-06
4.910620344593181559e-06
3.022119339930478606e-06
1.856895872909769308e-06
1.160463685362441405e-06
7.326092713032799841e-07
4.745372026097442119e-07
3.217935574597526065e-07
2.233404557887712645e-07
7.214911269528991830e-06
7.391271687363615324e-06
6.194608095954286150e-06
4.692726373562212017e-06
3.233731323533724216e-06
2.924954540681338692e-06
2.133102596933356249e-06
1.349657518837214591e-06
8.658173159488184160e-07
5.244691919619220221e-07
3.208725067450305121e-07
1.981425167174686377e-07
1.269896064827138339e-07
8.389975195650757517e-08
5.836490749964975400e-08
8.088666450017165342e-07
-5.938462218649937418e-07
4.777989738313234346e-07
-2.611857404902445415e-07
-1.582749610927038620e-08
-3.956759950584107011e-08
-8.870948268798689944e-09
6.374575582206060793e-08
2.961966099034715066e-08
2.974917457721020795e-09
5.645841550004816356e-09
4.045568366440632412e-09
2.396652046952852142e-09
1.041931320643688819e-09
1.078586535065606245e-09
-8.302104571285558158e-07
6.734666436495784566e-07
2.764805871080035928e-07
-4.137595770128826512e-08
-1.902317359099970593e-08
3.675518154357605717e-08
3.230294008030592537e-08
7.773099093591108520e-09
-1.240079724741679309e-08
-4.147810855146383831e-09
-1.729212840571403032e-09
5.262875848029724486e-10
-1.627468606148260337e-10
-4.870182992546395600e-10
-6.197109278868306198e-11
-1.593557395593263951e-07
8.113685038711170202e-07
8.098620133128090791e-08
5.115602522597415122e-07
4.428110323088595568e-08
3.327424885983200917e-08
-6.790193751550060342e-08
1.862023174385177254e-08
4.319064529375997993e-09
5.950807523386111156e-09
-9.635452420630467014e-10
3.804887087197207002e-10
1.850776207758266729e-10
-1.570296202335992816e-10
7.356278523178409946e-11
3.529367857579302363e-07
-5.390880345583910722e-07
-1.356480807768860697e-07
1.331228090719526321e-07
9.064502623199794721e-08
9.714867223175097376e-08
1.083449011349498052e-08
-3.257271661190442163e-09
-8.463364374402649216e-09
4.418186796801722948e-09
1.174994097044536359e-09
3.906794893945241527e-10
-2.438292663895220412e-10
-1.830111428053615752e-10
-5.330857624370633016e-11
1.490465861501503580e-05
1.606365215985866338e-05
1.791551742834895380e-05
1.378822715537320685e-05
1.023391304949506342e-05
8.289042600423793576e-06
6.014122633655620427e-06
3.765330451353600048e-06
2.490931607550878185e-06
1.510098156832399008e-06
9.068781774201668649e-07
5.549479681244403800e-07
3.503738348693008789e-07
2.286946101183209327e-07
1.553526553535856923e-07
2.693060912409516900e-06
2.813493725974084331e-06
3.868422394766336769e-06
3.640249820374210035e-06
2.405923661575259758e-06
2.053661781201416053e-06
1.488626457339023847e-06
9.543797514005881886e-07
6.514593172783026760e-07
3.988489028449664404e-07
2.341031038692150643e-07
1.413401186410707699e-07
8.850340522203030647e-08
5.590544502683214053e-08
3.744125343564359866e-08
-2.154545994590940218e-07
4.953190059147881266e-07
3.557311933497103599e-08
5.386377366188486280e-07
-1.032952243379923227e-08
-5.743462340026853610e-08
1.790587726996405677e-08
-1.839964824443527199e-08
1.433356430941515461e-08
1.668119685891887196e-09
5.594096947132431796e-09
1.751057180476198367e-09
9.452867517111566330e-10
3.902494807830652417e-10
3.373119969869634062e-10
1.026248984024584749e-06
-7.014308052627702768e-07
-3.598829379902615901e-07
1.527302213696262517e-07
-9.516791243370730634e-08
-9.071549207441628143e-09
-5.608960904962981015e-08
2.831445717160928677e-08
4.743179473060942638e-09
5.925055331047926880e-09
3.624904998686990473e-10
1.174101923824530495e-10
-1.439238828814869173e-10
-1.668126785826653240e-10
-6.478022025860973945e-11
1.409127147650890550e-07
-3.037668069302045225e-07
-1.432702040316344412e-07
1.728274267887100170e-07
-3.143481680776514584e-10
5.400833035483877980e-08
7.773821050799057161e-09
1.685207307197085079e-09
3.307098035713151614e-09
-4.979433501218514299e-10
1.728076623018701275e-09
2.608006291979906829e-10
-2.834778506993492316e-10
-2.556293102460140698e-11
2.437510397896373568e-11
8.770447348386653749e-06
1.035211655665807840e-05
1.039894983327964148e-05
9.593883265782899341e-06
7.813946366766146072e-06
6.023019785834324764e-06
4.608399962280541832e-06
2.956101727311562830e-06
1.975589752546851536e-06
1.186016515572257616e-06
7.117459646516007159e-07
4.270335617700769135e-07
2.604633707379747420e-07
1.639200089619279677e-07
1.078265881408733095e-07
1.150649081241917373e-06
2.475892946396892868e-06
1.549723453787159380e-06
1.735106681417856078e-06
1.452634066599854741e-06
1.169642619131427652e-06
8.765869620304773381e-07
6.099411911355463416e-07
3.915480761583100254e-07
2.341620548814677879e-07
1.432178267083513760e-07
8.590502201684535552e-08
5.123329010256320879e-08
3.211867957875112143e-08
2.066224824468345598e-08
-3.896204837795251849e-07
-2.588564615572957489e-07
1.682615051747411823e-07
-8.000917849309829378e-08
6.373528904755979895e-08
-1.031662324582896709e-07
-7.317375379701151713e-08
9.781762752585178456e-09
-2.900296686345389436e-09
1.162117928542711244e-09
-1.165779682178394311e-09
8.084579012967291398e-10
-2.304601429769012238e-10
9.396172815013699722e-11
-4.588454731894936252e-11
-1.304841090619403602e-07
-1.549108723345457629e-08
-1.366640128397107735e-07
6.972507487061593378e-08
-3.841499637645539811e-08
5.076813031428901757e-08
2.050639910154603526e-08
-4.491234200636736033e-10
-7.006019874942745173e-10
1.443195387912202833e-09
8.776116743226224668e-10
-4.521407620434659784e-10
2.554608475591592503e-10
3.113123785260158209e-11
4.179237454621116481e-11
5.230954824105769852e-06
6.290605101315917180e-06
6.026711449880147450e-06
6.037437433879126756e-06
4.967287027985984805e-06
3.793437691408463853e-06
2.927746806361780586e-06
2.140776416640594400e-06
1.299578354703393159e-06
8.086639729449124204e-07
4.955177070362099436e-07
2.931029812864677717e-07
1.745026881807606599e-07
1.060957063239630021e-07
6.714321368790461244e-08
8.549985045575678476e-07
7.003956384604208033e-07
6.923707248240006700e-07
8.750894469924567898e-07
4.755408398632465952e-07
4.132570052003870553e-07
3.854173080762380955e-07
2.880851848382378676e-07
1.734748742895959882e-07
1.110021302032195876e-07
6.584960642543562282e-08
3.951718176471382913e-08
2.292331265587720173e-08
1.390588799557471238e-08
8.552538649457099756e-09
1.825844407723955243e-07
1.433755658225946007e-07
1.072011586378751005e-07
6.531523420682871817e-08
2.351985499749864713e-08
1.093974233482821099e-08
2.516976412307256104e-08
-5.234122113633154893e-09
1.436824340988631281e-09
-1.499375457626594126e-09
9.607218807736974582e-10
-1.730039115042414297e-10
5.713546534314684331e-10
9.741171745904145305e-12
1.176265976647788781e-10
2.225867824494994944e-06
2.975844269002052280e-06
3.001023910215486728e-06
3.073117041817118012e-06
2.692983322051449361e-06
2.139659358310150627e-06
1.628871114948756963e-06
1.222187344228533262e-06
7.596260927882127477e-07
4.989632373233215340e-07
2.993135669195924001e-07
1.746415147622240318e-07
1.012273565529648576e-07
5.909972607171594880e-08
3.561998840421862801e-08
1.756589037236833147e-07
1.187582155524746552e-07
1.832727623884282525e-07
2.353473735901747583e-07
1.586317771227830628e-07
1.119684826677185492e-07
1.098743191420088993e-07
7.462004857881603828e-08
5.240169840442734010e-08
3.149828851906359105e-08
1.884262925317088487e-08
1.043138598337313850e-08
6.221327785020462399e-09
3.537254081996923124e-09
2.140455078994484079e-09
6.383224942048946844e-07
5.966398011231967008e-07
7.350249590470026681e-07
7.853571502373557024e-07
7.564237583942915803e-07
6.374114176436796528e-07
4.704372703928459590e-07
3.664001751543592062e-07
2.557956449874503390e-07
1.585634046690725938e-07
9.584652095914698628e-08
5.642415348393595779e-08
3.260388467720220083e-08
1.847147245767368802e-08
1.052135051763583107e-08
