# lsst_theory
2.519334033256369969e-09
1.700066294509584716e-09
1.125420678923957299e-09
7.478786393650288100e-10
5.031321655921004590e-10
3.392982304048766111e-10
2.325345308079614474e-10
1.604224424171265045e-10
1.099449543854663341e-10
7.375911492053441169e-11
4.775772974852978477e-11
2.959327472951009958e-11
1.757023001834622374e-11
1.003040854351396033e-11
5.534090807737934102e-12
4.221960468248051307e-09
2.845472557186226784e-09
1.874863354680408876e-09
1.216289844674744081e-09
7.976490949470056732e-10
5.355964669140611559e-10
3.651772762520866817e-10
2.545229344023304824e-10
1.780815315021620458e-10
1.226301080563971015e-10
8.142510381760338029e-11
5.130343284290142928e-11
3.051961889566710975e-11
1.719222990939858655e-11
9.270335288663086183e-12
4.295056997571323822e-09
2.840534953588731606e-09
1.842745268411222299e-09
1.170824086872542514e-09
7.517514972591186115e-10
5.063128849484546656e-10
3.469284937226736707e-10
2.454978074020768951e-10
1.743808314865233553e-10
1.214628466608759388e-10
8.100822891802838390e-11
5.074497962466659321e-11
2.961703558267583124e-11
1.613654773982318829e-11
8.323323783316986301e-12
4.362137594269560365e-09
2.857863562809257593e-09
1.839133298397845715e-09
1.155361804718532881e-09
7.331208997059068158e-10
4.944516596368942175e-10
3.397353704763394623e-10
2.423929846486882128e-10
1.736017520544114530e-10
1.216827202396475681e-10
8.136992062100273476e-11
5.083511478772216444e-11
2.937874768231846883e-11
1.571670307623306379e-11
7.898665165398047816e-12
4.420315208948937430e-09
2.873103791040968402e-09
1.836223568717206728e-09
1.142142975444052126e-09
7.171655410180851100e-10
4.843077672699268339e-10
3.335842446439132102e-10
2.397527149163659617e-10
1.729541650895265088e-10
1.218884860957108427e-10
8.169270227920092192e-11
5.091963929160802540e-11
2.917662043339396347e-11
1.535553319369061761e-11
7.532349885913357972e-12
1.422588877690897403e-08
1.032710664359430392e-08
7.259895093780852297e-09
4.982498294672619764e-09
3.311917745239817919e-09
2.163996974414265385e-09
1.419038700015451829e-09
9.428291951717534787e-10
6.384436671724253833e-10
4.386925262366725908e-10
3.013498937610324344e-10
2.031712361553513407e-10
1.324434111788229243e-10
8.250574974434055805e-11
4.893058658052449966e-11
1.787784875769107598e-08
1.312409467109593142e-08
9.292366979962506824e-09
6.434473896347366057e-09
4.302701854085214893e-09
2.789759741143794922e-09
1.825944922986586474e-09
1.201666579916294816e-09
8.089752355127841542e-10
5.546173237025365715e-10
3.821276847467675777e-10
2.598011640245753263e-10
1.714403169198401501e-10
1.082299396779505425e-10
6.492765240331250059e-11
1.980270611025674445e-08
1.455393771595396233e-08
1.030331286004927265e-08
7.143557629916553275e-09
4.776638954128021102e-09
3.078657046120373297e-09
2.012590411850793399e-09
1.320098170796974186e-09
8.884832884009182119e-10
6.098757796773651154e-10
4.214896805226789172e-10
2.878176794769642890e-10
1.908101775439184572e-10
1.208937524233351174e-10
7.263242586505178086e-11
2.148515400906252754e-08
1.580882793451143021e-08
1.119401058510908891e-08
7.769769205520583861e-09
5.196268162622757243e-09
3.336004678730845435e-09
2.178884523404731340e-09
1.425745119603619950e-09
9.591949983683641302e-10
6.588620450084080304e-10
4.562717322718792841e-10
3.125175853819074460e-10
2.078740401906514644e-10
1.320621483863738733e-10
7.944826049162143109e-11
2.699674872251962931e-08
2.082472034391041103e-08
1.526032289195074618e-08
1.085732603777484602e-08
7.498858557182943872e-09
4.954780689931317642e-09
3.210485711588869471e-09
2.086823878157930352e-09
1.371296924750800531e-09
9.185216637325184076e-10
6.241886675679230070e-10
4.248692031024446007e-10
2.854223322119780701e-10
1.861187905621299065e-10
1.163616006023972074e-10
3.241758724119076251e-08
2.543652744664367213e-08
1.885535909583678285e-08
1.352022435071796052e-08
9.421982042592925177e-09
6.273183315603953129e-09
4.045414121162360134e-09
2.625930840582498383e-09
1.710938766395574324e-09
1.137767432204338745e-09
7.696976391432949041e-10
5.238826494829076560e-10
3.537322277847022020e-10
2.328658998105341558e-10
1.473608909900038837e-10
3.692318833908296504e-08
2.923424243679735795e-08
2.178530589568848262e-08
1.567253008094240873e-08
1.096885116919138614e-08
7.326283761814121084e-09
4.704558678385321161e-09
3.051989834308936624e-09
1.978717659584517814e-09
1.311549299625837742e-09
8.859128277153696308e-10
6.035749602721373389e-10
4.090326756030615135e-10
2.708034223319889994e-10
1.724795073491372346e-10
4.268804880218463081e-08
3.487738713219937305e-08
2.675624996673418898e-08
1.964514043988657301e-08
1.395544916497162164e-08
9.529633678543948044e-09
6.221216017697618660e-09
4.009276406678173321e-09
2.582305411803228065e-09
1.686384694626289363e-09
1.119959353917517586e-09
7.529545684540194521e-10
5.074397494359537916e-10
3.374171829111084237e-10
2.180375232765597750e-10
5.163749762426076488e-08
4.313916500029839682e-08
3.371024409212033918e-08
2.506234920956161744e-08
1.796918910922197463e-08
1.241234504443458049e-08
8.167580107453202618e-09
5.236474314359299091e-09
3.362067487455971221e-09
2.175760901330014834e-09
1.431245116052989390e-09
9.558403426738606523e-10
6.431735288971094096e-10
4.295516739001345389e-10
2.802959681830654122e-10
6.827588767613585355e-08
5.964456556765969599e-08
4.872136103884658127e-08
3.757434151807591884e-08
2.764017716037315663e-08
1.952793316471844047e-08
1.325712407344497518e-08
8.575032174430711742e-09
5.477275800538656951e-09
3.488402456808634903e-09
2.243694773453016750e-09
1.463357802671822456e-09
9.672895623526164136e-10
6.416007024099038121e-10
4.213023706690668930e-10
5.012515968472474958e-07
3.481397272049635055e-07
2.337513102974489596e-07
1.530207360393680791e-07
1.005294747375763838e-07
6.625924248365113002e-08
4.458033568636493574e-08
3.072127806238278895e-08
2.151591928942085758e-08
1.502200977519533854e-08
1.021839170819426790e-08
6.644384088912910951e-09
4.098458959536119852e-09
2.399562072067341333e-09
1.343488130693176550e-09
1.575502305905320874e-06
1.135747420965417502e-06
7.955848956775269403e-07
5.365386068189283257e-07
3.497882710376116896e-07
2.281809308336180442e-07
1.490950292035505127e-07
9.962960692510358977e-08
6.840984953999112384e-08
4.782234506208192706e-08
3.334364199194868948e-08
2.263983696876800320e-08
1.470442894622107411e-08
9.044569413963800673e-09
5.275440658728245973e-09
1.884558126800069272e-06
1.364511901704465544e-06
9.605913319938707260e-07
6.506645543954874455e-07
4.240595330769540022e-07
2.764255007250174038e-07
1.800430566634756509e-07
1.198600308763433500e-07
8.205416505096640032e-08
5.731816408907087136e-08
4.004986567690516014e-08
2.731789880825503190e-08
1.784585055056520023e-08
1.103911913451128246e-08
6.469048047727623507e-09
2.067306598272358039e-06
1.499737384695201121e-06
1.058107142299500843e-06
7.180815356850215822e-07
4.679192152593911694e-07
3.049174061040951284e-07
1.983217726198811447e-07
1.318110538025151672e-07
9.011686765405542224e-08
6.293093006305877763e-08
4.401419718712297790e-08
3.008296243745135004e-08
1.970204742071560873e-08
1.221715174822963236e-08
7.173729104581826952e-09
2.225198246270317526e-06
1.616569951223514058e-06
1.142358557196126641e-06
7.763291336270058645e-07
5.058135424390104914e-07
3.295340820343612656e-07
2.141143802897949416e-07
1.421366159460317532e-07
9.708295446208200457e-08
6.778030372474758425e-08
4.743933254552112613e-08
3.247192636279657677e-08
2.130575926599850604e-08
1.323494788377789035e-08
7.782562329754438091e-09
-7.568284156845111234e-08
-6.290695167015621842e-08
-4.742044113735056344e-08
-3.570482342686022975e-08
-2.601512154924720266e-08
-1.635127198420901886e-08
-1.066791838682908478e-08
-6.692194607957781528e-09
-4.225309441658565111e-09
-2.746938058944297580e-09
-1.856955533482429457e-09
-1.300321251894434163e-09
-9.237198660751526195e-10
-6.421714627181187565e-10
-4.229659906530007382e-10
6.209130738526878942e-07
4.968263400978345228e-07
3.719669673771773368e-07
2.774878025630501162e-07
1.935625966298338881e-07
1.235487363651783089e-07
7.928307589219779290e-08
5.006666132844924976e-08
3.202324309945892927e-08
2.117916171300325030e-08
1.455706271947352839e-08
1.027957675502202193e-08
7.263777387293902687e-09
4.960700319607906278e-09
3.193128287132655900e-09
1.090556738688636057e-06
8.838703937018332714e-07
6.643471392460618414e-07
4.963413053653810343e-07
3.508843791395877795e-07
2.237675419955719519e-07
1.444336049331476910e-07
9.092602160181753086e-08
5.792400074664162601e-08
3.809067535516017269e-08
2.602709055941194917e-08
1.831116071770987828e-08
1.294501542216307968e-08
8.884333458225159685e-09
5.762621946222155612e-09
1.346745073006739080e-06
1.094449110441899746e-06
8.232944536032265992e-07
6.152909314845816082e-07
4.361732004274920046e-07
2.781099174722420540e-07
1.797127317164715199e-07
1.130667177514120811e-07
7.197009182237747365e-08
4.727184119254443954e-08
3.226125189636104659e-08
2.267979727992589669e-08
1.603507627246982828e-08
1.101640030889854704e-08
7.156798315071642091e-09
1.568061417198910208e-06
1.276362716985265370e-06
9.606040787902708692e-07
7.180468701894517589e-07
5.098509647219122899e-07
3.250535511962404668e-07
2.101887328506112488e-07
1.321930391121707009e-07
8.410387958626847550e-08
5.520307703763887792e-08
3.764672597561151094e-08
2.645373373931663169e-08
1.870449503847672861e-08
1.285822625417035701e-08
8.361173811346157246e-09
-3.503328104666253586e-08
-3.098157567592362233e-08
-2.418155458266491955e-08
-1.811963034383039060e-08
-1.364888354546467666e-08
-9.020856504937875275e-09
-5.890004952091965468e-09
-3.653906547029935204e-09
-2.289763670151419725e-09
-1.458850005420716782e-09
-9.604986800474769155e-10
-6.568876058245284386e-10
-4.619736837503999975e-10
-3.245184281894469315e-10
-2.198672609782347856e-10
1.076126489108965373e-07
9.327165658492258464e-08
7.162142476488911418e-08
5.354413902600966951e-08
4.020286681705211984e-08
2.578493817976071924e-08
1.712056344265368215e-08
1.051797958169456292e-08
6.602436986733613308e-09
4.235051070244433299e-09
2.815264233124087135e-09
1.943983325078404693e-09
1.375201741021158668e-09
9.652419136634916300e-10
6.487874724048036617e-10
5.909999371107821897e-07
5.341628000169232477e-07
4.243645228222698481e-07
3.187246653249941732e-07
2.406151084385291621e-07
1.642230472555259770e-07
1.051629245264569459e-07
6.589432352254787464e-08
4.126358768279283740e-08
2.612875849682761282e-08
1.703843852108941896e-08
1.153741962455687887e-08
8.063323070871385199e-09
5.667822525688914845e-09
3.871403136716258423e-09
8.542922344701788960e-07
7.751458425200437733e-07
6.178387996475058297e-07
4.643207575138689597e-07
3.506071180352626850e-07
2.405983329824002552e-07
1.536089948692496295e-07
9.647146605801842208e-08
6.038627761627109730e-08
3.819113779844511410e-08
2.486162540319274933e-08
1.680436464362941630e-08
1.173005087601194702e-08
8.245123410434425177e-09
5.639388559751905062e-09
1.079852391824223848e-06
9.814980523828160858e-07
7.834365713823238667e-07
5.889219325025787696e-07
4.447400330536605543e-07
3.059198571671400747e-07
1.950556254411756408e-07
1.226195540115842531e-07
7.674097089301754121e-08
4.850940643407434709e-08
3.155511969937835766e-08
2.131183706345416317e-08
1.486863252090035200e-08
1.045129229593172320e-08
7.152576828674257644e-09
-2.789675189107281562e-09
-2.634710075708874674e-09
-2.173163894083178291e-09
-1.644677575095626218e-09
-1.242041759032198649e-09
-8.991655693492124707e-10
-5.568806724437024923e-10
-3.587997732383613824e-10
-2.235708811487752780e-10
-1.397791559702672110e-10
-8.950559243261468290e-11
-5.941877690917772562e-11
-4.095370824916567666e-11
-2.875981349843843004e-11
-1.992208216573056065e-11
-3.520354904264773892e-08
-3.506799842102218604e-08
-3.062331907758564520e-08
-2.380117614608298704e-08
-1.782587345061165752e-08
-1.357831268210242839e-08
-8.523085854925861894e-09
-5.711895668435488414e-09
-3.490545409266425764e-09
-2.141349246772888866e-09
-1.339154327253713762e-09
-8.641945826500279021e-10
-5.806438886507901821e-10
-4.028233106525728884e-10
-2.813837638109925808e-10
2.546883068066540485e-07
2.479014501277247949e-07
2.112103448532635633e-07
1.622142311786750259e-07
1.219099980133717953e-07
9.105736818490257171e-08
5.663858667256987107e-08
3.744011826868915520e-08
2.306048785303120024e-08
1.424771184022911552e-08
8.996725380360066662e-09
5.874978960038827271e-09
3.990783824480130349e-09
2.784037916447902064e-09
1.938700048697293468e-09
5.203715131453713177e-07
5.104570836859068322e-07
4.388712442576677646e-07
3.388900215587830917e-07
2.544452558134502068e-07
1.910446349967386855e-07
1.198764996533006215e-07
7.931309516769332377e-08
4.872072011312605443e-08
3.006269196371641431e-08
1.891636117259396256e-08
1.229530653438328451e-08
8.314587861763059694e-09
5.784889201361835853e-09
4.030390614499308946e-09
7.341848359305853788e-07
7.215034099937204986e-07
6.216211038154000862e-07
4.806007855177740793e-07
3.607671025428592765e-07
2.711967074784443490e-07
1.705035226482733732e-07
1.128309218908898558e-07
6.926970360258972618e-08
4.272963455425340368e-08
2.686556400388257451e-08
1.744375124355760787e-08
1.178409976560246042e-08
8.193791368920309885e-09
5.709351921292554296e-09
-5.226673789319315487e-11
-5.214981231372350194e-11
-4.568663542004774548e-11
-3.563391882860555127e-11
-2.668739362709483239e-11
-2.028865900926778321e-11
-1.288834974717426779e-11
-8.589963527975457822e-12
-5.243969789010368587e-12
-3.221398700310483579e-12
-2.012188057406893291e-12
-1.296083853196381254e-12
-8.689574172135106888e-13
-6.016789217426978536e-13
-4.199032317583577752e-13
-1.636076378419787332e-08
-1.677356121475533472e-08
-1.519935512303777913e-08
-1.216032893604559459e-08
-9.111948082634482034e-09
-6.956073082537124258e-09
-4.677888474484585615e-09
-3.028528880272117254e-09
-1.848360130784825837e-09
-1.141052807883345946e-09
-7.067423442982356688e-10
-4.478862251479978393e-10
-2.949112909692968859e-10
-2.014713335747258300e-10
-1.402175231428102833e-10
4.711986723195865742e-08
4.781180527703848269e-08
4.273073927250997440e-08
3.376269258837243521e-08
2.523041082945329784e-08
1.929770258268776125e-08
1.262542080409000185e-08
8.331550815595855678e-09
5.037421090916295529e-09
3.107540473638410202e-09
1.931017897520410277e-09
1.232356411516867890e-09
8.183507223591667463e-10
5.630740089854038112e-10
3.930755180582342507e-10
2.926811285721662691e-07
3.033446926733973227e-07
2.788540105068127143e-07
2.260279161122970643e-07
1.698736080658141527e-07
1.293425570609929400e-07
8.945194364864475915e-08
5.674408046713871751e-08
3.498292305798888962e-08
2.161347091670527239e-08
1.335167706072428067e-08
8.403562668945780214e-09
5.486069957799820428e-09
3.720203974082247309e-09
2.580546136398108938e-09
4.898851443493594424e-07
5.088374845644691362e-07
4.690971732293453413e-07
3.812355981565339229e-07
2.867213017219969317e-07
2.181854245111646843e-07
1.516975149784329005e-07
9.587484049844623089e-08
5.924741136877304830e-08
3.660425266698985638e-08
2.259614010988661088e-08
1.420262378051900393e-08
9.256070612997157734e-09
6.267199607054862874e-09
4.344100025072532086e-09
-2.300583298865138557e-13
-2.388117984555136425e-13
-2.198110904886762254e-13
-1.781171537901206631e-13
-1.336472898875861969e-13
-1.019177498783710755e-13
-7.055996684062179042e-14
-4.476868359366093318e-14
-2.740132566378133521e-14
-1.697226054169907318e-14
-1.049829413830092662e-14
-6.607466594258177966e-15
-4.313830284236792927e-15
-2.926961057320080888e-15
-2.032542268969643602e-15
-1.353269803485475189e-09
-1.434332676813503716e-09
-1.357675571721955451e-09
-1.130740999053441792e-09
-8.564267988590900700e-10
-6.477143029338795125e-10
-4.718638260252611505e-10
-2.886052146514284514e-10
-1.826567208864982376e-10
-1.127292714566888789e-10
-6.913698770030368768e-11
-4.293609020682055084e-11
-2.755699672029201788e-11
-1.839817621240487191e-11
-1.266047927039443382e-11
-1.507016667272721710e-08
-1.642743274990526492e-08
-1.615312365029377782e-08
-1.401071605117601939e-08
-1.083133358789232905e-08
-8.089886714576117102e-09
-6.199886893224015621e-09
-3.743433715125278026e-09
-2.492272791218567672e-09
-1.522094106784383728e-09
-9.130423907245209633e-10
-5.561328019316040267e-10
-3.485510280387406936e-10
-2.269038046916297614e-10
-1.533629062349616722e-10
1.338250383362207827e-07
1.441834017915420324e-07
1.395767188628901344e-07
1.190818864066758214e-07
9.128827290617205700e-08
6.852309542587078654e-08
5.151006932000275577e-08
3.121335533049721488e-08
2.038373858688587705e-08
1.250003820914972106e-08
7.564073746033482304e-09
4.642432831941212217e-09
2.937072837189033388e-09
1.931532117899142171e-09
1.315196267216761919e-09
3.182827635349849830e-07
3.442644374687757090e-07
3.350850429908174577e-07
2.876522190743498133e-07
2.213381973036389642e-07
1.658650562122987245e-07
1.253933111901564149e-07
7.617459886968107608e-08
5.002426843546852992e-08
3.061755221564153156e-08
1.847593347708861221e-08
1.130505489942104002e-08
7.125373424721653341e-09
4.667004812632825144e-09
3.167813512743734275e-09
-1.073315812003185171e-17
-1.132111603049476074e-17
-1.064092402133558517e-17
-8.790500341640800220e-18
-6.628228686751081013e-18
-5.027729110298923429e-18
-3.623485995287804783e-18
-2.225297650564508871e-18
-1.386569890693646105e-18
-8.584730051136220915e-19
-5.303630668556600619e-19
-3.307371458217056138e-19
-2.132837715060407995e-19
-1.431470438959379373e-19
-9.887807343847920588e-20
-2.150939429059236297e-11
-2.347952884833902493e-11
-2.313932283240326932e-11
-2.013498853409372555e-11
-1.561101771846424904e-11
-1.165274557338946549e-11
-8.930622164017207777e-12
-5.433794632244910526e-12
-3.620737526154520744e-12
-2.207950239935324972e-12
-1.322625093539144255e-12
-8.041372257944398892e-13
-5.029015740370788755e-13
-3.265956538373301455e-13
-2.202434523094922092e-13
-6.482762928006225146e-09
-7.182150491344453427e-09
-7.226175544315885513e-09
-6.445474419379417173e-09
-5.088681953646908265e-09
-3.783521763712483124e-09
-2.928391212003414352e-09
-1.845663360534034927e-09
-1.229604782377408036e-09
-7.435334565546673507e-10
-4.450890854203234721e-10
-2.677476619675456596e-10
-1.649433085021274777e-10
-1.053319119866896607e-10
-6.997663378712259667e-11
3.068574423464639591e-08
3.394844399867671275e-08
3.408820303501062698e-08
3.032860736190967983e-08
2.389237616552147486e-08
1.776345128819087997e-08
1.374816601452488465e-08
8.619093921061496840e-09
5.756547803238147877e-09
3.481587273615027646e-09
2.083154994891027441e-09
1.253731729555080047e-09
7.734634646109878799e-10
4.948625973141968566e-10
3.293516480316010137e-10
1.950830552781463118e-07
2.177877235155664479e-07
2.215079156297399953e-07
2.002878912886605979e-07
1.599915447688621901e-07
1.189866031899089106e-07
9.204155690133080518e-08
5.975563213166277255e-08
3.923534943940817063e-08
2.366287385203816163e-08
1.423056696694035316e-08
8.537007550272207475e-09
5.219241794055588553e-09
3.300403933806618828e-09
2.171573048278599425e-09
0.000000000000000000e+00
0.000000000000000000e+00
0.000000000000000000e+00
0.000000000000000000e+00
0.000000000000000000e+00
0.000000000000000000e+00
0.000000000000000000e+00
0.000000000000000000e+00
0.000000000000000000e+00
0.000000000000000000e+00
0.000000000000000000e+00
0.000000000000000000e+00
0.000000000000000000e+00
0.000000000000000000e+00
0.000000000000000000e+00
-3.549442842101136058e-14
-3.964489263837819497e-14
-4.034110353492589053e-14
-3.647733969821805361e-14
-2.910758030469932517e-14
-2.161552949170678469e-14
-1.676715765198782507e-14
-1.083080895536858891e-14
-7.165536258913501834e-15
-4.310684603656625124e-15
-2.590419443840759134e-15
-1.550280269639579875e-15
-9.474776686875571145e-16
-5.995626662898188756e-16
-3.948458533429340208e-16
-3.036378621521286133e-10
-3.433993441066149027e-10
-3.556503235688197115e-10
-3.289580952898482350e-10
-2.680944837603827131e-10
-1.997658102240032210e-10
-1.539705337424509805e-10
-1.050579672106054633e-10
-6.704454559325636704e-11
-4.040261467246245092e-11
-2.447556883895028088e-11
-1.465046309616185119e-11
-8.854112635508679029e-12
-5.508803155694583073e-12
-3.565307952448597098e-12
-4.627833084864232493e-09
-5.358718249553524032e-09
-5.736230893084549252e-09
-5.539378545228377107e-09
-4.717908766678786292e-09
-3.572217702024911242e-09
-2.696633873436051288e-09
-2.025726675258388030e-09
-1.207806167217404009e-09
-7.586594494684877300e-10
-4.607326948057817984e-10
-2.741947458257074082e-10
-1.623665942242366851e-10
-9.781649487985461774e-11
-6.101925356551254793e-11
1.009787622708474975e-07
1.157643011239660745e-07
1.222230331724055452e-07
1.159597514862199908e-07
9.701721910668658048e-08
7.297935313893419991e-08
5.556014510786349073e-08
4.021117572097804146e-08
2.461529418577974307e-08
1.519946808897103013e-08
9.224582925958496887e-09
5.503089829964125731e-09
3.284439547742278082e-09
2.003823435663816901e-09
1.268601366045327293e-09
0.000000000000000000e+00
0.000000000000000000e+00
0.000000000000000000e+00
0.000000000000000000e+00
0.000000000000000000e+00
0.000000000000000000e+00
0.000000000000000000e+00
0.000000000000000000e+00
0.000000000000000000e+00
0.000000000000000000e+00
0.000000000000000000e+00
0.000000000000000000e+00
0.000000000000000000e+00
0.000000000000000000e+00
0.000000000000000000e+00
0.000000000000000000e+00
0.000000000000000000e+00
0.000000000000000000e+00
0.000000000000000000e+00
0.000000000000000000e+00
0.000000000000000000e+00
0.000000000000000000e+00
0.000000000000000000e+00
0.000000000000000000e+00
0.000000000000000000e+00
0.000000000000000000e+00
0.000000000000000000e+00
0.000000000000000000e+00
0.000000000000000000e+00
0.000000000000000000e+00
-5.152050225135303577e-13
-5.957398030502237930e-13
-6.365702648428750173e-13
-6.135317404516023722e-13
-5.218833553123913941e-13
-3.953635610403071596e-13
-2.985198126538871151e-13
-2.233053615674453505e-13
-1.336319543096838159e-13
-8.420638396395421529e-14
-5.108725174533136742e-14
-3.032702425736091744e-14
-1.796361065178424078e-14
-1.083503855145790302e-14
-6.765261374822277878e-15
-1.431960208590197195e-09
-1.672829930912669729e-09
-1.813430945754042734e-09
-1.782353222765967917e-09
-1.551000264949600052e-09
-1.191975062444572830e-09
-8.908151062926745809e-10
-6.862912427484343064e-10
-4.089715422329103913e-10
-2.663303524885754138e-10
-1.612997407722106673e-10
-9.407010000137954097e-11
-5.504730342317725892e-11
-3.272708597201421579e-11
-2.003678843437775568e-11
3.197771706538112588e-08
3.757856342553900784e-08
4.107925379696652847e-08
4.084579569348085393e-08
3.605774163601490921e-08
2.802497740937111317e-08
2.085166270064581337e-08
1.621101739234970195e-08
9.814351580698841198e-09
6.451634375113425622e-09
3.892436081702401149e-09
2.260943388754394475e-09
1.313484229274650203e-09
7.729693744862306529e-10
4.672411512725665898e-10
0.000000000000000000e+00
0.000000000000000000e+00
0.000000000000000000e+00
0.000000000000000000e+00
0.000000000000000000e+00
0.000000000000000000e+00
0.000000000000000000e+00
0.000000000000000000e+00
0.000000000000000000e+00
0.000000000000000000e+00
0.000000000000000000e+00
0.000000000000000000e+00
0.000000000000000000e+00
0.000000000000000000e+00
0.000000000000000000e+00
0.000000000000000000e+00
0.000000000000000000e+00
0.000000000000000000e+00
0.000000000000000000e+00
0.000000000000000000e+00
0.000000000000000000e+00
0.000000000000000000e+00
0.000000000000000000e+00
0.000000000000000000e+00
0.000000000000000000e+00
0.000000000000000000e+00
0.000000000000000000e+00
0.000000000000000000e+00
0.000000000000000000e+00
0.000000000000000000e+00
0.000000000000000000e+00
0.000000000000000000e+00
0.000000000000000000e+00
0.000000000000000000e+00
0.000000000000000000e+00
0.000000000000000000e+00
0.000000000000000000e+00
0.000000000000000000e+00
0.000000000000000000e+00
0.000000000000000000e+00
0.000000000000000000e+00
0.000000000000000000e+00
0.000000000000000000e+00
0.000000000000000000e+00
0.000000000000000000e+00
-1.354566536382831164e-12
-1.614584825418899258e-12
-1.800206769891541166e-12
-1.838890111075864099e-12
-1.678385340329819828e-12
-1.340924185851651081e-12
-9.907204819594331067e-13
-7.789131410776726268e-13
-4.959570943818247025e-13
-3.273329642418158580e-13
-1.951449932114013869e-13
-1.136557048224595220e-13
-6.515789423461172408e-14
-3.748907807448521394e-14
-2.202633736996401233e-14
3.717327268678713039e-09
4.474980456850211795e-09
5.058700115065643513e-09
5.267315021205226254e-09
4.930994755715429685e-09
4.043211403315069998e-09
3.001062418186609581e-09
2.332165649837906598e-09
1.585664982176264564e-09
1.009353745964365073e-09
5.994163461189709903e-10
3.534014819450470363e-10
2.034882766078964021e-10
1.157746116089239388e-10
6.651891403254074249e-11
2.051979553004266890e-04
1.487481007111340458e-04
1.047892021432029764e-04
7.043565328047076107e-05
4.572817938958037939e-05
2.969451283069102324e-05
1.932594538652156478e-05
1.287373990890578189e-05
8.850112246154196349e-06
6.222487410679688033e-06
4.375746008263271725e-06
2.995675240951888360e-06
1.956332008535265822e-06
1.206092473016983533e-06
7.037704320273515808e-07
2.961603967478441900e-05
2.271055527111258247e-05
1.689400001986398432e-05
1.243244432059382390e-05
8.185788957802275841e-06
5.361540625527783393e-06
3.370357088915843929e-06
2.143654109870275727e-06
1.394391985305080074e-06
9.425486007982179983e-07
6.609877061540492285e-07
4.711738572369026399e-07
3.305082268445275130e-07
2.206379433289471229e-07
1.378822157547795209e-07
1.942455912746585889e-07
1.591489584301920704e-07
1.193950701954097405e-07
8.964740991342995085e-08
6.454424434175682732e-08
4.037574185014596260e-08
2.624418287269125116e-08
1.653476125886784236e-08
1.049137503386921114e-08
6.864973765641310073e-09
4.671039222730870485e-09
3.283463336290551289e-09
2.330309641020543220e-09
1.610874821735114119e-09
1.052273744533191748e-09
5.504576798842331620e-11
4.804378447352676956e-11
3.706043412919108849e-11
2.773636086763242150e-11
2.089194471548029401e-11
1.345493358112979118e-11
8.964605613508050034e-12
5.529698925852410369e-12
3.455078447878476175e-12
2.207072484672075097e-12
1.462123665905880758e-12
1.006502528842660110e-12
7.108532002035460809e-13
4.992641136861395231e-13
3.365122461041158151e-13
0.000000000000000000e+00
0.000000000000000000e+00
0.000000000000000000e+00
0.000000000000000000e+00
0.000000000000000000e+00
0.000000000000000000e+00
0.000000000000000000e+00
0.000000000000000000e+00
0.000000000000000000e+00
0.000000000000000000e+00
0.000000000000000000e+00
0.000000000000000000e+00
0.000000000000000000e+00
0.000000000000000000e+00
0.000000000000000000e+00
0.000000000000000000e+00
0.000000000000000000e+00
0.000000000000000000e+00
0.000000000000000000e+00
0.000000000000000000e+00
0.000000000000000000e+00
0.000000000000000000e+00
0.000000000000000000e+00
0.000000000000000000e+00
0.000000000000000000e+00
0.000000000000000000e+00
0.000000000000000000e+00
0.000000000000000000e+00
0.000000000000000000e+00
0.000000000000000000e+00
0.000000000000000000e+00
0.000000000000000000e+00
0.000000000000000000e+00
0.000000000000000000e+00
0.000000000000000000e+00
0.000000000000000000e+00
0.000000000000000000e+00
0.000000000000000000e+00
0.000000000000000000e+00
0.000000000000000000e+00
0.000000000000000000e+00
0.000000000000000000e+00
0.000000000000000000e+00
0.000000000000000000e+00
0.000000000000000000e+00
0.000000000000000000e+00
0.000000000000000000e+00
0.000000000000000000e+00
0.000000000000000000e+00
0.000000000000000000e+00
0.000000000000000000e+00
0.000000000000000000e+00
0.000000000000000000e+00
0.000000000000000000e+00
0.000000000000000000e+00
0.000000000000000000e+00
0.000000000000000000e+00
0.000000000000000000e+00
0.000000000000000000e+00
0.000000000000000000e+00
0.000000000000000000e+00
0.000000000000000000e+00
0.000000000000000000e+00
0.000000000000000000e+00
0.000000000000000000e+00
0.000000000000000000e+00
0.000000000000000000e+00
0.000000000000000000e+00
0.000000000000000000e+00
0.000000000000000000e+00
0.000000000000000000e+00
0.000000000000000000e+00
0.000000000000000000e+00
0.000000000000000000e+00
0.000000000000000000e+00
0.000000000000000000e+00
0.000000000000000000e+00
0.000000000000000000e+00
0.000000000000000000e+00
0.000000000000000000e+00
0.000000000000000000e+00
0.000000000000000000e+00
0.000000000000000000e+00
0.000000000000000000e+00
0.000000000000000000e+00
0.000000000000000000e+00
0.000000000000000000e+00
0.000000000000000000e+00
0.000000000000000000e+00
0.000000000000000000e+00
1.190225474293952714e-04
9.675230568386927418e-05
7.257639985099461775e-05
5.439567351047252814e-05
3.871415117019434574e-05
2.446438653738000662e-05
1.581585694281849083e-05
9.965965145686158568e-06
6.337796074422801220e-06
4.160732420004931537e-06
2.840008459403691455e-06
1.999144362113453963e-06
1.416665189660766760e-06
9.753718441989243613e-07
6.341474941712122644e-07
2.524468353432016626e-05
2.190701564647492191e-05
1.687250905976890746e-05
1.263848358683744428e-05
9.472745235661502911e-06
6.100982595769976856e-06
4.036923276490297814e-06
2.500089475162841280e-06
1.565838094824347730e-06
1.002950232243360042e-06
6.658100692421237755e-07
4.589756903899426092e-07
3.241413036251895701e-07
2.272521720519115169e-07
1.527483765001074424e-07
4.063181905601447940e-07
3.725046272090849839e-07
2.985389823041563344e-07
2.240456424440903662e-07
1.697608464006835932e-07
1.178748830297022566e-07
7.473369903963033503e-08
4.670376355029505111e-08
2.931637762408517724e-08
1.852461864170578437e-08
1.201875345200345455e-08
8.098385943668396192e-09
5.646787690895745971e-09
3.976843007608276802e-09
2.731943945113125297e-09
2.609029453679299743e-10
2.510359825016798332e-10
2.108286410357393671e-10
1.604561829470005295e-10
1.208391024498392783e-10
8.958257070051955024e-11
5.476577081366783813e-11
3.605509911018650388e-11
2.234371822779446877e-11
1.385591200518676820e-11
8.806566305203518574e-12
5.795614026071978496e-12
3.965990551029047479e-12
2.779257487800218678e-12
1.934235265379299125e-12
7.925422317808900513e-17
7.875935526489821218e-17
6.858428604301208329e-17
5.318279684101528443e-17
3.980410954532449317e-17
3.031804105952085723e-17
1.891289906531248700e-17
1.278447477537646552e-17
7.809756551134444868e-18
4.769575652095846166e-18
2.984190431909822924e-18
1.928466865828270145e-18
1.297808720917001938e-18
9.014759877972874053e-19
6.299040216854025309e-19
0.000000000000000000e+00
0.000000000000000000e+00
0.000000000000000000e+00
0.000000000000000000e+00
0.000000000000000000e+00
0.000000000000000000e+00
0.000000000000000000e+00
0.000000000000000000e+00
0.000000000000000000e+00
0.000000000000000000e+00
0.000000000000000000e+00
0.000000000000000000e+00
0.000000000000000000e+00
0.000000000000000000e+00
0.000000000000000000e+00
0.000000000000000000e+00
0.000000000000000000e+00
0.000000000000000000e+00
0.000000000000000000e+00
0.000000000000000000e+00
0.000000000000000000e+00
0.000000000000000000e+00
0.000000000000000000e+00
0.000000000000000000e+00
0.000000000000000000e+00
0.000000000000000000e+00
0.000000000000000000e+00
0.000000000000000000e+00
0.000000000000000000e+00
0.000000000000000000e+00
0.000000000000000000e+00
0.000000000000000000e+00
0.000000000000000000e+00
0.000000000000000000e+00
0.000000000000000000e+00
0.000000000000000000e+00
0.000000000000000000e+00
0.000000000000000000e+00
0.000000000000000000e+00
0.000000000000000000e+00
0.000000000000000000e+00
0.000000000000000000e+00
0.000000000000000000e+00
0.000000000000000000e+00
0.000000000000000000e+00
0.000000000000000000e+00
0.000000000000000000e+00
0.000000000000000000e+00
0.000000000000000000e+00
0.000000000000000000e+00
0.000000000000000000e+00
0.000000000000000000e+00
0.000000000000000000e+00
0.000000000000000000e+00
0.000000000000000000e+00
0.000000000000000000e+00
0.000000000000000000e+00
0.000000000000000000e+00
0.000000000000000000e+00
0.000000000000000000e+00
6.914838574844742202e-05
6.298041985882901566e-05
5.023928025039408333e-05
3.770055547996514100e-05
2.854071453350719937e-05
1.963790372378076501e-05
1.252673933555708756e-05
7.824777187219084614e-06
4.906546050655193879e-06
3.103333169446609917e-06
2.018414519323651568e-06
1.363498353201598508e-06
9.521032268421033329e-07
6.701866631471385825e-07
4.592558767991092723e-07
1.651342268010509503e-05
1.571896095148382955e-05
1.306173692370794593e-05
9.905768050679502563e-06
7.473193317552304531e-06
5.466737534830815333e-06
3.364084376820612908e-06
2.185797806100162685e-06
1.359355692456632981e-06
8.474155266610983335e-07
5.409377205557487057e-07
3.578061776736730976e-07
2.459036454028268854e-07
1.725638891031430732e-07
1.197882097963752989e-07
2.885471490178256570e-07
2.856037540643309632e-07
2.477331687331131696e-07
1.918765170612869231e-07
1.437824055998534040e-07
1.090123301213726510e-07
6.816018128972272700e-08
4.567539823624341642e-08
2.795116814783682984e-08
1.714949932214538747e-08
1.074957473120634191e-08
6.959308754804623627e-09
4.690266721859151753e-09
3.259329527144268876e-09
2.275260194674772021e-09
2.113315109150775624e-10
2.163760387229292117e-10
1.956261662359145449e-10
1.560580772534293440e-10
1.167770784738968292e-10
8.930826708005884459e-11
5.965554419018685638e-11
3.890344089457260486e-11
2.362199723119995147e-11
1.458978400176802701e-11
9.032089391822856976e-12
5.730974548568465769e-12
3.780688570982731625e-12
2.587465905651105424e-12
1.802983132238952430e-12
0.000000000000000000e+00
0.000000000000000000e+00
0.000000000000000000e+00
0.000000000000000000e+00
0.000000000000000000e+00
0.000000000000000000e+00
0.000000000000000000e+00
0.000000000000000000e+00
0.000000000000000000e+00
0.000000000000000000e+00
0.000000000000000000e+00
0.000000000000000000e+00
0.000000000000000000e+00
0.000000000000000000e+00
0.000000000000000000e+00
0.000000000000000000e+00
0.000000000000000000e+00
0.000000000000000000e+00
0.000000000000000000e+00
0.000000000000000000e+00
0.000000000000000000e+00
0.000000000000000000e+00
0.000000000000000000e+00
0.000000000000000000e+00
0.000000000000000000e+00
0.000000000000000000e+00
0.000000000000000000e+00
0.000000000000000000e+00
0.000000000000000000e+00
0.000000000000000000e+00
0.000000000000000000e+00
0.000000000000000000e+00
0.000000000000000000e+00
0.000000000000000000e+00
0.000000000000000000e+00
0.000000000000000000e+00
0.000000000000000000e+00
0.000000000000000000e+00
0.000000000000000000e+00
0.000000000000000000e+00
0.000000000000000000e+00
0.000000000000000000e+00
0.000000000000000000e+00
0.000000000000000000e+00
0.000000000000000000e+00
0.000000000000000000e+00
0.000000000000000000e+00
0.000000000000000000e+00
0.000000000000000000e+00
0.000000000000000000e+00
0.000000000000000000e+00
0.000000000000000000e+00
0.000000000000000000e+00
0.000000000000000000e+00
0.000000000000000000e+00
0.000000000000000000e+00
0.000000000000000000e+00
0.000000000000000000e+00
0.000000000000000000e+00
0.000000000000000000e+00
4.066278289126871147e-05
4.005067579219553030e-05
3.455594811719970384e-05
2.669601122357854767e-05
2.002328125460377543e-05
1.511808717963299737e-05
9.433637709517656643e-06
6.294499327516032202e-06
3.859772932107676886e-06
2.373706592904563865e-06
1.491175425591416102e-06
9.678450623931268988e-07
6.538090094818902334e-07
4.548812441755604099e-07
3.173285782353831239e-07
1.005433281861559375e-05
1.021627179787933200e-05
9.150767961534673293e-06
7.249646027479154895e-06
5.425061517102483368e-06
4.145124485394584488e-06
2.725013658674700231e-06
1.792093323640567170e-06
1.089717924837998633e-06
6.713350704710329954e-07
4.165177574853787737e-07
2.654193746310093794e-07
1.759351131646374562e-07
1.208408367573336443e-07
8.425989315045695075e-08
1.835287904125391461e-07
1.916816000231699116e-07
1.778673975447748496e-07
1.452252981355580155e-07
1.091896454645514443e-07
8.309932487984542129e-08
5.843924012720278420e-08
3.663123432856183765e-08
2.258690229195086691e-08
1.398790886690852048e-08
8.641307668114164248e-09
5.418342568840102321e-09
3.520324648647409909e-09
2.378228944437890781e-09
1.647956522599135045e-09
9.592699351637743758e-11
1.027575938973563562e-10
9.865116400610836992e-11
8.333366689418329674e-11
6.346935613259829760e-11
4.777738979572304420e-11
3.562107927330910621e-11
2.144907671976979540e-11
1.385123453438889610e-11
8.523349311773228970e-12
5.193132437632469562e-12
3.204302620599277860e-12
2.039745633909114018e-12
1.350483659711310422e-12
9.244901835331739256e-13
0.000000000000000000e+00
0.000000000000000000e+00
0.000000000000000000e+00
0.000000000000000000e+00
0.000000000000000000e+00
0.000000000000000000e+00
0.000000000000000000e+00
0.000000000000000000e+00
0.000000000000000000e+00
0.000000000000000000e+00
0.000000000000000000e+00
0.000000000000000000e+00
0.000000000000000000e+00
0.000000000000000000e+00
0.000000000000000000e+00
0.000000000000000000e+00
0.000000000000000000e+00
0.000000000000000000e+00
0.000000000000000000e+00
0.000000000000000000e+00
0.000000000000000000e+00
0.000000000000000000e+00
0.000000000000000000e+00
0.000000000000000000e+00
0.000000000000000000e+00
0.000000000000000000e+00
0.000000000000000000e+00
0.000000000000000000e+00
0.000000000000000000e+00
0.000000000000000000e+00
0.000000000000000000e+00
0.000000000000000000e+00
0.000000000000000000e+00
0.000000000000000000e+00
0.000000000000000000e+00
0.000000000000000000e+00
0.000000000000000000e+00
0.000000000000000000e+00
0.000000000000000000e+00
0.000000000000000000e+00
0.000000000000000000e+00
0.000000000000000000e+00
0.000000000000000000e+00
0.000000000000000000e+00
0.000000000000000000e+00
2.505288896147163087e-05
2.607301639737611158e-05
2.408544414362972534e-05
1.959055051392762353e-05
1.472060577242537350e-05
1.121092650892966579e-05
7.817851760222030696e-06
4.932149757255867202e-06
3.036128295698313310e-06
1.878889671149943290e-06
1.160787836844600367e-06
7.292240756560878184e-07
4.749520472775510068e-07
3.215259309409497378e-07
2.229755060945108566e-07
6.140303472089770451e-06
6.534251868747774823e-06
6.217905986032498657e-06
5.205478705610152253e-06
3.949900768380551898e-06
2.982307337453446439e-06
2.192405410080633621e-06
1.332034969699685024e-06
8.488500562038645504e-07
5.234136590442774146e-07
3.204210007061322269e-07
1.985213005244513128e-07
1.270240965396469578e-07
8.455141777829551333e-08
5.807973957063759394e-08
8.808121709692785892e-08
9.571348499830477333e-08
9.372570669626791902e-08
8.094133944333676220e-08
6.242933206582406456e-08
4.668026766851041801e-08
3.561168650029611330e-08
2.149154365050391091e-08
1.426700269993057027e-08
8.723377366136219288e-09
5.236800374215369213e-09
3.196119609852460387e-09
2.008436119832520150e-09
1.311046068286774540e-09
8.879320639366504822e-10
1.665995252716977366e-11
1.847208650920182643e-11
1.860337798088130089e-11
1.660682084064217661e-11
1.311003764369478791e-11
9.738511125585048645e-12
7.553885061287655956e-12
4.747692375735941638e-12
3.179426221809571401e-12
1.921450605949191613e-12
1.148022997024317211e-12
6.896703162921954902e-13
4.245992065617431627e-13
2.710791196533120647e-13
1.800957512895532495e-13
0.000000000000000000e+00
0.000000000000000000e+00
0.000000000000000000e+00
0.000000000000000000e+00
0.000000000000000000e+00
0.000000000000000000e+00
0.000000000000000000e+00
0.000000000000000000e+00
0.000000000000000000e+00
0.000000000000000000e+00
0.000000000000000000e+00
0.000000000000000000e+00
0.000000000000000000e+00
0.000000000000000000e+00
0.000000000000000000e+00
0.000000000000000000e+00
0.000000000000000000e+00
0.000000000000000000e+00
0.000000000000000000e+00
0.000000000000000000e+00
0.000000000000000000e+00
0.000000000000000000e+00
0.000000000000000000e+00
0.000000000000000000e+00
0.000000000000000000e+00
0.000000000000000000e+00
0.000000000000000000e+00
0.000000000000000000e+00
0.000000000000000000e+00
0.000000000000000000e+00
1.556424003535859273e-05
1.686409050267747187e-05
1.644963222712348230e-05
1.414662445847458218e-05
1.088731565296989884e-05
8.151570004772955730e-06
6.189260864159554424e-06
3.738343800848807822e-06
2.467502715297466418e-06
1.510262910202755646e-06
9.094009494044417997e-07
5.560953354447701997e-07
3.502488245128990152e-07
2.292200597840346462e-07
1.555391865524063409e-07
3.543910893249980266e-06
3.906657606710857116e-06
3.902915590045912099e-06
3.450963109529326117e-06
2.705428985038276966e-06
2.012841548979345390e-06
1.555899925144027625e-06
9.642914327903671520e-07
6.458838171268222062e-07
3.917219708416748442e-07
2.339549719103014977e-07
1.411693713026429737e-07
8.742357283126821992e-08
5.617055044710151975e-08
3.753251673857032597e-08
2.856421600399061333e-08
3.202321375162019810e-08
3.275744333527683524e-08
2.981874207796211123e-08
2.393725923592697966e-08
1.778556762556230197e-08
1.377927477978676019e-08
9.042384691559008353e-09
5.926182761623651103e-09
3.561549614529172943e-09
2.146483051912354263e-09
1.283923981153511217e-09
7.819771715471949412e-10
4.924357382042090406e-10
3.227065685499119451e-10
1.452091790935759143e-13
1.658048935878733906e-13
1.740395590999723990e-13
1.637809150906644558e-13
1.357305602918749437e-13
1.015643471865033960e-13
7.772363337451134064e-14
5.526813736208687322e-14
3.420770618189923603e-14
2.076389133030413705e-14
1.261916967803028568e-14
7.574266993589351496e-15
4.542903932602634949e-15
2.789624018101272369e-15
1.780686401238272603e-15
0.000000000000000000e+00
0.000000000000000000e+00
0.000000000000000000e+00
0.000000000000000000e+00
0.000000000000000000e+00
0.000000000000000000e+00
0.000000000000000000e+00
0.000000000000000000e+00
0.000000000000000000e+00
0.000000000000000000e+00
0.000000000000000000e+00
0.000000000000000000e+00
0.000000000000000000e+00
0.000000000000000000e+00
0.000000000000000000e+00
9.624456585262204433e-06
1.076255449079152176e-05
1.097070013868241561e-05
9.943982423487380512e-06
7.955098951169958408e-06
5.911708696417602353e-06
4.579437147687689861e-06
2.980101427679157633e-06
1.959752826554709215e-06
1.179658512184860883e-06
7.096965068611327505e-07
4.250562326318324868e-07
2.594865110532771009e-07
1.638684812730168174e-07
1.076910435317731656e-07
1.735118041984116789e-06
1.967799289147157886e-06
2.045954410893037831e-06
1.901831803149811547e-06
1.557235027697699556e-06
1.161443053861518283e-06
8.936324932030376416e-07
6.169991066267617304e-07
3.904808407059565556e-07
2.355508294513510395e-07
1.428959117507976225e-07
8.558159534061724484e-08
5.160552408450092612e-08
3.198908832756457908e-08
2.062374256318644654e-08
2.105882151450193232e-09
2.426955392285394155e-09
2.581096105274382457e-09
2.471891611450713254e-09
2.087644832580615171e-09
1.575416718234082502e-09
1.193814737108493241e-09
8.822969354828064415e-10
5.313875469776254614e-10
3.310205208792115664e-10
2.009161645726246178e-10
1.198786256951666759e-10
7.126690758017010412e-11
4.318298520149259977e-11
2.712787268423841668e-11
0.000000000000000000e+00
0.000000000000000000e+00
0.000000000000000000e+00
0.000000000000000000e+00
0.000000000000000000e+00
0.000000000000000000e+00
0.000000000000000000e+00
0.000000000000000000e+00
0.000000000000000000e+00
0.000000000000000000e+00
0.000000000000000000e+00
0.000000000000000000e+00
0.000000000000000000e+00
0.000000000000000000e+00
0.000000000000000000e+00
5.285650365827078022e-06
6.072915241441285142e-06
6.431187500029111161e-06
6.125120416504760027e-06
5.143676870069285323e-06
3.873247760591229909e-06
2.943565869714503456e-06
2.149116970455436735e-06
1.306444553945212791e-06
8.087483659814625659e-07
4.909733341610876464e-07
2.930769552536212984e-07
1.746545834242473512e-07
1.062604932010522448e-07
6.706864134508905573e-08
6.152694695803178985e-07
7.164935734577974021e-07
7.732539675533953801e-07
7.553573487464068861e-07
6.524917347654240542e-07
4.988657628622114587e-07
3.739338857061735104e-07
2.859713826739436136e-07
1.699223100259574743e-07
1.096537172015297345e-07
6.647013043648316571e-08
3.896813390893414943e-08
2.289625061540436534e-08
1.367900476188073256e-08
8.429228119445898341e-09
5.504030872652667434e-12
6.518676042578419615e-12
7.203372666323018516e-12
7.267667476959373198e-12
6.528767304574368478e-12
5.140667810645728542e-12
3.802565394194635822e-12
2.991687477538096985e-12
1.839774121633009283e-12
1.226139419435509910e-12
7.371630416015389163e-13
4.255706492815974192e-13
2.450053776119953884e-13
1.424461976225176161e-13
8.481703362022871853e-14
2.383495078499635792e-06
2.809926215336078424e-06
3.085353953398648721e-06
3.086246622740679192e-06
2.743953162429776509e-06
2.143721323035989017e-06
1.591040332969199105e-06
1.243820515413439791e-06
7.568751873041277054e-07
5.006934491939518934e-07
3.016992693940492068e-07
1.746883056679085111e-07
1.011162778252198265e-07
5.922479671234158336e-08
3.558182186393221385e-08
1.227146071269435055e-07
1.467843950794811277e-07
1.644594322952194727e-07
1.691278838439765115e-07
1.557180697837786218e-07
1.254559478835260663e-07
9.272158313672438977e-08
7.273607528578865605e-08
4.729747531492277921e-08
3.093342336334438691e-08
1.836055304739229532e-08
1.075313267475208497e-08
6.161868565963454544e-09
3.528548584223064803e-09
2.058248782387164195e-09
5.494740075409175029e-07
6.650114766550096296e-07
7.573620292665678877e-07
7.968134646300513413e-07
7.565462716285400647e-07
6.303298792167719222e-07
4.710378307589699801e-07
3.626407477870137609e-07
2.551558498718423240e-07
1.595135314542535267e-07
9.578938690056570310e-08
5.668079385345431724e-08
3.262321597175429313e-08
1.845275858208976528e-08
1.047750403672786175e-08
