# lsst_theory
2.519704640608875536e-09
1.700349808906244727e-09
1.125629200312489317e-09
7.479942490561434208e-10
5.032058080110693537e-10
3.393560895989032324e-10
2.325717519644561860e-10
1.604468803978565630e-10
1.099595061563363732e-10
7.376499597370001308e-11
4.775633406645836766e-11
2.958546336644376063e-11
1.755652946096002376e-11
1.001110343112869019e-11
5.509589544297988266e-12
4.222604524405000789e-09
2.845794058682577402e-09
1.875212232200948099e-09
1.216559224214212690e-09
7.977592164677420014e-10
5.356746417929183850e-10
3.652361700441131506e-10
2.545676014290474532e-10
1.781093969646806289e-10
1.226457157000019029e-10
8.142950899649851000e-11
5.129845655059484862e-11
3.050634663351800871e-11
1.717121033687832701e-11
9.241775290638124055e-12
4.295717467358001491e-09
2.840762023679687647e-09
1.843057511725885377e-09
1.171129346334184576e-09
7.518582051197585821e-10
5.063595268905325091e-10
3.469903775077315378e-10
2.455419329821549844e-10
1.744085946593111812e-10
1.214785857342401313e-10
8.101237920032403844e-11
5.073950880890916642e-11
2.960306901100035268e-11
1.611458964611790053e-11
8.293494954553576831e-12
4.362811000920696752e-09
2.858042451281616831e-09
1.839430139908760871e-09
1.155688204691077131e-09
7.332268593901832537e-10
4.944831727905734021e-10
3.397987937724833721e-10
2.424371194048709852e-10
1.736296670033383143e-10
1.216986801055894414e-10
8.137404092879044995e-11
5.082944325601799160e-11
2.936443581796332967e-11
1.569422874039055189e-11
7.868084420712522010e-12
4.420999384359725381e-09
2.873241020587374222e-09
1.836507533964165745e-09
1.142487606816365616e-09
7.172708651662411473e-10
4.843262185716148362e-10
3.336490416222835691e-10
2.397968699546758834e-10
1.729822161996703037e-10
1.219046404108332134e-10
8.169679860323099959e-11
5.091379548279658725e-11
2.916200965034409528e-11
1.533260450761796962e-11
7.501088290797663877e-12
1.422924144767656011e-08
1.032905037489865232e-08
7.260912556436244255e-09
4.983389562844443961e-09
3.312654649583100935e-09
2.164367307988967442e-09
1.419306753392036424e-09
9.430001596327002097e-10
6.385672053210592532e-10
4.387759281178156295e-10
3.014017204190814658e-10
2.031973691361999730e-10
1.324489333627031276e-10
8.249413582383020155e-11
4.890396820211608012e-11
1.788221616673081927e-08
1.312686971194230976e-08
9.293687580949163658e-09
6.435455137642593867e-09
4.303695514243328587e-09
2.790325303597900213e-09
1.826229946738894403e-09
1.201884316726213938e-09
8.091342300007150985e-10
5.547243830905769250e-10
3.821974565854336801e-10
2.598395841495080587e-10
1.714536797191478236e-10
1.082228034913329389e-10
6.490294752020476736e-11
1.980764989770425979e-08
1.455715568994356916e-08
1.030474689850899770e-08
7.144544612794309459e-09
4.777774626448917230e-09
3.079321656383842251e-09
2.012860334638528647e-09
1.320347323341869799e-09
8.886596927334809668e-10
6.099950324355539565e-10
4.215684419968528784e-10
2.878620753608684159e-10
1.908272253027357959e-10
1.208885985025771176e-10
7.260839755125069313e-11
2.149059527691206433e-08
1.581242996401386578e-08
1.119554828338950498e-08
7.770766954244139541e-09
5.197526800535978455e-09
3.336755759561553016e-09
2.179145224684892158e-09
1.426020673644758877e-09
9.593865957142011444e-10
6.589919152841140685e-10
4.563583728486954562e-10
3.125672473638413961e-10
2.078943489847144669e-10
1.320587609118889372e-10
7.942485568441122927e-11
2.700286967945734683e-08
2.082968423569957386e-08
1.526333109954959726e-08
1.085889618198665803e-08
7.500179706952560947e-09
4.955933521827790221e-09
3.211062183256655221e-09
2.087226238195283643e-09
1.371554119515450247e-09
9.187041066253443778e-10
6.243100455699411751e-10
4.249440626658720314e-10
2.854604332547572565e-10
1.861277028525887957e-10
1.163464279744971141e-10
3.242472103122453411e-08
2.544274162809376206e-08
1.885942658623234368e-08
1.352226095546570332e-08
9.423454136428500053e-09
6.274679799938704703e-09
4.046266293734331012e-09
2.626391866849684211e-09
1.711251886805922924e-09
1.137994206934723064e-09
7.698494721816978617e-10
5.239799107204667617e-10
3.537858125093096949e-10
2.328848679488228722e-10
1.473516812364908028e-10
3.693118197245362174e-08
2.924151595775260647e-08
2.179024584639429161e-08
1.567490751355802794e-08
1.097040505088120961e-08
7.328059848076295923e-09
4.705627541575442213e-09
3.052471991789268055e-09
1.979076024803641931e-09
1.311813309362580930e-09
8.860892571644959972e-10
6.036904153847308006e-10
4.090988004365222796e-10
2.708304509274664631e-10
1.724749948704899031e-10
4.269660554588531670e-08
3.488555613381335470e-08
2.676260034637832235e-08
1.964887255833005058e-08
1.395739931422229405e-08
9.531440491910167895e-09
6.222707831603150020e-09
4.009917651190653927e-09
2.582806090289175158e-09
1.686716401899666012e-09
1.120185362172446823e-09
7.531024583321746663e-10
5.075281832750223499e-10
3.374594791835950183e-10
2.180433050078892017e-10
5.164729382107141714e-08
4.314898800777496929e-08
3.371853989202406277e-08
2.506761729538279228e-08
1.797173629052120241e-08
1.241445660807980542e-08
8.169636749997012767e-09
5.237432997339239455e-09
3.362741260380534659e-09
2.176175518297805944e-09
1.431534868511882949e-09
9.560322816503087422e-10
6.432924949384966479e-10
4.296145046407630463e-10
2.803149522786400819e-10
6.828751001593273448e-08
5.965674338141816545e-08
4.873288638899165595e-08
3.758325054313719288e-08
2.764535933657654441e-08
1.953063060131268206e-08
1.325977377420706091e-08
8.577115092636979101e-09
5.478150144226062805e-09
3.489053016928715478e-09
2.244131648487601882e-09
1.463646630644213108e-09
9.674749628339116166e-10
6.417087547699277632e-10
4.213512149486446802e-10
5.013332383715487223e-07
3.481804899787623055e-07
2.337963107168599949e-07
1.530529798295565837e-07
1.005426100165656918e-07
6.627113958884289175e-08
4.458815622517396027e-08
3.072717954023510767e-08
2.152015174650326737e-08
1.502488066135873470e-08
1.022015185332153660e-08
6.645269005336892218e-09
4.098627826243113567e-09
2.399070812112358473e-09
1.342258097319536620e-09
1.575894855608150698e-06
1.135907668567757790e-06
7.956899270101233671e-07
5.366627956928350628e-07
3.498653690294098624e-07
2.282196153582621881e-07
1.491210220354079122e-07
9.964957738900223330e-08
6.842375769979572111e-08
4.783242699784891505e-08
3.335038804018250397e-08
2.264398297048929140e-08
1.470655315974062207e-08
9.045081301742294201e-09
5.274543696900736439e-09
1.885048118875796503e-06
1.364713420111989416e-06
9.607104154015865272e-07
6.508150896956483337e-07
4.241584821894054677e-07
2.764714080192466653e-07
1.800745000858968590e-07
1.198840802371023517e-07
8.207087611464987427e-08
5.733036158521933526e-08
4.005809590101963202e-08
2.732303135802110600e-08
1.784858155879959170e-08
1.103995865654411780e-08
6.468296278084448287e-09
2.067854187976710382e-06
1.499963166283706105e-06
1.058234571350330106e-06
7.182477235769012908e-07
4.680310574132827925e-07
3.049676165169407583e-07
1.983564271472458716e-07
1.318375185614181401e-07
9.013523510592693433e-08
6.294437798430804538e-08
4.402330422210287897e-08
3.008867765885631142e-08
1.970513653808884711e-08
1.221818428215168385e-08
7.173062460087671881e-09
2.225795478894741913e-06
1.616816618929788128e-06
1.142493132672654844e-06
7.765088023037185441e-07
5.059364957806197744e-07
3.295879921359739844e-07
2.141517974617152531e-07
1.421651599244765845e-07
9.710274784773499343e-08
6.779482840524326379e-08
4.744919458761067679e-08
3.247814321453428537e-08
2.130915655633073934e-08
1.323614635648356708e-08
7.781968678729071807e-09
-7.569734065485731345e-08
-6.293194746462487875e-08
-4.743112764722229591e-08
-3.570157062531476723e-08
-2.601860787557629664e-08
-1.635756124216154708e-08
-1.067048266343486047e-08
-6.693177993849411312e-09
-4.226318399709130879e-09
-2.747479594511726103e-09
-1.857360322380875057e-09
-1.300606773795007047e-09
-9.239200354002401293e-10
-6.423069178984517611e-10
-4.230426275700574821e-10
6.210881261554752166e-07
4.970207205508539583e-07
3.720125891161289867e-07
2.774898912763428118e-07
1.936167270860724655e-07
1.235726313878427305e-07
7.930168420295786510e-08
5.007441919421057965e-08
3.203039328403611323e-08
2.118373394372114001e-08
1.456047495746407025e-08
1.028195493170638332e-08
7.265394549519942500e-09
4.961734921554960983e-09
3.193715500646993195e-09
1.090837450757567111e-06
8.842188441366885668e-07
6.644642348398547816e-07
4.963437958362958103e-07
3.509727326927590079e-07
2.238325168189413456e-07
1.444640764065639299e-07
9.093996623117334514e-08
5.793675299115769263e-08
3.809861242795623450e-08
2.603305482255271529e-08
1.831536190889511991e-08
1.294789737403207411e-08
8.886198747538718087e-09
5.763684813189207071e-09
1.347084805888002901e-06
1.094881142066263051e-06
8.234482849310391875e-07
6.152934218635447109e-07
4.362803910824144283e-07
2.781958406558366341e-07
1.797498060334594583e-07
1.130840366704258434e-07
7.198589162493546417e-08
4.728162336783090812e-08
3.226861295482578907e-08
2.268499324398295221e-08
1.603864694752226784e-08
1.101871709356184493e-08
7.158119617991292025e-09
1.568451979855492766e-06
1.276866809810819102e-06
9.607895388067105073e-07
7.180492926427820960e-07
5.099743781865127432e-07
3.251575384028487082e-07
2.102314906196669925e-07
1.322132582699811941e-07
8.412230325459448408e-08
5.521444726337788129e-08
3.765528970778093405e-08
2.645978626403371356e-08
1.870865870390588171e-08
1.286093170503226564e-08
8.362717473529928689e-09
-3.503736766989055730e-08
-3.099263875121838888e-08
-2.419207367709743134e-08
-1.812056545251246703e-08
-1.365043860239271653e-08
-9.026122335982901096e-09
-5.889403295218121165e-09
-3.654499193004837030e-09
-2.290018280316307360e-09
-1.459083542044307962e-09
-9.606921907562165331e-10
-6.570348221644703987e-10
-4.620763017152021480e-10
-3.245866220000531872e-10
-2.199088710988211424e-10
1.076277991580625565e-07
9.330953315400769569e-08
7.165414748874508277e-08
5.354635136754813428e-08
4.021199206860947065e-08
2.580464910337047059e-08
1.711836766002425151e-08
1.051923963567247332e-08
6.603170916521907379e-09
4.235706481988782159e-09
2.815858982395643514e-09
1.944440342400209121e-09
1.375522981359293556e-09
9.654541187350933579e-10
6.489124119794366595e-10
5.910614135588694174e-07
5.343296805717340027e-07
4.245340240002425585e-07
3.187355116698849820e-07
2.406101893730357775e-07
1.642837175660036112e-07
1.051521938928685333e-07
6.591018084662436343e-08
4.126875956794765781e-08
2.613343290130533452e-08
1.704190694969837086e-08
1.154001763508950460e-08
8.065113560267426060e-09
5.669024454841461350e-09
3.872171483129129395e-09
8.543787286737208440e-07
7.753816938206756104e-07
6.180839746760229800e-07
4.643398457061517882e-07
3.505938629979985689e-07
2.406804378650894188e-07
1.535963178974815475e-07
9.649545654985240842e-08
6.039408017121361881e-08
3.819811446142396966e-08
2.486668176261885586e-08
1.680813486472682402e-08
1.173264702093885286e-08
8.246870556642909085e-09
5.640513484832185433e-09
1.079960218201058663e-06
9.817930135013757717e-07
7.837463364821948501e-07
5.889475822649510653e-07
4.447195970358982044e-07
3.060203689350106015e-07
1.950409483273605813e-07
1.226504858904391131e-07
7.675100086247741201e-08
4.851833651324178632e-08
3.156152959142112186e-08
2.131660802155393689e-08
1.487191626078509155e-08
1.045350444224272721e-08
7.154005607025039009e-09
-2.789872909248152319e-09
-2.635281989486073509e-09
-2.173977129972918322e-09
-1.644891211830317127e-09
-1.241751863859505202e-09
-8.992354266282763722e-10
-5.569776698175634914e-10
-3.589180518734158526e-10
-2.236146645062946296e-10
-1.398100717298768776e-10
-8.952304139966515602e-11
-5.943119173089639293e-11
-4.096222772613075502e-11
-2.876573071929500768e-11
-1.992617410507467960e-11
-3.520536014801572415e-08
-3.507232099359611104e-08
-3.063601174483017422e-08
-2.381579162255297291e-08
-1.782921038459724313e-08
-1.358063882091472742e-08
-8.532760488193471582e-09
-5.712551644044242302e-09
-3.490948725624463701e-09
-2.141896877201434963e-09
-1.339427105145620828e-09
-8.643884970072080051e-10
-5.807911030110866907e-10
-4.029290766836201938e-10
-2.814556419815157005e-10
2.547054002174671050e-07
2.479436685833320560e-07
2.112980913863210630e-07
1.622854041157365537e-07
1.219110237794711009e-07
9.106984997334583791e-08
5.668369651769082979e-08
3.744811595997840410e-08
2.306433541331634887e-08
1.425142030132401474e-08
8.998604377724563444e-09
5.876279328015257060e-09
3.991728714539758766e-09
2.784711657152673875e-09
1.939163842201697429e-09
5.204056522750360346e-07
5.105378665625306266e-07
4.390495485806105977e-07
3.390480949829714417e-07
2.544570761901630767e-07
1.910727023280345100e-07
1.199761144782038109e-07
7.932565597434574233e-08
4.872807850272623992e-08
3.006981304595279524e-08
1.892031326403843433e-08
1.229814424816633662e-08
8.316661383934442447e-09
5.786357679528374565e-09
4.031392222641494205e-09
7.342326551394901006e-07
7.216154958844033947e-07
6.218723273647692528e-07
4.808280369013592789e-07
3.607868914767436418e-07
2.712370458727833973e-07
1.706465539218409640e-07
1.128473503939131919e-07
6.927993246792551155e-08
4.273953970119847030e-08
2.687117258323868205e-08
1.744780923537530586e-08
1.178706887263642070e-08
8.195891299870747565e-09
5.710781512625487298e-09
-5.226976228565840649e-11
-5.215646629860098201e-11
-4.570453113081795421e-11
-3.565404500005477797e-11
-2.669266129678129344e-11
-2.029234000012604038e-11
-1.290140335537073453e-11
-8.590755862957113491e-12
-5.244463981070734580e-12
-3.222101970978853002e-12
-2.012598401378701279e-12
-1.296400942570870747e-12
-8.691980267832382697e-13
-6.018487685792759612e-13
-4.200170056392400573e-13
-1.636168833798607870e-08
-1.677514003074502086e-08
-1.520397989499730122e-08
-1.216542816831719013e-08
-9.111820219592526924e-09
-6.956537152755872535e-09
-4.680316623858471713e-09
-3.027632973723127543e-09
-1.848662078508536141e-09
-1.141119093794829783e-09
-7.068729009381812758e-10
-4.479993212939643440e-10
-2.949930417574288900e-10
-2.015264041591740223e-10
-1.402537007506946306e-10
4.712305752349458428e-08
4.781735342807878564e-08
4.274566480712814962e-08
3.377843396060821579e-08
2.523088622568742840e-08
1.930197345772881701e-08
1.263472282016077344e-08
8.329407930299651312e-09
5.037897663569280686e-09
3.107637646349565836e-09
1.931402986280720568e-09
1.232712799929961004e-09
8.186070919063125731e-10
5.632470715244722284e-10
3.931889726032023486e-10
2.926998057838303145e-07
3.033722288272567710e-07
2.789313824982347925e-07
2.261158095722207109e-07
1.698666547890761577e-07
1.293293434599186738e-07
8.948020558831327854e-08
5.672478602338770265e-08
3.499231687509867730e-08
2.161613975192429062e-08
1.335413444095609424e-08
8.405436334050962645e-09
5.487445044259139263e-09
3.721136055984579577e-09
2.581164932136422283e-09
4.899163500940894555e-07
5.088825787872199498e-07
4.692241885203013836e-07
3.813821966383005401e-07
2.867107800382082549e-07
2.181568912418903893e-07
1.517403771839668197e-07
9.584330022273959184e-08
5.926417004904601518e-08
3.660917774883146845e-08
2.260030522686892259e-08
1.420572057072558535e-08
9.258342825430239562e-09
6.268739471615550658e-09
4.345124303018344946e-09
-2.300716889597667466e-13
-2.388314585981952497e-13
-2.198696091260610477e-13
-1.781752819193435116e-13
-1.336195403746250933e-13
-1.019100017372519062e-13
-7.057594651308853557e-14
-4.474093575806317215e-14
-2.740862912375453692e-14
-1.697267988346950763e-14
-1.049960968484561153e-14
-6.608819630185690009e-15
-4.314844843395922775e-15
-2.927638184729375263e-15
-2.032991018233013637e-15
-1.353350664682878444e-09
-1.434428359181308238e-09
-1.357958372471067157e-09
-1.131151192910716324e-09
-8.564731433135837582e-10
-6.474463311233424578e-10
-4.718742529160757939e-10
-2.885656642692124925e-10
-1.827316778369408048e-10
-1.127588890627448857e-10
-6.915068980008108223e-11
-4.294349697066903983e-11
-2.756242993742687902e-11
-1.840188692932053751e-11
-1.266300880782224143e-11
-1.507101742977027526e-08
-1.642820095125741409e-08
-1.615529065912167356e-08
-1.401666392103843670e-08
-1.083828666512833308e-08
-8.090160453367671319e-09
-6.200248684932778549e-09
-3.747980997016832290e-09
-2.492810393985107704e-09
-1.522344044650425682e-09
-9.133185443595637210e-10
-5.562580068190826689e-10
-3.486140176178790351e-10
-2.269463881614899648e-10
-1.533941868879922162e-10
1.338343076744373130e-07
1.441929374179729698e-07
1.396011825197897410e-07
1.191313246953658819e-07
9.132703479759266517e-08
6.851196943511488753e-08
5.151259127857507238e-08
3.123503528245164896e-08
2.038999822043954231e-08
1.250286767007795105e-08
7.566103644010625570e-09
4.643431738935548685e-09
2.937658799833291257e-09
1.931925511486543259e-09
1.315475439751942436e-09
3.183047388237995412e-07
3.442864909385635333e-07
3.351405021696194494e-07
2.877711312354933327e-07
2.214445896776076437e-07
1.658529423398339306e-07
1.254008803032830457e-07
7.623854191367846690e-08
5.003848989402231987e-08
3.062338916542450616e-08
1.848100090874123159e-08
1.130741650332066233e-08
7.126751142023010948e-09
4.667964632190233461e-09
3.168499959926922104e-09
-1.073379793057768430e-17
-1.132189956009677891e-17
-1.064327631115468124e-17
-8.793182812379176740e-18
-6.626707783755137059e-18
-5.024567738388899788e-18
-3.623355354430129435e-18
-2.223728584553525255e-18
-1.387397272885603685e-18
-8.586503559473855426e-19
-5.305171288041691514e-19
-3.307942614086821227e-19
-2.133221919625688364e-19
-1.431763010428280309e-19
-9.889812261694651244e-20
-2.151077247082233022e-11
-2.348080830992880461e-11
-2.314252988100795927e-11
-2.014331368082744079e-11
-1.562093707260126569e-11
-1.165459961494301030e-11
-8.931393424391087563e-12
-5.440556610816630561e-12
-3.621493669843456078e-12
-2.208204278059280912e-12
-1.323057339999864107e-12
-8.043108522540926337e-13
-5.029905233036206459e-13
-3.266616042493454092e-13
-2.202920294984665853e-13
-6.483181408377599190e-09
-7.182516265052477100e-09
-7.226955606836780810e-09
-6.447718778902556409e-09
-5.091776281410716356e-09
-3.784564061007385528e-09
-2.928736801331813079e-09
-1.847783406888584625e-09
-1.229800322913509214e-09
-7.435127366430895793e-10
-4.451417179809471839e-10
-2.677802048484236122e-10
-1.649717023723769243e-10
-1.053553222834440345e-10
-6.999318955518910745e-11
3.068814091125846099e-08
3.395064293318781403e-08
3.409243789609369327e-08
3.033979166053251353e-08
2.390747238546188910e-08
1.776884981044695060e-08
1.375011961867103388e-08
8.629467530685187139e-09
5.757757263442012239e-09
3.481526235416874162e-09
2.083435425304545344e-09
1.253916736672687186e-09
7.736109618710658110e-10
4.949792432307845691e-10
3.294341301291204245e-10
1.950974436597413453e-07
2.178005883691952385e-07
2.215308628397799655e-07
2.003516532102561081e-07
1.600774150082596644e-07
1.190011763347181298e-07
9.205289330277271393e-08
5.980735747805328429e-08
3.923252126303974970e-08
2.366296645679015517e-08
1.423089235011427312e-08
8.538174493986652838e-09
5.220312758328454128e-09
3.301153981617576779e-09
2.172074712457396869e-09
0.000000000000000000e+00
0.000000000000000000e+00
0.000000000000000000e+00
0.000000000000000000e+00
0.000000000000000000e+00
0.000000000000000000e+00
0.000000000000000000e+00
0.000000000000000000e+00
0.000000000000000000e+00
0.000000000000000000e+00
0.000000000000000000e+00
0.000000000000000000e+00
0.000000000000000000e+00
0.000000000000000000e+00
0.000000000000000000e+00
-3.549680769830224892e-14
-3.964694764722619377e-14
-4.034493411142067998e-14
-3.648861196983391632e-14
-2.912329457608847099e-14
-2.161940751723385258e-14
-1.676977357032912114e-14
-1.084070539386808818e-14
-7.165912039346349999e-15
-4.310541847359988323e-15
-2.590060816820631387e-15
-1.550587712724106741e-15
-9.477138617544994911e-16
-5.996928283227577376e-16
-3.949326864905828541e-16
-3.036583022744491474e-10
-3.434169723563670098e-10
-3.556774975449130893e-10
-3.290406763447921288e-10
-2.682020305198484390e-10
-1.997319936211634211e-10
-1.539773599518516475e-10
-1.050996139810967914e-10
-6.700890935904685043e-11
-4.040643522478566864e-11
-2.447529759371551343e-11
-1.465205757569816819e-11
-8.855873671937246661e-12
-5.509970852444378369e-12
-3.566033077176521471e-12
-4.628077432192138985e-09
-5.358922155849673435e-09
-5.736438577482285943e-09
-5.540179963477921023e-09
-4.719545126017213364e-09
-3.572539382445233034e-09
-2.694625102971415897e-09
-2.025466534920149369e-09
-1.207484897897316977e-09
-7.590627699783566093e-10
-4.609373586729736220e-10
-2.742505880378346336e-10
-1.623789771298258517e-10
-9.782829752429481406e-11
-6.102890893542657698e-11
1.009864907883187864e-07
1.157713687070158299e-07
1.222315776578037286e-07
1.159834783162944644e-07
9.705391943411640346e-08
7.297736580688443869e-08
5.553848706549548970e-08
4.021424847402852734e-08
2.460549860254498767e-08
1.520509850693655080e-08
9.227059435387959130e-09
5.503943599319656592e-09
3.284896395175631814e-09
2.004181202111914082e-09
1.268846989117996182e-09
0.000000000000000000e+00
0.000000000000000000e+00
0.000000000000000000e+00
0.000000000000000000e+00
0.000000000000000000e+00
0.000000000000000000e+00
0.000000000000000000e+00
0.000000000000000000e+00
0.000000000000000000e+00
0.000000000000000000e+00
0.000000000000000000e+00
0.000000000000000000e+00
0.000000000000000000e+00
0.000000000000000000e+00
0.000000000000000000e+00
0.000000000000000000e+00
0.000000000000000000e+00
0.000000000000000000e+00
0.000000000000000000e+00
0.000000000000000000e+00
0.000000000000000000e+00
0.000000000000000000e+00
0.000000000000000000e+00
0.000000000000000000e+00
0.000000000000000000e+00
0.000000000000000000e+00
0.000000000000000000e+00
0.000000000000000000e+00
0.000000000000000000e+00
0.000000000000000000e+00
-5.152405127989047504e-13
-5.957720167409960420e-13
-6.366045794428552772e-13
-6.136330651334096862e-13
-5.220864804726847248e-13
-3.954542079015013844e-13
-2.983306454299608799e-13
-2.232941635112078318e-13
-1.336288882385094622e-13
-8.424704722864580732e-14
-5.111056062461093565e-14
-3.033414557819417441e-14
-1.796558238723896465e-14
-1.083663460715218324e-14
-6.766455851754889581e-15
-1.432055794718052282e-09
-1.672919248423358202e-09
-1.813514026776970193e-09
-1.782583893712444512e-09
-1.551618511883082501e-09
-1.192705730425326462e-09
-8.907105546551805689e-10
-6.862778768383856230e-10
-4.093663490293129381e-10
-2.664053917994069340e-10
-1.613241006769559344e-10
-9.409032938858056269e-11
-5.506276144028490382e-11
-3.273402471235339940e-11
-2.003983537130929350e-11
3.198020236055889432e-08
3.758101568203411110e-08
4.108151344228447097e-08
4.085083279316296110e-08
3.607133408474488516e-08
2.804330206004398389e-08
2.085418158029599299e-08
1.621128612164786150e-08
9.825622686353475620e-09
6.453425517012699685e-09
3.892614083593062726e-09
2.261430098522103849e-09
1.313735472671711630e-09
7.730795378524753483e-10
4.673128706414828841e-10
0.000000000000000000e+00
0.000000000000000000e+00
0.000000000000000000e+00
0.000000000000000000e+00
0.000000000000000000e+00
0.000000000000000000e+00
0.000000000000000000e+00
0.000000000000000000e+00
0.000000000000000000e+00
0.000000000000000000e+00
0.000000000000000000e+00
0.000000000000000000e+00
0.000000000000000000e+00
0.000000000000000000e+00
0.000000000000000000e+00
0.000000000000000000e+00
0.000000000000000000e+00
0.000000000000000000e+00
0.000000000000000000e+00
0.000000000000000000e+00
0.000000000000000000e+00
0.000000000000000000e+00
0.000000000000000000e+00
0.000000000000000000e+00
0.000000000000000000e+00
0.000000000000000000e+00
0.000000000000000000e+00
0.000000000000000000e+00
0.000000000000000000e+00
0.000000000000000000e+00
0.000000000000000000e+00
0.000000000000000000e+00
0.000000000000000000e+00
0.000000000000000000e+00
0.000000000000000000e+00
0.000000000000000000e+00
0.000000000000000000e+00
0.000000000000000000e+00
0.000000000000000000e+00
0.000000000000000000e+00
0.000000000000000000e+00
0.000000000000000000e+00
0.000000000000000000e+00
0.000000000000000000e+00
0.000000000000000000e+00
-1.354657361558702085e-12
-1.614676492925867130e-12
-1.800282034817009637e-12
-1.839031988438107660e-12
-1.678851159087953205e-12
-1.341709605559845127e-12
-9.909869727350179965e-13
-7.789647015105978322e-13
-4.964561483526781768e-13
-3.274126189849261728e-13
-1.951095998268317885e-13
-1.136260156827286024e-13
-6.515843270937197513e-14
-3.749450294025980663e-14
-2.202982447123527441e-14
3.717569292301357867e-09
4.475233427698408658e-09
5.058905942372056176e-09
5.267619402938293465e-09
4.932037706341462242e-09
4.045013956212869510e-09
3.000643464757025330e-09
2.332094780498049326e-09
1.586291095930232352e-09
1.008873858215075844e-09
5.994401422108985292e-10
3.533979063978852051e-10
2.035202745804480697e-10
1.157994414283881770e-10
6.652945404495162800e-11
2.052517138053885123e-04
1.487653229084194074e-04
1.048024656600184969e-04
7.045295778906521776e-05
4.573723844799964627e-05
2.970015868874167550e-05
1.932929261521077288e-05
1.287643203286068904e-05
8.851956749514347875e-06
6.223836514022525701e-06
4.376660627354264292e-06
2.996260434707615828e-06
1.956669124278567176e-06
1.206247114424922977e-06
7.037821255905528518e-07
2.962729306958059643e-05
2.271953733756713190e-05
1.689466743864195022e-05
1.243467967686124881e-05
8.190193095037573531e-06
5.361642533726940262e-06
3.370981749216467494e-06
2.144006873046068830e-06
1.394658372512599716e-06
9.427631229076553620e-07
6.611485584126331305e-07
4.712857458179817855e-07
3.305817629865031411e-07
2.206812360756074563e-07
1.379069146838053815e-07
1.942885383415639633e-07
1.592105281189000435e-07
1.194123298591005858e-07
8.963250416495019695e-08
6.455163773881149292e-08
4.038752611548091038e-08
2.625203517701757455e-08
1.653803182289124321e-08
1.049401538869581044e-08
6.866421920394760600e-09
4.672095859185129686e-09
3.284193190721832908e-09
2.330818646907730456e-09
1.611218709729223861e-09
1.052465914299679825e-09
5.505287422215703262e-11
4.806309950812265104e-11
3.708088066536154429e-11
2.774263387234482972e-11
2.089723034067059742e-11
1.346711301653048608e-11
8.965216788785423531e-12
5.530019379177370278e-12
3.455571147930304285e-12
2.207429970143311221e-12
1.462420720997974541e-12
1.006731521980577471e-12
7.110161107382904931e-13
4.993716782691317598e-13
3.365759613068147436e-13
0.000000000000000000e+00
0.000000000000000000e+00
0.000000000000000000e+00
0.000000000000000000e+00
0.000000000000000000e+00
0.000000000000000000e+00
0.000000000000000000e+00
0.000000000000000000e+00
0.000000000000000000e+00
0.000000000000000000e+00
0.000000000000000000e+00
0.000000000000000000e+00
0.000000000000000000e+00
0.000000000000000000e+00
0.000000000000000000e+00
0.000000000000000000e+00
0.000000000000000000e+00
0.000000000000000000e+00
0.000000000000000000e+00
0.000000000000000000e+00
0.000000000000000000e+00
0.000000000000000000e+00
0.000000000000000000e+00
0.000000000000000000e+00
0.000000000000000000e+00
0.000000000000000000e+00
0.000000000000000000e+00
0.000000000000000000e+00
0.000000000000000000e+00
0.000000000000000000e+00
0.000000000000000000e+00
0.000000000000000000e+00
0.000000000000000000e+00
0.000000000000000000e+00
0.000000000000000000e+00
0.000000000000000000e+00
0.000000000000000000e+00
0.000000000000000000e+00
0.000000000000000000e+00
0.000000000000000000e+00
0.000000000000000000e+00
0.000000000000000000e+00
0.000000000000000000e+00
0.000000000000000000e+00
0.000000000000000000e+00
0.000000000000000000e+00
0.000000000000000000e+00
0.000000000000000000e+00
0.000000000000000000e+00
0.000000000000000000e+00
0.000000000000000000e+00
0.000000000000000000e+00
0.000000000000000000e+00
0.000000000000000000e+00
0.000000000000000000e+00
0.000000000000000000e+00
0.000000000000000000e+00
0.000000000000000000e+00
0.000000000000000000e+00
0.000000000000000000e+00
0.000000000000000000e+00
0.000000000000000000e+00
0.000000000000000000e+00
0.000000000000000000e+00
0.000000000000000000e+00
0.000000000000000000e+00
0.000000000000000000e+00
0.000000000000000000e+00
0.000000000000000000e+00
0.000000000000000000e+00
0.000000000000000000e+00
0.000000000000000000e+00
0.000000000000000000e+00
0.000000000000000000e+00
0.000000000000000000e+00
0.000000000000000000e+00
0.000000000000000000e+00
0.000000000000000000e+00
0.000000000000000000e+00
0.000000000000000000e+00
0.000000000000000000e+00
0.000000000000000000e+00
0.000000000000000000e+00
0.000000000000000000e+00
0.000000000000000000e+00
0.000000000000000000e+00
0.000000000000000000e+00
0.000000000000000000e+00
0.000000000000000000e+00
0.000000000000000000e+00
1.190515567598112237e-04
9.679021015359499263e-05
7.258753619587754913e-05
5.439241770906319724e-05
3.872163632256230009e-05
2.447075516800064330e-05
1.581992669748787626e-05
9.967543084759881595e-06
6.339315272523368045e-06
4.161615966765939491e-06
2.840662531625387186e-06
1.999600066987057988e-06
1.416979521796487192e-06
9.755790865770538723e-07
6.342647078789353758e-07
2.524818494570100940e-05
2.191581322363022691e-05
1.688067204244869963e-05
1.263989253591894225e-05
9.474674607887593968e-06
6.105747149846292301e-06
4.037063045559052281e-06
2.500387822738500391e-06
1.566100311143526654e-06
1.003115027591223662e-06
6.659457119969503246e-07
4.590790433144052642e-07
3.242146798360058442e-07
2.273010981039425527e-07
1.527772500093299082e-07
4.063545567774448948e-07
3.726090360119890596e-07
2.986370386425345585e-07
2.240233592352902669e-07
1.697417813469226047e-07
1.178969950609362072e-07
7.470803322862129657e-08
4.671830726451377523e-08
2.931853644928423200e-08
1.852779807755571705e-08
1.202118183795257906e-08
8.100234504130528088e-09
5.648043715973845499e-09
3.977681949344100844e-09
2.732493319058689809e-09
2.609205138914392541e-10
2.510828731301426762e-10
2.109221777895712596e-10
1.605182056460879737e-10
1.208161221562194175e-10
8.959064857919122857e-11
5.480347571927310854e-11
3.606432157717320426e-11
2.234958585838086221e-11
1.385969277922141192e-11
8.808526822396394107e-12
5.796796619979535687e-12
3.966778655780238979e-12
2.779825178945075082e-12
1.934640935109432742e-12
7.925912520104684932e-17
7.877001346077116851e-17
6.861296155722554423e-17
5.321871755488710070e-17
3.982087433461646199e-17
3.032323973066094782e-17
1.893674646240714937e-17
1.278659553862436720e-17
7.809503748457078228e-18
4.771246733152043793e-18
2.984087614763540836e-18
1.928550664219275619e-18
1.297994527810483032e-18
9.016269259290259188e-19
6.300102661475853358e-19
0.000000000000000000e+00
0.000000000000000000e+00
0.000000000000000000e+00
0.000000000000000000e+00
0.000000000000000000e+00
0.000000000000000000e+00
0.000000000000000000e+00
0.000000000000000000e+00
0.000000000000000000e+00
0.000000000000000000e+00
0.000000000000000000e+00
0.000000000000000000e+00
0.000000000000000000e+00
0.000000000000000000e+00
0.000000000000000000e+00
0.000000000000000000e+00
0.000000000000000000e+00
0.000000000000000000e+00
0.000000000000000000e+00
0.000000000000000000e+00
0.000000000000000000e+00
0.000000000000000000e+00
0.000000000000000000e+00
0.000000000000000000e+00
0.000000000000000000e+00
0.000000000000000000e+00
0.000000000000000000e+00
0.000000000000000000e+00
0.000000000000000000e+00
0.000000000000000000e+00
0.000000000000000000e+00
0.000000000000000000e+00
0.000000000000000000e+00
0.000000000000000000e+00
0.000000000000000000e+00
0.000000000000000000e+00
0.000000000000000000e+00
0.000000000000000000e+00
0.000000000000000000e+00
0.000000000000000000e+00
0.000000000000000000e+00
0.000000000000000000e+00
0.000000000000000000e+00
0.000000000000000000e+00
0.000000000000000000e+00
0.000000000000000000e+00
0.000000000000000000e+00
0.000000000000000000e+00
0.000000000000000000e+00
0.000000000000000000e+00
0.000000000000000000e+00
0.000000000000000000e+00
0.000000000000000000e+00
0.000000000000000000e+00
0.000000000000000000e+00
0.000000000000000000e+00
0.000000000000000000e+00
0.000000000000000000e+00
0.000000000000000000e+00
0.000000000000000000e+00
6.915496398614518977e-05
6.299907321346161747e-05
5.025768332510762858e-05
3.769931345597836312e-05
2.853898337958505138e-05
1.964350133823918054e-05
1.252365091932710421e-05
7.826879089430257408e-06
4.906971920461511389e-06
3.103866806206541911e-06
2.018824984190946685e-06
1.363809562544810249e-06
9.523156708938886490e-07
6.703284405219118443e-07
4.593476051025727134e-07
1.651460398289457995e-05
1.572220483660906939e-05
1.306697053256690543e-05
9.907919506737371685e-06
7.471323433689346463e-06
5.467108334629640759e-06
3.365260717429204200e-06
2.186509297291177211e-06
1.359674539682790241e-06
8.476186768188983548e-07
5.410472387440219127e-07
3.578809770896147321e-07
2.459546559835450125e-07
1.725997602652746784e-07
1.198134072638222911e-07
2.885653137233571247e-07
2.856445690678961620e-07
2.478381567522459989e-07
1.919932151804079359e-07
1.438166989912797065e-07
1.090325139131926406e-07
6.823813994867587517e-08
4.568307956437818664e-08
2.795418131107617333e-08
1.715471794317283405e-08
1.075173097009880675e-08
6.960843156786124290e-09
4.691471147121132799e-09
3.260201794642460078e-09
2.275853482012744202e-09
2.113447187797152444e-10
2.163978515422599346e-10
1.956876108093061201e-10
1.561237063488004864e-10
1.167753109219138890e-10
8.932513338339476786e-11
5.968929655769774172e-11
3.889249035144934868e-11
2.362449009417181354e-11
1.458959298614036826e-11
9.033927754088904797e-12
5.732641532783919580e-12
3.781840457329754669e-12
2.588226160958228613e-12
1.803478525676984992e-12
0.000000000000000000e+00
0.000000000000000000e+00
0.000000000000000000e+00
0.000000000000000000e+00
0.000000000000000000e+00
0.000000000000000000e+00
0.000000000000000000e+00
0.000000000000000000e+00
0.000000000000000000e+00
0.000000000000000000e+00
0.000000000000000000e+00
0.000000000000000000e+00
0.000000000000000000e+00
0.000000000000000000e+00
0.000000000000000000e+00
0.000000000000000000e+00
0.000000000000000000e+00
0.000000000000000000e+00
0.000000000000000000e+00
0.000000000000000000e+00
0.000000000000000000e+00
0.000000000000000000e+00
0.000000000000000000e+00
0.000000000000000000e+00
0.000000000000000000e+00
0.000000000000000000e+00
0.000000000000000000e+00
0.000000000000000000e+00
0.000000000000000000e+00
0.000000000000000000e+00
0.000000000000000000e+00
0.000000000000000000e+00
0.000000000000000000e+00
0.000000000000000000e+00
0.000000000000000000e+00
0.000000000000000000e+00
0.000000000000000000e+00
0.000000000000000000e+00
0.000000000000000000e+00
0.000000000000000000e+00
0.000000000000000000e+00
0.000000000000000000e+00
0.000000000000000000e+00
0.000000000000000000e+00
0.000000000000000000e+00
0.000000000000000000e+00
0.000000000000000000e+00
0.000000000000000000e+00
0.000000000000000000e+00
0.000000000000000000e+00
0.000000000000000000e+00
0.000000000000000000e+00
0.000000000000000000e+00
0.000000000000000000e+00
0.000000000000000000e+00
0.000000000000000000e+00
0.000000000000000000e+00
0.000000000000000000e+00
0.000000000000000000e+00
0.000000000000000000e+00
4.066538004528314431e-05
4.005670917753993210e-05
3.457061378248084372e-05
2.671089824415475325e-05
2.002618493393459507e-05
1.512062483982046461e-05
9.443395562673588417e-06
6.295595843986602564e-06
3.860294120070794983e-06
2.374371108145812375e-06
1.491488166334411666e-06
9.680621175956460664e-07
6.539723841188395607e-07
4.549988028592965350e-07
3.174089662223471439e-07
1.005496051658760857e-05
1.021739241453004655e-05
9.153875759853692727e-06
7.253156690470144456e-06
5.425593328029645017e-06
4.145866619076177607e-06
2.727035109515122755e-06
1.791889355959739551e-06
1.089827417407505816e-06
6.713820478268414102e-07
4.166077468747355295e-07
2.654961454508600542e-07
1.759900059819222505e-07
1.208779906183594582e-07
8.428426220501026910e-08
1.835405592779518009e-07
1.916974673329479250e-07
1.779125902184725426e-07
1.452725373331829455e-07
1.091690333754342946e-07
8.308168221656180066e-08
5.844706490358256856e-08
3.660935160930430623e-08
2.259460200221829692e-08
1.398948840543746736e-08
8.642563031867978176e-09
5.419348200352578861e-09
3.521100482544181163e-09
2.378758054403472377e-09
1.648310244972422443e-09
9.593349882845081460e-11
1.027644714824978683e-10
9.866971490231029650e-11
8.336891131165778634e-11
6.349002176734396757e-11
4.775597426271226610e-11
3.562109847858436472e-11
2.145675520086239436e-11
1.385676397800302417e-11
8.526196023872298257e-12
5.194105899485229131e-12
3.204912791561798824e-12
2.040174853525636987e-12
1.350755193466156733e-12
9.246767318251475911e-13
0.000000000000000000e+00
0.000000000000000000e+00
0.000000000000000000e+00
0.000000000000000000e+00
0.000000000000000000e+00
0.000000000000000000e+00
0.000000000000000000e+00
0.000000000000000000e+00
0.000000000000000000e+00
0.000000000000000000e+00
0.000000000000000000e+00
0.000000000000000000e+00
0.000000000000000000e+00
0.000000000000000000e+00
0.000000000000000000e+00
0.000000000000000000e+00
0.000000000000000000e+00
0.000000000000000000e+00
0.000000000000000000e+00
0.000000000000000000e+00
0.000000000000000000e+00
0.000000000000000000e+00
0.000000000000000000e+00
0.000000000000000000e+00
0.000000000000000000e+00
0.000000000000000000e+00
0.000000000000000000e+00
0.000000000000000000e+00
0.000000000000000000e+00
0.000000000000000000e+00
0.000000000000000000e+00
0.000000000000000000e+00
0.000000000000000000e+00
0.000000000000000000e+00
0.000000000000000000e+00
0.000000000000000000e+00
0.000000000000000000e+00
0.000000000000000000e+00
0.000000000000000000e+00
0.000000000000000000e+00
0.000000000000000000e+00
0.000000000000000000e+00
0.000000000000000000e+00
0.000000000000000000e+00
0.000000000000000000e+00
2.505448906865556977e-05
2.607526121358363772e-05
2.409181647647608962e-05
1.959736618902542437e-05
1.471856534044960513e-05
1.120930192264573765e-05
7.819510483218602544e-06
4.929640365503040992e-06
3.037041727871691937e-06
1.879079108563878894e-06
1.160978780877206887e-06
7.293743219226579315e-07
4.750640212566800417e-07
3.216018007300570480e-07
2.230259236688513215e-07
6.140713351818619406e-06
6.534712942746446117e-06
6.219177075234011968e-06
5.207484445286256391e-06
3.950447611488073437e-06
2.980922376164938468e-06
2.192416675067623719e-06
1.332043005122660062e-06
8.492184897547781437e-07
5.235794991930604243e-07
3.204894060923329927e-07
1.985563588860772449e-07
1.270496534277567219e-07
8.456874592184416361e-08
5.809159100889207277e-08
8.808740462293020743e-08
9.571943752188233901e-08
9.374024403463461075e-08
8.097679574708222098e-08
6.246851501246701736e-08
4.668300501923264421e-08
3.561458227002521376e-08
2.151708459047885059e-08
1.426986084863240000e-08
8.724857839297305823e-09
5.238542298866254150e-09
3.196986388592238673e-09
2.008843451533408525e-09
1.311302531243826432e-09
8.881201919123622170e-10
1.666117816800741865e-11
1.847318492616814166e-11
1.860551276997225360e-11
1.661270125106186242e-11
1.311837394798516315e-11
9.742223479227859101e-12
7.554709233451436174e-12
4.753522198333332628e-12
3.180413994749683979e-12
1.921248399486475939e-12
1.148115263183983502e-12
6.896999025983629464e-13
4.246612487225680210e-13
2.711438470168723733e-13
1.801420104430462280e-13
0.000000000000000000e+00
0.000000000000000000e+00
0.000000000000000000e+00
0.000000000000000000e+00
0.000000000000000000e+00
0.000000000000000000e+00
0.000000000000000000e+00
0.000000000000000000e+00
0.000000000000000000e+00
0.000000000000000000e+00
0.000000000000000000e+00
0.000000000000000000e+00
0.000000000000000000e+00
0.000000000000000000e+00
0.000000000000000000e+00
0.000000000000000000e+00
0.000000000000000000e+00
0.000000000000000000e+00
0.000000000000000000e+00
0.000000000000000000e+00
0.000000000000000000e+00
0.000000000000000000e+00
0.000000000000000000e+00
0.000000000000000000e+00
0.000000000000000000e+00
0.000000000000000000e+00
0.000000000000000000e+00
0.000000000000000000e+00
0.000000000000000000e+00
0.000000000000000000e+00
1.556532567458116586e-05
1.686515715506498142e-05
1.645229121811203464e-05
1.415273059929743622e-05
1.089339079111208863e-05
8.151226257368337195e-06
6.189660942943728734e-06
3.742100729438805553e-06
2.468118416041688446e-06
1.510565340815049026e-06
9.096738733665530176e-07
5.562296221678513877e-07
3.503190405152049195e-07
2.292658649953870549e-07
1.555722848244520642e-07
3.544168331063833977e-06
3.906891911042009244e-06
3.903406406322424279e-06
3.452283566028941699e-06
2.707213442419023333e-06
2.013529109126206535e-06
1.556076311037061033e-06
9.655571315752765547e-07
6.460411364253042142e-07
3.917248672768029451e-07
2.340162002397606234e-07
1.411873753020961694e-07
8.743729087452599279e-08
5.618358225449320080e-08
3.754200893242595395e-08
2.856635662392979945e-08
3.202511529676106108e-08
3.276061444066624454e-08
2.982764960644324889e-08
2.394923204822889077e-08
1.778671901583971346e-08
1.378170969326892765e-08
9.049220478521295512e-09
5.925431683828243902e-09
3.561532486194440544e-09
2.146214172524164325e-09
1.284190464570682293e-09
7.821832417325349014e-10
4.925464499539571890e-10
3.227775604739371994e-10
1.452203725075846304e-13
1.658150103416155425e-13
1.740523591318946769e-13
1.638169773814394008e-13
1.357765095408348519e-13
1.015314519946021352e-13
7.769989083110010946e-14
5.527324240967383675e-14
3.417761686363788173e-14
2.077131622836313960e-14
1.262060195899605110e-14
7.573704418643036160e-15
4.543281597305765927e-15
2.790155216831690881e-15
1.781032373972767454e-15
0.000000000000000000e+00
0.000000000000000000e+00
0.000000000000000000e+00
0.000000000000000000e+00
0.000000000000000000e+00
0.000000000000000000e+00
0.000000000000000000e+00
0.000000000000000000e+00
0.000000000000000000e+00
0.000000000000000000e+00
0.000000000000000000e+00
0.000000000000000000e+00
0.000000000000000000e+00
0.000000000000000000e+00
0.000000000000000000e+00
9.625174736715192715e-06
1.076319434582609075e-05
1.097180803708118214e-05
9.947076213710182941e-06
7.959302611296197697e-06
5.912448901901335982e-06
4.580141290003948925e-06
2.982627388906223472e-06
1.959651212796530412e-06
1.179628130862054311e-06
7.096550854977313579e-07
4.251224616313889647e-07
2.595456298800096780e-07
1.639059237567996630e-07
1.077156996157673198e-07
1.735250443614099359e-06
1.967917791497673033e-06
2.046121202007393142e-06
1.902303324845647382e-06
1.557831520925982693e-06
1.161176115784987640e-06
8.936317782322798134e-07
6.171866547432514747e-07
3.902282019839216837e-07
2.355830879964403449e-07
1.429014725744964521e-07
8.558690959071949177e-08
5.161464325594345703e-08
3.199608646279606986e-08
2.062806633919673165e-08
2.106046187911791195e-09
2.427107458395054301e-09
2.581265182486827268e-09
2.472351455837951348e-09
2.088438092460032503e-09
1.575504273545897657e-09
1.192980240144783060e-09
8.822663500808937859e-10
5.311986882648568767e-10
3.311975190175877468e-10
2.010118104187425400e-10
1.199170363769540176e-10
7.127499106660620697e-11
4.318864888485336688e-11
2.713297112922896360e-11
0.000000000000000000e+00
0.000000000000000000e+00
0.000000000000000000e+00
0.000000000000000000e+00
0.000000000000000000e+00
0.000000000000000000e+00
0.000000000000000000e+00
0.000000000000000000e+00
0.000000000000000000e+00
0.000000000000000000e+00
0.000000000000000000e+00
0.000000000000000000e+00
0.000000000000000000e+00
0.000000000000000000e+00
0.000000000000000000e+00
5.286060506870584463e-06
6.073292729792716254e-06
6.431627153706162153e-06
6.126327936064819002e-06
5.145598015460329814e-06
3.873162043913594584e-06
2.942043159465463580e-06
2.149161999947706632e-06
1.305881272141403574e-06
8.091071496043241313e-07
4.911409821735222742e-07
2.931315027552863360e-07
1.746751512606010807e-07
1.062776403376230429e-07
6.708149398228297804e-08
6.153177246559443088e-07
7.165398617280062973e-07
7.732995034790010158e-07
7.554713793550782768e-07
6.527649872589287222e-07
4.991438529979216546e-07
3.738229529463410583e-07
2.859641577850365339e-07
1.700447284713063150e-07
1.096917499176236572e-07
6.648633793138502321e-08
3.897352220911185636e-08
2.290193234821001720e-08
1.368227009241162019e-08
8.430696861288009059e-09
5.504462256228621787e-12
6.519113788974865296e-12
7.203758345848971658e-12
7.268414141835271857e-12
6.530955764574261459e-12
5.144205131367065611e-12
3.804363534119832026e-12
2.991749787641079863e-12
1.842269825365316446e-12
1.226595429773576545e-12
7.370434869914767351e-13
4.256532314449557834e-13
2.449484844493605935e-13
1.424240404984415662e-13
8.482809419721653177e-14
2.383682062554470397e-06
2.810112970514635019e-06
3.085522547564332828e-06
3.086601640648681374e-06
2.744952790333423543e-06
2.145196741177297709e-06
1.591471343662201091e-06
1.243854730859855084e-06
7.578543916921327699e-07
5.008311892825130071e-07
3.016927137618918339e-07
1.747304056703280741e-07
1.011311366648629588e-07
5.923033346752828432e-08
3.558701763860353843e-08
1.227241156726874952e-07
1.467943489953952703e-07
1.644680444051429938e-07
1.691415510425385299e-07
1.557592333380594885e-07
1.255237015579096660e-07
9.273043467833307104e-08
7.274626035751955599e-08
4.733519849266335672e-08
3.093318164714707950e-08
1.835960832166671187e-08
1.075021694148901376e-08
6.163788280003218209e-09
3.529901694545650972e-09
2.058653743003419012e-09
5.495173547030525368e-07
6.650591531408768776e-07
7.574048522442552555e-07
7.968664242134737031e-07
7.566960311649956604e-07
6.305964400051064957e-07
4.709952416308243106e-07
3.625923880383528576e-07
2.552087442177685347e-07
1.594420006489756331e-07
9.580470157293927010e-08
5.668840849976186857e-08
3.262696097029182392e-08
1.845511066368359742e-08
1.047867788179054919e-08
