# d_z
1.000000000000000000e+00
9.893718655598141565e-01
9.788289481842185058e-01
9.683759263472906387e-01
9.580173909649968289e-01
9.477574308181665463e-01
9.375997826941934177e-01
9.275476238285655928e-01
9.176039094382183459e-01
9.077712159045572271e-01
8.980518592297508373e-01
8.884478777074115152e-01
8.789608196944770357e-01
8.695921562076865952e-01
8.603429770059228821e-01
8.512142187843163565e-01
8.422064527348590568e-01
8.333201966027209417e-01
8.245557298453191075e-01
8.159129756230966146e-01
8.073918780301936327e-01
7.989921896471604557e-01
7.907134885894597787e-01
7.825551152589992343e-01
7.745164086351261634e-01
7.665966515601616571e-01
7.587949564013817261e-01
7.511102006416060517e-01
7.435413320273477344e-01
7.360872289486584119e-01
7.287466986118467105e-01
7.215183569456899981e-01
7.144010092767916209e-01
7.073931188961986027e-01
7.004934013697371453e-01
6.937003163454021903e-01
6.870123987827682077e-01
6.804281709074998519e-01
6.739460488784616565e-01
6.675645637609929350e-01
6.612820789821324263e-01
6.550971429782235234e-01
6.490081057866426972e-01
6.430134438514492068e-01
6.371115673752109076e-01
6.313010223447489411e-01
6.255801579614285179e-01
6.199474640420976623e-01
6.144014408241076364e-01
6.089405665567445558e-01
6.035632279448647219e-01
5.982680214295992283e-01
5.930535487648729287e-01
5.879182740062696144e-01
5.828607757392550992e-01
5.778796987089505066e-01
5.729734978598299833e-01
5.681409015742796553e-01
5.633805654196761825e-01
5.586911089489695614e-01
5.540712507356071459e-01
5.495196200721973456e-01
5.450350877159890750e-01
5.406162051165761540e-01
5.362620086133186303e-01
5.319710980783010079e-01
5.277423080072850547e-01
5.235745758813555861e-01
5.194665984419205573e-01
5.154173824153829298e-01
5.114258617236130400e-01
5.074908327281859588e-01
5.036113314995336321e-01
4.997863027574686590e-01
4.960147265339752698e-01
4.922956206634385157e-01
4.886279996341229004e-01
4.850109415131203527e-01
4.814434362113926835e-01
4.779246511076319925e-01
4.744536462331024884e-01
4.710295524400502365e-01
4.676515292792315370e-01
4.643186749821877624e-01
4.610303028265007597e-01
4.577854368760370662e-01
4.545833657792281990e-01
4.514233456944241052e-01
4.483045760329151252e-01
4.452262700880585400e-01
4.421878492879561251e-01
4.391884165459534195e-01
4.362274308339261775e-01
4.333041782591391389e-01
4.304179154846633493e-01
4.275680440541192451e-01
4.247539148729267966e-01
4.219749281940717300e-01
4.192304339783207157e-01
4.165198332254398395e-01
4.138426188351694290e-01
4.111980676755463415e-01
4.085857433095876901e-01
4.060050589244911801e-01
4.034554580485819608e-01
4.009364425754121664e-01
3.984474277359005834e-01
3.959880092355987369e-01
3.935576303802560405e-01
3.911557822826133290e-01
3.887820194558206932e-01
3.864359068889831050e-01
3.841169234655802400e-01
3.818246692726857683e-01
3.795586728109459074e-01
3.773185164012828330e-01
3.751038381008885425e-01
3.729141190375589443e-01
3.707490244222294007e-01
3.686081487277403923e-01
3.664911157658548024e-01
3.643975065958647286e-01
3.623270057882244655e-01
3.602791973292410743e-01
3.582537257848921741e-01
3.562502832917747719e-01
3.542685056978158720e-01
3.523080317580537524e-01
3.503685643443958941e-01
3.484497499472027360e-01
3.465513004635834560e-01
3.446728558866697933e-01
3.428141537087290303e-01
3.409749065923331490e-01
3.391548175858624670e-01
3.373535642173912663e-01
3.355708774747613865e-01
3.338064794709780791e-01
3.320601154922203646e-01
3.303315063065407897e-01
3.286203801327313712e-01
3.269264893021096019e-01
3.252496110250716610e-01
3.235894657272977426e-01
3.219457985710132975e-01
3.203183802282224546e-01
3.187070076563503496e-01
3.171114039359017589e-01
3.155314194149400064e-01
3.139667291642728175e-01
