# f_z
5.276570807017835207e-01
5.398816320540134051e-01
5.518873460411849452e-01
5.636682089945997953e-01
5.752190809561177343e-01
5.865356784940407575e-01
5.976145491428347389e-01
6.084530642182742755e-01
6.190492630988971845e-01
6.294019520243727683e-01
6.395105782754509915e-01
6.493752073074217090e-01
6.589964705559666625e-01
6.683755283729744257e-01
6.775140253621756425e-01
6.864140584757326691e-01
6.950780922112332894e-01
7.035090046158632981e-01
7.117099309150917152e-01
7.196843608262325498e-01
7.274359780520300855e-01
7.349687277683204512e-01
7.422867179438273899e-01
7.493941928675291742e-01
7.562955768625322373e-01
7.629953595320780879e-01
7.694981457354225229e-01
7.758085488321105894e-01
7.819312706037786498e-01
7.878710300971301095e-01
7.936325318346054702e-01
7.992204764766116520e-01
8.046395566124758814e-01
8.098943957047053388e-01
8.149896421582422112e-01
8.199298156026374462e-01
8.247194102295074547e-01
8.293628524608760433e-01
8.338644898291786012e-01
8.382285719756416009e-01
8.424592892632365437e-01
8.465607310766710691e-01
8.505369090455957570e-01
8.543917286302048497e-01
8.581290064878260848e-01
8.617524362445521113e-01
8.652656518150678711e-01
8.686722066943759479e-01
8.719754734448259548e-01
8.751788092472594371e-01
8.782854659048522361e-01
8.812985570092941590e-01
8.842211422783932129e-01
8.870561391263377393e-01
8.898064718478175816e-01
8.924748473579613428e-01
8.950639853781765520e-01
8.975764800917654940e-01
9.000148416762727699e-01
9.023815055036742416e-01
9.046788094700466409e-01
9.069090612372111559e-01
9.090744248424670326e-01
9.111770295384699070e-01
9.132189620511358408e-01
9.152021653865839435e-01
9.171285718005764975e-01
9.190000467999803746e-01
9.208183603390536209e-01
9.225852457111740623e-01
9.243023746197078783e-01
9.259713538289005008e-01
9.275937043613861066e-01
9.291709908628450476e-01
9.307046136200104458e-01
9.321959585967041217e-01
9.336464309475556167e-01
9.350573186130989312e-01
9.364298221479204765e-01
9.377652168084950057e-01
9.390646468928584012e-01
9.403292546882147107e-01
9.415601136280421501e-01
9.427583120550757645e-01
9.439248480042391476e-01
9.450606955379842189e-01
9.461668054412214479e-01
9.472441091111843958e-01
9.482934780910571293e-01
9.493157705101505917e-01
9.503118273549351347e-01
9.512824051430142092e-01
9.522283180344426334e-01
9.531502829158049472e-01
9.540490140812076802e-01
9.549252392637358478e-01
9.557795923224878809e-01
9.566127313000123422e-01
9.574252889072830675e-01
9.582178799926802659e-01
9.589910696827190772e-01
9.597454178609656772e-01
9.604814994189260213e-01
9.611998339552807469e-01
9.619009270661237343e-01
9.625852623785214890e-01
9.632533475817652846e-01
9.639056039231503892e-01
9.645425199832435847e-01
9.651645097191923206e-01
9.657719911199267315e-01
9.663653567280674483e-01
9.669450522440488083e-01
9.675113858850231674e-01
9.680647891776275049e-01
9.686055656714771533e-01
9.691341081646277500e-01
9.696506958026500644e-01
9.701557097908242167e-01
9.706494185163206945e-01
9.711321620247398423e-01
9.716042108879041628e-01
9.720658404027471278e-01
9.725173511742696286e-01
9.729590047908214245e-01
9.733910572724285837e-01
9.738137489638851729e-01
9.742273431972249265e-01
9.746320666250501974e-01
9.750281583473463520e-01
9.754158300134029291e-01
9.757952874128843490e-01
9.761667550547802330e-01
9.765304527421404535e-01
9.768865486188195169e-01
9.772352356510090043e-01
9.775767238443111573e-01
9.779111780365200568e-01
9.782387685848252801e-01
9.785596677175935065e-01
9.788740474733989005e-01
9.791820549616393476e-01
9.794838645437865532e-01
9.797796093456230260e-01
9.800694453422357233e-01
9.803535186111308475e-01
9.806319622752016629e-01
9.809049106095106829e-01
9.811724913871282538e-01
9.814348500181492296e-01
