# d_a
# unit = Mpc
1.544438577145137288e+03
1.547515085359191971e+03
1.550587899365204521e+03
1.553656543027785119e+03
1.556720523651148142e+03
1.559779331418751326e+03
1.562832438812584087e+03
1.565879300011312580e+03
1.568919350266428637e+03
1.571952005255540826e+03
1.574976660411876082e+03
1.577992690229056279e+03
1.580999447540144502e+03
1.583996262769922168e+03
1.586982443159319018e+03
1.589957271960857042e+03
1.592920007603929207e+03
1.595869882828687196e+03
1.598806103787226675e+03
1.601727849110750640e+03
1.604634268941288610e+03
1.607524483926493986e+03
1.610397584176011151e+03
1.613252628177771840e+03
1.616088641672572066e+03
1.618904616485154293e+03
1.621699509309972655e+03
1.624472240449713127e+03
1.627221692504573184e+03
1.629946709010186396e+03
1.632646093022006198e+03
1.635318605643847150e+03
1.637962964498183510e+03
1.640577842135668789e+03
1.643161864381267833e+03
1.645713608614215900e+03
1.648231602837516675e+03
1.650714320330798273e+03
1.653160183022918545e+03
1.655567555882439592e+03
1.657934745733509999e+03
1.660259999073127346e+03
1.662541499798886662e+03
1.664777366843197569e+03
1.666965651709771237e+03
1.669104335907976520e+03
1.671191328280438256e+03
1.673224462219034194e+03
1.675201492764203977e+03
1.677120093582245545e+03
1.678977853814978744e+03
1.680772274795921476e+03
1.682500766626798622e+03
1.684160644607904260e+03
1.685749125515522110e+03
1.687263323719254458e+03
1.688700247131756669e+03
1.690056792982987872e+03
1.691329743410693936e+03
1.692515760858415433e+03
1.693611383271846989e+03
1.694613019083952622e+03
1.695516941978660270e+03
1.696319285422547182e+03
1.697016036953236835e+03
1.697603032212786729e+03
1.698075948713595835e+03
1.698430299323788176e+03
1.698661425458313033e+03
1.698764489961250774e+03
1.698734469664061862e+03
1.698566147603676200e+03
1.698254104883458467e+03
1.697792712159164239e+03
1.697176120730996217e+03
1.696398253221874938e+03
1.695452793820893021e+03
1.694333178069766063e+03
1.693032582168855470e+03
1.691543911777995390e+03
1.689859790285957388e+03
1.687972546520875539e+03
1.685874201872355570e+03
1.683556456794275618e+03
1.681010676655470206e+03
1.678227876903517881e+03
1.675198707504780259e+03
1.671913436621588289e+03
1.668361933485080499e+03
1.664533650419598871e+03
1.660417603971807921e+03
1.656002355094685754e+03
1.651275988333332180e+03
1.646226089956077658e+03
1.640839724970602447e+03
1.635103412960727837e+03
1.629003102675128275e+03
1.622524145294442405e+03
1.615651266298032851e+03
1.608368535846010900e+03
1.600659337585933599e+03
1.592506335786821182e+03
1.583891440695755364e+03
1.574795772004185892e+03
1.565199620302158564e+03
1.555082406388847403e+03
1.544422638296972536e+03
1.533197865876693186e+03
1.521384632771380666e+03
1.508958425602974557e+03
1.495893620168405050e+03
1.482163424430448913e+03
1.467739818066264434e+03
1.452593488314425940e+03
1.436693761836178055e+03
1.420008532278654002e+03
1.402504183196391523e+03
1.384145505952313670e+03
1.364895612179906720e+03
1.344715840343883656e+03
1.323565655886790637e+03
1.301402544392748041e+03
1.278181897136156067e+03
1.253856888311659532e+03
1.228378343160848544e+03
1.201694596119796643e+03
1.173751338008067705e+03
1.144491451162635258e+03
1.113854831287218531e+03
1.081778194636629223e+03
1.048194868984247933e+03
1.013034566625654406e+03
9.762231374493059093e+02
9.376822998518509849e+02
8.973293469865795942e+02
8.550768255030626506e+02
8.108321835578192349e+02
7.644973844423597029e+02
7.159684816772349905e+02
6.651351508483855923e+02
6.118801728026058981e+02
5.560788620576713583e+02
4.975984334019642574e+02
4.362972986372518562e+02
3.720242842313590472e+02
3.046177592644557990e+02
2.339046614366170900e+02
1.596994070107523385e+02
8.180266833941684013e+01
0.000000000000000000e+00
