# d_l
# unit = Mpc
2.471101723432219660e+04
2.451160453364598288e+04
2.431240249398800006e+04
2.411341297124187622e+04
2.391463785029349674e+04
2.371607904567564765e+04
2.351773850224148919e+04
2.331961819585784906e+04
2.312172013411878288e+04
2.292404635708027126e+04
2.272659893801661383e+04
2.252937998419952419e+04
2.233239163770052255e+04
2.213563607621753545e+04
2.193911551392664478e+04
2.174283220235971748e+04
2.154678843130896712e+04
2.135098652975950608e+04
2.115542886685063058e+04
2.096011785286718441e+04
2.076505594026198742e+04
2.057024562471031459e+04
2.037568944619799004e+04
2.018138999014388173e+04
1.998734988855853953e+04
1.979357182123988969e+04
1.960005851700774656e+04
1.940681275497838578e+04
1.921383736588076135e+04
1.902113523341597829e+04
1.882870929566155974e+04
1.863656254652241478e+04
1.844469803723011864e+04
1.825311887789240791e+04
1.806182823909495346e+04
1.787082935355721929e+04
1.768012552705452254e+04
1.748972010268960730e+04
1.729961652000434697e+04
1.710981827797048754e+04
1.692032894686346117e+04
1.673115217029105770e+04
1.654229166729309509e+04
1.635375123451493528e+04
1.616553474845758683e+04
1.597764616780771030e+04
1.579008953585053860e+04
1.560286898296903382e+04
1.541598872923282397e+04
1.522945308708050106e+04
1.504326646409892783e+04
1.485743336590355102e+04
1.467195839912383417e+04
1.448684627449785330e+04
1.430210181008069776e+04
1.411772993457107623e+04
1.393373569076094282e+04
1.375012423911320002e+04
1.356690086147245893e+04
1.338407096491438460e+04
1.320164008573905448e+04
1.301961389361428337e+04
1.283799819587463389e+04
1.265679894198277179e+04
1.247602222815907044e+04
1.229567430218676236e+04
1.211576156839909891e+04
1.193629059285590847e+04
1.175726810871700218e+04
1.157870102182002665e+04
1.140059641647072567e+04
1.122296156145379064e+04
1.104580391627275094e+04
1.086913113762757712e+04
1.069295108613885714e+04
1.051727183332787172e+04
1.034210166886179104e+04
1.016744910807371525e+04
9.993322899767372292e+03
9.819732034316462887e+03
9.646685752068871807e+03
9.474193552066111806e+03
9.302265201088399408e+03
9.130910743035983614e+03
8.960140508657346800e+03
8.789965125634789729e+03
8.620395529038154564e+03
8.451442972157010445e+03
8.283119037721700806e+03
8.115435649523346910e+03
7.948405084442498264e+03
7.782039984895880480e+03
7.616353371709978092e+03
7.451358657429679624e+03
7.287069660069433667e+03
7.123500617313388830e+03
6.960666201169919077e+03
6.798581533084791772e+03
6.637262199515597786e+03
6.476724267968525055e+03
6.316984303496649773e+03
6.158059385656628365e+03
5.999967125918338752e+03
5.842725685519246326e+03
5.686353793752123238e+03
5.530870766671311685e+03
5.376296526198964784e+03
5.222651619608346664e+03
5.069957239356687751e+03
4.918235243234846166e+03
4.767508174795534615e+03
4.617799284015572994e+03
4.469132548141051302e+03
4.321532692657065127e+03
4.175025212315789759e+03
4.029636392148438063e+03
3.885393328377588659e+03
3.742323949136869032e+03
3.600457034895007382e+03
3.459822238470473621e+03
3.320450104511989593e+03
3.182372088308540697e+03
3.045620573780579889e+03
2.910228890491936909e+03
2.776231329509424540e+03
2.643663157924732332e+03
2.512560631840700808e+03
2.382961007611946116e+03
2.254902551118091196e+03
2.128424544836836048e+03
2.003567292474011992e+03
1.880372120898904768e+03
1.758881379125815329e+03
1.639138434077315651e+03
1.521187662861443869e+03
1.405074441294411599e+03
1.290845128402664841e+03
1.178547046643834165e+03
1.068228457595456575e+03
9.599385328738850376e+02
8.537273200636693673e+02
7.496457034603868124e+02
6.477453594575363240e+02
5.480787064408953029e+02
4.506988490917810850e+02
3.556595170440050993e+02
2.630149978876496561e+02
1.728200645661602834e+02
8.512989727101873427e+01
0.000000000000000000e+00
