# k_h
7.432733400492001665e-05
9.913503324846956188e-05
1.322226196963368434e-04
1.763536116999492624e-04
2.352138872383730071e-04
3.137195332518498588e-04
4.184274436314077295e-04
5.580829595438726361e-04
7.443502917261076400e-04
9.927867305706283580e-04
1.324142011298881259e-03
1.766091358895245135e-03
2.355546958973739422e-03
3.141740911637370699e-03
4.190337160655208462e-03
5.588915831642146496e-03
7.454288038315303073e-03
9.942252098980702488e-03
1.326060601516899397e-02
1.768650303159825105e-02
2.358959983645568873e-02
3.146293076986087650e-02
4.196408669464708752e-02
5.597013784242711731e-02
7.465088786264212350e-02
9.956657734825956341e-02
1.327981971639484449e-01
1.771212955157709101e-01
2.362377953554158083e-01
3.150851838107640024e-01
4.202488975470666244e-01
5.605123470216670789e-01
7.475905183750093386e-01
9.971084243441499240e-01
1.329906125694526375e+00
1.773779320261146264e+00
2.365800875864811026e+00
3.155417204558846667e+00
4.208578091419609812e+00
5.613244906564864856e+00
7.486737253448044527e+00
9.985531655070509771e+00
1.331833067715750296e+01
1.776349403850169750e+01
2.369228757753224457e+01
3.159989185910374232e+01
4.214676030076538638e+01
5.621378110312785736e+01
7.497585018066014584e+01
1.000000000000000000e+02
