# lsst_simulation
2.831875406314757313e-09
1.543847061929817676e-09
1.147814175833776423e-09
7.570619483253080928e-10
4.887951162343445128e-10
3.700466175554287073e-10
2.246773117969000880e-10
1.535809824810171965e-10
1.136672093786140902e-10
6.870854079880367593e-11
4.490428605868555036e-11
2.832461723139854672e-11
1.976581801130888329e-11
9.308448555069960373e-12
6.095218589282463497e-12
4.744020233571542870e-09
2.401348250762537736e-09
1.937215422472044485e-09
1.161967058716820776e-09
8.197791625421641647e-10
5.486960365163382766e-10
3.646160254270989957e-10
2.476627358765325179e-10
1.773530859281634202e-10
1.244244888865787733e-10
8.253803745215255307e-11
5.297247257443080506e-11
3.241543578059492268e-11
1.797770520276123450e-11
9.186791219152677391e-12
5.019255552710459650e-09
2.454333570161200671e-09
2.130979003655579246e-09
1.150676604563736750e-09
7.810572100166970225e-10
4.916223645339209410e-10
3.369130438437525123e-10
2.344009283195518185e-10
1.696051758621270382e-10
1.212798155088423737e-10
7.880121915212618017e-11
4.837197448678416372e-11
3.050180630949120318e-11
1.565916389003401764e-11
9.103029292689119491e-12
4.447029376115570417e-09
2.485542781777449069e-09
2.070984187125755065e-09
1.244490060601255222e-09
7.940103624117838170e-10
5.001939224301919076e-10
3.421442331189638505e-10
2.347731331831281456e-10
1.727696232192154352e-10
1.157197101817531288e-10
8.261217966100366955e-11
5.069624446697267849e-11
2.931485121753457697e-11
1.531847147798172994e-11
6.274598704519800492e-12
3.877826738233066517e-09
2.412918836373685048e-09
2.128388179529581235e-09
1.423335400458564065e-09
7.557398298851102849e-10
4.616641545357851413e-10
3.738294652486221980e-10
2.332236748191300625e-10
1.627053525840904333e-10
1.115382827914474315e-10
8.168968668223019060e-11
5.176780503847963315e-11
2.918735962655773127e-11
1.657723499468884060e-11
7.151388592500721077e-12
1.509562868349463401e-08
9.637200327134551435e-09
7.250965107931992393e-09
4.694383642284585748e-09
3.464078144221918143e-09
2.250205379330472075e-09
1.398730719424915179e-09
9.255011718876495254e-10
6.481140596976512588e-10
4.453819574732068962e-10
3.066242062802547190e-10
2.016270575649923339e-10
1.315483764734506468e-10
8.093220950172597479e-11
4.898684943181640435e-11
1.841800011149315340e-08
1.200584785842911313e-08
9.338602390873202551e-09
6.043769679811681505e-09
4.568351042083657549e-09
2.940346413185635099e-09
1.875307810748818251e-09
1.179402670897497566e-09
8.050371181463453594e-10
5.548593456774529218e-10
3.824566751420800219e-10
2.625479936948653305e-10
1.684802337315322657e-10
1.057949535471877431e-10
6.587257504267832671e-11
1.910365126035355408e-08
1.351670208030614040e-08
1.048472660560036160e-08
7.007667241540367223e-09
5.184998494487150708e-09
3.291266351875263141e-09
2.041359746342131637e-09
1.304351582192968875e-09
8.801812872076697717e-10
6.184170705360566679e-10
4.255024425182920673e-10
2.870349838920396155e-10
1.905034789266338746e-10
1.196971021403451804e-10
7.361635825259556650e-11
1.857874836454537764e-08
1.474350384098226328e-08
1.196832725982645830e-08
7.867074052282202741e-09
5.651325957548806550e-09
3.485335026585126154e-09
2.188511645238273626e-09
1.408870460525249864e-09
9.439048147850989546e-10
6.634599156011339019e-10
4.626901730791238551e-10
3.147013447990005950e-10
2.079777399247119104e-10
1.316503574593628091e-10
8.005344025674743299e-11
2.721078989426162522e-08
1.986256697915101013e-08
1.556018678193136285e-08
1.050633806904236041e-08
7.802771797273431224e-09
5.185755106868441047e-09
3.299283418174208632e-09
2.106231786905202986e-09
1.358430159485794878e-09
9.103747216902166775e-10
6.143648549094923303e-10
4.265390659592052343e-10
2.865739620806505992e-10
1.856863239254513343e-10
1.161945872106858810e-10
3.087932396808674875e-08
2.500854299574996492e-08
1.918923504517973762e-08
1.338039673913391025e-08
9.899461266205289220e-09
6.594587683621706167e-09
4.095529559338429554e-09
2.644639818389445954e-09
1.689356479706689076e-09
1.128538574215904200e-09
7.674406109335785976e-10
5.241325853062885049e-10
3.545167834163273355e-10
2.335124446437408964e-10
1.484831704098273277e-10
3.300035435865934421e-08
2.928220392057016624e-08
2.284700938639780137e-08
1.553900508126991217e-08
1.152621552956664057e-08
7.572360497357266151e-09
4.723790660284446655e-09
3.084083696312044505e-09
1.958529769270754126e-09
1.288491370960651856e-09
8.790575472369131858e-10
6.023462850225153268e-10
4.112477412011197212e-10
2.702206000657169752e-10
1.718663252577259963e-10
3.976322551031688862e-08
3.499980879692296191e-08
2.745225891843908146e-08
1.957773934510083470e-08
1.471977698731821660e-08
9.828542224567293491e-09
6.186423393259555900e-09
4.032057895837065900e-09
2.560887996761637965e-09
1.681144896367189383e-09
1.125747471803977586e-09
7.586175452909127373e-10
5.095561828072271314e-10
3.381104540957946491e-10
2.181441838635655477e-10
4.655930082587962608e-08
4.364630159355273863e-08
3.567449788617411008e-08
2.523967052115132478e-08
1.889205388721569236e-08
1.254658121041062582e-08
8.070742638032959500e-09
5.251015973924082753e-09
3.339187899072176816e-09
2.149921372585189283e-09
1.437656807041110049e-09
9.573260927837022262e-10
6.468628154965138242e-10
4.310306785114464453e-10
2.804892986700979035e-10
6.145137780126218843e-08
6.034011799235822846e-08
5.223729925075501748e-08
3.895825385316266836e-08
2.886706492447049616e-08
1.946360768241940151e-08
1.310561268200587591e-08
8.568645102434408949e-09
5.455429223564872047e-09
3.472759635558054957e-09
2.247939460488076750e-09
1.459767593693944631e-09
9.714928312650047413e-10
6.404474336130564910e-10
4.199949869317791887e-10
