# lsst_theory
2.520522706407631293e-09
1.701615625785439439e-09
1.127419167400566980e-09
7.498168587241168914e-10
5.044920502655407077e-10
3.396528755025969016e-10
2.327603538456343363e-10
1.604591370220634082e-10
1.099770511211813539e-10
7.376803635538082916e-11
4.775927516836443879e-11
2.958716223903941078e-11
1.755718709900981005e-11
1.001115650564342511e-11
5.509551851992497496e-12
4.223484198017643126e-09
2.846774479836415712e-09
1.877211512456378878e-09
1.219590634636672455e-09
8.005521187113922182e-10
5.379774026770633831e-10
3.643472759427476166e-10
2.545874784556252481e-10
1.780749955528460396e-10
1.226538050760624145e-10
8.143424708436172019e-11
5.130152565383464143e-11
3.050823888812093136e-11
1.717168080649307200e-11
9.241523754853919391e-12
4.296579124019057053e-09
2.841642609532600733e-09
1.844928860302020440e-09
1.174372636747098513e-09
7.552423325951490026e-10
5.090889301175826248e-10
3.459090975557346640e-10
2.451945796295279205e-10
1.743016415627118347e-10
1.214881116157766809e-10
8.101633390709535033e-11
5.074300784865779632e-11
2.960531089662899274e-11
1.611515635467271953e-11
8.293117646993403213e-12
4.363666135394814067e-09
2.858862379174820796e-09
1.841239590526804217e-09
1.159063223666781020e-09
7.369291808751128598e-10
4.974931813918202052e-10
3.385827989216579849e-10
2.418953358796114184e-10
1.734848328135757428e-10
1.217083799801473366e-10
8.137766312462459107e-11
5.083319003921156011e-11
2.936687558862015042e-11
1.569485534470438908e-11
7.867634750310288843e-12
4.421847957222236511e-09
2.874007806191997173e-09
1.838264169506067692e-09
1.145979232828776635e-09
7.212483996153643993e-10
4.875788129834490379e-10
3.323166246799823867e-10
2.390881048169365907e-10
1.728045514189985785e-10
1.219145097281784483e-10
8.170012816857762120e-11
5.091775592249759749e-11
2.916462354558715401e-11
1.533328928304787926e-11
7.500579696262992027e-12
1.423132749128155144e-08
1.033071911774337796e-08
7.262085908087784112e-09
4.985919968352645568e-09
3.318380550323136081e-09
2.170161053821574227e-09
1.426653053399092936e-09
9.434190201702710067e-10
6.387375857966607542e-10
4.387974037200095992e-10
3.014071349623384699e-10
2.032042754608161406e-10
1.324543384951912881e-10
8.249801599761247686e-11
4.890576715734828149e-11
1.788477980676735017e-08
1.312890919726403939e-08
9.294999751283361394e-09
6.437391168162208453e-09
4.308985407286318248e-09
2.797516650765828875e-09
1.836543238634011211e-09
1.203095385345483283e-09
8.095275046785998479e-10
5.546748500343417512e-10
3.822089657401592552e-10
2.598473984396689814e-10
1.714592897349498369e-10
1.082278979574437795e-10
6.490569940438996792e-11
1.981044944891739119e-08
1.455937594624720376e-08
1.030608482298142529e-08
7.146055734708237430e-09
4.782863604659217300e-09
3.087569709209807254e-09
2.024572033671302922e-09
1.322579731740211647e-09
8.887877980765153666e-10
6.098402231164575342e-10
4.215812877362290341e-10
2.878693345110430911e-10
1.908330115393322170e-10
1.208944732900480893e-10
7.261163859773955224e-11
2.149357226575047895e-08
1.581478806183557394e-08
1.119689345458511596e-08
7.771910830515625591e-09
5.202445102417252998e-09
3.345867709370600010e-09
2.192113876072576342e-09
1.429056702341013993e-09
9.593176652322549372e-10
6.587527282328551660e-10
4.563713307487740512e-10
3.125736933104949791e-10
2.078999835629263895e-10
1.320650905076474226e-10
7.942840108913199879e-11
2.700703833878829443e-08
2.083265526374717148e-08
1.526567202216083748e-08
1.086074211987230048e-08
7.503485435409842082e-09
4.964706011755800578e-09
3.220215592431937752e-09
2.100264539182316562e-09
1.372935245665457529e-09
9.190029354241242194e-10
6.243350286055706919e-10
4.249472577360924948e-10
2.854680124304612884e-10
1.861338349419326238e-10
1.163508652829370955e-10
3.242986869385990719e-08
2.544633186349508352e-08
1.886222879474491882e-08
1.352433180829346246e-08
9.426154852432210501e-09
6.282857496893438821e-09
4.056679435034997351e-09
2.644207252127547686e-09
1.713402982561051406e-09
1.138694491063447868e-09
7.698360854753453711e-10
5.239804931107330432e-10
3.537964130488105574e-10
2.328908798055057469e-10
1.473573121085987798e-10
3.693706072241261054e-08
2.924553019610360387e-08
2.179336847130425620e-08
1.567709486465772977e-08
1.097248110997190556e-08
7.335760497857476547e-09
4.717242791448221982e-09
3.074352229068097541e-09
1.981964511428573673e-09
1.312810786103830569e-09
8.860096660417751283e-10
6.036874378113836845e-10
4.091114026590250479e-10
2.708354657358471854e-10
1.724813213893676034e-10
4.270370808652591375e-08
3.489075766490581868e-08
2.676635444927905014e-08
1.965187960877983817e-08
1.396011018689852714e-08
9.536651242610598854e-09
6.236663844976728426e-09
4.025392541907954986e-09
2.598555706564002047e-09
1.689292754610347509e-09
1.120494154581607213e-09
7.531403557392892357e-10
5.075317480923754516e-10
3.374668823231796418e-10
2.180504542210013367e-10
5.165589534499510236e-08
4.315546576684898124e-08
3.372304528713269586e-08
2.507118055972231741e-08
1.797448762740342094e-08
1.241811480286716446e-08
8.184582005522093260e-09
5.252947911815446933e-09
3.389410774838806923e-09
2.179334378329942434e-09
1.432078514771480172e-09
9.560613710945129864e-10
6.432803491900672235e-10
4.296239121254456056e-10
2.803213001988182582e-10
6.829841879989710040e-08
5.966586944495827986e-08
4.873940277719454439e-08
3.758791681757632948e-08
2.764921559569984950e-08
1.953445443550929604e-08
1.326833725136407631e-08
8.598821390003228565e-09
5.506917927649722550e-09
3.510486124446982971e-09
2.249112574984624672e-09
1.464157370174228129e-09
9.674972716710482055e-10
6.417038036835751009e-10
4.213495543795452441e-10
