# f_z
5.286239293123176086e-01
5.408705297942185686e-01
5.528978516450874237e-01
5.646998476539567546e-01
5.762713710430484859e-01
5.876081473490254448e-01
5.987067216588849439e-01
6.095644314694753652e-01
6.201793715948680230e-01
6.305503151377299664e-01
6.406767156891366444e-01
6.505586358439525707e-01
6.601967283318626034e-01
6.695921525174746147e-01
6.787465588568890595e-01
6.876620429606319362e-01
6.963411050714326533e-01
7.047866028245376446e-01
7.130016995085579623e-01
7.209898791241542426e-01
7.287548529835781164e-01
7.363005518690188822e-01
7.436310943031595455e-01
7.507507804767663551e-01
7.576639880378969183e-01
7.643752553856054677e-01
7.708891665812336313e-01
7.772103799561708160e-01
7.833435898971830014e-01
7.892935191107197657e-01
7.950648688947589138e-01
8.006623791723191941e-01
8.060907382655136955e-01
8.113545954421003126e-01
8.164585887270208175e-01
8.214072380232301240e-01
8.262050690987020607e-01
8.308565072338165436e-01
8.353659005227831447e-01
8.397375232370951625e-01
8.439755812658685796e-01
8.480841290355027873e-01
8.520672211146461672e-01
8.559287564623212496e-01
8.596725538931063726e-01
8.633023488263384948e-01
8.668217366006617519e-01
8.702342769682199775e-01
8.735434005304013594e-01
8.767524321342532456e-01
8.798646092489051940e-01
8.828830860026966043e-01
8.858109072714656085e-01
8.886510159234662920e-01
8.914063046506003340e-01
8.940795450658552967e-01
8.966733967788926840e-01
8.991904948751203719e-01
9.016333534100822167e-01
9.040043962874876327e-01
9.063059690315217187e-01
9.085403754347520788e-01
9.107098168894141033e-01
9.128164026253571262e-01
9.148621936919425490e-01
9.168492039262706728e-01
9.187793168312052838e-01
9.206544172720879660e-01
9.224762745949729448e-01
9.242466062000380678e-01
9.259671066320356303e-01
9.276393939395792820e-01
9.292650007434790638e-01
9.308454307133899874e-01
9.323821672427905494e-01
9.338765768889850660e-01
9.353300171844521893e-01
9.367437805511033000e-01
9.381191725290008998e-01
9.394573559201364610e-01
9.407595387176328483e-01
9.420268401442668527e-01
9.432603493485204327e-01
9.444611395138973187e-01
9.456302013589630295e-01
9.467685394852989322e-01
9.478771184960945728e-01
9.489568239122094795e-01
9.500085570039735750e-01
9.510331598349380799e-01
9.520314967168254094e-01
9.530043161154211351e-01
9.539524362896536491e-01
9.548765557326657216e-01
9.557774395833200654e-01
9.566557552068420955e-01
9.575121553837814270e-01
9.583473380169443834e-01
9.591619019186661266e-01
9.599564498347025188e-01
9.607315708685567612e-01
9.614878404367940279e-01
9.622258168321395910e-01
9.629459910188621352e-01
9.636489102006479124e-01
9.643350450374763572e-01
9.650048941411857317e-01
9.656588987682357406e-01
9.662975413195205032e-01
9.669212373675956096e-01
9.675304022389059622e-01
9.681254439615982754e-01
9.687067498089680928e-01
9.692747154231844409e-01
9.698296960116878918e-01
9.703720508652341481e-01
9.709021479194622772e-01
9.714202894658842125e-01
9.719268089511107211e-01
9.724220238437922825e-01
9.729062282665915662e-01
9.733797319904891054e-01
9.738428253059727702e-01
9.742957718021505453e-01
9.747388313987380704e-01
9.751722831131123259e-01
9.755963658921039672e-01
9.760113234705803942e-01
9.764174179143361165e-01
9.768148350823858683e-01
9.772038379832190813e-01
9.775846204389079253e-01
9.779573995855146418e-01
9.783223817008341872e-01
9.786797646299489895e-01
9.790297085467266625e-01
9.793724457371265624e-01
9.797081428874799824e-01
9.800369538190722984e-01
9.803590862437798759e-01
9.806746591017749815e-01
9.809838750560555543e-01
9.812868681234279133e-01
9.815837881889140082e-01
9.818747995833714270e-01
9.821600349707086952e-01
9.824396281553490207e-01
9.827137171767872381e-01
9.829824352653102615e-01
9.832459101022846815e-01
