# lsst_theory
2.520133652324047463e-09
1.700529311636310435e-09
1.125730531236906830e-09
7.480695847538385922e-10
5.032497836986567832e-10
3.393861586067670381e-10
2.325915385364204662e-10
1.604607691852862654e-10
1.099685086503640107e-10
7.377062251168472908e-11
4.775977707767535394e-11
2.958754875135631767e-11
1.755826612803011309e-11
1.001313917229873328e-11
5.512425189949790924e-12
4.223481857502220185e-09
2.846156786328779701e-09
1.875269372843986909e-09
1.216652098576337565e-09
7.978319866994321009e-10
5.357239582829090654e-10
3.652682669389489886e-10
2.545866730201858260e-10
1.781248306769702849e-10
1.226555116370764064e-10
8.143547058144444670e-11
5.130179014597184462e-11
3.050861872611299391e-11
1.717348858235947008e-11
9.244751216374424381e-12
4.296619518642276835e-09
2.841130697224130660e-09
1.843041150918965846e-09
1.171150967553352583e-09
7.519437249106630867e-10
5.064071230298334442e-10
3.470223753098959158e-10
2.455603536536737599e-10
1.744241427006251360e-10
1.214889690398612954e-10
8.101860562944747928e-11
5.074286659012144512e-11
2.960524979117732347e-11
1.611679362589619335e-11
8.296445928995808157e-12
4.363734594028289512e-09
2.858416910073619723e-09
1.839374321440244737e-09
1.155675446169453847e-09
7.333188986230165960e-10
4.945302469440895095e-10
3.398310156228383880e-10
2.424552845007531712e-10
1.736454072246599094e-10
1.217094429825905952e-10
8.138044884513326993e-11
5.083283555563983775e-11
2.936657865426604051e-11
1.569639927981438628e-11
7.871028290765570579e-12
4.421940737281733259e-09
2.873620137774870144e-09
1.836417482319173827e-09
1.142445759785577262e-09
7.173688598508688106e-10
4.843730156130033303e-10
3.336815664711122045e-10
2.398148637342487250e-10
1.729981350896302019e-10
1.219157270555531392e-10
8.170335768982245619e-11
5.091721623596042266e-11
2.916412342490555671e-11
1.533475342453075617e-11
7.504035342943393021e-12
1.423250683608989583e-08
1.033136486043120049e-08
7.262136928599087826e-09
4.983686503129746522e-09
3.312887692745554698e-09
2.164496188593288282e-09
1.419394962550040008e-09
9.430599339396676423e-10
6.386020386943460019e-10
4.388030118634294628e-10
3.014207663808099859e-10
2.032098409449076715e-10
1.324566358501887221e-10
8.249929569882498026e-11
4.890835905574057214e-11
1.788635512769577164e-08
1.312985451524657391e-08
9.295502823219262200e-09
6.436026824372779935e-09
4.303888386600717999e-09
2.790515541742108112e-09
1.826348712217649558e-09
1.201960712150103918e-09
8.091760480533284221e-10
5.547567570451317636e-10
3.822208251714759925e-10
2.598552910271012000e-10
1.714635428402171190e-10
1.082291568990107682e-10
6.490792993250573836e-11
1.981225064171196160e-08
1.456048465543014706e-08
1.030687281294988478e-08
7.145222234686671834e-09
4.777867281008255459e-09
3.079550170198232502e-09
2.012987444913860912e-09
1.320429947812830177e-09
8.887040584996364719e-10
6.100288495274691016e-10
4.215938990944019326e-10
2.878794134579696148e-10
1.908381287374368561e-10
1.208954782578773084e-10
7.261360684709614511e-11
2.149556838550605605e-08
1.581603875689924789e-08
1.119792854397889770e-08
7.771529061431880550e-09
5.197536956736062686e-09
3.337012213095999265e-09
2.179277451274407763e-09
1.426107092136317816e-09
9.594320598086829883e-10
6.590263217018433501e-10
4.563850555307920882e-10
3.125855693313087099e-10
2.079058614338776776e-10
1.320659096102634826e-10
7.943014924407854149e-11
2.700931683616918590e-08
2.083444123666059330e-08
1.526669008566842667e-08
1.086078508746886365e-08
7.500579535351314215e-09
4.956221003089058829e-09
3.211223646867537255e-09
2.087337284444381701e-09
1.371628284092762221e-09
9.187464076790878380e-10
6.243432427731299268e-10
4.249681094985188989e-10
2.854766044419853587e-10
1.861383130473449927e-10
1.163538172374202913e-10
3.243252453595304693e-08
2.544860119017643650e-08
1.886364396018954913e-08
1.352490180147790256e-08
9.424258640343618709e-09
6.274979404059812364e-09
4.046487334281342559e-09
2.626538309386583567e-09
1.711347457098152335e-09
1.138046988960978894e-09
7.698899559506582279e-10
5.240093304048653565e-10
3.538059471615979629e-10
2.328981695745788479e-10
1.473606531930233499e-10
3.694004322945443828e-08
2.924821065984094796e-08
2.179511100522164372e-08
1.567813224509723414e-08
1.097148772984042584e-08
7.328303099972349183e-09
4.705898453949407724e-09
3.052643958547280363e-09
1.979184021552603848e-09
1.311869942981735763e-09
8.861333122179131519e-10
6.037227339112531348e-10
4.091211560649046234e-10
2.708452566357310576e-10
1.724847854947556442e-10
4.270676667935167595e-08
3.489377888800627020e-08
2.676864160868199300e-08
1.965311412361981714e-08
1.395971830524768853e-08
9.531764684323608890e-09
6.223093893412434379e-09
4.010131104834399627e-09
2.582941374036271100e-09
1.686797999179101814e-09
1.120235945660532547e-09
7.531414829839163580e-10
5.075565976729654760e-10
3.374786653961268747e-10
2.180562288337500436e-10
5.165931214988415398e-08
4.315912535965765357e-08
3.372609645698155212e-08
2.507309742635172127e-08
1.797513211956348447e-08
1.241496105287204949e-08
8.170060574439487930e-09
5.237640456608615428e-09
3.362891651206908072e-09
2.176276203274053537e-09
1.431590758584821658e-09
9.560761697087393357e-10
6.433252671355376578e-10
4.296370794777806618e-10
2.803301501786087659e-10
6.830213446838290370e-08
5.967030120072336715e-08
4.874371297038654439e-08
3.759118845283136009e-08
2.765090666314697516e-08
1.953348822208911087e-08
1.326001102689741658e-08
8.577497181057875964e-09
5.478347055840264977e-09
3.489162881011975225e-09
2.244190561935476793e-09
1.463686124675733148e-09
9.675071232705698755e-10
6.417328632412020103e-10
4.213679654745313866e-10
