# lsst_simulation
2.923571492014304202e-09
1.943851643563722720e-09
1.178017774451524811e-09
6.440630627651824113e-10
5.071773162633948590e-10
3.339921681663802581e-10
2.258481678188599858e-10
1.607374125097394390e-10
1.076670954525296380e-10
7.544569659468983567e-11
5.208538120431951841e-11
2.910470477631634899e-11
1.868019200449143052e-11
9.974629355061370248e-12
5.436821959199837509e-12
4.854421251430351057e-09
3.030958932797998016e-09
1.776024857785174665e-09
1.170183637452227742e-09
8.249121011275874290e-10
5.203301711590175917e-10
3.609737996775830577e-10
2.588942313171656459e-10
1.767581759980345923e-10
1.272619301490598313e-10
7.820220237025774234e-11
5.211774128837266622e-11
3.031918698724107597e-11
1.651074432018805981e-11
8.965281432805948302e-12
5.177541707081544110e-09
2.648948818172444271e-09
1.794989544787610999e-09
1.243746482343896508e-09
8.181241687802713454e-10
4.368469690895316489e-10
3.320120906494346761e-10
2.492890524212452116e-10
1.736891341831937008e-10
1.276998086296258179e-10
7.614501347218001334e-11
5.323120875314275784e-11
2.906656277099852033e-11
1.746773826280061053e-11
7.779135909833870440e-12
5.773920266500932554e-09
2.506696253706371417e-09
1.730865088541285484e-09
1.244135758632439602e-09
8.158105775295810503e-10
4.267376317680984623e-10
2.881009220537398772e-10
2.485124313080677715e-10
1.766985503617255885e-10
1.307873623961287664e-10
8.033926334922073794e-11
5.447842366922255471e-11
2.822719473487864739e-11
1.669815735017659548e-11
8.057092926172241373e-12
6.262257074176373516e-09
1.907973957080449732e-09
1.845116753233206994e-09
1.238369166122726287e-09
7.532639678961625263e-10
4.477041675180694189e-10
2.712676260318762808e-10
2.202068935273093305e-10
1.632553541737496820e-10
1.270156261407941663e-10
7.611120053541591982e-11
5.435473743256708905e-11
2.772494497615179856e-11
1.727718211826148150e-11
7.749052469458630440e-12
1.473710003068491862e-08
1.029789393944992083e-08
7.384729218026997879e-09
4.619816529247919040e-09
3.383504124934659992e-09
2.125531088705623121e-09
1.404192419844561300e-09
9.677036902254368839e-10
6.563523267260753334e-10
4.437922564030692248e-10
2.999234040335108545e-10
2.024646315458788806e-10
1.346427479736704239e-10
8.331618136976505149e-11
4.943391538442512209e-11
1.810273839076153674e-08
1.276412024240850407e-08
9.832909806213054964e-09
6.259358965918772692e-09
4.363447133010347337e-09
2.698832512930091784e-09
1.787137956229652767e-09
1.193581878155262978e-09
8.261779736000693058e-10
5.596656019232368367e-10
3.797142743619514354e-10
2.624904161912247939e-10
1.711782353684820983e-10
1.089472139299335403e-10
6.550498009463650507e-11
2.038297485828357925e-08
1.373618183200915978e-08
1.099446595909807305e-08
6.877151700005318462e-09
4.828000311315214911e-09
2.921581709820022170e-09
1.933656112542974433e-09
1.350533182581458627e-09
9.186446619469118680e-10
6.049148072716736404e-10
4.137190209524122130e-10
2.903550768590461887e-10
1.916808399418309768e-10
1.223993831073682482e-10
7.343312526363493323e-11
2.240231549778520473e-08
1.387311471067357604e-08
1.240125554189849968e-08
7.179921502968175727e-09
5.303641182097246115e-09
3.139580201590135293e-09
2.062781090213651116e-09
1.451312340949155122e-09
9.897537705583922655e-10
6.554146131885982222e-10
4.425992865177847325e-10
3.136218566350308832e-10
2.085199309559740743e-10
1.326812658781922214e-10
7.918808042318308427e-11
2.655806594044109323e-08
2.082730549945464802e-08
1.626785371724204237e-08
1.084488218427392939e-08
7.642466467909866968e-09
4.867581000967163318e-09
3.125266502921155271e-09
2.060923896236881137e-09
1.400967590248137008e-09
9.144185929082022773e-10
6.225352957504710179e-10
4.304213186752920508e-10
2.857584193146905266e-10
1.858974939868613863e-10
1.179459127128977876e-10
3.223399735993193211e-08
2.524290805897188986e-08
2.006928387115417593e-08
1.374341303835331801e-08
9.592209118275008424e-09
6.131292242595717040e-09
3.904542625398758390e-09
2.632231730795105207e-09
1.749263844331464234e-09
1.121810079602521953e-09
7.631972685730755476e-10
5.291708670970622613e-10
3.548334981300820554e-10
2.342164870169888305e-10
1.479289754113088738e-10
3.680153538069812593e-08
2.834911547508839709e-08
2.360041583147213096e-08
1.603680888065245746e-08
1.125521639517348387e-08
7.244086658876388838e-09
4.518395532599631146e-09
3.061263409740333039e-09
2.031988775989953785e-09
1.296831297397808451e-09
8.810163701887918613e-10
6.116594476839581490e-10
4.095392200207150880e-10
2.723754049425976956e-10
1.726904090699182140e-10
4.225437427069739902e-08
3.493806475450470141e-08
2.852502617412745215e-08
2.034091732633264802e-08
1.411853579011014736e-08
9.375574795449921813e-09
6.010315131780639860e-09
4.047408917574892490e-09
2.599947654674982435e-09
1.669625415997823113e-09
1.112204344506124335e-09
7.587221466893162062e-10
5.088186324656832388e-10
3.373918573312671108e-10
2.185595837674451613e-10
5.130283481508496178e-08
4.185140881674341272e-08
3.658551149391106624e-08
2.651580519616519873e-08
1.816911160668623451e-08
1.229590700720455770e-08
7.975669858241499446e-09
5.317055202915515488e-09
3.387981449972394673e-09
2.165610712831936361e-09
1.426716590541326762e-09
9.619529203828586363e-10
6.448324897066652764e-10
4.292649609364456330e-10
2.808338409336148673e-10
6.716576889284790012e-08
5.643685237521477404e-08
5.346414903430460211e-08
4.050878209326317043e-08
2.790269745996933174e-08
1.940075938725789036e-08
1.302405465069740399e-08
8.717340870708416870e-09
5.502423587265259600e-09
3.476888178393487589e-09
2.241891658759075175e-09
1.470118932784110523e-09
9.728367818081614499e-10
6.406971433140126306e-10
4.206958023543329470e-10
5.710324065043574483e-07
3.779176831092970001e-07
2.275144754179195289e-07
1.504202457101324201e-07
1.082434874244042088e-07
6.486526866056172588e-08
4.352750630411467846e-08
3.103222050337054463e-08
2.166547137633018094e-08
1.544879784913362838e-08
1.002355875551738246e-08
6.683816985246320628e-09
4.106038062420881437e-09
2.445641749458548234e-09
1.332092406420220473e-09
1.580934284894601932e-06
1.092258924571926151e-06
8.341012834260888927e-07
5.040746613904864835e-07
3.561640031456949574e-07
2.220289765057796002e-07
1.479539971035988180e-07
1.002040735495696026e-07
6.994212957484868691e-08
4.823036366354237934e-08
3.314277921191417698e-08
2.268533006613806989e-08
1.472081974349506445e-08
9.040187778277488213e-09
5.267768923011097122e-09
1.843771645966876023e-06
1.294326203811483094e-06
1.028598017549128382e-06
6.432310299144733370e-07
4.238928347896285477e-07
2.684716530341256691e-07
1.750510070914156561e-07
1.183019152068748326e-07
8.385223664446995237e-08
5.710753342694282540e-08
3.968336229312825338e-08
2.758516105174605029e-08
1.782276008077453070e-08
1.104486150169432182e-08
6.500160044721847401e-09
2.048646664414923364e-06
1.367133103827769850e-06
1.122705722589986895e-06
7.156808382796560101e-07
4.606834647993557248e-07
2.951466017392250266e-07
1.913075054542850109e-07
1.322200130290736081e-07
9.157967899919206662e-08
6.229364318247722485e-08
4.349254338904252483e-08
3.038958245620180936e-08
1.976627276765562080e-08
1.226231655373192960e-08
7.142749482070976251e-09
2.255668957772373984e-06
1.365227961889072005e-06
1.257122975042496717e-06
7.687672513953377537e-07
4.876473082817618881e-07
3.207911035012068452e-07
2.043119002335047932e-07
1.416760540895334884e-07
9.854762246982794246e-08
6.702102522676447080e-08
4.672294707983572778e-08
3.257096776814426937e-08
2.134424407131138696e-08
1.328694012166573718e-08
7.784529067578482517e-09
-8.106219029991675352e-08
-1.066137232638633415e-07
-5.854419828076789195e-08
-2.383715368736274620e-08
-2.873634905547350006e-08
-1.949820739411509655e-08
-1.364105075492868122e-08
-6.770950119451173303e-09
-4.857208281240415863e-09
-2.527500160359153652e-09
-2.033150821608603752e-09
-1.166611914735578810e-09
-9.661987971677694235e-10
-6.051753546472682260e-10
-3.996418584879851750e-10
5.895146034084552328e-07
4.555448919756549223e-07
3.835088345527743663e-07
2.715232466912601550e-07
2.014784481469397914e-07
1.309575760677992411e-07
7.684222139178159192e-08
5.020510950244375497e-08
3.271875458559353249e-08
2.089399944589868865e-08
1.446824033116119541e-08
1.033207374792698016e-08
7.314861952008476738e-09
5.037461059150226046e-09
3.189845583783494611e-09
1.006639766296557529e-06
8.475318300435316576e-07
7.310197919593647363e-07
5.057517148103499185e-07
3.676107012186961739e-07
2.286976294755856321e-07
1.451696341686595243e-07
9.015839979911727002e-08
5.966522123419208264e-08
3.816110706131932671e-08
2.593772306131502572e-08
1.832687075661467244e-08
1.299769573450362135e-08
8.869556101280131609e-09
5.779614744271222451e-09
1.255459307506620962e-06
1.063129410306307014e-06
9.636894364962215345e-07
6.465450218673592170e-07
4.575849507566261114e-07
2.834971608337080987e-07
1.790880007013385376e-07
1.131249944601501658e-07
7.350086173729482901e-08
4.715499093624403007e-08
3.220092384703636539e-08
2.275918165439124182e-08
1.607551816100264258e-08
1.103044152325906676e-08
7.187705708225801713e-09
1.515710786564271224e-06
1.196784899913366940e-06
1.146958283732635602e-06
7.629164748851672963e-07
5.564583362608025497e-07
3.404437141527260979e-07
2.085384833770154660e-07
1.326528694445836567e-07
8.705450001907718748e-08
5.567718019380436831e-08
3.754692546036589214e-08
2.680202714954245193e-08
1.873954122934967877e-08
1.292604289004033499e-08
8.350088768203143018e-09
1.921497710234507820e-08
-4.034979970607226473e-08
-2.567770478904204584e-08
-9.380150453882135069e-09
-1.335033544498231148e-08
-1.190073553217384196e-08
-7.179037165318973398e-09
-4.317829549419361841e-09
-2.522118836787943712e-09
-1.355309860386579078e-09
-1.166544478723621114e-09
-5.773333006276859779e-10
-4.888503592023152764e-10
-3.037240172957799844e-10
-2.293310612649634597e-10
1.254632150446625408e-07
1.368843251095688579e-07
9.866115109068407954e-08
6.320031070565386708e-08
2.936779169693173906e-08
1.903788451889835331e-08
1.465061197896873311e-08
1.093458890255100313e-08
7.051361030673153147e-09
4.116291022152517570e-09
2.696296880739884978e-09
2.060013257729205014e-09
1.402585434750553600e-09
9.721577270339165438e-10
6.469151119970818066e-10
5.902919179304598619e-07
6.430049767761061920e-07
4.326365549615024437e-07
3.223083334192731233e-07
2.388036880598574678e-07
1.659152096036787975e-07
1.023894531769911673e-07
6.485878220972064806e-08
4.197951363668253509e-08
2.607961267960780411e-08
1.714229899982887115e-08
1.166102358575232539e-08
8.042403135095041260e-09
5.644135734546406037e-09
3.880729956081382318e-09
8.224711950810887662e-07
9.220476137721937198e-07
6.157442941436276105e-07
4.685326651854154657e-07
3.575837331743774472e-07
2.413485110843018266e-07
1.463392413203157777e-07
9.682243971965004065e-08
6.008454731328137866e-08
3.820132915359431875e-08
2.482739385767187044e-08
1.688201875461964531e-08
1.177836758188957800e-08
8.193324987816154355e-09
5.648292988515389911e-09
9.907234273372839244e-07
1.222377047643576480e-06
7.721274057994114607e-07
6.191528257175571975e-07
4.539593251408547596e-07
3.103580135717178311e-07
1.879942570955712982e-07
1.260552186532059441e-07
7.718060756930616838e-08
4.863514495558046891e-08
3.172415394440557104e-08
2.142422180088092257e-08
1.489951526708868746e-08
1.040873974659879680e-08
7.164080658377990203e-09
-1.779054604943823386e-09
-2.376201578797838534e-08
-1.222043271313425437e-09
-5.462084841176127037e-09
2.421599227503451529e-09
-2.450605791536212268e-09
-6.712715602574785980e-10
-2.542440525765173626e-10
1.419464614193150722e-10
-3.070163026951202853e-10
-1.204576483369468812e-10
-7.770611126764657186e-11
-4.078775261589972691e-11
-4.126171388297775281e-12
-9.643035441943106822e-12
-6.339432020539900579e-08
-6.192221186018104394e-08
-6.742847250735652755e-09
-2.286888647850838826e-08
-2.120177008265748814e-08
-2.145126249866681045e-08
-1.040192152715827104e-08
-6.204583866916430493e-09
-3.190673321533867488e-09
-2.260469147792720120e-09
-1.564567453355227702e-09
-8.522936762889032078e-10
-6.057016776377483859e-10
-3.813373685726905654e-10
-2.752886618791461240e-10
2.115189678816362969e-07
2.701052733164545597e-07
2.363262015214614436e-07
1.547315779731598188e-07
1.192217637295196139e-07
8.495943250733991819e-08
5.292941465239138346e-08
3.606923682740122431e-08
2.337286161816969959e-08
1.398281049210749028e-08
8.926569328176811865e-09
5.971620105020570384e-09
4.034685934422550631e-09
2.806835208715231097e-09
1.929294114742769052e-09
4.656756857098345102e-07
5.867384579352353214e-07
4.705140395604794608e-07
3.418074525360949707e-07
2.512944325759922564e-07
1.831339880601493581e-07
1.164375104407213897e-07
7.903683206904622916e-08
4.867131959973392793e-08
2.975983226395170476e-08
1.881295695511036794e-08
1.237736250803965987e-08
8.391607869758022746e-09
5.783967535514491156e-09
4.040255565524658595e-09
6.476871671673985838e-07
8.316850247369424936e-07
6.818015263800338328e-07
5.031181844743126141e-07
3.580737368827490735e-07
2.568182787712460968e-07
1.688866001120293720e-07
1.138089822259991348e-07
6.999802225436025149e-08
4.253964453215211660e-08
2.682862572960037667e-08
1.744516171837331787e-08
1.183162418930789714e-08
8.193573076860140202e-09
5.730234408008582498e-09
3.602931328493534715e-08
-1.753099731456136068e-08
-3.132284132890652916e-10
5.881856819628743653e-09
1.085195944816824540e-09
-7.912366663888490504e-10
2.135659756528669570e-10
-1.219703029797338039e-12
-2.230842983611915485e-10
-1.149621351787603553e-10
4.473634230699693068e-14
1.530886405310488238e-11
3.225381656778361376e-11
1.975445602660640004e-11
6.262705346890974440e-12
6.381298930407110699e-08
-6.019728842712704963e-08
-1.798149857366522699e-08
-1.323396455938886130e-08
-1.096774250501917478e-08
-1.233259671564111764e-08
-5.566166318940280478e-09
-2.324225950749867658e-09
-1.954881791672056776e-09
-1.165758876547383164e-09
-7.725743049571225739e-10
-4.014725186634381718e-10
-2.645748010594287100e-10
-1.954746632330590503e-10
-1.274156173634312187e-10
1.531166548670964275e-07
2.206593670502042238e-08
4.331395937004351207e-08
5.902302907642684100e-08
2.099532135175505501e-08
1.161194866377238948e-08
9.700470257835681125e-09
1.162256994165198934e-08
5.122362939645673407e-09
3.181170405209659816e-09
1.865578609814374358e-09
1.346547280494825180e-09
8.489522249584311092e-10
5.653982656352219330e-10
4.020110973173937470e-10
3.821737420189692585e-07
2.810068324860935694e-07
2.927073553561870613e-07
2.662144761411223961e-07
1.589790154190739299e-07
1.213349659307876706e-07
8.570901443796059681e-08
5.986231489843630414e-08
3.429822031480326019e-08
2.167616720342619404e-08
1.332680303751263339e-08
8.437277457309640865e-09
5.537821222220032272e-09
3.682844008227597567e-09
2.580389541161387261e-09
6.002543283649679894e-07
4.474447067545009634e-07
4.914877154117363483e-07
4.596287220332796763e-07
2.674025421829773628e-07
2.051363321381311995e-07
1.479032285630623501e-07
9.936875509680119427e-08
5.838129342170192645e-08
3.680055842372675403e-08
2.274044170904047263e-08
1.429969871291199711e-08
9.294745423813247462e-09
6.265879657157844651e-09
4.365583725211761631e-09
2.354147177153660628e-08
-1.460351799729430548e-10
-2.153985684439837045e-09
4.682424797545349729e-09
-2.342560609785183938e-09
8.893085812584057737e-10
2.347681974398040415e-10
2.945612729992205567e-11
-3.572498118997230160e-10
5.747480479403165698e-11
-3.704575337338889054e-11
3.376486140168955838e-11
2.150442704508628362e-11
-1.698572669372531107e-11
8.858873621280009516e-12
1.865074977582104652e-08
-5.704248062097104340e-09
3.961350168467768174e-09
-6.850532236130298931e-09
4.845638286911280980e-09
-1.178722831467972444e-10
-2.564572283452691053e-10
6.841904446933176275e-10
-3.544321612312857848e-11
3.126613137798258000e-11
-1.867692996317880998e-10
-9.487092421532945471e-12
-9.214196922939875886e-12
3.006717609888956909e-12
-1.150845916860582999e-11
-1.639436473206659931e-08
-3.188785099298728474e-08
-4.310243263565635486e-09
-5.233827812587677665e-11
-8.254793798042525635e-09
-6.199423650494544825e-09
-7.510898745418812585e-09
-2.651425206385646077e-09
-2.664755639128522857e-09
-1.769022557090798328e-09
-9.788759844852163849e-10
-5.229945195216431514e-10
-3.336311436639367866e-10
-2.422964404687987115e-10
-1.475971180803538142e-10
1.087252833261338071e-07
8.849891402518912826e-08
1.597835990161993971e-07
1.424017840275122299e-07
8.878944366025026513e-08
7.339251104841026272e-08
5.278757975299634611e-08
3.305642097117536974e-08
2.054709767283581716e-08
1.259410713863778959e-08
7.519263801930362358e-09
4.629238698806847006e-09
2.920682972131108100e-09
1.925701175118666959e-09
1.317348455873316662e-09
2.494374056235220742e-07
2.268403585549085553e-07
3.684565764123566282e-07
3.355779389756819813e-07
2.093912613014359104e-07
1.689061196695900520e-07
1.276079751201006185e-07
7.796622893409991855e-08
4.974789463477236280e-08
3.060738726692958720e-08
1.854468904835683146e-08
1.123090347544049356e-08
7.136302182184238286e-09
4.650365634697440942e-09
3.173649484667987669e-09
1.040058133576872451e-09
-1.143247955058023501e-08
4.323760447281397408e-09
-4.454364545999705872e-09
-1.231805970234603669e-09
3.839536262460640168e-10
-5.889631462978787969e-10
-9.362234261558718203e-11
-1.313234967544870955e-10
6.923028837525305801e-11
-5.093470773406447281e-11
-7.673611658657732934e-12
1.223468608423375336e-11
7.253654409778366584e-12
8.395199907638818638e-12
-2.037393980469696809e-08
-1.116819632813378164e-08
1.510005626537551588e-08
-2.670752559424635432e-09
9.579163574321096618e-10
-1.416700968017313479e-09
-9.450932174847070875e-10
4.453072028166296898e-11
1.875328159501653096e-10
-2.327281680543806205e-10
-2.079265058579974701e-11
-8.459227967266823007e-11
-1.280249227819901642e-11
1.229998336971718819e-11
6.205085556939391455e-12
-3.818455893314629262e-08
-2.809923950861690349e-08
1.082647448790729559e-08
-4.823001370355153816e-09
-2.070768439826624137e-09
-1.054500866416409130e-09
-4.003388148641185441e-09
-1.621578468973821556e-09
-1.396707628428723089e-09
-1.185764126410786850e-09
-4.412231012059586176e-10
-2.479023570753038106e-10
-1.763498318070932065e-10
-1.079573441346080959e-10
-6.583499688816153921e-11
1.048178818957802999e-09
-6.025120431219273349e-09
5.516218576652490477e-08
4.198791366642191242e-08
2.224587736737735333e-08
1.794765830681367025e-08
1.451242016240697327e-08
9.390124270579604247e-09
6.083361896225269797e-09
3.315113440044886710e-09
2.066016384751477919e-09
1.268512504787490361e-09
7.481178447504469639e-10
4.878843073119655953e-10
3.335325207036930337e-10
1.362504567779739595e-07
1.602487098956301368e-07
2.520426290480629059e-07
2.275171028367848655e-07
1.574434745134029363e-07
1.210107736393840324e-07
9.351436119913457267e-08
6.045704229856192523e-08
3.945653386239303667e-08
2.342636655804106013e-08
1.426719448429371830e-08
8.499530315230182620e-09
5.198276806641406024e-09
3.292729805359873944e-09
2.172938417195967054e-09
-2.775813205809901079e-09
-1.143317162096606786e-08
1.456188124914442782e-09
-3.681463220877124222e-09
-2.652400121927388604e-10
1.659408229349639516e-09
-5.840726350264269551e-10
-5.936102251615487354e-10
2.912346571802931834e-11
-3.128824762605198788e-10
-7.537016900992773887e-11
1.859900845725075207e-11
-9.714430507352066631e-12
-1.218312309551420930e-11
-5.402864061040436361e-12
-4.586961759705534488e-09
-2.927472994810358409e-08
-2.890163312333002881e-09
-5.848956340553122715e-09
2.668345074726670031e-09
-1.837039219211228006e-09
-6.682231938403507452e-10
4.007460306762374002e-10
-1.422081220289935408e-10
1.062109286063663872e-12
-6.697241406408713634e-11
-4.198624393546727037e-11
5.091845895508872557e-12
5.105530134732338524e-12
2.628753561929132406e-12
1.363721253738227532e-08
-2.292708901082929242e-08
-1.142997559744176787e-08
1.539679028499829607e-09
1.233322857775025557e-09
-2.276786133391070638e-09
-3.627972803680335509e-10
-1.474443371372288497e-10
-4.428299625423432189e-11
1.145080093820987470e-10
-1.839263655728921288e-10
8.061684308796935451e-12
-2.036075188496220456e-11
2.847317499594660698e-12
-1.024399725243814434e-11
2.302108099611730766e-08
-3.997194492290805850e-08
-6.470197791453342822e-09
5.259387227641553223e-09
-9.123791931100920010e-10
-4.075453882465038282e-09
-2.374140355082521464e-09
-2.718350757633791025e-09
-1.628711246042231770e-09
-7.957384627295871951e-10
-5.635597425573539186e-10
-2.891196420662687662e-10
-1.588935868328166034e-10
-9.194641914084011110e-11
-5.936339545313654879e-11
1.430825391040669776e-07
8.600400078950517639e-08
1.417076705010894001e-07
1.293752538611213783e-07
1.035107973124789355e-07
7.423765195351128591e-08
5.549283266961568802e-08
4.102890355799478782e-08
2.411695910628464899e-08
1.537829694069646968e-08
9.126693171235241944e-09
5.552701376216958549e-09
3.298844689450944559e-09
1.999414063920198055e-09
1.276407857437449387e-09
-6.183470026887150278e-10
-4.532458201957143374e-09
1.707864460445504123e-09
5.032329510103291926e-10
3.274027395316393060e-10
5.216219275743123120e-10
5.530969609342374144e-10
2.634546890649375211e-10
-3.956705292350787885e-11
-4.883262589328283597e-11
3.038154786621857177e-11
-3.897646301604077471e-11
-3.248972539575541852e-11
-8.874929556717367119e-12
4.322781064275691911e-12
-6.218998137564528521e-09
-1.390180742264242731e-08
-9.798780813312155289e-11
2.264816915915709670e-09
2.092584987981873200e-09
2.019305716339645645e-09
2.553807619656434813e-11
1.232424847120833854e-10
-3.561745001059202798e-10
3.768881285275677898e-11
-7.192988482029514977e-11
1.143939768080310515e-11
-5.143590201355704607e-12
-2.011652143021749827e-11
-4.614527685519020377e-12
-1.686854249628843906e-08
-9.636569239669471731e-09
3.371840174971545674e-09
7.211721382366505350e-09
7.096378985977172219e-09
1.037325179977099720e-09
5.819362476660728878e-10
-3.480788429286083541e-10
1.109526070036386104e-11
9.724748355802474082e-11
-5.268526912742653719e-12
1.637367376987563812e-11
8.265932733647098593e-12
-5.780348843746055990e-12
1.191423713113957511e-11
-4.006193759002392053e-09
-1.309104174022043103e-08
5.754919228482277740e-09
1.279312814175341904e-08
6.455827029587986954e-09
3.036223200755754262e-09
1.637424157772692372e-09
-3.619173280152167996e-10
-7.394823728326105503e-10
-1.690514535781873889e-10
-1.954116174977566542e-10
-8.428026847796637896e-11
-6.115229309262949672e-11
-2.843301367733745200e-11
-2.126307730084635961e-11
2.365499876057610416e-08
2.923686440689375181e-08
4.711068788031326245e-08
6.296834896258844121e-08
4.715155742203806235e-08
3.204394192731205323e-08
2.307606813261468385e-08
1.617533053885592788e-08
9.198320442117969108e-09
6.481510771552314231e-09
3.671979637887391075e-09
2.212942814591279140e-09
1.314075920149206526e-09
7.877954635771934815e-10
4.737846257745270692e-10
6.675146987793720692e-11
-2.926562178120760695e-09
2.088861474672616613e-09
3.034004785627118795e-10
-6.184115968368936296e-10
-2.300417333923519271e-10
1.213612200716405245e-10
2.488621777897117772e-10
-2.400588982069179569e-11
2.539673505218215239e-11
1.531576853956104231e-11
2.282033111914740132e-12
-5.122487374236267953e-12
1.889789371426317838e-12
-7.346870036089707742e-12
1.401819580090294844e-09
-2.215655772684461809e-09
2.493459559532869906e-09
-1.929598113760709439e-10
-1.742714045720787401e-09
-6.172189003041170111e-10
1.376798213254725940e-11
-3.214879539869917717e-11
-1.454684519891505966e-10
-8.553784387977934576e-11
3.249787253889191979e-11
2.123341874645607542e-11
6.428959372269300845e-12
1.549036658509470742e-11
1.227316915089487595e-12
2.676183258829104131e-09
-1.958323511298991238e-09
6.770244021592964675e-09
-2.117379563525163239e-10
4.067826923552347752e-10
-2.270307623143833856e-12
6.318110257595252299e-10
-9.401342981162837852e-11
-8.750886323341275219e-11
-1.414735503278648210e-11
5.064557671671261244e-11
-6.219228973758625417e-12
1.196511451089252178e-11
1.159663832116014156e-11
-5.097254019517790430e-12
3.774651606829324404e-09
2.433306626219087522e-09
1.175700744786721956e-08
2.789181778739180857e-09
1.321016619952863208e-09
-8.650111759714557555e-10
1.037476487667961025e-09
-7.507271500848547961e-11
-7.728269315350006204e-11
8.394771144764988979e-11
5.757024469667785884e-11
-3.816645455866288263e-12
1.495171823675960330e-11
-2.429403488449676168e-12
-3.046733543728131120e-12
8.273558924066070680e-09
7.444344345390771060e-09
1.969936989895097322e-08
8.369891432718225812e-09
6.492696823338089456e-09
3.222778544953717530e-09
3.475741737406297155e-09
2.360703989602301608e-09
1.286422512554622008e-09
1.098041623165443440e-09
6.775145083328475648e-10
3.274869028412275416e-10
2.224095059209993111e-10
1.253189606532233477e-10
6.834283792850028185e-11
1.995641220013506746e-04
1.422706105455069246e-04
1.112914505768822443e-04
6.785403623979220471e-05
4.590928883070263811e-05
2.936707796071700926e-05
1.885689948386411820e-05
1.279625427262783599e-05
8.936621488692998456e-06
6.237727934437674962e-06
4.342707963129414064e-06
3.008273765615419917e-06
1.958712214515509366e-06
1.205952790335121417e-06
7.035922949974877296e-07
2.030061647012004056e-05
1.425486592745475532e-05
1.839536309583666754e-05
1.242896448580207302e-05
8.721379708076079361e-06
5.583321863694101763e-06
3.296155908065278740e-06
2.097282355242189447e-06
1.454227353194484481e-06
9.196846138111362653e-07
6.579716458307734549e-07
4.725228117441991023e-07
3.333853539075045622e-07
2.204803905275522216e-07
1.381720567907861936e-07
5.464457766789013995e-06
3.477531981274052876e-06
3.191289746724644008e-06
1.301612081494591695e-06
-1.184233262799510784e-06
-3.963283077884234577e-07
-1.450135400361988030e-07
-3.059963101232912128e-08
3.010927969104817859e-08
4.256459637441807110e-09
2.873190712003464676e-09
4.337423334952934838e-09
4.027224319034714437e-09
2.119402175705476094e-09
1.910882198222159528e-09
-5.192371857477678639e-06
-1.746534736198598240e-06
3.810775514889035313e-07
3.389998207953420076e-07
-7.835114480504541704e-07
-2.358278942973139363e-07
-3.138513236105538581e-08
-8.961381415880759791e-08
8.745205877752612817e-09
-2.588950508985699052e-08
-1.063395790513906232e-08
2.590249374939942998e-09
2.221359269748587008e-10
1.805985234969478541e-09
2.932532971301676538e-10
8.605324724577925407e-06
-2.779780973732806699e-06
-1.556863146091417311e-06
1.145962050666786769e-06
-6.923299303163012306e-07
-5.457245300391700465e-07
-9.508433301368774462e-08
1.345665817389823328e-07
-7.561591203193943399e-09
-1.063170802602246852e-08
-8.312632103897281220e-09
4.104214192173788141e-10
1.122074406091162599e-09
-4.059644515528669747e-10
-5.494268845510259198e-11
2.899698175501907893e-06
-2.165356599968067450e-06
4.376672134117578325e-07
1.059844212540009840e-07
2.947306220268263532e-07
8.018670118639633920e-08
1.686433932348829175e-08
4.239673921473052696e-08
3.721569505999751343e-10
-2.671080807242578883e-09
-7.687752186052318251e-09
-7.064732114960783239e-10
7.246943198344554326e-10
-2.050412322500043128e-11
-1.433689697031338785e-10
-3.206406565532634550e-06
-8.921129035661416892e-07
1.374760696363709271e-06
2.625707487284446436e-07
1.317481214670782516e-07
1.332203780059473815e-07
-1.343630430836413212e-07
7.138311134327221875e-09
9.050225438182394720e-09
-1.128136130433867937e-08
2.142491087434378363e-09
-8.062112852977416831e-10
5.266932152537235072e-10
-3.102842524741964718e-10
-7.070143960999814768e-11
-6.849563940881789975e-07
-2.848896563900860064e-06
-7.418022716453029629e-08
-3.521250435562553066e-07
3.834346042950564741e-08
-6.769738440311091122e-08
2.284021553331997881e-08
1.950869899649467279e-08
-2.077744516034902554e-08
-4.946565088198396549e-09
-1.360736076326258450e-08
7.293066942497003436e-10
-1.464565750223203035e-10
-3.898558049992077809e-10
9.063075593286377092e-11
2.842905750917794952e-07
-2.041872291766960228e-06
4.471778092754630730e-08
5.272088372440459521e-07
3.294166293245752385e-07
1.382337200789829990e-07
1.543192173841122892e-08
-5.099902060157831244e-09
-1.802698426616893814e-08
7.343412021316646832e-09
-1.730230171987644560e-09
5.916795267914242476e-10
-7.752060814859488710e-10
-7.297222890573164930e-11
3.866161680148374389e-11
2.620612526819267383e-07
-3.377570388730146014e-07
4.210865720951518430e-07
1.208524226149009720e-07
-2.518340424709857854e-07
-9.585177212129200494e-08
3.330240036888800135e-08
-2.932686733774486599e-09
-7.685359235818125906e-09
-2.203168048261291325e-09
4.003508051133487414e-09
-4.894565219653022332e-11
1.187615470801822732e-09
2.750098339806222698e-11
2.047815976908137563e-11
1.245633744725028720e-04
9.773601873906983975e-05
7.957939456097207502e-05
5.473547613728020763e-05
4.025449171776661995e-05
2.523685809728354055e-05
1.595208525494720158e-05
9.794559324899196242e-06
6.425578276424595927e-06
4.167822040420354125e-06
2.830978678480765344e-06
1.995985890541045565e-06
1.415075311477805277e-06
9.790734684667424429e-07
6.349928822919917081e-07
1.459620735045292788e-05
2.716941433437608768e-05
1.896396983299656632e-05
1.308872869561263707e-05
9.722542645107926489e-06
6.305359082987314548e-06
4.188710315431962725e-06
2.449891743566615754e-06
1.551796574601865162e-06
1.017109844789792469e-06
6.706045752096279047e-07
4.610550745732393395e-07
3.231176374984893206e-07
2.276759648317630957e-07
1.532856571785815049e-07
2.699164829092804137e-07
2.552070931852951376e-06
5.296444512767109798e-06
1.662465867047150644e-06
1.236933549286429123e-07
-6.861167132852206300e-08
2.129479002553380720e-08
4.784923727241895128e-08
5.661065095281946520e-08
4.454912050746811524e-08
6.983945734587446343e-09
1.182469822364751686e-08
7.709944941761736750e-09
4.055296476057219913e-09
3.198537662661641720e-09
2.957178536782934891e-06
-1.511252799405477026e-06
1.953139012288299993e-06
8.529418105065114760e-07
-1.459184709785688336e-07
5.502146765391148681e-08
-6.328045631681061637e-10
1.673467645149928957e-07
2.329572649567403676e-08
1.390226309293522294e-08
3.130969984298667297e-09
8.329211439099799429e-09
-2.740277789426448215e-10
-7.804599206035964504e-10
3.289428360725804063e-10
8.359887010226877871e-07
-1.532193560327473903e-07
1.400923924274792702e-06
1.875615951454962611e-07
6.751065848485308832e-07
2.609787126787450084e-07
-5.354694630264755110e-08
1.178633477075384026e-07
-3.971638337056207918e-09
-9.915399708027880295e-09
1.471063232346271132e-09
2.062075477528911351e-09
7.527347734454099060e-10
6.408866204442753306e-11
1.436000575247159997e-10
2.297202586780058966e-06
-9.946888267527152974e-07
9.521716024003485046e-07
2.679062978158781579e-07
2.396102758458773870e-07
-5.115958753789579287e-08
-8.611977805964085534e-08
-1.840114444986606062e-08
2.326004263681790321e-08
-1.151672122297650683e-08
2.746083615939200066e-09
2.129537526357601192e-09
-7.837519009981200641e-10
5.278480007428810600e-10
-3.200377853645341742e-10
9.006821829087033679e-07
-2.397496942887725726e-06
-1.369961374623293298e-06
4.188277177059869556e-07
3.646019251871969984e-07
1.939636457438240588e-08
-7.890429469219611602e-08
-2.966621761251939740e-09
6.735075363347692045e-09
1.314441411655234869e-08
-4.111252194324239556e-09
1.933733744737050590e-09
3.055060198905290211e-10
3.389097676674543082e-10
-1.405426305762080109e-10
-1.379801203537230359e-06
3.318536916008635658e-07
-1.173141381462524262e-07
2.730387237903424499e-07
2.005484436668510622e-07
9.351161013979329714e-09
6.648624801086920310e-09
-1.060006162464539015e-08
-1.270880089048631709e-08
-7.122083365278409013e-09
-4.786994597898234202e-09
-3.568958475833580797e-10
6.110643686513794991e-10
-1.230766612830883294e-10
7.918860902118297588e-11
2.207028615184964086e-07
2.146628416237697268e-07
5.496461987064444444e-08
6.391045135481121198e-08
1.059503650224486161e-07
8.535327612893477820e-09
1.272987404205477559e-08
-1.910791835739392039e-08
-7.070245553674173213e-10
-1.990880323236918038e-09
7.239204120068683632e-10
-1.736438697420593702e-10
2.663907051160578702e-10
9.294374550870289474e-11
1.787682062683210331e-10
6.626203232107383333e-05
6.923017358300257199e-05
4.660885176445510168e-05
3.718613635523949039e-05
3.032870331817764505e-05
2.009705253351289021e-05
1.238799432787447097e-05
7.794927726113070953e-06
4.915073896169065159e-06
3.107557011927861620e-06
2.021996614185126330e-06
1.369384068598684141e-06
9.488908026234837136e-07
6.697625943008567554e-07
4.603562940316819215e-07
1.742668766930584624e-05
2.064500838385249052e-05
1.187667016649177687e-05
8.375393631900831159e-06
7.422089535773574330e-06
5.416055456584650834e-06
3.180195697655703891e-06
2.226851665028684470e-06
1.352368651200386035e-06
8.577638980766876940e-07
5.378080686692868974e-07
3.625856574956618050e-07
2.471273911401439062e-07
1.720842791338924308e-07
1.199045266531281153e-07
1.691562418928696106e-06
-2.047300559875534321e-07
7.325726825046345848e-07
1.288763075547352523e-06
2.401220101352203870e-09
1.285848671736342403e-07
-1.223668620533794891e-07
1.239527834396555799e-07
1.584163884533704263e-08
2.328499608807327662e-08
8.702168974557451374e-09
9.026752287636482922e-09
5.876533351661496077e-09
2.798612022150835048e-09
2.252756937856850307e-09
-4.647248715584456073e-06
-4.453591819166206273e-07
1.508935279470646589e-07
5.233318017691075937e-07
-2.680946710842430553e-07
-1.751026308634531152e-08
-1.184369857687289357e-07
4.240413740757575798e-08
1.679684689868619296e-08
4.274442525991117010e-09
7.678726780044565535e-10
-2.423607865573711349e-09
2.610287128703285848e-10
-1.243940707673454497e-10
2.440632697564838914e-10
-5.868737281575028491e-07
1.378053284226700887e-06
-9.497832324300043721e-08
3.415280852633943215e-07
-5.377637727111155165e-08
2.769525805455002727e-08
-4.468568917907903474e-08
1.427759572620652345e-08
-4.862971560648829854e-09
1.951939677090972881e-09
2.113389180435743802e-09
8.904533257657328661e-10
-1.674151954639895685e-10
-1.324526110176607007e-10
1.808069138792359823e-11
2.564640241266946399e-06
1.738725216105129669e-06
1.969345066907195723e-07
4.746965227819294312e-07
-1.055757687238165441e-07
1.309553266170160567e-08
6.086477471229070818e-09
5.905529926228480538e-08
3.470891690782296217e-09
5.182902406578863853e-09
3.639520018709404216e-09
7.288583054799687600e-10
3.914257874015131497e-10
-1.990919746793262105e-10
1.177698897822062903e-10
-6.891363905589236597e-07
2.217771116769215406e-07
3.587091854074044467e-09
6.679913336876230467e-07
3.295258524652885929e-07
-6.306230383360194265e-10
8.710611547221217891e-08
1.612225234227553986e-08
1.492997222769784809e-08
1.108310993890440459e-10
-3.448892048782515353e-09
-1.009427583457782952e-09
6.700356962576218773e-10
1.123724413868636894e-10
-1.301483325730040412e-10
5.299350543302356709e-08
5.615120443350195365e-07
-1.879597371376792722e-07
-8.159685160714302722e-08
1.983916206354485824e-07
2.376437680840303792e-08
1.850762157935486348e-08
-1.337530695610994650e-08
-4.215017499121979852e-09
2.410444155021493257e-09
1.072773993749174618e-09
-6.210646319034501966e-10
-9.460242491245661857e-11
1.005556411969460530e-10
-1.310423294230143888e-10
3.851286941508786938e-05
4.284143230243602120e-05
3.492050094363437706e-05
2.560443437013783425e-05
2.046083728406585171e-05
1.521234573348761464e-05
9.357313891432876039e-06
6.305662417861479066e-06
3.868398837734155650e-06
2.373824055181148322e-06
1.498097202822590027e-06
9.656328962724350400e-07
6.569179190073399678e-07
4.552306264013894601e-07
3.175857193366141313e-07
8.175395513586336356e-06
1.224161106789612639e-05
8.986067621472115409e-06
8.099135956239405051e-06
5.722097557131589273e-06
3.606998517986779367e-06
2.675011881967752100e-06
1.855888925038398593e-06
1.078191616677899083e-06
6.727066312173421440e-07
4.168029209809195585e-07
2.657655910213875531e-07
1.767635845808118487e-07
1.207869212299441528e-07
8.454391761183964729e-08
-3.239623831123650738e-07
7.842980235246122683e-09
3.719478506360634321e-07
1.510008204748124119e-06
-4.109973370231595111e-07
1.731433478862850285e-09
9.472618852314859604e-08
7.065926605743887551e-08
1.509514621092608722e-08
1.609178445154641519e-08
1.112698756097441974e-08
4.910064865603053916e-09
2.684709804602421622e-09
2.172081430443848750e-09
1.631364013522501816e-09
-2.027167644260700849e-06
-6.603533673578518243e-07
7.549028377438388020e-07
1.218582039190770172e-07
-1.690849561026677328e-07
2.735692274161371778e-08
1.166499574372442623e-07
2.576005315179846845e-09
-2.439466317254497590e-09
-3.988779862357851193e-09
1.767388010956686864e-10
-6.430350928124490628e-10
2.472255648095788752e-11
1.626578574600352642e-10
1.580281341331879352e-10
1.039973855207642632e-06
9.948198673373238346e-07
4.909973011056038253e-07
2.712297128237007778e-07
6.747009721800183823e-08
-9.104999591542521283e-08
4.727996256856255928e-08
-3.584865781383224559e-08
8.950472148399340862e-09
-7.619249961552235393e-09
-5.271861432225741602e-10
-8.725750273313634400e-10
-3.200637180274097849e-10
1.768241570143388451e-10
2.346291814547742402e-10
1.735622312906140067e-07
6.696973164130876182e-07
6.017795500301689196e-07
2.187095986925557918e-08
1.581798589856489547e-07
4.805724362410528351e-08
1.277201689583364999e-07
1.793838808699596425e-08
2.249858426163396691e-09
1.449216146933561749e-09
2.117082540573991418e-09
-1.204304745466350792e-09
-3.863170216047112878e-10
-3.187157305113510762e-10
-1.136732334546512728e-11
-3.183456593291547975e-07
1.948869969700811344e-07
5.292161600703003633e-07
4.654003113107272885e-08
2.022253076654427959e-07
5.019566926238726086e-08
-2.176886107136174820e-08
1.374877616697129127e-08
4.316048510194149196e-09
6.303833188559639994e-09
6.935192775140767912e-10
7.044997338920716565e-10
-4.537605728623747559e-10
3.489524600891732940e-11
-3.717402366271720444e-11
2.521268480792527642e-05
2.748709755859966676e-05
2.561489591321617558e-05
2.015706836332287647e-05
1.467360994769878882e-05
1.095311251366106196e-05
7.670821504442379445e-06
4.965560474285808320e-06
3.020065177943268058e-06
1.875783940690085449e-06
1.163232701970992062e-06
7.302425425587939509e-07
4.755447250583300993e-07
3.220775236139119016e-07
2.228362085920024552e-07
4.953787994494583570e-06
4.723928479822967329e-06
6.463167667923641080e-06
5.843306146693232602e-06
3.395718336521604128e-06
3.056157694436149670e-06
2.240939948594324556e-06
1.307249415095301323e-06
8.392554509082638187e-07
5.345015496416431633e-07
3.244263629118333358e-07
1.992243053950594545e-07
1.262085099479875297e-07
8.446251580069344984e-08
5.792070674467042367e-08
4.603546196846980667e-07
-2.189862532771099007e-06
-4.322543187905572003e-07
1.088207248010373451e-06
-2.458528099663148466e-07
-5.262485961481534540e-08
1.781950287140159098e-07
1.027599020205832879e-08
1.687689377810223830e-08
5.295087637434412058e-09
5.405914783578294193e-09
3.499259095022039785e-09
1.351638823061434132e-09
1.409779244549077909e-09
9.831466334305170846e-10
3.228786563541838475e-07
8.218534646236024208e-08
2.124180274891368658e-07
2.701233692999654203e-07
8.765297953875698764e-08
1.115219823193151407e-07
1.640677562408766541e-08
-4.918151648793624873e-08
-1.097016197336990484e-08
-2.089443214066051593e-09
2.684629307621275979e-09
-9.355667948859367549e-10
-1.001878066626801657e-09
2.631961569696524537e-10
3.210426586632477680e-10
9.304163374763155210e-07
-8.522712365327227685e-08
7.502674096590548218e-09
2.162515626434594003e-07
-1.786589443936747292e-07
1.479628382742520175e-07
2.440931507778158787e-08
1.946386169451134102e-08
-2.411683149144229483e-08
1.419689794139754603e-09
-1.113390539919781622e-09
-1.105222172981779296e-09
-3.074836037317990364e-11
-9.969264248269713028e-11
-1.242078090604886925e-10
4.026163794298870434e-07
-8.006854801464426198e-08
4.896814436935610277e-07
1.664192519304892375e-07
-1.505300698928605704e-08
1.115319656962279833e-08
7.266488994944530890e-12
-2.810175543236301850e-09
2.976744661550541246e-09
2.899401823889377988e-09
1.786747428623657266e-09
-6.628412704404042238e-10
-3.389231307212813720e-10
7.324754558312631433e-11
6.776603771129864031e-13
1.302836220875429870e-05
1.253558369695175421e-05
1.683865549342262332e-05
1.436745978430006978e-05
1.058934115004874502e-05
8.301957450894814825e-06
6.304736842856011907e-06
3.747017555978733994e-06
2.478203032120402593e-06
1.503859200673028799e-06
9.095798242351164603e-07
5.539665703368246386e-07
3.501011965156377014e-07
2.293004226956711150e-07
1.554312492334798547e-07
3.318602197822202712e-06
2.091162450374629477e-06
3.696969754403618086e-06
3.647850219647191820e-06
2.292224634257172381e-06
2.053307643738367707e-06
1.625630397265829422e-06
9.723463342794646882e-07
6.727672938144319022e-07
3.900266764522504434e-07
2.310884390900227034e-07
1.419528500239078085e-07
8.714454457439877416e-08
5.605723915376082919e-08
3.744935340405186501e-08
-1.260484331838942415e-07
-1.031832315221574530e-07
5.362906830236795829e-07
3.820482888610745764e-07
2.100269006211614076e-07
-4.225170555243782173e-08
4.026213736934706309e-08
2.364401113418940137e-09
3.124892227908452064e-09
4.117736762715679788e-09
2.951553234709395988e-09
2.062760760146433812e-09
-5.204671035453340199e-11
3.363135909371204811e-10
3.527307015591161822e-10
-1.223234156923827565e-07
2.106150713103302433e-07
3.630479173722162668e-08
3.828082643755380134e-07
1.260063667321505843e-07
2.009105873290219237e-08
3.213658606940346985e-08
-6.073803219186937011e-09
-7.662506867091675315e-09
1.596379056124127338e-10
-1.424070581288273755e-09
-5.694208458815260942e-10
1.871390076683166547e-11
2.354990350713596886e-10
-8.924516390753973391e-12
6.048723429585680898e-08
1.257054399143250866e-07
2.594977522407888211e-09
-1.209533935122249842e-08
-6.512291374901714897e-08
-2.095915796403867692e-08
1.826396652343564293e-08
8.943061502810155872e-10
-1.093138848669187511e-08
2.115212145181755072e-10
9.364135439489289428e-10
-8.764221775657426507e-10
-1.078226329954632539e-11
6.358241975831079131e-11
-9.475507342308957429e-12
8.203212651975060198e-06
1.123466786264554231e-05
1.108028517283651410e-05
9.903742106652110123e-06
7.897134054054509353e-06
6.053861585190161920e-06
4.559219771301952153e-06
2.992512977021964093e-06
1.962569252041525701e-06
1.176553533359060643e-06
7.090221329578923383e-07
4.238422531990885652e-07
2.594571282844814479e-07
1.637790385986367826e-07
1.075252384017906557e-07
1.932686342097639548e-06
2.265809152095372236e-06
2.166481980087393674e-06
2.210545451960270314e-06
1.565219177987577804e-06
1.231301518322516234e-06
9.194441752932649190e-07
6.481734428603630276e-07
3.762246889493666790e-07
2.393272419683318872e-07
1.431170657464148245e-07
8.481503477177094617e-08
5.159036101631450969e-08
3.189133658836499224e-08
2.068214060774339454e-08
-2.019793254644313076e-08
-8.607306346926405750e-08
-4.239077651237997757e-08
2.726359558993841651e-07
1.740897604450768192e-07
-1.117880992299540861e-08
4.030998194361240379e-08
-1.311698918840344642e-08
-3.471640718612264852e-09
3.628181500472726523e-09
-1.566555689423792652e-09
-5.396445603190242844e-10
2.287298187125085446e-10
2.790927682111509418e-10
1.282385396149823718e-10
1.677839020743692453e-08
5.817332138872413270e-08
3.170485572142205914e-08
7.718599389855302633e-08
1.048187919763920208e-08
-2.752126621873459951e-08
1.417700477109850299e-08
4.634734512493844713e-09
-8.590632796993355019e-09
-3.288445547364361839e-09
-9.979209364273970630e-10
-6.052245956956548640e-10
-9.653063630501629205e-11
1.397072584258679755e-10
-1.370696442634017650e-11
5.787982491417491119e-06
5.747436048248917279e-06
7.057583959740711604e-06
5.909861120152322300e-06
5.090804150785116160e-06
3.963245797740089555e-06
2.904173836355887282e-06
2.183682688534954920e-06
1.299755164083299569e-06
8.139499882614368405e-07
4.894128386295867893e-07
2.926665166889021669e-07
1.749864166378308206e-07
1.065609976258644386e-07
6.721252283751818072e-08
2.481460509355220293e-07
6.719855416344305846e-07
8.937068329071288988e-07
5.981256861324260220e-07
6.283602195642725940e-07
5.494173069326038954e-07
3.469734684118088601e-07
2.816207225595193411e-07
1.716256505399549483e-07
1.092994199953022161e-07
6.422790538849578786e-08
3.843185712554528490e-08
2.328360654744955540e-08
1.402025877340832268e-08
8.514573924106478576e-09
-1.411963955988536894e-07
-1.201728717372687257e-09
8.010365055397429259e-08
2.491669567283031111e-08
-1.860983873551571668e-08
-2.764765748716032931e-08
-4.683929263482189243e-09
1.934073259389941236e-09
5.067337035012513303e-10
-3.714215679446371955e-09
-3.880601806013318477e-10
1.584818590839403228e-10
-7.125380851345263625e-12
7.458437285246441502e-11
-1.052619396164908749e-11
2.192792407406747848e-06
2.861419316908848157e-06
2.909349334442428028e-06
3.118436687273421246e-06
2.733562886362856859e-06
2.099094377061146654e-06
1.511453556673082801e-06
1.220629584256936187e-06
7.484636543632327021e-07
5.035036878988094867e-07
3.010050717889939657e-07
1.754635401937481336e-07
1.009764750919967575e-07
5.916717593471922324e-08
3.568364520695980817e-08
1.945049021242221948e-07
2.009313736600975313e-08
6.730198831672813042e-08
1.308971805636153279e-07
1.300519332524936930e-07
1.174062400642846222e-07
8.006309416161430043e-08
7.442946024983579433e-08
4.747909375002040203e-08
3.052112173368928614e-08
1.856290952968336119e-08
1.068228210973582471e-08
6.006393876390312323e-09
3.578940492763766723e-09
2.069966920943652573e-09
6.163368739446140655e-07
7.359786627895886752e-07
7.424431062732218728e-07
8.115603763510725348e-07
7.422174256279600132e-07
5.925996938674864609e-07
4.643757017487928510e-07
3.557758231721973136e-07
2.534584104683061437e-07
1.588803796960025281e-07
9.634787206153884526e-08
5.687911638777027363e-08
3.271472614747382020e-08
1.848360763097882311e-08
1.046969663661664008e-08
