# fsigma_8
4.387625820854582082e-01
4.441607267462175379e-01
4.492039465324108027e-01
4.538979786491280088e-01
4.582493528554948958e-01
4.622653448648960106e-01
4.659538610373297751e-01
4.693233451380172672e-01
4.723827332355814423e-01
4.751413337822891214e-01
4.776087664073745409e-01
4.797949171414660485e-01
4.817098337901744021e-01
4.833636902829286375e-01
4.847667224932773467e-01
4.859291878046979596e-01
4.868612902280927135e-01
4.875731878775761419e-01
4.880748982331649666e-01
4.883763261375118625e-01
4.884871783668054412e-01
4.884169682103107757e-01
4.881750069700808159e-01
4.877703495064071304e-01
4.872118153203746083e-01
4.865079570543694998e-01
4.856670441257686099e-01
4.846970830112204420e-01
4.836057992759087432e-01
4.824006243138547201e-01
4.810887032345399494e-01
4.796768996409407348e-01
4.781717896813564850e-01
4.765796788219374691e-01
4.749065885784948815e-01
4.731582645286050437e-01
4.713402080979784969e-01
4.694576385865875667e-01
4.675155363136836995e-01
4.655186348908186278e-01
4.634714270318593399e-01
4.613781909488586241e-01
4.592429605859515984e-01
4.570695772844573512e-01
4.548616724310075576e-01
4.526226734497291182e-01
4.503558267054289521e-01
4.480641954718708186e-01
4.457506688001610651e-01
4.434179774897414328e-01
4.410686833746477742e-01
4.387052077182779231e-01
4.363298147028872864e-01
4.339446537403326420e-01
4.315517212081668164e-01
4.291529017430586457e-01
4.267499687730993418e-01
4.243445632063719830e-01
4.219382464481228889e-01
4.195324587659334803e-01
4.171285574267016294e-01
4.147278014563851589e-01
4.123313701393812036e-01
4.099403647806753037e-01
4.075557999615742055e-01
4.051786253079636690e-01
4.028097262065263306e-01
4.004499182973186855e-01
3.980999530345059600e-01
3.957605368676947455e-01
3.934323071454661758e-01
3.911158613225172442e-01
3.888117465787470639e-01
3.865204596500608769e-01
3.842424629821286075e-01
3.819781696339182853e-01
3.797279684370140074e-01
3.774921955128763273e-01
3.752711676261595852e-01
3.730651648023824984e-01
3.708744391714469679e-01
3.686992119675357449e-01
3.665396825153003357e-01
3.643960241258794031e-01
3.622683855480452464e-01
3.601569012772049549e-01
3.580616746360829050e-01
3.559828020550692695e-01
3.539203530660351427e-01
3.518743820557227453e-01
3.498449348189801023e-01
3.478320448399913611e-01
3.458357125051875758e-01
3.438559454933054482e-01
3.418927370304133406e-01
3.399460614595251617e-01
3.380158934382190838e-01
3.361021856915836770e-01
3.342048977249110764e-01
3.323239660796578065e-01
3.304593278489967867e-01
3.286109162532693251e-01
3.267786505258038487e-01
3.249624485290040221e-01
3.231622209915309130e-01
3.213778746461382063e-01
3.196093114501235566e-01
3.178564277431635832e-01
3.161191201619734104e-01
3.143972790162027353e-01
3.126907903377409426e-01
3.109995370800217596e-01
3.093234075024858809e-01
3.076622760396700573e-01
3.060160229738361215e-01
3.043845199468271367e-01
3.027676514227978233e-01
3.011652800988024459e-01
2.995772802232992138e-01
2.980035237987890828e-01
2.964438872434150829e-01
2.948982285885079491e-01
2.933664209863580674e-01
2.918483386517273792e-01
2.903438397418106054e-01
2.888528021141667512e-01
2.873750843351745576e-01
2.859105595330265204e-01
2.844590975212903383e-01
2.830205626112820005e-01
2.815948270496729799e-01
2.801817570600999563e-01
2.787812230627461085e-01
2.773930955726204295e-01
2.760172459245088805e-01
2.746535468993618334e-01
2.733018702465186966e-01
2.719620860221549918e-01
2.706340671923322394e-01
2.693176898261055996e-01
2.680128339198087906e-01
2.667193690236140946e-01
2.654371770028097766e-01
2.641661327718100027e-01
2.629061193982448752e-01
2.616570142157189638e-01
2.604186977372178746e-01
2.591910559584186813e-01
2.579739719618800442e-01
2.567673272433700915e-01
