# k_h
1.049778529704780910e-05
1.128899121383150263e-05
1.213982940399859450e-05
1.305479428291353365e-05
1.403871900482031568e-05
1.509680099319944548e-05
1.623462939531817223e-05
1.745821460599863948e-05
1.877402001655796763e-05
2.018899615662947866e-05
2.171061740921313135e-05
2.334692149289706683e-05
2.510655191980814489e-05
2.699880365356912247e-05
2.903367220844349833e-05
3.122190644902555161e-05
3.357506536938217179e-05
3.610557915157243739e-05
3.882681482607797281e-05
4.175314688098262842e-05
4.490003319288522873e-05
4.828409668063691259e-05
5.192321311322572661e-05
5.583660553564057658e-05
6.004494581150226118e-05
6.457046381884587948e-05
6.943706487586186389e-05
7.467045601687949201e-05
8.029828178562580768e-05
8.635027026306381207e-05
9.285839010118073964e-05
9.985701939222959211e-05
1.073831272654526099e-04
1.154764691705357317e-04
1.241797968793536871e-04
1.335390843153022003e-04
1.436037704031246096e-04
1.544270202220508715e-04
1.660660058417433814e-04
1.785822083245254554e-04
1.920417424891650944e-04
2.065157061517299962e-04
2.220805556883234146e-04
2.388185099035449951e-04
2.568179843380515026e-04
2.761740583093749224e-04
2.969889771530659101e-04
3.193726923171705018e-04
3.434434421630020925e-04
3.693283765401933786e-04
3.971642284352492128e-04
4.270980362414701073e-04
4.592879204655239602e-04
4.939039189734949209e-04
5.311288851884525541e-04
5.711594539841407647e-04
6.142070803769459535e-04
6.604991565028828573e-04
7.102802127798371352e-04
7.638132096000160680e-04
8.213809263757664882e-04
8.832874552761564709e-04
9.498598075447679812e-04
1.021449640883785722e-03
1.098435117029035804e-03
1.181222899328295429e-03
1.270250300874767703e-03
1.365987594542893363e-03
1.468940497128870364e-03
1.579652840717989332e-03
1.698709445389805835e-03
1.826739208435802656e-03
1.964418426407770965e-03
2.112474367545166647e-03
2.271689113452161207e-03
2.442903690317427528e-03
2.627022511499208565e-03
2.825018154942845767e-03
3.037936500666749140e-03
3.266902255454729766e-03
3.513124893937976875e-03
3.777905047449549737e-03
4.062641374399355784e-03
4.368837948461407050e-03
4.698112203600144504e-03
5.052203477904212633e-03
5.432982201359059030e-03
5.842459776091383367e-03
6.282799201276071700e-03
6.756326498830103958e-03
7.265543000247796750e-03
7.813138559480570233e-03
8.402005761656091212e-03
9.035255202692236975e-03
9.716231920517771903e-03
1.044853306469513063e-02
1.123602689778216077e-02
1.208287322880457690e-02
1.299354538677545585e-02
1.397285385033351056e-02
1.502597165831980226e-02
1.615846173552018539e-02
1.737630627791733259e-02
1.868593835267504111e-02
2.009427587977703072e-02
2.160875817482212427e-02
2.323738524600783492e-02
2.498876005288197533e-02
2.687213395008756014e-02
2.889745555614979533e-02
3.107542330544727990e-02
3.341754196096430318e-02
3.593618338634362031e-02
3.864465189825865704e-02
4.155725454431841853e-02
4.468937667773618255e-02
4.805756322797396368e-02
5.167960609666096689e-02
5.557463814044148048e-02
5.976323423720066030e-02
6.426751996953508628e-02
6.911128849957069720e-02
7.432012625249970195e-02
7.992154807274068351e-02
8.594514256666199725e-02
9.242272839961714059e-02
9.938852237290733693e-02
1.068793201685096228e-01
1.149346907163265319e-01
1.235971852106686475e-01
1.329125618800688635e-01
1.429300276977364947e-01
1.537024983094479325e-01
1.652868775519031053e-01
1.777443580380534127e-01
1.911407443972006626e-01
2.055468008773265742e-01
2.210386251458069662e-01
2.376980502630532399e-01
2.556130769524407320e-01
2.748783384499237648e-01
2.955956003888218220e-01
3.178742983603489725e-01
3.418321159894542327e-01
3.675956065795701333e-01
3.953008616100032735e-01
4.250942296172042223e-01
4.571330892572776361e-01
4.915866806333255568e-01
5.286369992789665684e-01
5.684797575203569542e-01
6.113254182949545701e-01
6.574003068880034384e-01
7.069478064593160971e-01
7.602296436755112685e-01
8.175272712388776952e-01
8.791433546158290424e-01
9.454033708183633422e-01
1.016657327683827106e+00
1.093281612734801955e+00
1.175680981385431645e+00
1.264290694996531350e+00
1.359578820073459759e+00
1.462048700751857000e+00
1.572241617631772614e+00
1.690739647005040869e+00
1.818168735579306805e+00
1.955202006940460979e+00
2.102563317219277028e+00
2.261031078744565992e+00
2.431442371880616182e+00
2.614697366769065834e+00
2.811764078332328332e+00
3.023683479656151807e+00
3.251575000761832257e+00
3.496642441814585833e+00
3.760180332003549619e+00
4.043580767683212507e+00
4.348340765897639848e+00
4.676070172131295166e+00
5.028500164057924771e+00
5.407492396207051577e+00
5.815048833853483146e+00
6.253322328075631376e+00
6.724627987843737387e+00
7.231455409209223362e+00
7.776481826193829328e+00
8.362586252846160306e+00
8.992864691168442448e+00
9.670646485247297974e+00
1.039951190797630964e+01
1.118331107326952001e+01
1.202618427366654430e+01
1.293258385075940176e+01
1.390729771396821768e+01
1.495547463189951642e+01
1.608265142988518903e+01
1.729478223736830955e+01
1.859826993963057618e+01
2.000000000000000711e+01
2.032613566105016645e+01
2.065758954557075455e+01
2.099444837667813601e+01
2.133680029166371384e+01
2.168473486505456194e+01
2.203834313205016215e+01
2.239771761234123204e+01
2.276295233431701703e+01
2.313414285966730333e+01
2.351138630838562449e+01
2.389478138418018460e+01
2.428442840029911665e+01
2.468042930577695770e+01
2.508288771210902368e+01
2.549190892036080314e+01
2.590759994871941885e+01
2.633006956049435132e+01
2.675942829257477840e+01
2.719578848435094898e+01
2.763926430710715465e+01
2.808997179389407606e+01
2.854802886988817434e+01
2.901355538324617456e+01
2.948667313646269506e+01
2.996750591823922250e+01
3.045617953587269611e+01
3.095282184817240534e+01
3.145756279891347873e+01
3.197053445083600920e+01
3.249187102019852347e+01
3.302170891189496871e+01
3.356018675514430782e+01
3.410744543976211673e+01
3.466362815302356637e+01
3.522888041712772633e+01
3.580335012727258004e+01
3.638718759035099026e+01
3.698054556427775452e+01
3.758357929795784003e+01
3.819644657190636394e+01
3.881930773953115477e+01
3.945232576908823319e+01
4.009566628632162377e+01
4.074949761779842561e+01
4.141399083495055322e+01
4.208931979883464436e+01
4.277566120562187280e+01
4.347319463282954644e+01
4.418210258630654863e+01
4.490257054798509984e+01
4.563478702441102541e+01
4.637894359606550410e+01
4.713523496749106556e+01
4.790385901823493242e+01
4.868501685462321404e+01
4.947891286237925357e+01
5.028575476010001211e+01
5.110575365360458733e+01
5.193912409116882856e+01
5.278608411966081349e+01
5.364685534159155367e+01
5.452166297309616283e+01
5.541073590286040229e+01
5.631430675200820701e+01
5.723261193496554000e+01
5.816589172131745045e+01
5.911439029867264594e+01
6.007835583655437972e+01
6.105804055133244646e+01
6.205370077221426328e+01
6.306559700831200388e+01
6.409399401680343544e+01
6.513916087220420081e+01
6.620137103676964330e+01
6.728090243204484011e+01
6.837803751158114096e+01
6.949306333483880849e+01
7.062627164229415655e+01
7.177795893177260211e+01
7.294842653602478322e+01
7.413798070156961728e+01
7.534693266882113960e+01
7.657559875352353629e+01
7.782430042951314419e+01
7.909336441283041097e+01
8.038312274720338735e+01
8.169391289092514796e+01
8.302607780514794911e+01
8.437996604361714503e+01
8.575593184386839596e+01
8.715433521991201360e+01
8.857554205642875900e+01
9.001992420450115162e+01
9.148785957890724774e+01
9.297973225699880118e+01
9.449593257919394773e+01
9.603685725110729265e+01
9.760290944734576613e+01
9.919449891699721888e+01
1.008120420908389292e+02
1.024559621902945423e+02
1.041266893381676226e+02
1.058246606711810216e+02
1.075503204543512368e+02
1.093041201972281584e+02
1.110865187720295069e+02
1.128979825337034413e+02
1.147389854419462836e+02
1.166100091852130731e+02
1.185115433067472992e+02
1.204440853326683225e+02
1.224081409021459024e+02
1.244042238996980245e+02
1.264328565896460219e+02
1.284945697527622315e+02
1.305899028251458844e+02
1.327194040393636385e+02
1.348836305678916858e+02
1.370831486688969107e+02
1.393185338343954527e+02
1.415903709408262898e+02
1.438992544020825903e+02
1.462457883250350221e+02
1.486305866675943719e+02
1.510542733993497961e+02
1.535174826648272131e+02
1.560208589494096998e+02
1.585650572479636935e+02
1.611507432362147370e+02
1.637785934449181013e+02
1.664492954368692779e+02
1.691635479868011203e+02
1.719220612642145340e+02
1.747255570191899210e+02
1.775747687712306231e+02
1.804704420011821639e+02
1.834133343462858363e+02
1.864042157984076482e+02
1.894438689055053260e+02
1.925330889763751827e+02
1.956726842887421469e+02
1.988634763007405297e+02
2.021062998658442780e+02
2.054020034513017094e+02
2.087514493601325682e+02
2.121555139567450396e+02
2.156150878962308184e+02
2.191310763574022928e+02
2.227043992796247949e+02
2.263359916035169590e+02
2.300268035155695543e+02
2.337778006967600390e+02
2.375899645752145375e+02
2.414642925829956255e+02
2.454017984170738487e+02
2.494035123045563580e+02
2.534704812722402494e+02
2.576037694205614343e+02
2.618044582020108351e+02
2.660736467040904358e+02
2.704124519368838833e+02
2.748220091253151622e+02
2.793034720061762641e+02
2.838580131299929690e+02
2.884868241678199752e+02
2.931911162230313721e+02
2.979721201482032598e+02
3.028310868671558183e+02
3.077692877022537346e+02
3.127880147070392809e+02
3.178885810042916660e+02
3.230723211295982651e+02
3.283405913805287923e+02
3.336947701715032508e+02
3.391362583944464291e+02
3.446664797853242703e+02
3.502868812966548830e+02
3.559989334760993529e+02
3.618041308512179626e+02
3.677039923205103378e+02
3.737000615508216015e+02
3.797939073812400466e+02
3.859871242335702277e+02
3.922813325295085178e+02
3.986781791146159435e+02
4.051793376892068750e+02
4.117865092462636198e+02
4.185014225164920276e+02
4.253258344206348056e+02
4.322615305291586196e+02
4.393103255294430483e+02
4.464740637005779149e+02
4.537546193959152561e+02
4.611538975334773909e+02
4.686738340943746834e+02
4.763163966293387830e+02
4.840835847735257289e+02
4.919774307697079507e+02
4.999999999999998295e+02
