# lsst_simulation
2.701296767482549065e-09
2.023260348535105330e-09
9.494407077000963129e-10
7.148162574352467971e-10
5.396354637639948529e-10
3.553859237080667648e-10
1.952897683210220752e-10
1.614864610718407350e-10
1.105519989165403512e-10
6.640327086272551873e-11
4.321372062451602515e-11
2.716742455791451537e-11
1.629166738000407101e-11
1.108758662658192888e-11
6.530665458227311522e-12
3.821110396075081320e-09
3.027510830224506535e-09
1.644854610990528334e-09
1.209001517121489441e-09
8.080693437762990494e-10
5.535895120647759199e-10
3.533547557328714357e-10
2.664342797383480574e-10
1.712177360404235826e-10
1.231626075328134024e-10
8.234798850624002186e-11
5.533865267862143369e-11
2.893299430677868731e-11
1.808293123939503835e-11
8.921095681021974976e-12
3.724443593519522481e-09
2.844456970881851734e-09
1.696418553914387169e-09
1.174669002241840540e-09
6.987960638629862259e-10
5.050492263944163978e-10
3.459051915175370989e-10
2.381307846331074160e-10
1.839414924689629869e-10
1.177212262761028122e-10
8.037588769619368865e-11
5.447707615958763979e-11
2.809586869025503526e-11
1.550593112129592984e-11
8.090049265110801959e-12
3.550253416662321423e-09
2.526290234932669444e-09
1.629626051802269461e-09
1.167672649332830423e-09
6.988726733809706694e-10
5.047292070671354642e-10
3.359261627610995748e-10
2.353665257766918485e-10
1.780153617323460875e-10
1.221510367674193367e-10
7.866864133602941451e-11
5.661217020689084547e-11
2.961496965348323128e-11
1.775857521671935592e-11
7.402199251449698318e-12
3.419491722952305169e-09
2.389231972516715539e-09
1.637925556580822902e-09
1.091043374081354748e-09
6.744444544617737307e-10
5.600115383315784079e-10
3.317110018493361673e-10
2.259674736089726978e-10
1.750387457554639919e-10
1.204301126268415569e-10
8.401400146370330394e-11
5.383143850052090712e-11
2.768754220891962409e-11
1.660676367426658313e-11
7.967976370536835600e-12
1.355124583713135748e-08
1.033522130286545684e-08
7.670585635486125953e-09
4.815777447619091409e-09
3.411859284578084806e-09
2.098807174665120109e-09
1.429515646840388540e-09
9.346238795499652955e-10
6.292090003752044040e-10
4.364488935632050259e-10
3.021483134176948156e-10
2.086263831103232177e-10
1.347534945617612702e-10
8.217237271379852485e-11
5.024897895761622148e-11
1.777757282837020547e-08
1.328860208503626761e-08
9.990969224700086276e-09
5.858892321040169503e-09
4.342669002674057319e-09
2.727160274438963100e-09
1.903039463165374687e-09
1.184047567103110088e-09
8.162693096373351117e-10
5.472770905317962346e-10
3.851934870173993240e-10
2.652331730079795668e-10
1.693161910478130249e-10
1.080804851920356067e-10
6.533899601576736089e-11
1.966288232640596028e-08
1.501738477107123906e-08
1.066338474956462373e-08
6.616383583447918419e-09
4.888984238559151537e-09
3.028875323000870875e-09
2.097721872583129881e-09
1.291984274265478130e-09
8.932109454004402348e-10
6.056078675071798274e-10
4.205330137178643472e-10
2.919751000016131554e-10
1.896748507004868618e-10
1.217063384485438876e-10
7.209193025269674562e-11
2.162802305413259938e-08
1.625578028747467687e-08
1.128887932219442442e-08
7.205253620360171093e-09
5.454066658901850710e-09
3.245261404424759549e-09
2.308066445301209607e-09
1.386294869556694015e-09
9.638154158473570299e-10
6.485717146370267920e-10
4.580383633615065891e-10
3.178308866572657565e-10
2.092875294868674421e-10
1.315034711436760301e-10
8.004947575474863093e-11
2.835953579938828812e-08
2.099077294973406350e-08
1.616419023026891371e-08
9.719024506852707055e-09
7.519201000254308982e-09
4.876489480867231189e-09
3.275968664718339582e-09
2.091120100844690106e-09
1.414686730329882228e-09
9.228043753863178584e-10
6.317776729261799812e-10
4.282165404132127388e-10
2.847343332389801262e-10
1.845583685986466054e-10
1.155542243063801119e-10
3.366507240545961764e-08
2.659049915014012572e-08
1.933203962217726152e-08
1.224964161521815003e-08
9.614153507566730829e-09
6.125927688084076001e-09
4.167886162676392113e-09
2.623509239539703454e-09
1.727684593285403762e-09
1.135126433328557628e-09
7.711767095156302725e-10
5.217348017683508457e-10
3.530990989195730522e-10
2.336180478168919660e-10
1.482601937185721490e-10
3.817260667300560173e-08
3.075462139376636842e-08
2.194489767814296110e-08
1.410292723325215000e-08
1.152553572282036396e-08
7.073987849139487761e-09
4.904965706835595324e-09
3.039445117595825667e-09
2.003003191831057089e-09
1.307923952114024236e-09
8.871861491236073388e-10
6.073725476596589565e-10
4.088567288579000799e-10
2.715522537266918008e-10
1.715411898928726257e-10
4.372455576098822684e-08
3.799374331884600183e-08
2.646156781439279395e-08
1.818487047911311096e-08
1.451834162866845651e-08
9.232836977803304760e-09
6.449872949480627241e-09
3.960256403000314178e-09
2.565257970566659815e-09
1.673222617801601285e-09
1.112543688103970994e-09
7.558733520027431563e-10
5.085809245650424818e-10
3.400487926797265744e-10
2.173299198373170380e-10
5.213905363347104137e-08
4.674075548203234134e-08
3.282052233985568426e-08
2.317965189124789938e-08
1.906275058625736021e-08
1.188711810646382134e-08
8.538091590749651954e-09
5.142025268615067318e-09
3.340869852667108038e-09
2.153972783926832061e-09
1.425164673201391617e-09
9.544406553091672184e-10
6.424724289354644855e-10
4.327867777934247221e-10
2.784185346128663878e-10
6.847259067405476606e-08
6.320897788523616112e-08
4.772210380689415214e-08
3.511344540916985745e-08
2.971123903871905781e-08
1.867443259045124001e-08
1.379474990406462173e-08
8.473711985408349853e-09
5.431540599367074717e-09
3.459177979755075686e-09
2.238351987934287443e-09
1.462972595070764728e-09
9.718629580439405126e-10
6.423498838317237735e-10
4.210408641226656717e-10
4.850008996947872393e-07
3.828685180574807251e-07
2.097033231374407197e-07
1.499881664935937322e-07
1.048204218123535656e-07
6.812914732385242440e-08
4.479648615366042793e-08
3.098853687524789737e-08
2.166812622787198282e-08
1.502769543015968622e-08
1.037817298779757147e-08
6.766827771348869861e-09
4.030309098765337433e-09
2.456637589406517478e-09
1.364699437882765089e-09
1.477245338647301254e-06
1.150991973943142251e-06
8.356258692857176819e-07
5.015192410353974074e-07
3.634316508051295614e-07
2.249103635151670136e-07
1.498583075414002388e-07
9.916635825117989565e-08
6.774635323265311023e-08
4.801407868575573076e-08
3.330287578256756624e-08
2.295447256135753973e-08
1.468457352098215771e-08
8.981314109898789680e-09
5.291943519787362670e-09
1.862919857206729950e-06
1.386661711717963883e-06
1.026210104464367214e-06
5.737978342779670906e-07
4.341500009189284750e-07
2.734132066775799768e-07
1.849318345003874511e-07
1.186073858326555737e-07
8.315297981291786824e-08
5.750073846462954943e-08
4.001512493372760102e-08
2.745797933998795737e-08
1.787211617977813077e-08
1.101221745630332333e-08
6.451651306118722974e-09
1.997817494580375005e-06
1.565899310959218383e-06
1.099089822509404893e-06
6.463122062954432691e-07
4.952786827819023691e-07
2.973624316128182138e-07
2.026946359065406405e-07
1.300063413899548833e-07
9.011748929655158099e-08
6.264545798976644890e-08
4.366006861333181607e-08
3.015431120885545798e-08
1.964370839188126871e-08
1.225545090991916546e-08
7.157924168954516287e-09
2.246436046719736489e-06
1.701407063865738214e-06
1.144842842513569217e-06
6.899248498910774830e-07
5.551092546965477961e-07
3.122670506853777373e-07
2.235820723928892112e-07
1.388003085075653868e-07
9.625058352341269608e-08
6.734527874758969219e-08
4.729041849393635385e-08
3.245758110812673421e-08
2.134631547104810054e-08
1.323675660936051959e-08
7.763517633634901766e-09
-1.146871299118499644e-07
-9.465293724153626609e-08
-5.513760027643493835e-08
-3.731617678446131777e-08
-3.795039663963986117e-08
-1.982593258107886223e-08
-1.060054014562518890e-08
-6.182085763096265487e-09
-4.288134886219320785e-09
-2.584676191268985219e-09
-1.785059769901256809e-09
-1.075214708981008347e-09
-9.552012658021246085e-10
-6.591907102845184232e-10
-4.268556422910007610e-10
7.675690678690297451e-07
4.584601168294747891e-07
4.157595695737265273e-07
2.720812164962129198e-07
1.865010268801331405e-07
1.165840701633197803e-07
8.434161904386991035e-08
4.884353110786253527e-08
3.214815140537917838e-08
2.114774752506651973e-08
1.458626861667257332e-08
1.031298186947347053e-08
7.332314709536437207e-09
4.966284692354933101e-09
3.188692053410492455e-09
1.340095161610111279e-06
8.530285360315751573e-07
7.340979411677083259e-07
4.753334497091837610e-07
3.431822707120499973e-07
2.168661053926517195e-07
1.500355001509841195e-07
9.110472551775445020e-08
5.916656965455934242e-08
3.792378155402436106e-08
2.612188740840271681e-08
1.821312818864060678e-08
1.296289688262088924e-08
8.937401258304788046e-09
5.768411411670367390e-09
1.682540040724137112e-06
1.120937514627364547e-06
8.512222030019528004e-07
5.818194832909227122e-07
4.277035666279960142e-07
2.713270547537003875e-07
1.893239901868141739e-07
1.118410908989939296e-07
7.199955878451426026e-08
4.706397531164717700e-08
3.204380846466801157e-08
2.278259407159129671e-08
1.598601619411141062e-08
1.102376915745103452e-08
7.174446155738191807e-09
1.877855736071760419e-06
1.301801852479041937e-06
9.744525788757283871e-07
6.575987779183350917e-07
5.168955449872821335e-07
3.083892837873831041e-07
2.243554484199610099e-07
1.294952621515153014e-07
8.493931848731431285e-08
5.478974873211153575e-08
3.723448365945578009e-08
2.663055144792398395e-08
1.870692973626957604e-08
1.292120943371857766e-08
8.380341608671780343e-09
-7.639726808488095841e-08
-4.963233266024236044e-08
-9.590878527766045044e-09
-1.239609374589681514e-08
-1.577426829405737963e-08
-8.629255918885047451e-09
-6.718104654147056380e-09
-3.906892341633458806e-09
-2.361995734334096484e-09
-1.768906894348001112e-09
-9.836981718503913882e-10
-5.974784332906054624e-10
-4.660205366945076240e-10
-2.915082004487061959e-10
-2.274736445625626919e-10
1.625393564370924710e-07
1.308639163232172504e-07
7.762690136471568044e-08
3.430902334193576297e-08
2.777342640640066092e-08
2.214726070843424300e-08
1.818683145082655795e-08
9.561694573212179494e-09
6.433107376651729466e-09
4.010394232558851241e-09
2.976654131962805757e-09
2.001065143097775946e-09
1.366115942610862781e-09
9.406563808129606958e-10
6.462055209648040108e-10
6.909997161802542847e-07
5.935678433250123102e-07
4.057018412929923437e-07
2.842950292509311200e-07
2.321295425088973229e-07
1.564224765035828740e-07
1.046050552482292027e-07
6.611957975525542586e-08
4.172516783742060730e-08
2.619745942964154456e-08
1.758902217525726764e-08
1.144850656698823955e-08
8.075749990619691156e-09
5.688327128179725965e-09
3.886433201253611218e-09
9.368987409979783086e-07
8.580824450520575266e-07
5.962200952722040449e-07
4.207863000060835724e-07
3.451753642771798215e-07
2.286955889378737232e-07
1.561330087725271237e-07
9.709002297096730574e-08
6.010826240263974070e-08
3.794358569117392408e-08
2.504488132107918961e-08
1.678175675048818417e-08
1.170452666336954330e-08
8.243073607877123577e-09
5.647105920058922117e-09
1.113335051728423330e-06
1.094616973217877330e-06
8.000337730290427211e-07
5.553014833079092702e-07
4.517707953467599892e-07
2.944207570696125608e-07
1.982959810140413461e-07
1.231267278906681179e-07
7.714360628377060159e-08
4.817927178439858099e-08
3.143017456769288318e-08
2.143916206060202071e-08
1.490545124513404639e-08
1.051215283298448619e-08
7.160731414675187411e-09
-1.931291069719267997e-08
-3.600781863357203073e-08
8.033359226518340286e-09
9.907277774727578664e-10
5.857074060714404681e-09
-6.169603088803738623e-10
7.377441773444679447e-11
-1.570044170319873280e-09
3.945124911952802690e-10
-2.379938475723176592e-10
-2.073704869909566480e-10
-1.437733177750102346e-10
-4.064417674300273413e-11
-1.254776401811080258e-11
-3.663615608450749181e-11
-1.030307763166702811e-07
-4.504532960561798229e-08
-5.571361247733759613e-08
-3.141824755135275710e-08
-8.602436141170026392e-09
-7.715286737256281297e-09
-7.017643792236680973e-09
-6.690478307411794834e-09
-3.264363569054768375e-09
-2.211132504405258677e-09
-1.309326883049818873e-09
-8.169984974508394653e-10
-5.492721670646185457e-10
-4.117524977043682671e-10
-2.639244158214415049e-10
1.439478759032844412e-07
2.418165340155822342e-07
1.645999693413157095e-07
1.392531070401745880e-07
1.443933438637765534e-07
9.335137571511101707e-08
5.648166481237493445e-08
3.697341462402459343e-08
2.375169191164741035e-08
1.399098163321527382e-08
8.966645810281801820e-09
5.810377495757926628e-09
4.014205024618278484e-09
2.791123617913652148e-09
1.940066481507705345e-09
3.817423692804599606e-07
5.449818488354483759e-07
3.754851546291518068e-07
3.058460667744626309e-07
2.888694582725258739e-07
1.926621297920392270e-07
1.233848071843088941e-07
7.749529927278422711e-08
4.906360652293359285e-08
2.975354075298576265e-08
1.909145058032619741e-08
1.235744409298936342e-08
8.321075612034647234e-09
5.783047294165304293e-09
4.037244638646345810e-09
5.852430588339332057e-07
7.421343001190506624e-07
5.288847553894362076e-07
4.225252407150313894e-07
4.074455512185060919e-07
2.707495449924974087e-07
1.759620528748157348e-07
1.104552023296210685e-07
7.056937087004420560e-08
4.218737904966742218e-08
2.711957988958370240e-08
1.732909447865883073e-08
1.183601832832334258e-08
8.170713562130016074e-09
5.708032452832906801e-09
2.275296813652140055e-08
-1.924418421547513904e-08
-1.283430417863488960e-08
-4.732524726778273261e-09
-2.005837095863035746e-09
-2.966212987612717066e-10
8.633162697928335490e-10
-7.776697367204465682e-11
5.124059963457425872e-13
1.845701051418817327e-10
-1.360237104046884424e-10
-4.423044066772601470e-11
-1.823939980935875285e-11
1.001613661887001474e-11
-1.337516183455789868e-11
-1.025266403341477610e-08
-8.624247226791668054e-09
-2.752927647569993335e-08
-1.888370893298175607e-08
1.423862264673720821e-10
-5.313805780936505864e-09
-2.942861803776736758e-09
-3.404304474447302834e-09
-1.457160808757643636e-09
-1.265701893984595625e-09
-5.995935985506820674e-10
-4.469369572995803428e-10
-3.081578716745606884e-10
-2.036843188040367059e-10
-1.372501836908197077e-10
7.704942200298479798e-08
9.970311237523065783e-08
2.905666539936501904e-08
1.704496068128538653e-08
3.752601309915776192e-08
1.663461015685448214e-08
1.569801929229229851e-08
9.062609525438342703e-09
4.847369785990597748e-09
3.278108273218299110e-09
1.882600428456615130e-09
1.266333533217490341e-09
8.464271257091881121e-10
5.645216138353801437e-10
3.952538768483360089e-10
3.154817295764944771e-07
4.258998503718637764e-07
2.748606844911825019e-07
2.077502314227993891e-07
1.868330246149598930e-07
1.207150307984054828e-07
9.512960239861566807e-08
5.522571329464465132e-08
3.431583310061482591e-08
2.165555919032206684e-08
1.326251949220430091e-08
8.399530335654296752e-09
5.539745799561585516e-09
3.728508520404253923e-09
2.576229470845784961e-09
5.200759812304792680e-07
6.778822825963028291e-07
4.650050482665554345e-07
3.585965931758497284e-07
3.080061006248072402e-07
2.018038010245700612e-07
1.601447468031539547e-07
9.580953236273846360e-08
5.763993084191099477e-08
3.668983169181304335e-08
2.258705889699184151e-08
1.410330839114860298e-08
9.343610576690967622e-09
6.210907891238761614e-09
4.346453481243162103e-09
-2.016542939137732054e-08
4.228205983833404459e-09
-9.790124901506575906e-09
-4.463774302089450275e-09
-5.013559078599137621e-10
3.018425984287866242e-09
-2.134552454037034498e-10
-1.135758379770317520e-10
-1.550346624718775328e-10
1.371192454688180386e-10
1.165621672210452518e-10
6.089386218609573615e-11
6.608005966905645129e-11
1.974201796710920462e-11
2.227058295863883510e-12
3.177087779913806407e-09
1.797681687138115121e-08
-9.516266797477356873e-09
3.515771119572046710e-09
1.906010775663129145e-09
-2.722106780681635236e-09
3.423165172406756303e-10
3.081401595857310150e-12
2.883456076474092387e-11
-2.955044486032707269e-10
-9.877743577351798719e-11
-6.355916381801614897e-11
-4.790380009939970312e-11
-3.328045284179992761e-11
9.557324342215823712e-12
-2.340796526166627072e-08
2.405708066743227722e-08
-2.316209575254530998e-08
-5.621308121363830371e-09
-3.742949963966212349e-09
-1.086838396741154399e-08
-5.295045924283801150e-09
-3.924550140016483498e-09
-2.569857584743293545e-09
-1.598321181628358598e-09
-1.004418319125444783e-09
-5.420535210324890842e-10
-3.537575494281207438e-10
-2.311216895917789542e-10
-1.377403823578028239e-10
1.068499752281933453e-07
2.059859964414945769e-07
1.197865080546264530e-07
1.241381727205923802e-07
1.011458652595027159e-07
5.909705068350999997e-08
5.365642796435291450e-08
3.061313914922572396e-08
2.000531344258371465e-08
1.208499300554467414e-08
7.290808806082651131e-09
4.606728702254716374e-09
2.942634396398870400e-09
1.938479400550385222e-09
1.333776825943175261e-09
2.691658387108371541e-07
3.848063043804823848e-07
3.128623253789869196e-07
3.011789571249190718e-07
2.329714903075773892e-07
1.538704015870149151e-07
1.274691305692300790e-07
7.454309750032273693e-08
4.899385513570795799e-08
3.024615110950765880e-08
1.833709558021609767e-08
1.121342355367551525e-08
7.178496203154313477e-09
4.652316286389803443e-09
3.187590668043775793e-09
7.060700291466043713e-09
-1.702893284934434100e-09
2.686158651493059497e-09
2.562181623361335393e-09
6.311386439683111989e-10
2.415303493543691540e-09
-5.184416044502952993e-10
1.548535409181232032e-11
-4.736037406025288130e-10
5.358955188069126097e-11
8.122000316636412886e-11
3.026998255880512485e-11
-6.944434396487364444e-12
9.140724640569748540e-12
-9.649991184025512291e-12
6.260055294882055439e-09
4.396501175902746693e-09
-9.091682569009348493e-09
6.473884573074932952e-09
1.514173360109467252e-09
-3.876171036761573370e-09
-9.411380657620631786e-10
5.939159276253802704e-11
-1.176495628384388199e-10
-1.421386948743493676e-10
-1.728110192581286337e-10
-4.109532924676034947e-11
2.200092616529135273e-11
2.415619494991573533e-12
8.178049736887233775e-12
-2.188667075445080689e-08
-1.440707584236886818e-08
-9.028401065333244657e-09
-5.852993508723655963e-10
-2.949193893161727065e-09
-8.512943978170829577e-09
-3.217189152957469168e-09
-2.281501265963494787e-09
-1.685739690229163230e-09
-9.743136274972924284e-10
-4.126983120762250442e-10
-2.896295201755411612e-10
-1.970132675573763000e-10
-1.200950276118704195e-10
-6.883625700231254743e-11
8.148765555290984278e-09
4.652992731749552383e-09
2.941240758023900241e-08
3.667396894139440059e-08
2.837524563742737485e-08
1.057528843691990600e-08
1.549986833410084421e-08
7.372931415452694744e-09
5.141121532544878765e-09
3.398127823955487876e-09
2.013158417551045870e-09
1.202737234094824024e-09
7.654993777656974040e-10
4.933111950371069851e-10
3.237292581754124905e-10
1.672309850359595353e-07
1.524036872666886102e-07
2.266088142012887521e-07
2.060475684900642403e-07
1.677560087962537317e-07
1.116663739288851078e-07
9.408045547889436489e-08
5.959798723588689133e-08
3.847967405853382116e-08
2.341435668697528684e-08
1.402966628869036983e-08
8.456721156285459774e-09
5.222466815669345491e-09
3.278903452106117007e-09
2.178009711040710008e-09
6.607772882419694609e-10
2.993294835565676396e-09
4.564919466342269687e-09
-2.127397965754708680e-09
-2.397690012322085468e-10
5.695437004449934123e-10
-2.016610880991876532e-10
-2.087691353937939273e-10
-8.302527129778241000e-11
8.620172961253120492e-11
-3.313582064910617080e-11
-2.558629297812541361e-11
1.061138856106083908e-11
2.705379340386382478e-12
4.520841830703127388e-12
1.823455072002819731e-09
1.492781289852404867e-10
-2.242777006173322798e-09
1.952386724340655892e-09
4.619301149828620499e-09
1.042851406895292184e-09
4.051832676824875390e-10
-6.843519820486336069e-10
2.822881294519544399e-10
-1.673512425111085178e-10
-5.124337137815879028e-11
-9.706783122834477417e-11
1.902864124831183454e-11
5.577134339964751612e-12
8.268113166059321224e-12
-1.331141414575458952e-08
1.892370601702458816e-09
-8.881389548701671721e-10
-5.156867556249154564e-09
7.022692196384354408e-09
1.826566523049147630e-09
1.533047065564919536e-09
-1.060343051544602445e-09
-1.104867368848380359e-10
7.502846031131053624e-11
-2.087815050381837538e-10
-4.655768740160588858e-11
3.756322741663777452e-12
4.906945552220026813e-12
-6.780186264219487435e-12
-3.328637606098081867e-08
-1.900954618749477656e-08
-2.788182550406962696e-09
-1.560248565937974488e-08
4.527102970009446409e-09
-4.000215654705862274e-09
-2.516163035643788157e-10
-2.600875071490488865e-09
-1.028245531049744499e-09
-7.425863692062603121e-10
-6.247415508663289341e-10
-2.950869590238853778e-10
-1.372246284738512426e-10
-9.017928874068253785e-11
-6.933901876302110280e-11
7.442559493856165049e-08
1.055898522022228035e-07
1.509953500609623994e-07
9.944331756687908722e-08
1.136385700357723103e-07
7.176252769906994668e-08
5.822000522903312915e-08
4.027211908219509760e-08
2.455450115184168403e-08
1.533659516420962895e-08
8.964322469484786377e-09
5.426721128103543193e-09
3.307306552815709946e-09
2.036812846478842472e-09
1.273381945256448614e-09
-6.337297744114819768e-09
3.185825596181343235e-10
-6.704024570636939892e-11
-1.573085393472617051e-10
-1.222522229305360854e-09
1.346262295878965634e-10
-3.097026015708291946e-10
-2.385565728711440342e-10
-9.034415795453062276e-11
9.818635283089471803e-11
-2.797116012829968628e-11
-2.685201908113666191e-11
-1.511741674227397330e-11
3.100838776127947040e-13
4.577846834894767316e-12
-4.284520400080929004e-09
-8.420911980706245318e-09
3.245704401463118543e-10
-2.094522593504050480e-09
-1.496484208414317435e-09
3.912690628083600027e-10
9.932702988020488261e-10
-2.001474299902230914e-10
1.103766451943740893e-11
6.645844335667339956e-11
-4.947753603392628871e-11
-3.817935444651446590e-11
1.363599903773125222e-11
-4.344001626788249169e-12
1.259221466085699513e-15
-2.104837211309244643e-09
-8.016032218438657346e-09
9.404934109750761399e-09
-1.547359617336882178e-09
-9.058551575797609937e-10
-1.381929419362678746e-09
1.456956575640728360e-09
4.014485143245839168e-10
-1.112845011638841988e-10
4.146562833481299460e-11
-1.246395686923869708e-11
1.802517231842647216e-11
2.278699121812171888e-11
-4.098445554388336155e-12
3.483270240320876221e-12
-9.969120522790091623e-09
-8.474676749150459184e-09
7.482936512431466986e-09
1.804867435446600233e-10
4.813443756252594384e-09
-3.168592427462011754e-09
1.498112331159380015e-09
-7.132247829558548913e-10
-1.845569119464223305e-10
-3.605134772986435192e-10
-9.515463212216006282e-11
-1.466737551091169089e-10
-7.304832632585512209e-11
-4.492502083186595858e-11
-2.816368768497580444e-11
2.002066770110838830e-08
1.120820670458824667e-08
5.946248920887438779e-08
4.896598216909171562e-08
4.829812698010920890e-08
2.535423224371181799e-08
2.360228296987599063e-08
1.666953657414797301e-08
9.587759592935282685e-09
6.636268918761888492e-09
3.902852344185204373e-09
2.252143518669223978e-09
1.324340822198122599e-09
7.749595614391154751e-10
4.709350403746200285e-10
-2.423598522278902657e-09
6.126756869562968906e-11
-7.459863426699759668e-12
-8.964185010599528866e-10
5.912791917175189046e-10
-2.444625871653380263e-10
-3.985571363010743228e-10
1.560092019628827556e-10
-1.242733151406272781e-10
7.656450778361411067e-11
-2.408526015113170585e-11
1.431620503158815552e-13
1.037424933011271467e-11
3.003238200218897320e-12
-6.442035711366844180e-13
-3.351635777727147598e-09
1.298512027754911300e-09
3.538095313558844091e-09
-2.364625603169138385e-09
4.923325784908382444e-10
-1.056097838247296587e-10
-2.601234979917368976e-10
-1.367999163678678578e-10
-7.128673436879774768e-11
-2.963258696096213444e-11
-3.325342927305805577e-11
4.519828085019628498e-12
-1.303931019676072217e-11
9.928282106872717543e-13
-5.170857645488672351e-12
-2.528831200358567300e-10
-2.394729009236086706e-10
3.324719131415357441e-09
-1.434742441835479102e-09
-2.738452769874384583e-10
-2.070782461469691144e-10
-5.895922454302848790e-10
-1.213804199716771891e-10
-1.235401485220642407e-10
5.790591283793769811e-11
3.152129322297363118e-11
-2.184870712020423305e-11
-8.202913065367209126e-12
-5.066005754095723117e-12
3.384050904310367509e-12
2.859227362069952157e-09
-1.915080023332132958e-09
3.348169040302590416e-09
-4.215367673168885763e-10
-6.845890229304731911e-11
9.226777271791262715e-11
3.399153362330954092e-10
2.001763102550948266e-11
-7.045767668351188765e-11
9.700717292926547497e-12
5.616564600147550160e-11
3.142847454907703999e-12
5.911208512170683325e-12
4.403759572192740009e-12
1.741908669252725515e-12
7.129958261754904780e-09
2.060959497077070173e-09
1.827833599052904456e-09
4.474501670222179886e-09
3.344673736564962421e-09
4.639533338889923612e-09
3.320526331445198162e-09
2.316959372748849508e-09
1.390146409916600068e-09
9.671076380990421882e-10
6.186453942331514486e-10
3.670407157541919392e-10
1.909426824474814978e-10
1.287648725637457383e-10
6.442243093055050702e-11
1.931306793392220179e-04
1.551789064216075958e-04
1.077606655904137965e-04
6.597041946082881682e-05
4.760848274761875096e-05
2.979359655154422752e-05
1.967729448768111238e-05
1.278427953042866877e-05
8.818280935243646385e-06
6.244537722386091520e-06
4.373325051951093109e-06
3.007357122593320209e-06
1.955199950041834496e-06
1.203313926389077484e-06
7.027860866911081560e-07
4.234621168090623334e-05
1.671439243561558224e-05
2.212107584370872474e-05
1.018889027920388673e-05
7.153338968850173413e-06
4.534917418904669155e-06
3.516159261313489673e-06
2.113366864639055902e-06
1.441221092570085494e-06
9.428631181583174938e-07
6.531221255515009751e-07
4.709544180228403003e-07
3.330116256123478651e-07
2.200887972579847268e-07
1.383718931567261610e-07
6.564422434611014048e-06
8.280494234125151878e-07
4.151904071865190851e-07
-2.015536000737934842e-06
-5.842412549811617710e-07
-2.565829881831478179e-07
-9.407833647837947755e-08
-6.674774131307859415e-08
-3.758431935080914408e-08
-1.645014314564753464e-08
5.652307317637809519e-09
5.584255064461668114e-09
1.904641523901982899e-09
1.357891105985102226e-09
1.360995614105435975e-09
-7.104433731221591203e-06
-2.747927760256463038e-07
-1.813721543195524007e-06
-2.100432762205720304e-07
1.571638436780669399e-06
1.600178702838203081e-07
1.322846937083979475e-07
-1.241781817737047327e-07
-1.522712607667379802e-08
-5.754989393609085140e-09
-1.258010191744124074e-09
-2.592116154994014804e-09
6.189092857590578488e-10
-8.236331463328206402e-10
-2.655251951175313644e-10
2.747065195178316087e-07
2.211620008564830239e-06
-2.295301893512048626e-06
-8.214204741843764459e-07
8.690427942345388461e-07
-2.571612958994837093e-08
1.696897776974279941e-07
-1.072639912645395504e-08
1.495290697611150873e-08
-1.277518665621543613e-09
-2.905298054380857387e-09
5.098435734154650933e-11
2.807304387626100445e-10
-4.978779416877322409e-10
-1.519353237203141400e-10
-1.262974046375320404e-06
3.536760101878580440e-06
-1.209906605770831513e-06
4.190776616050734894e-07
5.478769342091475243e-07
-4.174065772833550210e-07
3.192923120757049112e-08
2.063096308760859063e-08
1.935855503498864995e-08
-9.199643070405601927e-09
-1.252219663325610437e-08
-2.321383668709166573e-09
-4.174531909824461196e-10
-2.873830829161430627e-11
5.397247385096091280e-11
2.777699984427051611e-06
5.244462032776679930e-07
-9.788756518011118381e-07
5.356805163854205932e-07
6.762442095316081951e-07
-3.104633683347438509e-07
-2.430851582261346094e-08
4.179376138240289741e-09
-4.480859311979722669e-08
-9.478662274741717323e-09
-5.307593143142252144e-09
-2.937773943810136233e-09
5.208892238162985551e-10
-9.500897636840888851e-10
8.160085666278966933e-11
2.046658921880482902e-06
-5.186003836114745782e-07
-1.877569673870450260e-07
-6.541759114024817758e-08
3.484651445306832510e-07
9.819060191142485921e-08
1.574223186938827271e-07
-3.073040206508033421e-08
-2.007057834614630643e-08
7.759930132936329112e-10
-8.357757473721087283e-09
-5.399282300444040376e-09
1.053603335505384017e-09
3.924418705354768666e-10
1.137843706470471927e-10
-8.677879657979910567e-07
-2.640721463081389501e-07
-1.672456806847854453e-09
-3.011185570214343200e-07
-1.579646788626947670e-07
-5.655182266719933451e-08
4.925715359727709177e-08
-1.627000235111889680e-08
2.319365431641646359e-09
5.905801900051124520e-10
2.449950513394335023e-09
-6.359636970289991447e-11
1.430221604212723681e-09
1.861022263199926370e-10
8.491842419692956127e-11
-2.475142473409528616e-07
1.349122472949590340e-07
2.170644406735701539e-07
-1.978790197327133150e-07
5.405417192834593346e-08
-3.767947125711097885e-08
1.046538507181076675e-08
-1.763736888206332412e-08
-9.438485715865452381e-09
-5.108977845173149672e-09
2.159153732260738178e-09
3.830121208066458925e-10
-5.290313213496775897e-10
1.935675604498091562e-10
1.070598477993960023e-10
1.425797100348975138e-04
9.513830792305514629e-05
7.484004871774366068e-05
5.584442938394412043e-05
3.970470487240111354e-05
2.459481372119376777e-05
1.626146568601845294e-05
9.807525340116104214e-06
6.341265726514583671e-06
4.167384316716053249e-06
2.832651708390841065e-06
1.999606547457726881e-06
1.419364333715678698e-06
9.765184170087198735e-07
6.344861602888203473e-07
3.217419515504092492e-05
3.019629161393587316e-05
1.770688416601393219e-05
1.169192241694211644e-05
8.434188568854262904e-06
5.899238549266840115e-06
4.226323894866932450e-06
2.537667314695776245e-06
1.577006242036311334e-06
1.017435869529928780e-06
6.619269558036307846e-07
4.581691002326518895e-07
3.249855886230641318e-07
2.283136858742506943e-07
1.535467957292671666e-07
-3.091037932264908375e-06
2.430233918664592263e-06
-2.606567263392654085e-06
-1.563666436339470649e-06
3.876455828426489908e-07
2.963639146123097399e-07
1.735248820307777983e-07
8.315717536725566611e-08
5.593125796054663721e-08
1.007583427504501026e-08
7.985333049055680180e-09
6.610308360343273989e-09
5.192430664268124648e-09
4.801753917926796261e-09
2.882685069574144528e-09
2.462533350785639779e-06
2.666662980089202086e-06
2.204816108225596938e-07
-1.587979607198259827e-06
5.964605260677487500e-07
1.006533553872744786e-09
2.884502324001992315e-08
-3.665886860617120284e-08
3.134150559817779959e-09
-2.276773125942184888e-08
-2.730835614710135709e-09
3.165367909805206612e-10
-1.130013425486517822e-09
-6.788110518304005413e-10
7.838780877981335700e-11
2.363151417807870313e-06
5.224650591033098185e-07
1.546845739224978104e-07
1.423005967805133208e-07
2.701824090763718968e-08
-3.211347446750095763e-07
6.644835459838203245e-08
-2.261286832189005586e-09
1.253934991070275066e-08
-1.480209233954482876e-08
4.808167988779964114e-10
3.351706052090497354e-10
-1.218577813815210836e-09
5.638031008737609238e-10
6.358232184207615141e-10
-2.312787414021460839e-06
-1.286382860765689998e-06
-7.092837720474169380e-07
-1.839148409827843681e-07
-1.103861718436102507e-07
-2.458841976070035630e-07
2.605934587601535355e-08
-5.199214827124329687e-08
-8.990007244919274295e-09
-1.623538439838596837e-09
-1.947338377326227425e-09
-2.255700185177009903e-09
-1.344865202634828796e-09
-5.611469128343877564e-11
2.493239283387392148e-10
-2.134258867344881344e-06
-3.271505738824727283e-07
-5.886419832058458433e-07
-3.835749458971664758e-07
5.841501569861499394e-07
-1.758733927167677720e-07
1.239838136504792069e-07
-8.542119471723364160e-08
1.325320663199676650e-08
-7.359416158034386492e-09
-7.393065860125419351e-09
-1.510054656010770999e-09
4.236516123162520397e-10
-1.761725838313525713e-10
-9.041323534680410643e-11
4.537802111265746764e-07
-5.427346579692530738e-07
3.238427515277749469e-07
-2.298264563412150955e-07
3.544352070174065471e-07
-1.868443519432405688e-07
1.264773671929403769e-07
-1.764346722493625087e-08
-2.633875453786251962e-09
-1.987343141930142221e-09
8.342229536945732023e-11
2.674957854327085359e-09
-3.180669091964634727e-10
-1.735536382716986691e-10
-3.695674500643646921e-11
2.553097223026160980e-07
-5.203013529850006924e-07
3.234237879609815829e-07
-2.246115466914101985e-07
4.635093336096961304e-08
-2.860333380553411156e-08
2.992723738099778874e-09
-1.523253162110409825e-08
-4.478498196292843093e-10
3.095714849484272068e-09
1.261229271457871142e-09
-9.153205034580326383e-10
-1.194092189342602338e-10
1.618601667168895416e-11
6.641589381695631380e-11
6.770467233497340831e-05
6.596781208112364710e-05
4.556999003982809064e-05
3.603332360068633246e-05
2.874556870830333700e-05
1.917498569124185086e-05
1.256549837930348636e-05
7.969235854654601155e-06
4.966326162822928960e-06
3.107755815433101541e-06
2.031549947924282322e-06
1.364216148214576235e-06
9.509077463554586592e-07
6.690029574462276518e-07
4.589920097337283586e-07
1.527619882580344784e-05
1.270982538293795750e-05
1.196414247551617464e-05
8.928599047571694706e-06
8.509025742629246133e-06
5.442603579277546178e-06
3.426038962119711999e-06
2.193307398227550083e-06
1.384383472229065880e-06
8.418454326348510723e-07
5.499488472971975743e-07
3.578741138959274529e-07
2.449270795064070670e-07
1.725408127972882269e-07
1.197499842766867187e-07
2.012760598213052534e-06
1.760829573499661729e-06
1.305273117897199551e-06
3.227977207540492634e-07
8.213360487508692758e-07
-1.295806243621222683e-07
1.419883886553305632e-07
6.337118801978132871e-08
2.756379462246202524e-08
2.239662215087557048e-08
1.152289862076261797e-08
8.330080080083231108e-09
6.644863645094105598e-09
3.375020600152907210e-09
2.203430027580278373e-09
-4.865286115588227279e-07
-3.942479715211767502e-07
6.374726074823490368e-07
2.446704052608709739e-07
1.639625470606639654e-07
-1.682692313074013594e-07
-2.854691317833949439e-08
2.359786119244286406e-09
4.737827467050350931e-09
-4.085518580932647850e-09
-4.397724597558792944e-09
3.372638967550127817e-10
6.636477383187173979e-10
9.604095513832668742e-11
3.062530156834384304e-10
-1.788367240686701534e-06
-1.149725793817225062e-06
2.391649530537376754e-06
3.023978112677527874e-07
-3.722843114734387064e-07
-1.539648703591058061e-07
-2.667065428429358557e-08
-3.959770030962628166e-08
3.118348104694096436e-09
-1.225182948696476484e-08
-1.224101311159325667e-10
-2.122566487960194809e-11
7.069834784078684675e-10
-1.851863060800182819e-10
9.583851906802568576e-11
-2.355539950821935373e-06
8.200619930778887848e-07
8.013393097373657212e-07
4.811174754345164756e-07
-8.790836978103860915e-10
2.221969266069719356e-07
3.086397835297014734e-08
2.043546988315505570e-08
9.272001778852759533e-09
5.908076913700333968e-09
-4.258481402581771719e-09
1.175449791586093807e-09
7.194600639566403823e-10
5.921992759329096583e-10
-1.428517520252530549e-10
2.133313350713623576e-07
5.486079591019884793e-07
1.283965671783465661e-06
2.514331250001853703e-07
2.695005260852252524e-07
1.062515801551245312e-07
1.067181198544673137e-07
1.986520765811245513e-08
-4.956228030875074441e-09
-8.227419258927406605e-11
-1.642631240552555910e-09
-1.351715661327240103e-09
-2.604625898715290349e-10
-8.042160474611753335e-11
-8.303731901987954287e-11
2.321554584575965237e-07
2.648564069040899235e-07
-6.825773514778237405e-08
3.615784346255415570e-08
-7.675386883663026883e-08
-2.613849094705143433e-09
-1.925349416476908313e-08
9.545292504597105263e-09
-4.320761609909801139e-09
3.907784258949974321e-09
1.247495365613726464e-09
-2.225514013894632290e-10
3.473053539534953442e-10
1.162188033841832479e-10
5.044395665766544754e-11
3.983764053098969005e-05
4.220553282519597902e-05
3.310590121395073790e-05
2.444075642264381741e-05
2.071792680768693337e-05
1.510808706698900299e-05
9.388245026019214755e-06
6.232424513884373672e-06
3.901714149313921241e-06
2.357894732849746694e-06
1.500870505289894006e-06
9.674184807909855795e-07
6.535319805192923274e-07
4.544377750050816289e-07
3.172024290496960367e-07
9.009345268285914030e-06
1.373881730716922179e-05
8.630012804557815907e-06
7.426917291359236131e-06
5.528099006826769858e-06
3.995802367652031289e-06
2.850534237397798925e-06
1.753775390592264844e-06
1.068289212435200704e-06
6.802305782135203062e-07
4.162260200273204958e-07
2.647309121271388397e-07
1.758411523558582230e-07
1.203194040138821454e-07
8.430959211804872618e-08
-1.450325364846697954e-06
1.264341275995218844e-06
-5.665367061794394349e-07
6.920924694376960252e-07
8.776546061322842653e-07
2.783364239576213943e-07
1.357370286528518505e-07
2.410153840387467425e-08
1.788842111157269485e-08
1.118268144087445760e-08
8.033030180033221120e-09
4.392214550969418741e-09
3.455153073157100897e-09
2.471407014523662966e-09
1.903434842623668801e-09
3.975752460600736981e-07
-1.867489023407721008e-06
1.409742158489494003e-07
5.758684768559365455e-08
7.334577307805945703e-08
-1.665916857767742734e-07
-2.430705206812925934e-08
-5.207516582670607336e-08
1.899776116471773835e-08
-1.020687928196721077e-08
3.934590153603696093e-09
-2.236592254859706697e-09
-1.675256449917926900e-10
-3.349109748058634348e-10
-7.099489238874229036e-11
3.107966517657966427e-07
-9.650903393152610907e-07
1.581288348373160560e-07
-1.003604174755639059e-06
-1.522358377697707097e-07
-1.269122540371442344e-07
1.979367078684346675e-09
1.085291406050798257e-08
4.769781243955545208e-09
-1.499243836046520898e-09
-9.773061196041228285e-10
1.636236470399872983e-10
-6.993773120675045477e-11
3.738188305743393306e-10
1.204205374075058783e-10
-4.155852139439514402e-07
-3.621285414951098976e-07
7.182521690364321536e-08
9.907559026889749281e-08
1.305987084543971408e-07
-1.267996124124105409e-07
3.637416678590563536e-08
1.773991104923435928e-08
2.654891847005135404e-08
5.699448115881020743e-09
-2.123705045268969825e-09
-1.284211981648446454e-09
-9.933504186376805738e-10
-3.568374445651794545e-11
-1.194766517340908401e-10
4.444784041058370326e-07
1.361818197277670025e-08
-1.787355546161164828e-07
1.750098953020234606e-07
-1.279773130930422867e-07
1.031329733561700246e-08
1.210942420744708124e-08
2.875183902785944297e-09
-2.037628156701918191e-09
2.933385502355781591e-09
-1.460376917762610867e-09
-1.036039128034579701e-10
5.488209441892273492e-11
9.463799671098820844e-11
-4.789768740082273468e-12
2.530977177338578402e-05
3.016741603680996375e-05
2.642435316684900944e-05
1.976529746378552491e-05
1.450515008804020426e-05
1.073893893519733760e-05
7.973036964812795435e-06
4.921421034365839325e-06
2.989012809404409396e-06
1.889818049432660440e-06
1.161347558262479776e-06
7.263081821913366625e-07
4.751449095243456591e-07
3.213369193774335780e-07
2.236435687348165222e-07
5.434991957510568587e-06
9.227857546944724789e-06
5.568162281410283465e-06
4.850204336737510965e-06
3.765457530172031210e-06
2.645060598353651391e-06
2.232148565923485793e-06
1.318108095575157990e-06
8.043347285566997536e-07
5.307413966697577210e-07
3.170721693653461149e-07
1.956041006533705118e-07
1.282733832494566950e-07
8.466144980238887840e-08
5.854524227727275139e-08
-1.554089558355988307e-07
4.920601422418706411e-07
-2.697217517095460084e-07
-1.622487003479577560e-07
1.621035985505329066e-07
-4.113499600186117239e-08
1.973077053851805541e-07
7.645591601414376231e-09
-7.646186026723723230e-09
1.452353314088378884e-08
5.282978172132143441e-09
2.746486591018463651e-10
3.001213015520857960e-09
1.283840176310464854e-09
9.089775449344730487e-10
6.382753217153643649e-07
-9.185749234788489970e-08
3.154272408169908656e-07
-1.375567251715440776e-07
2.505690777482292936e-07
-5.904823882532374114e-08
2.834486054615408272e-09
1.497608577896376681e-08
-3.703065684993927898e-09
8.266305485269717349e-09
-2.442831464350800265e-09
-1.126067457488189222e-09
-3.771402898409269404e-12
6.611304344736607836e-11
1.969281123585314144e-11
-9.005353242029327036e-07
-2.463984827813266778e-07
-3.394249090135467280e-07
1.047309323647375269e-07
8.166736990513314848e-08
-7.874192190466587224e-08
-9.672895306087259884e-09
1.477580807693339146e-08
-7.256882028756089118e-09
-9.461867702954539233e-10
2.683594606373038313e-09
-1.094537899013165856e-09
7.393518573814553903e-11
-5.986479828538501889e-11
-7.841039160837545936e-11
-1.526079206343336966e-07
-1.869089250888142258e-07
7.555297561950629574e-08
2.670780267748251018e-07
-1.209008935376124344e-07
1.788242984347066617e-08
4.049167540550873367e-08
2.785680961082419574e-08
2.108218476222182428e-09
-3.118239461896195595e-09
4.725910677815413313e-10
-1.087279603268054963e-10
-2.975609785997144100e-10
-6.186953066185198678e-11
-6.898546084726140619e-11
1.366119018351258816e-05
1.623011013022860821e-05
1.607250146867011454e-05
1.361970591156683717e-05
1.029555202856068773e-05
8.028686173107222113e-06
6.169087048988215094e-06
3.688962415651382199e-06
2.430505602394469654e-06
1.510922376926209216e-06
9.121110511239882399e-07
5.527457575491951828e-07
3.505718994920941686e-07
2.287640994539923862e-07
1.558912001927360080e-07
2.494654260620937099e-06
2.617730339236475069e-06
3.757953269152355873e-06
3.794368601404946933e-06
2.724423669094773572e-06
1.924208768790887131e-06
1.693255769248734733e-06
9.456911819488761546e-07
6.434079971668520992e-07
3.930543013803262904e-07
2.311800646601335691e-07
1.394955284474317894e-07
8.820314051162202579e-08
5.592546359843991922e-08
3.733406174993193394e-08
-3.130511669965158479e-07
-4.395862759699156380e-07
4.612385362674560556e-07
2.123625949968675071e-07
1.629617535188557272e-07
-5.365112968897184786e-08
6.871735728279750422e-09
2.384854819167936598e-09
1.681692108621401664e-08
9.411324430240816482e-09
4.248857489774991916e-09
2.123923968576529230e-09
9.462891491416967009e-10
6.337345343582185634e-10
2.560624658925150212e-10
-1.090401252195443415e-07
-6.760934472837158278e-08
2.114280252119919025e-07
-8.950907402019637419e-10
7.588716861056895352e-08
4.118367039689213111e-08
3.919024492043164818e-08
-6.886391712964915794e-09
-5.818589088030221307e-09
2.290397617537592108e-09
1.577345020407068485e-09
5.757259419292537580e-10
-5.651044115073095456e-11
-3.152062256735190069e-11
1.767623364907786102e-11
2.621865268451351616e-08
1.978518125105297034e-07
-8.971270669717238053e-08
-5.579599188383997576e-08
-3.834908562875235701e-09
7.286572994946615871e-08
-1.960902216321362468e-09
-4.951680420944267011e-09
-8.663020734494939855e-09
-3.134257112449358762e-09
9.388409808384954700e-10
5.706386164199966997e-10
-1.266013360373109670e-10
-8.576485691865528033e-11
-2.049904230900380925e-11
9.340046327415282848e-06
9.676616279783222671e-06
1.079561465174721300e-05
9.666510285487306997e-06
7.873608016369259516e-06
6.090455098368970863e-06
4.612481777332926890e-06
3.084703616165972157e-06
1.960105625217546071e-06
1.183783606929912826e-06
7.042097166631115544e-07
4.252454263658848323e-07
2.588860757303071091e-07
1.640032747573366092e-07
1.074623330621523957e-07
1.763619676111461650e-06
1.791954421795470344e-06
2.608934021734273569e-06
1.704718144268621807e-06
1.683125839475359395e-06
1.152284410547321723e-06
8.884903767113976387e-07
6.621555354476479634e-07
3.804240542230820645e-07
2.339512106479334283e-07
1.421584421778022842e-07
8.581386632489090231e-08
5.159406434637701688e-08
3.207351410395310822e-08
2.051265621458893090e-08
1.432284621163771113e-07
-4.248852765306167004e-07
-2.528677865844547415e-08
4.971812610250155075e-07
1.690082157997674362e-07
7.800517792777184608e-08
-3.525958050573998464e-08
1.926407881961783722e-08
-5.698397292333256698e-09
1.275168007352544218e-09
-1.537571658892554308e-09
1.820870558249092014e-10
1.617426540446382290e-11
2.264472930709920380e-10
-6.069729841280423138e-12
-1.517560382283843335e-07
6.005448509859773405e-10
-1.738388750360763465e-07
-7.128507342684595452e-08
1.001941329855848523e-08
7.758692827895213834e-08
8.415452769338887955e-09
-4.622066343709038758e-09
-4.813103057150336567e-09
-7.413843175441907067e-10
7.541849673253515946e-10
-1.365344333996790016e-10
-4.125920126349873865e-12
6.143754329845393183e-11
-4.376089747131091787e-11
4.920947311440594314e-06
6.565249791984747943e-06
7.102615450351172569e-06
6.023282921882115975e-06
5.297065365340701327e-06
3.897768039215734185e-06
2.901959600016149429e-06
2.154544775388172944e-06
1.307402774551976509e-06
8.080832835626191538e-07
4.906232773957109869e-07
2.931602619957157703e-07
1.749102989450207278e-07
1.060523749649297120e-07
6.714817433918899289e-08
6.005744796635159326e-07
5.582394169888191162e-07
8.946532185483729491e-07
8.350590816612773143e-07
6.907916226338698149e-07
4.593108529255013599e-07
3.691175710054664222e-07
2.957091975459352250e-07
1.632304534886126914e-07
1.118262117731562384e-07
6.697153582588984660e-08
3.923645796402151638e-08
2.284673118161812745e-08
1.355496364361344977e-08
8.343383166347712266e-09
-5.567993468425360820e-08
-1.307393650618607492e-08
-1.005368918009027361e-07
-7.770440153504119000e-09
2.913340540422031807e-09
-1.503460925791258208e-08
1.401864628301001238e-08
-1.324177119106770115e-09
-1.891783056618576893e-09
1.250101678370981617e-09
3.249990269513200101e-10
3.050629163355814692e-10
9.789993040597594481e-11
-2.766153304306394770e-11
6.055697106333009151e-12
2.413978107237787966e-06
2.527590920537972058e-06
3.359655994345223977e-06
3.122084125138349329e-06
2.772743943905416382e-06
2.096841044513930256e-06
1.593366667359213080e-06
1.230339847585236999e-06
7.681681793927029909e-07
5.044653574909213529e-07
3.050940645957287664e-07
1.750283098527840957e-07
1.008308860460864487e-07
5.910946818980930405e-08
3.553456491440108427e-08
2.490756928821330868e-07
-1.349467957378438307e-09
1.559674667211901152e-07
1.656084272102060193e-07
1.860552777479208608e-07
1.024022948716198922e-07
8.135345844633283573e-08
6.914135875725573839e-08
5.071842866872346784e-08
2.936267045096011312e-08
1.817739480407776685e-08
1.023744454754466445e-08
6.087497297526480870e-09
3.547348970684353735e-09
2.026926454816004195e-09
5.517338907001148249e-07
5.961794467382791952e-07
7.789948600958692702e-07
8.167088353578604301e-07
7.749028756564175366e-07
5.983574088161082377e-07
4.661669156335679695e-07
3.648760990906068029e-07
2.499173280384873234e-07
1.601532979091624800e-07
9.573520510204054290e-08
5.634922796055960860e-08
3.254536080666847247e-08
1.846600678893048068e-08
1.050916796998266671e-08
