# k_h
1.049778529704780910e-05
1.125512765033954773e-05
1.206710699837443115e-05
1.293766502113589869e-05
1.387102776346239006e-05
1.487172614999825389e-05
1.594461798015573822e-05
1.709491150986098076e-05
1.832819073455926173e-05
1.965044249621364790e-05
2.106808554588542759e-05
2.258800170297810877e-05
2.421756926240438507e-05
2.596469881184876747e-05
2.783787163299674127e-05
2.984618087314627939e-05
3.199937568706537675e-05
3.430790856337822777e-05
3.678298606522173859e-05
3.943662323148832847e-05
4.228170190274046933e-05
4.533203325493590657e-05
4.860242484452646127e-05
5.210875249039571529e-05
5.586803734157963150e-05
5.989852850488827847e-05
6.421979163353710030e-05
6.885280390683314879e-05
7.382005586198601131e-05
7.914566057237808997e-05
8.485547070228921171e-05
9.097720400630531792e-05
9.754057788264245928e-05
1.045774536335544925e-04
1.121219911331323055e-04
1.202108146533086681e-04
1.288831906530594129e-04
1.381812183938616132e-04
1.481500343067338821e-04
1.588380311029406571e-04
1.702970926920131627e-04
1.825828460474734883e-04
1.957549312429273855e-04
2.098772909693806391e-04
2.250184809392259504e-04
2.412520026837190648e-04
2.586566603594875357e-04
2.773169432961489276e-04
2.973234361420866380e-04
3.187732585993965678e-04
3.417705368826584231e-04
3.664269091901856948e-04
3.928620676415168524e-04
4.212043393119383025e-04
4.515913091846126388e-04
4.841704880443818389e-04
5.191000285554704750e-04
5.565494929992295886e-04
5.967006763988266273e-04
6.397484890266721177e-04
6.859019025786284186e-04
7.353849646081274827e-04
7.884378861446643882e-04
8.453182077764171245e-04
9.063020498576399324e-04
9.716854529098376903e-04
1.041785814723585621e-03
1.116943431137267830e-03
1.197523147972316291e-03
1.283916132144104650e-03
1.376541770546205624e-03
1.475849705925969153e-03
1.582322019634387154e-03
1.696475571846228162e-03
1.818864510610796598e-03
1.950082961913301950e-03
2.090767913805476053e-03
2.241602308606214893e-03
2.403318358183018609e-03
2.576701098407992076e-03
2.762592200043162936e-03
2.961894054554746643e-03
3.175574154690546415e-03
3.404669791085598862e-03
3.650293087695331232e-03
3.913636400500289034e-03
4.195978105689918136e-03
4.498688805423649469e-03
4.823237981294575295e-03
5.171201127794340484e-03
5.544267400408053360e-03
5.944247815466130111e-03
6.373084041558542412e-03
6.832857825188629573e-03
7.325801096422371664e-03
7.854306803590145949e-03
8.420940529637026967e-03
9.028452946512095442e-03
9.679793168055594518e-03
1.037812306620413197e-02
1.112683262001074903e-02
1.192955637199032137e-02
1.279019107167601345e-02
1.371291459203588872e-02
1.470220621057773472e-02
1.576286835359476043e-02
1.690004990910785529e-02
1.811927122167470219e-02
1.942645089040097653e-02
2.082793450024201728e-02
2.233052542606857316e-02
2.394151785903210830e-02
2.566873221555304035e-02
2.752055310082198933e-02
2.950597001110383949e-02
3.163462097243079779e-02
3.391683932752428965e-02
3.636370389806840853e-02
3.898709276584338967e-02
4.179974093379466155e-02
4.481530214694764980e-02
4.804841517327277517e-02
5.151477486625472696e-02
5.523120835413289353e-02
5.921575672566690984e-02
6.348776260896302204e-02
6.806796406850527947e-02
7.297859527620548237e-02
7.824349444517116059e-02
8.388821955014538756e-02
8.994017239637364103e-02
9.642873163917790869e-02
1.033853953999704228e-01
1.108439341710224513e-01
1.188405547512513261e-01
1.274140760088368907e-01
1.366061173238904691e-01
1.464613006259548877e-01
1.570274670071079848e-01
1.683559089621980420e-01
1.805016193836007643e-01
1.935235585192191521e-01
2.074849401896514955e-01
2.224535386539405746e-01
2.385020176135578540e-01
2.557082829517407507e-01
2.741558609205264618e-01
2.939343036113542529e-01
3.151396236775585447e-01
3.378747604190723841e-01
3.622500794919080724e-01
3.883839086682082109e-01
4.164031122476664071e-01
4.464437069087458521e-01
4.786515219892887307e-01
5.131829074017895120e-01
5.502054926198417517e-01
5.898990004201905002e-01
6.324561193306247331e-01
6.780834390189325322e-01
7.270024531636753995e-01
7.794506346751287618e-01
8.356825884859588882e-01
8.959712875077300298e-01
9.606093977531128258e-01
1.029910699056455048e+00
1.104211608289482172e+00
1.183872812466442381e+00
1.269281019666449462e+00
1.360850836272725628e+00
1.459026779641623861e+00
1.564285435971755067e+00
1.677137773848393465e+00
1.798131624694057962e+00
1.927854342166386736e+00
2.066935653413111140e+00
2.216050716025289358e+00
2.375923395528499960e+00
2.547329779322278220e+00
2.731101944125895908e+00
2.928131995219208417e+00
3.139376397086695025e+00
3.365860616487410972e+00
3.608684100490215485e+00
3.869025613639691663e+00
4.148148960161546661e+00
4.447409118985418353e+00
4.768258821367003186e+00
5.112255603039965735e+00
5.481069365131669535e+00
5.876490480546503470e+00
6.300438485168504243e+00
6.754971396073934820e+00
7.242295701988221701e+00
7.764777074485037289e+00
8.324951851924048185e+00
8.925539351875073635e+00
9.569455071798213197e+00
1.025982484206141088e+01
1.099999999999999645e+01
1.121301025715163391e+01
1.143014536608979803e+01
1.165148520279083222e+01
1.187711118999492044e+01
1.210710632715850288e+01
1.234155522098670765e+01
1.258054411655702687e+01
1.282416092904569282e+01
1.307249527606841966e+01
1.332563851064741023e+01
1.358368375481675194e+01
1.384672593387857198e+01
1.411486181132254636e+01
1.438819002442160411e+01
1.466681112051693781e+01
1.495082759400564676e+01
1.524034392404464100e+01
1.553546661298465459e+01
1.583630422554852046e+01
1.614296742876812374e+01
1.645556903269470794e+01
1.677422403189750710e+01
1.709904964776602299e+01
1.743016537163140711e+01
1.776769300872293300e+01
1.811175672297560624e+01
1.846248308270551064e+01
1.882000110716958474e+01
1.918444231402706635e+01
1.955594076771994594e+01
1.993463312879032756e+01
2.032065870415279818e+01
2.071415949834027259e+01
2.111528026574222494e+01
2.152416856385446664e+01
2.194097480756008522e+01
2.236585232446153881e+01
2.279895741128418152e+01
2.324044939137207777e+01
2.369049067329714831e+01
2.414924681060328382e+01
2.461688656270737141e+01
2.509358195697964078e+01
2.557950835202618123e+01
2.607484450219686423e+01
2.657977262334249247e+01
2.709447845984524150e+01
2.761915135294714929e+01
2.815398431040181038e+01
2.869917407747470506e+01
2.925492120931856732e+01
2.982143014475018816e+01
3.039890928145589655e+01
3.098757105265337231e+01
3.158763200523794623e+01
3.219931287944221765e+01
3.282283869003821763e+01
3.345843880911201751e+01
3.410634705044122228e+01
3.476680175550644236e+01
3.544004588116830234e+01
3.612632708904224899e+01
3.682589783660416316e+01
3.753901547006007178e+01
3.826594231901432153e+01
3.900694579297095288e+01
3.976229847970374465e+01
4.053227824553118808e+01
4.131716833753321794e+01
4.211725748774734512e+01
4.293284001938250327e+01
4.376421595508966789e+01
4.461169112732906683e+01
4.547557729087468203e+01
4.635619223749726103e+01
4.725385991286817244e+01
4.816891053572703640e+01
4.910168071935698464e+01
5.005251359541223621e+01
5.102175894014356317e+01
5.200977330306800184e+01
5.301692013813025994e+01
5.404356993740397996e+01
5.509010036738206395e+01
5.615689640790620274e+01
5.724435049378674023e+01
5.835286265916491999e+01
5.948284068467063435e+01
6.063470024742986908e+01
6.180886507397691076e+01
6.300576709612769832e+01
6.422584660987153882e+01
6.546955243733975749e+01
6.673734209191069056e+01
6.802968194651202793e+01
6.934704740518208155e+01
7.068992307795340935e+01
7.205880295912290023e+01
7.345419060897397401e+01
7.487659933901787213e+01
7.632655240082191028e+01
7.780458317849435446e+01
7.931123538489681835e+01
8.084706326165598966e+01
8.241263178304870962e+01
8.400851686383511208e+01
8.563530557111630515e+01
8.729359634029471238e+01
8.898399919521629897e+01
9.070713597257575600e+01
9.246364055066729293e+01
9.425415908256493935e+01
9.607935023381844530e+01
9.793988542475187842e+01
9.983644907745444641e+01
1.017697388675539827e+02
1.037404659808660483e+02
1.057493553750128541e+02
1.077971460461084376e+02
1.098845913006078945e+02
1.120124590324210772e+02
1.141815320053922846e+02
1.163926081412501503e+02
1.186465008131335424e+02
1.209440391448015077e+02
1.232860683156371238e+02
1.256734498715578638e+02
1.281070620419463921e+02
1.305878000627187419e+02
1.331165765056483963e+02
1.356943216140678317e+02
1.383219836450705031e+02
1.410005292183396932e+02
1.437309436717320068e+02
1.465142314237468497e+02
1.493514163430147335e+02
1.522435421249408023e+02
1.551916726756416836e+02
1.581968925033172297e+02
1.612603071172010232e+02
1.643830434342361855e+02
1.675662501936266722e+02
1.708110983794157676e+02
1.741187816512478435e+02
1.774905167834716622e+02
1.809275441127466024e+02
1.844311279943166255e+02
1.880025572671198972e+02
1.916431457279048516e+02
1.953542326145275467e+02
1.991371830986076645e+02
2.029933887877246548e+02
2.069242682373387936e+02
2.109312674726251373e+02
2.150158605204128435e+02
2.191795499514250025e+02
2.234238674330189269e+02
2.277503742926298855e+02
2.321606620921257615e+02
2.366563532132837508e+02
2.412391014546046790e+02
2.459105926396842676e+02
2.506725452373652274e+02
2.555267109938985470e+02
2.604748755773460402e+02
2.655188592344615586e+02
2.706605174602926809e+02
2.759017416807483301e+02
2.812444599483847583e+02
2.866906376516646446e+02
2.922422782379508135e+02
2.979014239505004298e+02
3.036701565797309286e+02
3.095505982290333122e+02
3.155449120954160094e+02
3.216553032652646493e+02
3.278840195255120875e+02
3.342333521905158591e+02
3.407056369449481963e+02
3.473032547030077808e+02
3.540286324842703607e+02
3.608842443064991699e+02
3.678726120957447847e+02
3.749963066140683168e+02
3.822579484052298540e+02
3.896602087586894072e+02
3.972058106922756906e+02
4.048975299538835202e+02
4.127381960425689158e+02
4.207306932494171292e+02
4.288779617185666666e+02
4.371829985287791374e+02
4.456488587959558458e+02
4.542786567969972680e+02
4.630755671154366269e+02
4.720428258092452438e+02
4.811837316012649808e+02
4.905016470926800025e+02
4.999999999999998295e+02
