# fsigma_8
4.387377756126087935e-01
4.441356681753916291e-01
4.491786695387304795e-01
4.538724947303773849e-01
4.582236955828123404e-01
4.622395280729078015e-01
4.659279047347067437e-01
4.692972700640926087e-01
4.723565578588302949e-01
4.751150672794894891e-01
4.775824400177822726e-01
4.797685410879044543e-01
4.816834228018909148e-01
4.833372653114224038e-01
4.847402919363236196e-01
4.859027652242180473e-01
4.868348960926938140e-01
4.875468286644631388e-01
4.880485977246318274e-01
4.883500827001476807e-01
4.884610065629905740e-01
4.883908803214157546e-01
4.881490082393785124e-01
4.877444520983467147e-01
4.871860306772646809e-01
4.864822830686588717e-01
4.856414946868989335e-01
4.846716705061072106e-01
4.835805209758838319e-01
4.823754925995835663e-01
4.810637184045618020e-01
4.796520677062692806e-01
4.781471193910296069e-01
4.765551667660795632e-01
4.748822459763611947e-01
4.731340956434818557e-01
4.713162085169550486e-01
4.694338155979363436e-01
4.674918923100925272e-01
4.654951705055778710e-01
4.634481480268365372e-01
4.613550937905445681e-01
4.592200487814322996e-01
4.570468542784199006e-01
4.548391350916706766e-01
4.526003278887298920e-01
4.503336696054213162e-01
4.480422312099606730e-01
4.457288994052930331e-01
4.433963976954816699e-01
4.410472897843593088e-01
4.386840077249011260e-01
4.363088062772611520e-01
4.339238387664337004e-01
4.315310910982688708e-01
4.291324655379491482e-01
4.267297157604988400e-01
4.243245042022405489e-01
4.219183704993511030e-01
4.195127719069473571e-01
4.171090549559278160e-01
4.147084869842909138e-01
4.123122383318011952e-01
4.099214112411997957e-01
4.075370349368346856e-01
4.051600361035611608e-01
4.027913153397934543e-01
4.004316870035229958e-01
3.980819000826285592e-01
3.957426549986807762e-01
3.934145992499049616e-01
3.910983276930241614e-01
3.887943818263637219e-01
3.865032658683792421e-01
3.842254341562976738e-01
3.819613119556214409e-01
3.797112703794993660e-01
3.774756628488405430e-01
3.752547991116413351e-01
3.730489527062180177e-01
3.708583854037836858e-01
3.686833168839258046e-01
3.665239418871040766e-01
3.643804390164308016e-01
3.622529551609566800e-01
3.601416219853291190e-01
3.580465477820741205e-01
3.559678197145955125e-01
3.539055179648748495e-01
3.518596953864393528e-01
3.498303927049019046e-01
3.478176383751002132e-01
3.458214461161757125e-01
3.438418234574494026e-01
3.418787506741300386e-01
3.399322128841956725e-01
3.380021776940702605e-01
3.360886053171095456e-01
3.341914477617688450e-01
3.323106487962665390e-01
3.304461414689423560e-01
3.285978521129664376e-01
3.267657166536782065e-01
3.249496380832145315e-01
3.231495315868911367e-01
3.213653098440412137e-01
3.195968656307421885e-01
3.178441035912392132e-01
3.161069131603331805e-01
3.143851883867538888e-01
3.126788183075662197e-01
3.109876796175863323e-01
3.093116597786214617e-01
3.076506428920738334e-01
3.060044978516344161e-01
3.043731083646616375e-01
3.027563451434600039e-01
3.011540801432089909e-01
2.995661880825867263e-01
2.979925378782113388e-01
2.964329990488859257e-01
2.948874483940973623e-01
2.933557441190951520e-01
2.918377533193528550e-01
2.903333591530556368e-01
2.888424169501179195e-01
2.873647979942955955e-01
2.859003706972488845e-01
2.844490012432274173e-01
2.830105605362144838e-01
2.815849183545417467e-01
2.801719407434877240e-01
2.787714970081229815e-01
2.773834612725263327e-01
2.760076998743451471e-01
2.746440869468772528e-01
2.732924949493588107e-01
2.719527957727066458e-01
2.706248613822092586e-01
2.693085681239745788e-01
2.680037985311121140e-01
2.667104143467435295e-01
2.654283025622112824e-01
2.641573399707803360e-01
2.628974059593842671e-01
2.616483778831216189e-01
2.604101396650082556e-01
2.591825788448384182e-01
2.579655655491149835e-01
2.567589977434145410e-01
