# k_h
1.047804016707232222e-05
1.157252336270175874e-05
1.278133095183875412e-05
1.411640550941228867e-05
1.559093470859806985e-05
1.721948501653969288e-05
1.901814721350092441e-05
2.100468736898619682e-05
2.319873237865976989e-05
2.562195550126489252e-05
2.829829827533103526e-05
3.125419607385993004e-05
3.451885277172550559e-05
3.812452268903143704e-05
4.210681800032034516e-05
4.650508708436973393e-05
5.136277468409389257e-05
5.672787301591597497e-05
6.265338743105530739e-05
6.919784209458157420e-05
7.642590207979083061e-05
8.440897363470867276e-05
9.322591358795762062e-05
1.029638224281370640e-04
1.137189101427793503e-04
1.255974202649667859e-04
1.387166994391009212e-04
1.532063470222055912e-04
1.692095247562974691e-04
1.868843100965023041e-04
2.064053114736452699e-04
2.279653708683326840e-04
2.517774992156773806e-04
2.780769136734306812e-04
3.071234386879950762e-04
3.392040089238435030e-04
3.746355941984802485e-04
4.137681389693170786e-04
4.569882876239717007e-04
5.047229933552443981e-04
5.574438255280256271e-04
6.156716262921690941e-04
6.799816619604825974e-04
7.510090945288538933e-04
8.294557919725775719e-04
9.160966146737337112e-04
1.011787448078393936e-03
1.117473701015114784e-03
1.234199502505362034e-03
1.363117713481187820e-03
1.505502266809344292e-03
1.662759459577500820e-03
1.836442970670759678e-03
2.028268761932849884e-03
2.240131609141826630e-03
2.474124543368816376e-03
2.732559107244014740e-03
3.017988521605730057e-03
3.333232598379254341e-03
3.681405447423458099e-03
4.065946675837039948e-03
4.490654915571212769e-03
4.959726706147193909e-03
5.477794911712408066e-03
6.049978081136941910e-03
6.681928411126136780e-03
7.379889022558927536e-03
8.150755427777767181e-03
9.002142585813999176e-03
9.942461736500263214e-03
1.098100189119577408e-02
1.212802156805992126e-02
1.339485496282577515e-02
1.479401439428329468e-02
1.633932255208492279e-02
1.804604753851890564e-02
1.993104629218578339e-02
2.201294526457786560e-02
2.431230619549751282e-02
2.685184963047504425e-02
2.965665794909000397e-02
3.275444358587265015e-02
3.617580980062484741e-02
3.995455428957939148e-02
4.412800818681716919e-02
4.854080826044082642e-02
5.295361205935478210e-02
5.736641213297843933e-02
6.177921220660209656e-02
6.619201600551605225e-02
7.060481607913970947e-02
7.501761615276336670e-02
7.943041622638702393e-02
8.384321630001068115e-02
8.825601637363433838e-02
9.266882389783859253e-02
9.818010032176971436e-02
1.036913692951202393e-01
1.092026457190513611e-01
1.147139221429824829e-01
1.202251985669136047e-01
1.257364749908447266e-01
1.264715045690536499e-01
1.292247772216796875e-01
1.319780498743057251e-01
1.347313374280929565e-01
1.374846100807189941e-01
1.402378827333450317e-01
1.429911553859710693e-01
1.457444280385971069e-01
1.484977006912231445e-01
1.512509733438491821e-01
1.540042459964752197e-01
1.567575186491012573e-01
1.595107913017272949e-01
1.622640639543533325e-01
1.650173366069793701e-01
1.677706092596054077e-01
1.705238819122314453e-01
1.732771694660186768e-01
1.760304421186447144e-01
1.787837147712707520e-01
1.815369874238967896e-01
1.842902600765228271e-01
1.870435327291488647e-01
1.897968053817749023e-01
1.925500780344009399e-01
1.953033506870269775e-01
1.980566233396530151e-01
2.008098959922790527e-01
2.035631686449050903e-01
2.063164412975311279e-01
2.090697139501571655e-01
2.118230015039443970e-01
2.145762741565704346e-01
2.173295468091964722e-01
2.200828194618225098e-01
2.228360921144485474e-01
2.317483723163604736e-01
2.410170882940292358e-01
2.506565153598785400e-01
2.606814503669738770e-01
2.711073458194732666e-01
2.819502353668212891e-01
2.932267785072326660e-01
3.049543201923370361e-01
3.171508908271789551e-01
3.298352658748626709e-01
3.430269658565521240e-01
3.567462265491485596e-01
3.710142076015472412e-01
3.858528435230255127e-01
4.012849330902099609e-01
4.173342585563659668e-01
4.340254366397857666e-01
4.513841867446899414e-01
4.694371819496154785e-01
4.882122278213500977e-01
5.077381730079650879e-01
5.280450582504272461e-01
5.491640567779541016e-01
5.711277723312377930e-01
5.939698815345764160e-01
6.177256107330322266e-01
6.424313783645629883e-01
6.681252717971801758e-01
8.309997320175170898e-01
1.033579468727111816e+00
1.285543680191040039e+00
1.598931312561035156e+00
1.988716125488281250e+00
2.473521947860717773e+00
3.076513051986694336e+00
3.826500177383422852e+00
4.759317874908447266e+00
5.919536590576171875e+00
7.362591266632080078e+00
9.157431602478027344e+00
1.138981437683105469e+01
1.416640377044677734e+01
1.761986541748046875e+01
2.191520690917968750e+01
2.725765991210937500e+01
3.390248489379882812e+01
4.216717910766601562e+01
5.244662094116210938e+01
6.523197174072265625e+01
8.113410949707031250e+01
1.009128494262695312e+02
1.255132064819335938e+02
1.561106109619140625e+02
