# bin_4_1
2.294213857492568045e-07
-2.222972993132661834e-07
2.157896426759427214e-07
-2.090620052320211851e-07
2.029599797347840771e-07
-1.965988125247557362e-07
1.908861197493193201e-07
-1.848621383340617233e-07
1.795246145879109215e-07
-1.738089330123263808e-07
1.688346983359591071e-07
-1.633985086470965192e-07
1.587781533876575124e-07
-1.535923733316738753e-07
1.493191884754687983e-07
-1.443540708009854165e-07
1.404243298459633196e-07
-1.356490246302030017e-07
1.320623236392914882e-07
-1.274443853242703444e-07
1.242040508369615810e-07
-1.197088804523510550e-07
1.168224537625337619e-07
-1.124126667710299861e-07
1.098924743253821624e-07
-1.055271833413417622e-07
1.033910034055035240e-07
-9.902500620835129517e-08
9.729684065065333767e-08
-9.287970391924587081e-08
9.159066433891241557e-08
-8.706569462591016097e-08
8.625500924317027499e-08
-8.155810604394074289e-08
8.127425087424496330e-08
-7.633263963114767483e-08
7.663459293972715078e-08
-7.136544237489174598e-08
7.232405405316750733e-08
-6.663299006057048097e-08
6.833244815546272305e-08
-6.211198820591232319e-08
6.465135123689494909e-08
-5.777929821322807700e-08
6.127404540800057811e-08
-5.361189881768789229e-08
5.819542793987634088e-08
-4.958689570351801976e-08
5.541187162830390263e-08
-4.568159423961678780e-08
5.292101890699925388e-08
-4.187365331194151543e-08
5.072149107653437899e-08
-3.814133985523048852e-08
4.881249169924265346e-08
-3.446390453159761889e-08
4.719328374447006741e-08
-3.082209793373969738e-08
4.586252286675755034e-08
-2.719884178891148185e-08
4.481743556850284506e-08
-2.358006076993111081e-08
4.405284373760894672e-08
-1.995566445793955073e-08
4.356005643495961638e-08
-1.632064512556701327e-08
4.332567882974776120e-08
-1.267622273056298063e-08
4.333042766113208391e-08
-9.030923974496369533e-09
4.354809249664719738e-08
-5.401427618365355634e-09
4.394484004605491781e-08
-1.812948118876505229e-09
4.447911895933830149e-08
1.701127095142263156e-09
4.510247266930146063e-08
5.100670357399147572e-09
4.576158895010447316e-08
8.341636895105631456e-09
4.640188020660554580e-08
1.138052332241179667e-08
4.697276289831474061e-08
1.418052230999236792e-08
4.743455315310025961e-08
1.671910782358386587e-08
4.776649001163926805e-08
1.899630089439678288e-08
4.797484027035052969e-08
2.104224886794123796e-08
4.809938583512434536e-08
2.292209775957885963e-08
4.821599078356056301e-08
2.473564755797793856e-08
4.843264846107361137e-08
2.660926838735768562e-08
4.887678306608026473e-08
2.867841954720204273e-08
4.967302979670574038e-08
3.106122029830387451e-08
5.091351263454528118e-08
3.382697304685979866e-08
5.262662862634685005e-08
3.696783812264345408e-08
5.475459641072830755e-08
4.038556099847891823e-08
5.715255243282486125e-08
4.390577393590616531e-08
5.961992779768431845e-08
4.732696683714601469e-08
6.196553201289729109e-08
5.049790853459497514e-08
6.409089005799064098e-08
5.339804632480405554e-08
6.605682935744116280e-08
5.617855065137667953e-08
6.808788381282956466e-08
5.912178510603368792e-08
7.048355117408625807e-08
6.250838069216621600e-08
7.345396645070182360e-08
6.644342049747920165e-08
7.696596659144705344e-08
7.075545452880198713e-08
8.072562501614041855e-08
7.508294515320188011e-08
8.437070368790240555e-08
7.915041536185992693e-08
8.778191029310866006e-08
8.304501599541518796e-08
9.124675638890732751e-08
8.720181483803018067e-08
9.523627791520665099e-08
9.199827639908970734e-08
9.990810646009245252e-08
9.730927024712220787e-08
1.048731915502154966e-07
1.026065811734133355e-07
1.096515428303617914e-07
1.076586333102614752e-07
1.143764647974646125e-07
1.129425821034723140e-07
1.196820789878399632e-07
1.189699395248345079e-07
1.256983861791013735e-07
1.254037340362214222e-07
1.317762137828537439e-07
1.316401388339461332e-07
1.377248453382141324e-07
1.380578910530226804e-07
1.442890245771771013e-07
1.452955323084888461e-07
1.515496351924696852e-07
1.527984879088079163e-07
1.587240175998614486e-07
1.601946836942167167e-07
1.661984538660232332e-07
1.683380453903489790e-07
1.745398375891906563e-07
1.769691988740317567e-07
1.829110031580016615e-07
1.855543756863524438e-07
1.916944455339696448e-07
1.950027549597873496e-07
2.012794904457965000e-07
2.047202018490027859e-07
2.108687630960171611e-07
2.148040586776149966e-07
2.213507731611254975e-07
2.256775538624658188e-07
2.320847821623797431e-07
2.366925030975357489e-07
2.435066840098707692e-07
2.486478315574409190e-07
2.554163105239398546e-07
2.607974415169906763e-07
2.679948991864348000e-07
2.738984350550833714e-07
2.810798875207784480e-07
2.873368022576304414e-07
2.950145689337802843e-07
3.016329847090742096e-07
3.093747495880201108e-07
3.165926667851229791e-07
3.247035944137596632e-07
3.321444816722573971e-07
3.406823763910646764e-07
3.486683361660525610e-07
3.573575296533401248e-07
3.659272778115904060e-07
3.750125059992339703e-07
3.839261038713029518e-07
3.935499225571751577e-07
4.028774743656523845e-07
4.129165841353289359e-07
4.228248106973496804e-07
4.332168122050654460e-07
4.437448220179114615e-07
4.545464421037387336e-07
4.656653312879564381e-07
4.769538982371439179e-07
4.886488874653164485e-07
5.004768493043676282e-07
5.127605358206422350e-07
5.251615788257658878e-07
5.380606875465145440e-07
5.510629727682648590e-07
5.646084581070379020e-07
5.782410054099397145e-07
5.924646914194232621e-07
6.067589567906113809e-07
6.216931821905691308e-07
6.366830125420073582e-07
6.523610195661114430e-07
6.680823639724743773e-07
6.845386925280429141e-07
7.010294105734653417e-07
7.183001752790734996e-07
7.355999585119042053e-07
7.537230358119610187e-07
7.718734024761263732e-07
7.908885656845820261e-07
8.099328966369041608e-07
8.298819233206320977e-07
8.498655201966807069e-07
8.707922850674178483e-07
8.917624403059152625e-07
9.137130002080653559e-07
9.357190731136363945e-07
9.587417471432630816e-07
9.818352424327811161e-07
1.005980688294574150e-06
1.030215334625020144e-06
1.055536621202281909e-06
1.080968447584518910e-06
1.107521122949556492e-06
1.134208531012982058e-06
1.162050684510535873e-06
1.190054514421316949e-06
1.219246830923841423e-06
1.248630418446204051e-06
1.279236222319944533e-06
1.310065444061643426e-06
1.342150729774320180e-06
1.374494033089056395e-06
1.408127478690108295e-06
1.442055892003998430e-06
1.477308850897440456e-06
1.512895969384798217e-06
1.549842434860897131e-06
1.587164375377832884e-06
1.625880911259206978e-06
1.665016229254207765e-06
1.705581858697713817e-06
1.746611418409197438e-06
1.789107461383337266e-06
1.832114248990777843e-06
1.876624097163533069e-06
1.921692964647419948e-06
1.968301780366325618e-06
2.015519105622672310e-06
2.064313429294313229e-06
2.113766675517940653e-06
2.164833922993319801e-06
2.216611077462835250e-06
2.270038905970654721e-06
2.324227775126774763e-06
2.380103292877282150e-06
2.436790626980439570e-06
2.495199417777281219e-06
2.554469834486991333e-06
2.615494764591491842e-06
2.677429436573431597e-06
2.741149206716040873e-06
2.805824273957696270e-06
2.872311674929081012e-06
2.939796337989324266e-06
3.009116163854066278e-06
3.079470410025867047e-06
3.151676978993112632e-06
3.224948889685769338e-06
3.300083119456215154e-06
3.376305704498767426e-06
3.454391687089152265e-06
3.533579190816916731e-06
3.614620212229637546e-06
3.696763838058168104e-06
3.780737791787028755e-06
3.865800797717377336e-06
3.952654949323961541e-06
4.040567078009336121e-06
4.130212152619237731e-06
4.220863378201241935e-06
4.313166965906476843e-06
4.406400568174957421e-06
4.501179876589049207e-06
4.596784893951574515e-06
4.693798925575536098e-06
4.791502095063028007e-06
4.890443393070230865e-06
4.989900761656746124e-06
5.090386954751674300e-06
5.191175445170180911e-06
5.292740933730214711e-06
5.394350272857959249e-06
5.496438537326174537e-06
5.598264108140655826e-06
5.700221287738206897e-06
5.801558646727926334e-06
5.902629230326980527e-06
6.002671237388931156e-06
6.101996922633777829e-06
6.199834650626300856e-06
6.296457649109948884e-06
6.391086457937525708e-06
6.483958730845186514e-06
6.574291077650010991e-06
6.662291142362572443e-06
6.747177812045014661e-06
6.829136814309243578e-06
6.907398232673894831e-06
6.982136861023062398e-06
7.052605916555117338e-06
7.118983356396790171e-06
7.180560607949808804e-06
7.237535986791158042e-06
7.289257163115743205e-06
7.335962714255654658e-06
7.377076909405019865e-06
7.412900281332483579e-06
7.442955138393098922e-06
7.467625851082994139e-06
7.486553297327798279e-06
7.500225343616102883e-06
7.508418216513325667e-06
7.511737444011087127e-06
7.510103961302790315e-06
7.504245615286182848e-06
7.494225716800634889e-06
7.480885173378758539e-06
7.464411278007499304e-06
7.445730717205708796e-06
7.425116739390311208e-06
7.403533790958232596e-06
7.381281933852510241e-06
7.359294775534948099e-06
7.337821162046811035e-06
7.317679403633701958e-06
7.298977811920735821e-06
7.282329858851744386e-06
7.267616833804508569e-06
7.255170173262326654e-06
7.244580920134760705e-06
7.235856425031607298e-06
7.228281667449323440e-06
7.221557025097503540e-06
7.214714976742754556e-06
7.207242793906987543e-06
7.198053941482755688e-06
7.186593879828076636e-06
7.171858548212849936e-06
7.153473513718481453e-06
7.130743580964290559e-06
7.103687526180286010e-06
7.072096357744012391e-06
7.036502011253186704e-06
6.997222003346694806e-06
6.955245949447457486e-06
6.911256136549049642e-06
6.866434072894815721e-06
6.821470926251401523e-06
6.777324959142364120e-06
6.734265576158942883e-06
6.692638855163533378e-06
6.652006377593526739e-06
6.611978561100431868e-06
6.571491886289013673e-06
6.529729016545123872e-06
6.485514988030694508e-06
6.438263606419518643e-06
6.387389211321908909e-06
6.333147732819996834e-06
6.275923086612833859e-06
6.216846827695366679e-06
6.156899654601166484e-06
6.097339886870607674e-06
6.038751784725061161e-06
5.981508353984111200e-06
5.925040585364762212e-06
5.868588985917396166e-06
5.810839193361908058e-06
5.750925852666920326e-06
5.688180597965320932e-06
5.622957824354427908e-06
5.556005274092475783e-06
5.488745393629281405e-06
5.422205093747803136e-06
5.357095889767687708e-06
5.292992529123957640e-06
5.229007183574794594e-06
5.163747004081047544e-06
5.096513453748000210e-06
5.027265801922254614e-06
4.957143924005758161e-06
4.887414446539543142e-06
4.819144285748103495e-06
4.752106660898072414e-06
4.685334229840960808e-06
4.617417057651031616e-06
4.547961647518597419e-06
4.477579536101714688e-06
4.407817592982830791e-06
4.339539141433969833e-06
4.272522577238002087e-06
4.205340825206262227e-06
4.137089235773532273e-06
4.068033771333407897e-06
3.999698837315712815e-06
3.932942419628389919e-06
3.867286483420836041e-06
3.801235819628871291e-06
3.734455741949378091e-06
3.668001457259246676e-06
3.603185417805756196e-06
3.539518190093981560e-06
3.475706301686532818e-06
3.411459717834774007e-06
3.348207076669685659e-06
3.286541755323479507e-06
3.225440263012038148e-06
3.163971189248003730e-06
3.103251790512988808e-06
3.044125545652742669e-06
2.985685401682401019e-06
2.927087126282668438e-06
2.869541253903845827e-06
2.813451469535036268e-06
2.757682550093194688e-06
2.702222508630705873e-06
2.648290550057418182e-06
2.595127288225507098e-06
2.542224776527263686e-06
2.490594388121475853e-06
2.439979957890415822e-06
2.389625449295820168e-06
2.340568387591235640e-06
2.292354765779176698e-06
2.244656862992780937e-06
2.198213168998461149e-06
2.152433463082335705e-06
2.107423837010774156e-06
2.063543953812955866e-06
2.020172981719414176e-06
1.977951388381696980e-06
1.936390340538805181e-06
1.895744276352483450e-06
1.855938934536731406e-06
1.816899728302206734e-06
1.778760687953331802e-06
1.741353251257421677e-06
1.704823902740067994e-06
1.669045080540550460e-06
1.634091406124595484e-06
1.599878283512717535e-06
1.566447199729317766e-06
1.533753033564737642e-06
1.501827075601700891e-06
1.470609329356267364e-06
1.440144226006307332e-06
1.410364846065853252e-06
1.381285760977538941e-06
1.352881719053885765e-06
1.325148103089646928e-06
1.298092036709255017e-06
1.271653329908557861e-06
1.245875460675582181e-06
1.220682087334183875e-06
1.196104450099225376e-06
1.172108166005461400e-06
1.148687195014787647e-06
1.125848837186331899e-06
1.103537090936754885e-06
1.081771957698414435e-06
1.060512766866333427e-06
1.039756747678342411e-06
1.019509161460014940e-06
9.997127376711294815e-07
9.804285232811543633e-07
9.615579388660061942e-07
9.431511725175688296e-07
9.251436671780338834e-07
9.075633622438838422e-07
8.903910328071039786e-07
8.735896594183927282e-07
8.571938213143387494e-07
8.411410608018878452e-07
8.254451421923129309e-07
8.100905164612088994e-07
7.950555511328563054e-07
7.803725218332660467e-07
7.659576793720794011e-07
7.518810280890728765e-07
7.380534598790099453e-07
7.245208311428173539e-07
7.112495515503114084e-07
6.982267837101242621e-07
6.854814205017949015e-07
6.729472279607247272e-07
6.606645952088663408e-07
6.485898703963133930e-07
6.367324439470977462e-07
6.251017902063175198e-07
6.136414623508616838e-07
6.024228289455864536e-07
5.913533879551711710e-07
5.804922030002151227e-07
5.697846937801064268e-07
5.592544593800099600e-07
5.488973174788973473e-07
5.386727396544839635e-07
5.286269865114001272e-07
5.187017645603154171e-07
5.089233608114626914e-07
4.992805892806329480e-07
4.897544533347928510e-07
4.803857270183357090e-07
4.711042154908026733e-07
4.619797413802781135e-07
4.529458753055195511e-07
4.440455621429064794e-07
4.352601154415037359e-07
4.265767413461592134e-07
4.180314000923090034e-07
4.095728280749245332e-07
4.012412460663204349e-07
3.930056497798031376e-07
3.848757688949490091e-07
3.768629650934879362e-07
3.689249195185254069e-07
3.611178144479340032e-07
3.533786091972140874e-07
3.457527742239732856e-07
3.382060063306398136e-07
3.307519554471246234e-07
3.233936193651781232e-07
3.161040036833083545e-07
3.089164948033806049e-07
3.017961919786016909e-07
2.947617943220336910e-07
2.878087906054639541e-07
2.809211427104303725e-07
2.741288443696078780e-07
2.673883198410810628e-07
2.607423873117888780e-07
2.541533559591955448e-07
2.476448182892636241e-07
2.412066117577987829e-07
2.348304955467466531e-07
2.285350207358337682e-07
2.222957242328445650e-07
2.161316509414481831e-07
2.100294359420981256e-07
2.039900047277322512e-07
1.980210783294194133e-07
1.921003141138219387e-07
1.862534277856629823e-07
1.804514362653290728e-07
1.747145985003821037e-07
1.690259165759575827e-07
1.633895163465042121e-07
1.578039832345695944e-07
1.522600497230753472e-07
1.467659172668235266e-07
1.413111459897235191e-07
1.358982577650277134e-07
1.305274000986921595e-07
1.251891145125534405e-07
1.198953213782853665e-07
1.146311833915698366e-07
1.094118863034363820e-07
1.042261086105779737e-07
9.908397705232719242e-08
9.398334007208817273e-08
8.892902259259182241e-08
8.392572774483968831e-08
7.897856042576164103e-08
7.409505448160435211e-08
6.928412090682377092e-08
6.455180093677645565e-08
5.991277895065337679e-08
5.537403919461662518e-08
5.095338195146391600e-08
4.666006455548064280e-08
4.251402952029813925e-08
3.852653946178883689e-08
3.471744471155820158e-08
3.109949844070633166e-08
2.769369243201174834e-08
2.451090706402424632e-08
2.157083535731851159e-08
1.888222636532208995e-08
1.645964600297182780e-08
1.430927119864025044e-08
1.243657712717105835e-08
1.084265464250598334e-08
9.523944509001847901e-09
8.470765635560104047e-09
7.671195163886975970e-09
7.102231642504733557e-09
6.744724677835794851e-09
6.561559297785752083e-09
6.525327098915880289e-09
6.591809824673188957e-09
6.725656853984866443e-09
6.882235601038913879e-09
7.023708107226364964e-09
7.113202622806814371e-09
7.118154422565865989e-09
7.015324711069328037e-09
6.789799186079425052e-09
6.435702088679574091e-09
5.963386912981542024e-09
5.386219781227042502e-09
4.738574581990449503e-09
4.050704828554619226e-09
3.370081861040293381e-09
2.735699084752295318e-09
2.190187042465997780e-09
1.765075106327019470e-09
1.480198750101792775e-09
1.341030936634634414e-09
1.334991942246610050e-09
1.433753766008982356e-09
1.597781320385098819e-09
1.775728041004524397e-09
1.921238963862626365e-09
1.988400743665011337e-09
1.953077747875350767e-09
1.804967363522136753e-09
1.562882752000947143e-09
1.261216509270981198e-09
9.521522059146506867e-10
6.866662398370291533e-10
5.102865690590016361e-10
4.437103111791536629e-10
4.840158203550346465e-10
5.969681713346165994e-10
7.322106660425735457e-10
8.311126634843517099e-10
8.502632200923689750e-10
7.720515845082211341e-10
6.162400626183486109e-10
4.294330413758359492e-10
2.735600361660712726e-10
1.949947674097113032e-10
2.126570883473608932e-10
2.981887843946195933e-10
3.980485860791479846e-10
4.486917722795702892e-10
4.173835480805585159e-10
3.130966336053921887e-10
1.881036143832052554e-10
1.067916704198938182e-10
1.061534219473408560e-10
1.714354078146497273e-10
2.455860890710328809e-10
2.647407761032478993e-10
2.108755938994774989e-10
1.181317378236924932e-10
5.841293522220856812e-11
6.854160293462113516e-11
1.291976860617454387e-10
1.714926724525437261e-10
1.483280415262752534e-10
8.021478588327230149e-11
3.349409915704774840e-11
5.166178682821029999e-11
1.020358708215683580e-10
1.149868702788202615e-10
7.160522522329133353e-11
2.391222072500000614e-11
3.332488840007245471e-11
7.348523248211642677e-11
7.957967803998638225e-11
3.751915815146774515e-11
1.383622307008351707e-11
4.033462198295142346e-11
6.210470975817992818e-11
3.617711965425297602e-11
9.747391128861013308e-12
2.899787743374625737e-11
4.732817061321066590e-11
2.191279216247093964e-11
8.503156093941259926e-12
3.004932818390751352e-11
3.133388291564160312e-11
6.663243368763090613e-12
1.643133319248332481e-11
2.806086860093853512e-11
8.521924980888482844e-12
1.037458536837187635e-11
2.284460830626426116e-11
6.707082410144274345e-12
9.900277370281059406e-12
1.717420546212841616e-11
4.224066145853866224e-12
1.111759111336858117e-11
1.127406034259538443e-11
2.978976663184699143e-12
1.285643682247816570e-11
3.035637526535764975e-12
8.496520243253575481e-12
5.881477017463868839e-12
4.523688544645219702e-12
7.058627631957954553e-12
2.810137747993272651e-12
6.553988757800362160e-12
2.403850016187324903e-12
5.483868153761207492e-12
2.350933193972242172e-12
4.470166305501255147e-12
2.279835944229144358e-12
3.666338581142311116e-12
2.133223553880655342e-12
3.049654570807843659e-12
1.940005722553557486e-12
2.568662777794627346e-12
1.732154867759067746e-12
2.183153995981681721e-12
1.529148673096746515e-12
1.866839049993410027e-12
1.340442556832801402e-12
1.602889310143847369e-12
1.169686882601232705e-12
1.380123837062848348e-12
1.017547652420730631e-12
1.190693312729238629e-12
8.832623161835835349e-13
1.028788501475159537e-12
7.654438329502574385e-13
8.899225199498549110e-13
6.624864790359788189e-13
7.705182758298968652e-13
5.727674294422838347e-13
6.676588648532812376e-13
4.947437658093585081e-13
5.789276806583529199e-13
4.269954868062851290e-13
5.023001203001449076e-13
3.682404597832770104e-13
4.360664756055043000e-13
3.173348680462143031e-13
3.787746626901032867e-13
2.732663745659039383e-13
3.291862091133521465e-13
2.351439073203624522e-13
2.862415113543136186e-13
2.021861927596165554e-13
2.490318380348758662e-13
1.737101882639241726e-13
2.167764108900701072e-13
1.491200194512391184e-13
1.888034163426301390e-13
1.278967199956191336e-13
1.645341292966616212e-13
1.095888965533038581e-13
1.434695459646814346e-13
9.380434263604385863e-14
1.251790684352727669e-13
8.020257085589703602e-14
1.092908859010435703e-13
6.848820460346261506e-14
9.548377128675501280e-14
5.840515715178400258e-14
8.348006682758873960e-14
4.973152210758882966e-14
7.303967383630012162e-14
4.227510017523119635e-14
6.395489428942509928e-14
3.586949109971740755e-14
5.604599747916698145e-14
3.037068498021664072e-14
4.915740555591397405e-14
2.565409306483479414e-14
4.315440852142379862e-14
2.161196414234677155e-14
3.792033298987994412e-14
1.815113844641596394e-14
3.335410043348839942e-14
1.519109642570167296e-14
2.936812015814928460e-14
1.266226472695761663e-14
2.588647024486611878e-14
1.050454626736660062e-14
2.284332644329387710e-14
8.666045346517484910e-15
2.018160472498798362e-14
7.101962355943517387e-15
1.785178805438762787e-14
5.773635871136704815e-15
1.581091208464428999e-14
4.647712734412959931e-15
1.402168801877824894e-14
3.695429234871043644e-15
1.245174390533756221e-14
2.891988675936864744e-15
1.107296823124501112e-14
2.216022538637607242e-15
9.860941899306470673e-15
1.649124116781563973e-15
8.794446597492670864e-15
1.175444966979412662e-15
7.855039202653874107e-15
7.813457825116824736e-16
7.026683285399642677e-15
4.550944143866922590e-16
6.295430000128918630e-15
1.866047210554474780e-16
5.649141692337633708e-15
-3.278922663942536694e-17
5.077252465861781400e-15
-2.105283354999739481e-16
4.570560732933543091e-15
-3.529971896019309068e-16
4.121049443488499396e-15
-4.656698266797632993e-16
3.721730273905721913e-15
-5.532356787145045939e-16
3.366508559906292212e-15
-6.197083544219277245e-16
3.050066188148285276e-15
-6.685195803175017637e-16
2.767760042756473497e-15
-7.026003064822277941e-16
2.515533921798912649e-15
-7.244507143648791489e-16
2.289842123467406715e-15
-7.362006299775102626e-16
2.087583141272845332e-15
-7.396616433621894439e-16
1.906042118584137181e-15
-7.363720609915197612e-16
1.742840895140155312e-15
-7.276356641433096966e-16
1.595894632221981493e-15
-7.145551164119786938e-16
1.463374141211514431e-15
-6.980607494674581568e-16
1.343673158113840107e-15
-6.789353573225817230e-16
1.235379904859175497e-15
-6.578355435627296178e-16
1.137252370144139144e-15
-6.353100938189549688e-16
1.048196816176279503e-15
-6.118157798987686558e-16
9.672490841346354196e-16
-5.877309486996796612e-16
8.935583284536138882e-16
-5.633671993736282034e-16
8.263728593099573667e-16
-5.389794120814061867e-16
7.650278147729673379e-16
-5.147743560170757871e-16
7.089344226106283317e-16
-4.909180718004862202e-16
6.575706418001108081e-16
-4.675421990177200632e-16
6.104730034512665492e-16
-4.447493943938538639e-16
5.672294935122977121e-16
-4.226179674330833190e-16
5.274733411136019658e-16
-4.012058423383549799e-16
4.908775947490424809e-16
-3.805539405755057047e-16
4.571503829975150224e-16
-3.606890650543857180e-16
4.260307713763573255e-16
-3.416263562070206461e-16
3.972851378714343493e-16
-3.233713802747503085e-16
3.707039999541791705e-16
-3.059219018799695791e-16
3.460992351459565070e-16
-2.892693857844156515e-16
3.233016440770958964e-16
-2.734002665243934001e-16
3.021588125763443610e-16
-2.582970192873269069e-16
2.825332342752195846e-16
-2.439390605844296699e-16
2.643006606952434830e-16
-2.303035034367603693e-16
2.473486497411674524e-16
-2.173657885296383512e-16
2.315752878431589987e-16
-2.051002091923678847e-16
2.168880635331383295e-16
-1.934803462244740902e-16
2.032028737634402707e-16
-1.824794259579065141e-16
1.904431460865479906e-16
-1.720706130357537416e-16
1.785390625888906802e-16
-1.622272479530683108e-16
1.674268728625353390e-16
-1.529230378397953991e-16
1.570482851166728692e-16
-1.441322076044850302e-16
1.473499257276188049e-16
-1.358296180744535403e-16
1.382828592511207876e-16
-1.279908560286677218e-16
1.298021611511159299e-16
-1.205923009291798920e-16
1.218665373303402309e-16
-1.136111722119739630e-16
1.144379845748563670e-16
-1.070255603862400021e-16
1.074814873710633860e-16
-1.008144448304018263e-16
1.009647464933963034e-16
-9.495770061212283294e-17
9.485793597780513863e-17
-8.943609641641020068e-17
8.913348500022065372e-17
-8.423128533001720400e-17
8.376588191495279025e-17
-7.932578981011950915e-17
7.873149788945111422e-17
-7.470298222174860965e-17
7.400842799896724856e-17
-7.034706185773977096e-17
6.957634772569184082e-17
-6.624302934294070705e-17
6.541638333244833877e-17
-6.237665917332250792e-17
6.151099444113811659e-17
-5.873447093257428198e-17
5.784386762617063553e-17
-5.530369969475656460e-17
5.439981976118164417e-17
-5.207226606601712013e-17
5.116471020419388883e-17
-4.902874613627838148e-17
4.812536072325880938e-17
-4.616234166392894177e-17
4.526948259379527294e-17
-4.346285064960939694e-17
4.258560996510646411e-17
-4.092063851957607466e-17
4.006303896584482918e-17
-3.852661005906799493e-17
3.769177193219544517e-17
-3.627218210839077007e-17
3.546246628628059487e-17
-3.414925723331473852e-17
3.336638761961836621e-17
-3.215019829856961728e-17
3.139536658065364770e-17
-3.026780405529942336e-17
2.954175919204717455e-17
-2.849528571868130540e-17
2.779841032418301730e-17
-2.682624456617165613e-17
2.615861999436545762e-17
-2.525465054890099335e-17
2.461611226514787207e-17
-2.377482189487011191e-17
2.316500650010222865e-17
-2.238140570059552898e-17
2.179979081123252787e-17
-2.106935945929350799e-17
2.051529741388357502e-17
-1.983393354983831711e-17
1.930667987777091735e-17
-1.867065461035598171e-17
1.816939194405480026e-17
-1.757530976822972681e-17
1.709916792724164165e-17
-1.654393173306813426e-17
1.609200448099516567e-17
-1.557278467697556373e-17
1.514414366838060890e-17
-1.465835087551949615e-17
1.425205720947553843e-17
-1.379731809437936360e-17
1.341243180463643762e-17
-1.298656766775964658e-17
1.262215549135406127e-17
-1.222316324230031814e-17
1.187830492289846390e-17
-1.150434015671972834e-17
1.117813349418437457e-17
-1.082749541961140241e-17
1.051906029364184630e-17
-1.019017824721174044e-17
9.898659762362546197e-18
-9.590081155126485959e-18
9.314652068235086786e-18
-9.025031544338708490e-18
8.764894094620403631e-18
-8.492983781324755224e-18
8.247371038142527964e-18
-7.992011718869777173e-18
7.760188547532689003e-18
-7.520301651648648264e-18
7.301565385205058532e-18
-7.076145678964660188e-18
6.869826560766349571e-18
-6.657935429838287606e-18
6.463396917472183705e-18
-6.264156164963902419e-18
6.080795138175576701e-18
-5.893381190471382119e-18
5.720628147463287819e-18
-5.544266599171497725e-18
5.381585880824628149e-18
-5.215546293328490146e-18
5.062436400999014133e-18
-4.906027277402067420e-18
4.762021349850323102e-18
-4.614585205613788182e-18
