# bin_5_5
6.754043750720217436e-07
-6.538493477194654001e-07
6.351075408104998842e-07
-6.146510535792473154e-07
5.972008680885829698e-07
-5.777348876068922429e-07
5.615483398134898659e-07
-5.429634378797876715e-07
5.280227136824203332e-07
-5.102064590103795750e-07
4.965051479218696467e-07
-4.793402926278017126e-07
4.668848742333972363e-07
-4.502472948541834698e-07
4.390589216783461429e-07
-4.228152656808991869e-07
4.129318900703905615e-07
-3.969368769084010166e-07
3.884157754204465680e-07
-3.725090944563820807e-07
3.654298473366286658e-07
-3.494325903025069625e-07
3.439005809497507686e-07
-3.276111418100325528e-07
3.237616409583826829e-07
-3.069510170515181475e-07
3.049539183565425439e-07
-2.873603431800189333e-07
2.874256177213569841e-07
-2.687484625925407341e-07
2.711323890849748784e-07
-2.510252773085390155e-07
2.560374963297125818e-07
-2.341005940182638792e-07
2.421120097821664468e-07
-2.178834809203958080e-07
2.293350026323027787e-07
-2.022816595963949898e-07
2.176937270012013899e-07
-1.872009589763159464e-07
2.071837285760708167e-07
-1.725448767652579921e-07
1.978088551634085090e-07
-1.582142986135273633e-07
1.895810925889812876e-07
-1.441074481449247880e-07
1.825201500752692641e-07
-1.301201538238402345e-07
1.766526958764184714e-07
-1.161465387321836103e-07
1.720111287927397288e-07
-1.020802556407394065e-07
1.686317541764274654e-07
-8.781640405469866803e-08
1.665522227598532518e-07
-7.325426916154514275e-08
1.658080934660031612e-07
-5.830101753631433171e-08
1.664283972801769234e-07
-4.287644854699797905e-08
1.684301287475927032e-07
-2.691884105245736582e-08
1.718116729471693459e-07
-1.039182400159008581e-08
1.765453131302983578e-07
6.707964645098905962e-09
1.825691625757958225e-07
2.434290152115637339e-08
1.897791339315959795e-07
4.242686045619009629e-08
1.980219048577284526e-07
6.081930793515249670e-08
2.070902336742368843e-07
7.932257469760732720e-08
2.167223955534185087e-07
9.768426142732425422e-08
2.266078511502592000e-07
1.156069995665595668e-07
2.364014071359683966e-07
1.327677693108314957e-07
2.457478874336986021e-07
1.488484567950318975e-07
2.543184739121223304e-07
1.635780681873345638e-07
2.618581454460968743e-07
1.767847753768962390e-07
2.682408601007731191e-07
1.884526409768838569e-07
2.735252937896366315e-07
1.987736295146470357e-07
2.779994633202862775e-07
2.081810258925023785e-07
2.821984138681632821e-07
2.173470156052920954e-07
2.868771105511205417e-07
2.271270996056010896e-07
2.929232461567170045e-07
2.384399544014538080e-07
3.012046339165462893e-07
2.520858204714747979e-07
3.123650570387812445e-07
2.685302167670460105e-07
3.266098569163811144e-07
2.877093102435381307e-07
3.435517297936095745e-07
3.089386986305615023e-07
3.622045554071072288e-07
3.310116324250966548e-07
3.811989915537205699e-07
3.525354157885069376e-07
3.992296326248361384e-07
3.724632629045794812e-07
4.156275644869657276e-07
3.906466133229203689e-07
4.308178416153503704e-07
4.081170784825303900e-07
4.463497628644412281e-07
4.268079688684639221e-07
4.642872267760394958e-07
4.486410645445137215e-07
4.860798260902305815e-07
4.743324794625557779e-07
5.115053349495290894e-07
5.026988780958938982e-07
5.385497505896311304e-07
5.312513475262296062e-07
5.647294706111330389e-07
5.580925286049137691e-07
5.892296547440880619e-07
5.838166157503270358e-07
6.140299399887662725e-07
6.114082620209473254e-07
6.423705071702533448e-07
6.434566199186054680e-07
6.753381810312525811e-07
6.790982299605744522e-07
7.102638359582621344e-07
7.147006638750620982e-07
7.438533875299034790e-07
7.486696434087743104e-07
7.770259119115064553e-07
7.842800934845766954e-07
8.141409073589235586e-07
8.250431353717203277e-07
8.560943462070979415e-07
8.686409504953826993e-07
8.984290924547653394e-07
9.109226025840778908e-07
9.398374792112423846e-07
9.544875677034534854e-07
9.854383213549041704e-07
1.003720311721880978e-06
1.035789528299489483e-06
1.054808684116129909e-06
1.085516318531707707e-06
1.105194474520327564e-06
1.137274467573770718e-06
1.160742248399042626e-06
1.194960414319107137e-06
1.219668259179352768e-06
1.252824554138155117e-06
1.278303793942999874e-06
1.313496305324582647e-06
1.342893335613167737e-06
1.379651889496663664e-06
1.409353629837022327e-06
1.445814772897150616e-06
1.478352007702998781e-06
1.518090420733411628e-06
1.552794713499026675e-06
1.592078212016517697e-06
1.628227440725654761e-06
1.670773967258607062e-06
1.710137645579240112e-06
1.752803644730149662e-06
1.793398492787869907e-06
1.839413419046976440e-06
1.883210249873948944e-06
1.929487465377647169e-06
1.975353657064890447e-06
2.025385155990548447e-06
2.073403232277367499e-06
2.124193128286050209e-06
2.176023143810257522e-06
2.229643757967976145e-06
2.282722265808849502e-06
2.339548136118904285e-06
2.396109789685564813e-06
2.454225969322092976e-06
2.514557101451011326e-06
2.575625237272641188e-06
2.638096453574959972e-06
2.703077522023795266e-06
2.768188159704631839e-06
2.836217928449357195e-06
2.905129888829508615e-06
2.975763661010425445e-06
3.048761020751608318e-06
3.122373578621398228e-06
3.199272111916881152e-06
3.276380779384898899e-06
3.357092306298490441e-06
3.438044422809332722e-06
3.522667911408481980e-06
3.607682804878021306e-06
3.696413406937722241e-06
3.785673271063964273e-06
3.878734373469621204e-06
3.972428071145705066e-06
4.070048262092006355e-06
4.168382109079994620e-06
4.270792784296236985e-06
4.373990188575624480e-06
4.481428264066182096e-06
4.589727693978616816e-06
4.702438351717669801e-06
4.816091972988808933e-06
4.934330598435350112e-06
5.053603689697017831e-06
5.177637187921817162e-06
5.302808060673186514e-06
5.432915811063902678e-06
5.564276013223343473e-06
5.700750630269420394e-06
5.838605302753390338e-06
5.981753293184698002e-06
6.126421607611249086e-06
6.276563968805722221e-06
6.428379605749628994e-06
6.585852385852836272e-06
6.745164028558893280e-06
6.910318855407959056e-06
7.077490680949730259e-06
7.250695258968647654e-06
7.426107411565616231e-06
7.607745980494499055e-06
7.791795011888531095e-06
7.982268756963238623e-06
8.175368017494432643e-06
8.375095416775724599e-06
8.577675378377700772e-06
8.787092468830871880e-06
8.999600957827749571e-06
9.219161497258353684e-06
9.442063810599211855e-06
9.672239307366408540e-06
9.906018180692238511e-06
1.014729775711283118e-05
1.039245314677719857e-05
1.064534319507090730e-05
1.090239182874130927e-05
1.116741541010137608e-05
1.143689005168894033e-05
1.171458597936009033e-05
1.199703434362461759e-05
1.228795587953970701e-05
1.258393911950177305e-05
1.288865220084203819e-05
1.319874287699291197e-05
1.351782377377126260e-05
1.384260319768472691e-05
1.417663548489631110e-05
1.451669031109402105e-05
1.486626101892628232e-05
1.522217893750406323e-05
1.558787372043967515e-05
1.596023807896156064e-05
1.634263521923188712e-05
1.673201837570190519e-05
1.713168140857221239e-05
1.753863658809559894e-05
1.795610530613058484e-05
1.838115670253915102e-05
1.881693626384576339e-05
1.926056709484604969e-05
1.971511492727751676e-05
2.017775311873996517e-05
2.065146327965285982e-05
2.113346442334890175e-05
2.162664904492667966e-05
2.212827624696662551e-05
2.264114367352862932e-05
2.316254389171930358e-05
2.369517310222362156e-05
2.423634956465196735e-05
2.478866047672695388e-05
2.534944078799420637e-05
2.592116006716847505e-05
2.650115965182506421e-05
2.709178171143314194e-05
2.769036232786053239e-05
2.829910531430710814e-05
2.891532851103123406e-05
2.954108524178188859e-05
3.017366083966945882e-05
3.081494491684154272e-05
3.146217490581597733e-05
3.211706258913396680e-05
3.277678125097711149e-05
3.344285016537545919e-05
3.411236180096967151e-05
3.478662820285747896e-05
3.546264457932887744e-05
3.614150173696655422e-05
3.682008230112253106e-05
3.749924357898161160e-05
3.817574262368195594e-05
3.885019410684622648e-05
3.951922042627395285e-05
4.018318936690473014e-05
4.083858546819092716e-05
4.148553243631234491e-05
4.212038202029789931e-05
4.274302629977262907e-05
4.334970035419984682e-05
4.394008967468392076e-05
4.451034292728684019e-05
4.505997980202396927e-05
4.558511013990336025e-05
4.608514750598099812e-05
4.655623083236321274e-05
4.699774884449821501e-05
4.740596012190581224e-05
4.778033316927642168e-05
4.811736036004737844e-05
4.841671787420301977e-05
4.867526831416432747e-05
4.889304388258511411e-05
4.906743150477056411e-05
4.919898146617329249e-05
4.928576763174554229e-05
4.932902232261739567e-05
4.932766274111999641e-05
4.928375123439482976e-05
4.919717746079251756e-05
4.907094157569406417e-05
4.890598029283849476e-05
4.870626929934650549e-05
4.847378062558950051e-05
4.821340029467697700e-05
4.792800494427349866e-05
4.762319204373088784e-05
4.730246626480390232e-05
4.697178332820976630e-05
4.663484193144413922e-05
4.629744904398690441e-05
4.596292169931469481e-05
4.563629146708767648e-05
4.531983178852994434e-05
4.501713152344816491e-05
4.472877613941632282e-05
4.445633219316894421e-05
4.419822114926154105e-05
4.395366398560607150e-05
4.371878934159426810e-05
4.349058398864364246e-05
4.326326581430171771e-05
4.303226521360485900e-05
4.279086254119756629e-05
4.253418389507637509e-05
4.225605155394912847e-05
4.195291901157450337e-05
4.162082116369872966e-05
4.125911421430221324e-05
4.086736374285730684e-05
4.044872603185719609e-05
4.000661287641937668e-05
3.954759050145643381e-05
3.907774586109985721e-05
3.860511382677419222e-05
3.813584908063795913e-05
3.767640325525621674e-05
3.722982637380481299e-05
3.679811086924152428e-05
3.637907648330129882e-05
3.596931872933508046e-05
3.556200427365243890e-05
3.515056411700840294e-05
3.472726419363437133e-05
3.428719935121573675e-05
3.382688532140625063e-05
3.334758402554408296e-05
3.285288261945616949e-05
3.235048991730832789e-05
3.184836160052644232e-05
3.135517918710097572e-05
3.087598481882867802e-05
3.041299189053541465e-05
2.996274541571996569e-05
2.951913489822040830e-05
2.907316079807522420e-05
2.861789164057292653e-05
2.814898493340316275e-05
2.766843111873487868e-05
2.718223371457160968e-05
2.670023782924206050e-05
2.623049039814876011e-05
2.577765398707667233e-05
2.533910289882271497e-05
2.490775955716900290e-05
2.447383414139622874e-05
2.403159702038719931e-05
2.358110990982091945e-05
2.313011888370373090e-05
2.268825817188118880e-05
2.226276949210217969e-05
2.185232731633868905e-05
2.144925877196374755e-05
2.104351263776105930e-05
2.063159776686456791e-05
2.021824003340456547e-05
1.981418056187133608e-05
1.942598208773834331e-05
1.905144017493878999e-05
1.868030852924046294e-05
1.830537738014162709e-05
1.792878392667128008e-05
1.756112246225004057e-05
1.720883893994935219e-05
1.686785010647834149e-05
1.652735004402991465e-05
1.618434972570227507e-05
1.584674147571473745e-05
1.552358211868048218e-05
1.521135543912480902e-05
1.490000775744385515e-05
1.458756429703220025e-05
1.428406358080662247e-05
1.399401200299850647e-05
1.370935837634119861e-05
1.342329939762617770e-05
1.314350475887474715e-05
1.287628109488886462e-05
1.261453409337108344e-05
1.235218073677610037e-05
1.209763366929108548e-05
1.185392958481485827e-05
1.161230058658210051e-05
1.137277836486994737e-05
1.114389375292278685e-05
1.092015577721812798e-05
1.069744738393411799e-05
1.048331875965464216e-05
1.027549540895365956e-05
1.006851097283562492e-05
9.869637795037857617e-06
9.675678179255135748e-06
9.483870721944231608e-06
9.299749095310748420e-06
9.118671196915990485e-06
8.941525102159245228e-06
8.770653589398796492e-06
8.601609730332378568e-06
8.438810890964738238e-06
8.278861857371058524e-06
8.123265998315320205e-06
7.971699219864138009e-06
7.823266650420932240e-06
7.679144640997955613e-06
7.537899571102808305e-06
7.400612427960261985e-06
7.266342148600450008e-06
7.135547847878559665e-06
7.007611220218730250e-06
6.882845733675653797e-06
6.760809352696366717e-06
6.641874461527903430e-06
6.525352363255762781e-06
6.411854685719964684e-06
6.300601525989790819e-06
6.191962983481916266e-06
6.085556746490813481e-06
5.981483992683321581e-06
5.879741767328145015e-06
5.779926737597441379e-06
5.682387410861043585e-06
5.586597449325848884e-06
5.492769385917515792e-06
5.400759529851105555e-06
5.310397063626238615e-06
5.221962003476024531e-06
5.134866201271692870e-06
5.049525723302441507e-06
4.965485682144640705e-06
4.882923964558409413e-06
4.801794617367075894e-06
4.721780452979559800e-06
4.643333507565567894e-06
4.565818002146100746e-06
4.489635259067853554e-06
4.414409690841696462e-06
4.340297762634524989e-06
4.267309293821921316e-06
4.195096446579450047e-06
4.124094242556100961e-06
4.053787862991625983e-06
3.984457013381690360e-06
3.915932472966972085e-06
3.848170925014298916e-06
3.781386083582888621e-06
3.715111337900543147e-06
3.649840079223745440e-06
3.585072794026874216e-06
3.521115164051404736e-06
3.457841503814173202e-06
3.395132975757738503e-06
3.333291264224257470e-06
3.271876842182939660e-06
3.211273112678779535e-06
3.151173866319856437e-06
3.091719906709736083e-06
3.032942341920229691e-06
2.974565753855172973e-06
2.916980651964590100e-06
2.859713516883450518e-06
2.803093908030191461e-06
2.746845185664375811e-06
2.691055394115587524e-06
2.635744535968351255e-06
2.580680186281741407e-06
2.526155301771830408e-06
2.471874336628188510e-06
2.418044381737113405e-06
2.364611223320767075e-06
2.311544540795480420e-06
2.259063502312931298e-06
2.206923590054851118e-06
2.155478931541090856e-06
2.104501988996811179e-06
2.054211085757566827e-06
2.004581781885017421e-06
1.955581289346624685e-06
1.907399218351986304e-06
1.859858899735349174e-06
1.813164717775166096e-06
1.767202748313750332e-06
1.722030043952414453e-06
1.677688035615241695e-06
1.634046987838973455e-06
1.591286473719414379e-06
1.549213961495134442e-06
1.507978738196582751e-06
1.467465665555678173e-06
1.427703037708039511e-06
1.388690481932092235e-06
1.350351592862050176e-06
1.312760565300952231e-06
1.275825450681269363e-06
1.239582488823301796e-06
1.204007290534724497e-06
1.169047923831154718e-06
1.134759041516814076e-06
1.101045217535876178e-06
1.067984547984830320e-06
1.035491510911461014e-06
1.003603992810537569e-06
9.722863994696680101e-07
9.415290778692619782e-07
9.113300305196445998e-07
8.816701596037722058e-07
8.525550808908122676e-07
8.239724259239955201e-07
7.959007286165110980e-07
7.683485412716474063e-07
7.412883269161004422e-07
7.147246888860421984e-07
6.886339842106550746e-07
6.630258275168644064e-07
6.378706784259250165e-07
6.131731765311321261e-07
5.889016609743923702e-07
5.650806323654013756e-07
5.416634206517160560e-07
5.186787686581118444e-07
4.960906254170487233e-07
4.739097738646041266e-07
4.521262840899617077e-07
4.307262661237861895e-07
4.097276061518335689e-07
3.891077304784646582e-07
3.688801866273903604e-07
3.490438781313878790e-07
3.295886867296093256e-07
3.105564081169423640e-07
2.919010627201953230e-07
2.736894183548411242e-07
2.558894710438913255e-07
2.385524191960661727e-07
2.216781720069330144e-07
2.052928139065207534e-07
1.894390708398151369e-07
1.741192188573250020e-07
1.593923844813432198e-07
1.452751919178596588e-07
1.318090061159398924e-07
1.190429466320517421e-07
1.069902649288226855e-07
9.572710005569947009e-08
8.524075458638397842e-08
7.560354294406914705e-08
6.681328243858806969e-08
5.890386883447154148e-08
5.189698287721607197e-08
4.577557795270527703e-08
4.055265601325729193e-08
3.618461466060047821e-08
3.264501925620095203e-08
2.988448757396167255e-08
2.783004430136023329e-08
2.641890747997045855e-08
2.553591284172791661e-08
2.509130800532152260e-08
2.494967970837277233e-08
2.500791424399169881e-08
2.513143895834912300e-08
2.521804665715530789e-08
2.514937913820144977e-08
2.484324195207045595e-08
2.422473948857887066e-08
2.325872539320454104e-08
2.193017532704762130e-08
2.027665348819758907e-08
1.834146136541944989e-08
1.622215042146519420e-08
1.401340584729085344e-08
1.184984361846934332e-08
9.849822008276989267e-09
8.131490353629590895e-09
6.783157577267534110e-09
5.866342701915441204e-09
5.380372740232316060e-09
5.291936255262064667e-09
5.506571062313995275e-09
5.911670454344129503e-09
6.357703905609299172e-09
6.693854044532751445e-09
6.812668074785582393e-09
6.619883581750470016e-09
6.107329596132615190e-09
5.323756088890360765e-09
4.373281954334716977e-09
3.423074934893651467e-09
2.595581130758843617e-09
2.055228508847450298e-09
1.827801998479962207e-09
1.921710724971759432e-09
2.227613889118357901e-09
2.587596247345977027e-09
2.852004609350920200e-09
2.864836108658315988e-09
2.607115292354597217e-09
2.115952295714279874e-09
1.543576618800423293e-09
1.071366978235565212e-09
8.222455475844177067e-10
8.693482732239856011e-10
1.102862376183608382e-09
1.383584323509930107e-09
1.511960922211204926e-09
1.400818300823073664e-09
1.081435663357381393e-09
6.990322533139939772e-10
4.566342514457793249e-10
4.462085883676549397e-10
6.319633550591326726e-10
8.397862343474831559e-10
8.840898817464244393e-10
7.180964915954242028e-10
4.357284966915241957e-10
2.580989865404210198e-10
2.826558400588856038e-10
4.564273268070726938e-10
5.744881667641601897e-10
4.982707756724070713e-10
2.952599435156635629e-10
1.531995671675770085e-10
2.054614997733321369e-10
3.489313266131244230e-10
3.824375864150465211e-10
2.520567252834941794e-10
1.077526272551262312e-10
1.356873673807235875e-10
2.496791917280495454e-10
2.652621922087389716e-10
1.387012660572945525e-10
6.746143218106500709e-11
1.451891589931562476e-10
2.049850662920276783e-10
1.284617504030005886e-10
4.854934070237360164e-11
1.045628866837266055e-10
1.568974426391726495e-10
7.981348880011226830e-11
4.120884074148027593e-11
1.017979953363763042e-10
1.056752944545116691e-10
3.152307644690216517e-11
5.975051024588129584e-11
9.343397348153932273e-11
3.414710781777443502e-11
4.054174987814806778e-11
7.499781724556991593e-11
2.794350049500400411e-11
3.657297957493295443e-11
5.699450892842270479e-11
1.926364954871605570e-11
3.818555512322394460e-11
3.900484152566690478e-11
1.368718007624217475e-11
4.267156870263314586e-11
1.336696706248383430e-11
2.906483237221717986e-11
2.122220775218980095e-11
1.678852416651648373e-11
2.417246428006593258e-11
1.128066694220593682e-11
2.222011941031100313e-11
9.692223370691003743e-12
1.866439036221110152e-11
9.194723673413730849e-12
1.533279937186788536e-11
8.686000618496969671e-12
1.266907574163047139e-11
7.992537401082684813e-12
1.059842532800722222e-11
7.195460110863178580e-12
8.962810904986614267e-12
6.385085166404339589e-12
7.638530891121614295e-12
5.615154491808208384e-12
6.543820861174453542e-12
4.910205829940449249e-12
5.625492377476939688e-12
4.278030330113871152e-12
4.847547644455419800e-12
3.717977036831854738e-12
4.184251135199813390e-12
3.225511595326888134e-12
3.616248370088174397e-12
2.794553002689284288e-12
3.128393031191583696e-12
2.418635951615038204e-12
2.708484886363189468e-12
2.091473160874213242e-12
2.346496113306938442e-12
1.807212381914680711e-12
2.034068172369746388e-12
1.560537389342666427e-12
1.764165602245945440e-12
1.346689316137829865e-12
1.530825688074063533e-12
1.161448052508414453e-12
1.328969891036627750e-12
1.001094711753901690e-12
1.154257126627967911e-12
8.623663889480962114e-13
1.002966722912784252e-12
7.424092106931498807e-13
8.719032750953069413e-13
6.387328215374419090e-13
7.583181934351014803e-13
5.491678718092092074e-13
6.598443213708452451e-13
4.718271882740833438e-13
5.744410056584776097e-13
4.050708167753278024e-13
5.003476646792660375e-13
3.474748562038861036e-13
4.360443559929158789e-13
2.978038620880516467e-13
3.802181667955746381e-13
2.549865314499572552e-13
3.317344864370189488e-13
2.180943570231650957e-13
2.896123972382132552e-13
1.863229400299956304e-13
2.530035558245466045e-13
1.589756652382134628e-13
2.211740441075635797e-13
1.354494634808681714e-13
1.934887542639654818e-13
1.152224111765378205e-13
1.693979411893083672e-13
9.784294138965139136e-14
1.484256324651848725e-13
8.292046518551841324e-14
1.301596327012135749e-13
7.011722481017454159e-14
1.142428981553404666e-13
5.914122117636632877e-14
1.003660902715067033e-13
4.974007711539529581e-14
8.826114438967414194e-14
4.169571490473038229e-14
7.769571327932803081e-14
3.481974177203385158e-14
6.846836500396844527e-14
2.894945051623550230e-14
6.040443159335949254e-14
2.394435426507344087e-14
5.335241942482576291e-14
1.968318481326063705e-14
4.718090463805521362e-14
1.606129313339758501e-14
4.177584749338070548e-14
1.298839867069899667e-14
3.703826871324432939e-14
1.038664100049837955e-14
3.288223866239137689e-14
8.188893554335642428e-15
2.923313696874756707e-14
6.337304420073923213e-15
2.602614596392081878e-14
4.782033850978431499e-15
2.320494635768483286e-14
3.480162148778793759e-15
2.072058780395455707e-14
2.394745080838136915e-15
1.853051079583441732e-14
1.493997030109446130e-15
1.659769947160053802e-14
7.505847185665917122e-16
1.488994772177003359e-14
1.410166346214648345e-16
1.337922334138760938e-14
-3.548847170675876684e-16
1.204111706068114752e-14
-7.544389050561231030e-16
1.085436504475794731e-14
-1.072501658541173797e-15
9.800435009271722495e-15
-1.321805321774662247e-15
8.863167416446421912e-15
-1.513252922645721495e-15
8.028464373983777849e-15
-1.656172123234113625e-15
7.284019847254071832e-15
-1.758534480056751228e-15
6.619085663819263794e-15
-1.827144713935789054e-15
6.024268512281369806e-15
-1.867804054291798701e-15
5.491353812489871110e-15
-1.885451172098809094e-15
5.013152854571894751e-15
-1.884283748312260135e-15
4.583370115255760682e-15
-1.867863305861349078e-15
4.196488055752197840e-15
-1.839205586447249116e-15
3.847667078532280303e-15
-1.800858436610015928e-15
3.532658623905761522e-15
-1.754968910374926061e-15
3.247729662474718667e-15
-1.703341055198985620e-15
2.989597069156597291e-15
-1.647485660505857122e-15
2.755370570640218940e-15
-1.588663063827364677e-15
2.542503128248988746e-15
-1.527919968649132687e-15
2.348747775107158235e-15
-1.466121093806278962e-15
2.172120053392103345e-15
-1.403976367250834586e-15
2.010865313152668735e-15
-1.342064274938375940e-15
1.863430231555642725e-15
-1.280851897424195546e-15
1.728437999369900610e-15
-1.220712089909563101e-15
1.604666690005041714e-15
-1.161938203659950178e-15
1.491030396715644891e-15
-1.104756687177559252e-15
1.386562772062857351e-15
-1.049337864370035992e-15
1.290402661223815476e-15
-9.958051432244535585e-16
1.201781549382533615e-15
-9.442428737399755611e-16
1.120012593036328935e-15
-8.947030456469110726e-16
1.044481026167170371e-15
-8.472109892511624796e-16
9.746357644084122729e-16
-8.017702187483513500e-16
9.099820526661028210e-16
-7.583665412770142129e-16
8.500750207474846671e-16
-7.169715354740832297e-16
7.945140321033185627e-16
-6.775454897393228453e-16
7.429377220841837399e-16
-6.400398774325200152e-16
6.950196395592730431e-16
-6.043994371846066283e-16
6.504644138974763796e-16
-5.705639142228706706e-16
6.090043810235463696e-16
-5.384695133536250448e-16
5.703966119460952787e-16
-5.080501051310175916e-16
5.344202903323842366e-16
-4.792382236069100958e-16
5.008743987109268207e-16
-4.519658841287072493e-16
4.695756722134342660e-16
-4.261652513206986489e-16
4.403567886471002015e-16
-4.017691779095534771e-16
4.130647643920137387e-16
-3.787116356210978956e-16
3.875595318799947379e-16
-3.569280544011809317e-16
3.637126757109653864e-16
-3.363555850643563208e-16
3.414063089495332290e-16
-3.169332969371272363e-16
3.205320722326652210e-16
-2.986023221879732047e-16
3.009902412108314704e-16
-2.813059548927138995e-16
2.826889294276229979e-16
-2.649897131672833341e-16
2.655433755219042667e-16
-2.496013706662092090e-16
2.494753048071221975e-16
-2.350909630068894419e-16
2.344123565952335530e-16
-2.214107739303873848e-16
2.202875696410162428e-16
-2.085153052250047167e-16
2.070389197031707268e-16
-1.963612334645192498e-16
1.946089022684223095e-16
-1.849073570052451891e-16
1.829441564969797146e-16
-1.741145348856830651e-16
1.719951249786624953e-16
-1.639456202218916153e-16
1.617157462879902540e-16
-1.543653895681890268e-16
1.520631757392966711e-16
-1.453404693716411292e-16
1.429975322957089941e-16
-1.368392610507359598e-16
1.344816683220756852e-16
-1.288318654532690478e-16
1.264809598930481475e-16
-1.212900073344278762e-16
1.189631157902871614e-16
-1.141869607722458604e-16
1.118980029206317711e-16
-1.074974756322559869e-16
1.052574868022638370e-16
-1.011977058489857058e-16
9.901528552331381082e-17
-9.526513949970577498e-17
9.314683588565697117e-17
-8.967853109580361745e-17
8.762917041819636164e-17
-8.441783620974996897e-17
8.244080450296940322e-17
-7.946414852370360714e-17
7.756163252408586998e-17
-7.479963923650388757e-17
7.297283206343312224e-17
-7.040749925677944436e-17
6.865677569550316560e-17
-6.627188372519526340e-17
6.459694947288961318e-17
-6.237785917091152062e-17
6.077787769977183685e-17
-5.871135307764711982e-17
5.718505324654672847e-17
-5.525910591055082071e-17
5.380487311165072128e-17
-5.200862557556561303e-17
5.062457865591368633e-17
-4.894814411695040341e-17
4.763220022022479658e-17
-4.606657661679670667e-17
4.481650570445086646e-17
-4.335348233632745346e-17
4.216695278483668482e-17
-4.079902779813968809e-17
3.967364452153774425e-17
-3.839395197955927614e-17
3.732728809154652518e-17
-3.612953326201379209e-17
3.511915634759493347e-17
-3.399755824651081507e-17
3.304105201805491309e-17
-3.199029230523198021e-17
3.108527437359547373e-17
-3.010045170247808948e-17
2.924458819883599541e-17
-2.832117727105632063e-17
2.751219476379534965e-17
-2.664600961809175239e-17
2.588170486542395862e-17
-2.506886559652177384e-17
2.434711355043917849e-17
-2.358401620487779140e-17
2.290277670270651583e-17
-2.218606560932255679e-17
2.154338904372857803e-17
-2.086993137856769438e-17
2.026396372620018028e-17
-1.963082576476751592e-17
1.905981325268517559e-17
-1.846423803675437067e-17
1.792653172603673107e-17
-1.736591767185254789e-17
1.685997834936543872e-17
-1.633185849933954890e-17
1.585626203830679070e-17
-1.535828356784923055e-17
1.491172721422707767e-17
-1.444163081275614246e-17
1.402294061083483912e-17
-1.357853929432568164e-17
