# bin_6_2
4.243128694887833239e-07
-4.110680076024131781e-07
3.990885027094264375e-07
-3.865685566338103522e-07
3.753503734267919625e-07
-3.634974887798236746e-07
3.530129668639465227e-07
-3.417701628223484760e-07
3.319960518122652393e-07
-3.213065835385995605e-07
3.122244159710211540e-07
-3.020310762836482499e-07
2.936276263632714476e-07
-2.838719703580748796e-07
2.761398145009097648e-07
-2.667612909319530381e-07
2.596994858202036161e-07
-2.506344569593120143e-07
2.442493532818900393e-07
-2.354299834451189925e-07
2.297361957798728489e-07
-2.210891868663638687e-07
2.161107399326916173e-07
-2.075558912569502082e-07
2.033275662361192418e-07
-1.947761353959369848e-07
1.913450376217430405e-07
-1.826978790690800867e-07
1.801252506530845710e-07
-1.712707096815973827e-07
1.696340060140598378e-07
-1.604455498626435111e-07
1.598407960710299160e-07
-1.501743691205712957e-07
1.507188046650973292e-07
-1.404099032797433678e-07
1.422449122877708272e-07
-1.311053896631373993e-07
1.343996973953041869e-07
-1.222143270523420106e-07
1.271674211658634589e-07
-1.136902743474723526e-07
1.205359790098093742e-07
-1.054867067202353997e-07
1.144967970213166571e-07
-9.755695203237758551e-08
1.090446462963696493e-07
-8.985423741820923440e-08
1.041773418760206381e-07
-8.233188141253568816e-08
9.989528700407153286e-08
-7.494367292099577217e-08
9.620081826511784878e-08
-6.764448319828026034e-08
9.309730393597872932e-08
-6.039115799789150206e-08
9.058794763662532755e-08
-5.314373512119272716e-08
8.867425638392717873e-08
-4.586702129860651653e-08
8.735414766045040214e-08
-3.853254097122691375e-08
8.661969805225366807e-08
-3.112083350381300094e-08
8.645458260884762131e-08
-2.362401818482145032e-08
8.683132101297795248e-08
-1.604846843992612841e-08
8.770853789759987063e-08
-8.417331956310551927e-09
8.902856124604201945e-08
-7.725068189928433453e-10
9.071581735980210052e-08
6.824455804613902750e-09
9.267662052791407974e-08
1.429318400280570243e-08
9.480107214839021919e-08
2.153780475218775755e-08
9.696783317721000111e-08
2.845349475788582194e-08
9.905245299464053928e-08
3.493683255914475546e-08
1.009396464359042004e-07
4.090009228663503466e-08
1.025393258178165875e-07
4.628886248750780849e-08
1.038052529652426515e-07
5.110124676695412266e-08
1.047538802789775019e-07
5.540546938071679159e-08
1.054794327369610354e-07
5.935119103616428134e-08
1.061598796026855448e-07
6.316870167774708848e-08
1.070477543587646175e-07
6.715012919585518713e-08
1.084406517130372213e-07
7.160881170495875327e-08
1.106295983243802565e-07
7.681787602453201329e-08
1.138299891512718596e-07
8.293708701736996706e-08
1.181090532284583742e-07
8.994702089481444418e-08
1.233336854545734197e-07
9.761821795165901347e-08
1.291683509187187035e-07
1.055444129964924742e-07
1.351480028144264082e-07
1.132563304669184529e-07
1.408293281680833605e-07
1.204015927510296746e-07
1.459844102330060819e-07
1.269315492834045913e-07
1.507554664602719318e-07
1.331966526196622585e-07
1.556650850895075087e-07
1.398522709397526418e-07
1.614100069667958714e-07
1.475497913572764100e-07
1.684792652390279773e-07
1.565327045699034615e-07
1.767964728967842830e-07
1.664019333804667439e-07
1.856792399832991059e-07
1.763167137652120736e-07
1.942863978516908949e-07
1.856363078016165071e-07
2.023413022615443275e-07
1.945626892021466397e-07
2.105126085654913266e-07
2.041063543983180393e-07
2.198954140785530589e-07
2.151439696664507415e-07
2.308564940988709313e-07
2.273842962037190817e-07
2.424922134682682718e-07
2.395994329641696157e-07
2.536875861903667063e-07
2.512508385992735328e-07
2.647527808420789273e-07
2.634469495450868146e-07
2.771617426689506173e-07
2.773760603521147338e-07
2.912169140866956341e-07
2.922547751080591660e-07
3.054100701619857559e-07
3.066796004646627092e-07
3.192983320237794886e-07
3.215303510089810876e-07
3.346126294774882591e-07
3.382905917785567592e-07
3.515411906166710202e-07
3.556713330099091995e-07
3.682655218744202817e-07
3.728076993833124044e-07
3.856835098312597315e-07
3.916838155961137229e-07
4.051127300613314414e-07
4.116967251108588174e-07
4.246079836022035042e-07
4.316058479781288267e-07
4.450583156025849745e-07
4.535237464717560954e-07
4.673686298191022329e-07
4.760695826130759553e-07
4.896861580890804689e-07
4.994693909272590070e-07
5.140757907077301565e-07
5.247065100992740984e-07
5.390487299755650036e-07
5.502745343999681101e-07
5.656180558857369437e-07
5.780298687340673852e-07
5.933187523907868502e-07
6.062385927883283052e-07
6.225721098326559621e-07
6.366599396373738981e-07
6.530004845258851628e-07
6.678669512838293736e-07
6.854017378937970912e-07
7.010689222588242289e-07
7.187902315942194838e-07
7.358141970903856685e-07
7.544282758562148927e-07
7.719368352033269463e-07
7.915753046609285427e-07
8.103195751534465427e-07
8.303393097501603209e-07
8.504116995074164885e-07
8.713790610232324130e-07
8.922242755923520315e-07
9.144683371762463919e-07
9.362514088297279134e-07
9.594835957075998667e-07
9.825939316684237999e-07
1.006667328027744878e-06
1.031197654712394449e-06
1.056242301372869379e-06
1.082127171523470356e-06
1.108321105367431298e-06
1.135527776343501225e-06
1.162991331974391469e-06
1.191550568365998484e-06
1.220360589164644858e-06
1.250335881948512946e-06
1.280556472466751722e-06
1.312021044174617530e-06
1.343718399101305650e-06
1.376747402397522186e-06
1.409993466006460176e-06
1.444663164673726945e-06
1.479535520253432761e-06
1.515924198345322064e-06
1.552505391990260852e-06
1.590694275009414303e-06
1.629071365414816800e-06
1.669145269044051039e-06
1.709409640471959899e-06
1.751457410070542349e-06
1.793704755909025454e-06
1.837819584772994328e-06
1.882149987107534547e-06
1.928429670228260859e-06
1.974947731413219479e-06
2.023494885373418030e-06
2.072309887451932331e-06
2.123232151782218948e-06
2.174458230223386294e-06
2.227868457300647692e-06
2.281624780801472309e-06
2.337641216892728129e-06
2.394052167426591944e-06
2.452798624843896945e-06
2.511993973097752150e-06
2.573599991705039610e-06
2.635715063185843824e-06
2.700316058115840461e-06
2.765491884839353563e-06
2.833229276038750209e-06
2.901612727987306255e-06
2.972634045920551879e-06
3.044377935424074802e-06
3.118836895851430537e-06
3.194100046731334602e-06
3.272156585861730815e-06
3.351103857548548171e-06
3.432924116986570203e-06
3.515726371868575656e-06
3.601482620579914974e-06
3.688316620500650314e-06
3.778187098428777911e-06
3.869235313486237392e-06
3.963403978439093262e-06
4.058854287988095371e-06
4.157510443862569525e-06
4.257555705814286071e-06
4.360893486119515841e-06
4.465730946206320812e-06
4.573948622070403614e-06
4.683779129628677959e-06
4.797078205986641572e-06
4.912105196941479398e-06
5.030689254334124161e-06
5.151117455394553887e-06
5.275190687706217644e-06
5.401224488256917748e-06
5.530989878780942340e-06
5.662831308591809088e-06
5.798488378028763151e-06
5.936334619736087440e-06
6.078076670207577870e-06
6.222117025673245855e-06
6.370127794715210935e-06
6.520540014055791697e-06
6.674989642141476475e-06
6.831935513815253269e-06
6.992975718697224172e-06
7.156595809083688289e-06
7.324354150810659271e-06
7.494761573047272122e-06
7.669334685885053637e-06
7.846607771475325982e-06
8.028053434486095812e-06
8.212227178951198549e-06
8.400555097506635544e-06
8.591611255237009874e-06
8.786772433682787055e-06
8.984628149937052923e-06
9.186502754154344315e-06
9.390997647414251625e-06
9.599381289141650317e-06
9.810262939241657905e-06
1.002485136668893543e-05
1.024175922876450721e-05
1.046213148626068565e-05
1.068457934409927965e-05
1.091017957425028974e-05
1.113753677651776084e-05
1.136765498942961480e-05
1.159912688658721571e-05
1.183287922038213916e-05
1.206748744710611964e-05
1.230379670013964623e-05
1.254036023503387718e-05
1.277793776924247608e-05
1.301505605543595987e-05
1.325238655488901411e-05
1.348842638175798203e-05
1.372375739715497499e-05
1.395684571668822376e-05
1.418818442128297516e-05
1.441620978154147168e-05
1.464132987730883474e-05
1.486195566041645037e-05
1.507841785374064793e-05
1.528911094169811487e-05
1.549430077463660930e-05
1.569237953462597468e-05
1.588356649322076830e-05
1.606627193644230586e-05
1.624069350113476403e-05
1.640528694269148015e-05
1.656026039277393313e-05
1.670414969955358331e-05
1.683721279170555626e-05
1.695810709707281700e-05
1.706718595042628194e-05
1.716327528966944921e-05
1.724687370010941621e-05
1.731702519455847602e-05
1.737442405072762400e-05
1.741838001824226508e-05
1.744982860788610012e-05
1.746838457963816773e-05
1.747525784820290058e-05
1.747039067865310127e-05
1.745527899491966709e-05
1.743018848268568073e-05
1.739688099400476257e-05
1.735590492434564090e-05
1.730922681457331116e-05
1.725759216312264550e-05
1.720306347440081932e-05
1.714644931428658408e-05
1.708975213546005573e-05
1.703366601696947795e-05
1.697994064954766886e-05
1.692895171978442019e-05
1.688199118599150882e-05
1.683891817469566129e-05
1.680038935641587459e-05
1.676560145711372405e-05
1.673447778553147148e-05
1.670551436314894321e-05
1.667793756062628250e-05
1.664966238470547843e-05
1.661942975704423282e-05
1.658487594895111193e-05
1.654464515415685278e-05
1.649655326582888520e-05
1.643965326020242201e-05
1.637245744283881158e-05
1.629491485458450730e-05
1.620664113006640218e-05
1.610875818800142152e-05
1.600208115479373138e-05
1.588878291749991207e-05
1.577051422432914680e-05
1.564989734146297832e-05
1.552861098875733418e-05
1.540878261432331798e-05
1.529113782082532899e-05
1.517642107277081636e-05
1.506374934391784345e-05
1.495219723845700742e-05
1.483945510521865060e-05
1.472362230438521233e-05
1.460212679372366982e-05
1.447358935985299251e-05
1.433677029120952336e-05
1.419220492870606837e-05
1.404085664035416475e-05
1.388525837892113336e-05
1.372773544840132223e-05
1.357111997743547521e-05
1.341684199875663855e-05
1.326572873169969329e-05
1.311658786802180893e-05
1.296767119022870932e-05
1.281608318300224514e-05
1.265982834945689860e-05
1.249746973161433244e-05
1.232978161340358938e-05
1.215854368876147141e-05
1.198696357564671248e-05
1.181745943754612033e-05
1.165162956790760148e-05
1.148859067271348342e-05
1.132630365237039522e-05
1.116167625361728494e-05
1.099309220094883733e-05
1.082052384366204961e-05
1.064653235706828526e-05
1.047406108437832566e-05
1.030550931235287705e-05
1.014042476449396503e-05
9.976581098359966294e-06
9.810828843804834471e-06
9.642240668453949854e-06
9.472255552242953239e-06
9.304355472349454939e-06
9.140548481579529761e-06
8.980295705558679430e-06
8.820394955930257203e-06
8.658754426724588898e-06
8.496017836367665197e-06
8.335612384266950374e-06
8.179517982371500607e-06
8.026602587038817518e-06
7.873494848613339978e-06
7.719398663567503675e-06
7.566745421216357020e-06
7.418471925610988486e-06
7.273468936536192905e-06
7.128737006538235882e-06
6.983646084049754106e-06
6.841432857109623340e-06
6.703483885009250607e-06
6.567409616914578901e-06
6.431066413867139140e-06
6.296931328491309542e-06
6.166950861950084606e-06
6.039038913046888493e-06
5.911283799254860190e-06
5.786378829643199925e-06
5.665245958583129290e-06
5.545264128189896718e-06
5.426413023228147223e-06
5.311414718854264816e-06
5.198545134122210659e-06
5.086608899061912094e-06
4.977911090354080538e-06
4.871818964522901667e-06
4.766612017693459199e-06
4.664608850825004911e-06
4.564780604533790268e-06
4.466339983189125306e-06
4.370966085275740415e-06
4.277271665444280351e-06
4.185504077485950700e-06
4.096437986884506333e-06
4.008655546017767939e-06
3.923589423362498200e-06
3.840130586909255641e-06
3.758810908675060786e-06
3.679473902031685886e-06
3.601889054665076378e-06
3.526384845382285241e-06
3.452548604363009205e-06
3.380704316094621703e-06
3.310559921724498512e-06
3.242250192742232545e-06
3.175580534930683422e-06
3.110633239470740994e-06
3.047285371545811523e-06
2.985618613475043097e-06
2.925455803931660923e-06
2.866925889578936670e-06
2.809825898533686559e-06
2.754210327863039447e-06
2.699990280316179488e-06
2.647159973973536686e-06
2.595729881721926454e-06
2.545547173682727973e-06
2.496714939125424235e-06
2.449041745224764741e-06
2.402593660814483971e-06
2.357296070967991161e-06
2.313114751851555859e-06
2.270091334763871453e-06
2.228055962384075255e-06
2.187087316611967259e-06
2.147057668348051682e-06
2.107985537326288872e-06
2.069865660114213312e-06
2.032566329043963518e-06
1.996238173691056836e-06
1.960637825911068860e-06
1.925893080057976386e-06
1.891849701177402386e-06
1.858570610199234631e-06
1.826026502213756986e-06
1.794104731080605787e-06
1.762922806232265779e-06
1.732303426538063764e-06
1.702308057034170891e-06
1.672886205789955994e-06
1.643997972137761762e-06
1.615724914888282184e-06
1.587864242633822222e-06
1.560600611519463209e-06
1.533717018213852242e-06
1.507331447658437455e-06
1.481372252437310246e-06
1.455797070136812826e-06
1.430702793368722323e-06
1.405907132026182417e-06
1.381538670059112220e-06
1.357473303605880506e-06
1.333751917502199489e-06
1.310392648418950960e-06
1.287262422290695777e-06
1.264543860274086725e-06
1.242014852138793350e-06
1.219830748596729522e-06
1.197867189677036491e-06
1.176183166070768317e-06
1.154787357528160539e-06
1.133578129283674516e-06
1.112692315824297021e-06
1.091984904609421111e-06
1.071540482954869479e-06
1.051328009476285629e-06
1.031310362329242637e-06
1.011584284311975719e-06
9.919859810821256247e-07
9.726792664021132046e-07
9.535058544129772810e-07
9.345585482213895299e-07
9.157920666585086127e-07
8.971637010241452035e-07
8.787582165292913035e-07
8.604483093012924375e-07
8.423335245144625313e-07
8.243365137715987195e-07
8.064860851464636997e-07
7.888086717121071405e-07
7.712202262554612384e-07
7.538512568245040883e-07
7.365775053917537944e-07
7.195107072250882449e-07
7.025899505437178843e-07
6.858535839372503647e-07
6.693235253750959305e-07
6.529529965549018675e-07
6.368260218849219331e-07
6.208789355119238299e-07
6.051621707263889170e-07
5.896708438831960126e-07
5.743792776737621505e-07
5.593502413821981171e-07
5.445034629432888156e-07
5.299235933167835794e-07
5.155386692326368167e-07
5.013921326860570055e-07
4.874626256667691342e-07
4.737322444761308068e-07
4.602293303702513268e-07
4.469084034043446241e-07
4.337996603024849061e-07
4.208751583017391879e-07
4.081303885156462558e-07
3.955741794474419845e-07
3.831659149366564020e-07
3.709419128993558257e-07
3.588531921543821827e-07
3.469300105613102916e-07
3.351406717460984043e-07
3.234897299484772823e-07
3.119699148098417548e-07
3.005706597047284532e-07
2.892962163811434532e-07
2.781363502165495537e-07
2.670891499401531304e-07
2.561564518282412855e-07
2.453239469154496476e-07
2.346048868027575413e-07
2.239841238124374733e-07
2.134786185398213427e-07
2.030766257414431192e-07
1.927918798736725648e-07
1.826202674947760510e-07
1.725775314223314924e-07
1.626610104851989611e-07
1.528927868577957012e-07
1.432761672778055934e-07
1.338342108694101283e-07
1.245746373153427915e-07
1.155225722981428563e-07
1.066983712564952111e-07
9.812273067587115784e-08
8.982315987188259512e-08
8.182712614174254888e-08
7.415819707969510124e-08
6.685284890954988252e-08
5.992672351945982170e-08
5.342648685564490411e-08
4.735906378256882750e-08
4.176785974705147300e-08
3.666131475122923350e-08
3.206514592575613593e-08
2.799138872031716270e-08
2.444119745867752617e-08
2.142157570011818782e-08
1.891597618839687728e-08
1.691035819726196823e-08
1.537701411286836162e-08
1.427219617075519987e-08
1.356141710665389255e-08
1.317020800812056436e-08
1.305258151238127920e-08
1.312034914936199128e-08
1.331104825147224802e-08
1.354281781328697312e-08
1.374347819521383002e-08
1.385065442666597370e-08
1.379957016220530697e-08
1.355243373337726427e-08
1.307983189082890761e-08
1.237327989331210172e-08
1.145409323752312062e-08
1.034642952361802487e-08
9.115098220554542316e-09
7.815222552109366615e-09
6.534202801756707559e-09
5.342893036050585055e-09
4.320922890427025225e-09
3.522926774627064958e-09
2.987658022122585022e-09
2.720095660936613141e-09
2.698357956491989254e-09
2.868210600737963961e-09
3.156936965164216530e-09
3.470275954311909815e-09
3.721932079381412366e-09
3.829474421320943181e-09
3.748372433402364901e-09
3.460641424095828925e-09
3.001311401158388156e-09
2.435886556314466931e-09
1.858648282151383633e-09
1.364183346091053760e-09
1.035140693421790986e-09
9.089381816343624022e-10
9.793326222401863093e-10
1.182331345042707009e-09
1.425290954406194088e-09
1.601233105910466470e-09
1.628837334603390006e-09
1.478922903675278223e-09
1.186303521258795488e-09
8.385098034626249566e-10
5.500388480115094446e-10
4.023521474104008438e-10
4.350562433985591718e-10
5.888523473886507901e-10
7.703876950128862678e-10
8.594836766609871967e-10
7.976789808518036964e-10
6.042853560289507229e-10
3.709141128916356219e-10
2.221132211175094983e-10
2.189447502106027019e-10
3.382933794081603773e-10
4.727806169653844903e-10
5.051984470467681321e-10
4.052402757485995642e-10
2.324377289660534657e-10
1.229835613402545723e-10
1.404798758087573112e-10
2.512935610127515057e-10
3.278460487415689739e-10
2.835702620631437034e-10
1.580246338169481750e-10
7.127290542663356788e-11
1.046350608943940568e-10
1.963312325699331508e-10
2.192752678071048155e-10
1.389027104627335527e-10
5.070036928513155125e-11
6.797374404002424728e-11
1.411473458393747386e-10
1.518170787295601741e-10
7.396807788138642925e-11
3.029705322625510671e-11
7.883467970366791039e-11
1.182252810835885378e-10
7.033959515282294137e-11
2.152625921092365462e-11
5.676127443159391010e-11
9.011952931420464699e-11
4.305178140208407847e-11
1.850591769576790958e-11
5.766076661350601858e-11
5.998128997944335087e-11
1.439661853765232247e-11
3.224545858431882109e-11
5.352365676775508197e-11
1.727960553397121476e-11
2.088772337090009556e-11
4.335703065396120908e-11
1.381274759934876805e-11
1.954279556074661515e-11
3.268660952930707687e-11
9.044878770278940796e-12
2.135663548090212267e-11
2.181655186519050979e-11
6.326174442431248157e-12
2.451108411404291293e-11
6.378216365849564270e-12
1.633075882584038754e-11
1.153305827527083051e-11
8.915583198151692076e-12
1.360575899396596280e-11
5.685521693053832356e-12
1.258944163177658856e-11
4.873803710630570821e-12
1.054437306926261872e-11
4.719798834881978085e-12
8.614861570295498324e-12
4.538465312568297600e-12
7.081468444107011865e-12
4.223925811564151930e-12
5.900554028587274952e-12
3.829028739387481534e-12
4.976003367208151017e-12
3.412150290039324847e-12
4.232724382664592814e-12
3.008619065000746344e-12
3.621479112944286791e-12
2.635321644272135611e-12
3.110605168531624367e-12
2.298494152845674383e-12
2.678953565105603629e-12
1.998925774026639680e-12
2.311597985660054276e-12
1.734824759935648008e-12
1.997439183087465157e-12
1.503296385810725332e-12
1.727870924433608994e-12
1.301086059532530156e-12
1.496010879779677886e-12
1.124945960769352628e-12
1.296233552430644028e-12
9.718092160982051965e-13
1.123869789035822785e-12
8.388649592892580214e-13
9.750023267110339162e-13
7.235821206430526564e-13
8.463195658664242781e-13
6.237069178285429246e-13
7.350065156346404339e-13
5.372473270409330868e-13
6.386606796741648080e-13
4.624516942811552510e-13
5.552254525310827536e-13
3.977853667571406220e-13
4.829363086363566422e-13
3.419074276023614839e-13
4.202766564715149602e-13
2.936486154380455941e-13
3.659411993392964426e-13
2.519909455971064340e-13
3.188052571605326602e-13
2.160492306334939023e-13
2.778989060236001837e-13
1.850545189335303828e-13
2.423850658031750969e-13
1.583393730542419651e-13
2.115408584076150672e-13
1.353248598195604059e-13
1.847416985670184140e-13
1.155091026149187944e-13
1.614476828783869340e-13
9.845724096264018084e-14
1.411919219859481249e-13
8.379264629175107280e-14
1.235705225222357561e-13
7.118925169787924188e-14
1.082339743557059783e-13
6.036486474247321072e-14
9.487973811519310933e-14
5.107534455222623070e-14
8.324586007874202495e-14
4.310953662798419080e-14
7.310546796003044909e-14
3.628487045661611625e-14
6.426202310089234757e-14
3.044353585340272314e-14
5.654522293432288488e-14
2.544916392241597531e-14
4.980746304117098554e-14
2.118394748104507373e-14
4.392078115399880251e-14
1.754614384934077426e-14
3.877421653770559787e-14
1.444791005993351964e-14
3.427152757616332905e-14
1.181342685889764945e-14
3.032921843489163704e-14
9.577273469478713305e-15
2.687483251009549560e-14
7.683019973739111510e-15
2.384547626172327392e-14
6.082008480374028021e-15
2.118654205929142004e-14
4.732298002213991347e-15
1.885060299039806250e-14
3.597751249341483675e-15
1.679645630068260042e-14
2.647244410767217712e-15
1.498829533075846793e-14
1.853983497618003696e-15
1.339499256403246357e-14
1.194912987034188659e-15
1.198947877771760171e-14
6.502044026309647062e-16
1.074820532294171717e-14
2.028141052429183380e-16
9.650678331829805043e-15
-1.618990003911834129e-16
8.679055162959045998e-15
-4.565039005462281073e-16
7.817794715097247926e-15
-6.917830294462312985e-16
7.053354367535718560e-15
-8.769789981110137787e-16
6.373927286820164318e-15
-1.020007728009057067e-15
5.769214682240183207e-15
-1.127642530816919363e-15
5.230228330729206548e-15
-1.205673057327152261e-15
4.749119311946382025e-15
-1.259042516856359102e-15
4.319029448686816773e-15
-1.291966110165828698e-15
3.933962418239595447e-15
-1.308033221312468799e-15
3.588671904531155950e-15
-1.310295572400919682e-15
3.278564520639889400e-15
-1.301343249214780839e-15
2.999615528041431956e-15
-1.283370244894316247e-15
2.748295650917507260e-15
-1.258230950103594952e-15
2.521507509325437822e-15
-1.227488822961237080e-15
2.316530390394699577e-15
-1.192458305373921808e-15
2.130972252225687014e-15
-1.154240909325718607e-15
1.962727999791404480e-15
-1.113756269819158823e-15
1.809943202718184921e-15
-1.071768854448126783e-15
1.670982534410150681e-15
-1.028910925721253771e-15
1.544402308967620088e-15
-9.857022700770541669e-16
1.428926573056538563e-15
-9.425671402916227198e-16
1.323426288035852869e-15
-8.998487939898839620e-16
1.226901191144658335e-15
-8.578219607642355727e-16
1.138463987708056380e-15
-8.167035257624773483e-16
1.057326565423030992e-15
-7.766616759558139250e-16
9.827879680570646914e-16
-7.378237229843050272e-16
9.142238979602778375e-16
-7.002827883868134708e-16
8.510775473597139707e-16
-6.641035085885455572e-16
7.928515862353274491e-16
-6.293268984507508209e-16
7.391011567005409538e-16
-5.959744913087017815e-16
6.894277426626093333e-16
-5.640518571337239199e-16
6.434738024905475603e-16
-5.335515884045877589e-16
6.009180656015115321e-16
-5.044558275496279088e-16
5.614714085395039780e-16
-4.767384030922959210e-16
5.248732354451390199e-16
-4.503666301401068982e-16
4.908882991200121369e-16
-4.253028231444403558e-16
4.593039060160232397e-16
-4.015055639823457666e-16
4.299274573761691816e-16
-3.789307597924047324e-16
4.025842829867168189e-16
-3.575325224710279030e-16
3.771157316739750013e-16
-3.372638959653231935e-16
3.533774856900492182e-16
-3.180774540266770852e-16
3.312380714795957346e-16
-2.999257880512573255e-16
3.105775425383415082e-16
-2.827619021050451878e-16
2.912863127546900240e-16
-2.665395288745041657e-16
2.732641218415790444e-16
-2.512133793623370338e-16
2.564191173512608627e-16
-2.367393367214499980e-16
2.406670380730922274e-16
-2.230746030781472863e-16
2.259304875909981288e-16
-2.101778073026300049e-16
2.121382866268720800e-16
-1.980090800051917697e-16
1.992248949685914707e-16
-1.865301015872368313e-16
1.871298948131793866e-16
-1.757041279711904858e-16
1.757975284073937825e-16
-1.654959979549957496e-16
1.651762833416061251e-16
-1.558721260354921719e-16
1.552185205718193424e-16
-1.468004829290306818e-16
1.458801397225143460e-16
-1.382505668343444506e-16
1.371202779571514489e-16
-1.301933672422056910e-16
1.289010382575043693e-16
-1.226013230208370003e-16
1.211872440699461382e-16
-1.154482761545446723e-16
1.139462175075802368e-16
-1.087094226302733782e-16
1.071475782978088983e-16
-1.023612611842709463e-16
1.007630614725573957e-16
-9.638154078122403554e-17
9.476635175287750407e-17
-9.074920769546530124e-17
8.913293284221189899e-17
-8.544435247157482142e-17
8.383995012306405812e-17
-8.044815752146179133e-17
7.886608541171330050e-17
-7.574284539841308311e-17
7.419144250660784672e-17
-7.131162825781873255e-17
6.979744248178578070e-17
-6.713865866243910171e-17
6.566672781875567941e-17
-6.320898181569891630e-17
6.178307437838136967e-17
-5.950848952016553590e-17
5.813131067315871888e-17
-5.602387569367115632e-17
5.469724357295887163e-17
-5.274259376028630520e-17
5.146758993722288421e-17
-4.965281575753204177e-17
4.842991360121272484e-17
-4.674339327844806015e-17
4.557256726569755075e-17
-4.400382007276349708e-17
4.288463880123536002e-17
-4.142419659186357776e-17
4.035590166215744763e-17
-3.899519606506291397e-17
3.797676893520205711e-17
-3.670803238036020823e-17
3.573825085987184981e-17
-3.455442951033460969e-17
3.363191537928924526e-17
-3.252659256952939797e-17
3.164985160951083682e-17
-3.061718037105685648e-17
2.978463588906306902e-17
-2.881927941523108599e-17
2.802930021953090492e-17
-2.712637932693580650e-17
2.637730296705007108e-17
-2.553234958028327779e-17
2.482250157528176066e-17
-2.403141753482581445e-17
2.335912715577813317e-17
-2.261814767237785342e-17
2.198176084608610084e-17
-2.128742200075692255e-17
2.068531174198135260e-17
-2.003442153179371969e-17
1.946499635798817999e-17
-1.885460884538301763e-17
1.831631942967520489e-17
-1.774371161257270872e-17
1.723505602760931044e-17
-1.669770703083230010e-17
1.621723482776563519e-17
-1.571280720586316919e-17
1.525912252336447742e-17
-1.478544530650690299e-17
1.435720924429558489e-17
-1.391226253346433329e-17
1.350819493041279192e-17
-1.309009582486533845e-17
1.270897662729501206e-17
-1.231596623630549457e-17
1.195663659164110998e-17
-1.158706801349835840e-17
1.124843119978241510e-17
-1.090075822917934199e-17
1.058178059388324199e-17
-1.025454701018695433e-17
9.954259006531898732e-18
-9.646088298969206100e-18
9.363585764090299560e-18
-9.073171083198197491e-18
8.807616889227501704e-18
-8.533711108600727760e-18
