# bin_1_1
1.223358595044271874e-07
-1.185681245980323723e-07
1.150758432130961424e-07
-1.115228667353966807e-07
1.082419980197013412e-07
-1.048888289899555347e-07
1.018096400833489031e-07
-9.864187143788204590e-08
9.575557080916704331e-08
-9.275921988519943525e-08
9.005799566896434069e-08
-8.721937815238334784e-08
8.469644934649255865e-08
-8.200204414497491288e-08
7.965172663402393674e-08
-7.708802943429089927e-08
7.490581932555433502e-08
-7.245918177448508684e-08
7.044185864376263318e-08
-6.809831033341395757e-08
6.624406327498969402e-08
-6.398911324687359344e-08
6.229769261199839144e-08
-6.011610707946976747e-08
5.858900528701669828e-08
-5.646455812220600381e-08
5.510522263515641111e-08
-5.302041509533922034e-08
5.183449690269940868e-08
-4.977024351808325164e-08
4.876588367278027103e-08
-4.670116144777826743e-08
4.588931822250083503e-08
-4.380077727284716087e-08
4.319559481775900694e-08
-4.105712975275177428e-08
4.067634806137709742e-08
-3.845863151201836566e-08
3.832403483709988172e-08
-3.599401719674933580e-08
3.613191494718426469e-08
-3.365229814284704905e-08
3.409402803249191561e-08
-3.142272622325704809e-08
3.220516360294214452e-08
-2.929477012688212891e-08
3.046082017514547535e-08
-2.725810817905846667e-08
2.885714883494129959e-08
-2.530264278426556257e-08
2.739087547770643553e-08
-2.341854228690845479e-08
2.605919533467914980e-08
-2.159631686296149953e-08
2.485963299373394910e-08
-1.982693506347338196e-08
2.378986093954082505e-08
-1.810198748719288488e-08
2.284747084978332641e-08
-1.641390236205257912e-08
2.202969382353012966e-08
-1.475621482229277284e-08
2.133307007566650435e-08
-1.312388641941759581e-08
2.075307487067732046e-08
-1.151366346650427070e-08
2.028371741416890320e-08
-9.924451369651929524e-09
1.991714219989295417e-08
-8.357667423313454578e-09
1.964327907351687026e-08
-6.817516350175991693e-09
1.944960744744514041e-08
-5.311112902075239788e-09
1.932112010153711830e-08
-3.848357009162303703e-09
1.924058862172335894e-08
-2.441454096915590470e-09
1.918923951039108840e-08
-1.103974189689306325e-09
1.914793858931864397e-08
1.506315304108464372e-10
1.909893954046373341e-08
1.311076874481996155e-09
1.902816903863714087e-08
2.370761380134197787e-09
1.892788635604180510e-08
3.330516738297822098e-09
1.879937021130624939e-08
4.201125187202558947e-09
1.865506902293468705e-08
5.004939381950634176e-09
1.851945023050466390e-08
5.775770648370087340e-09
1.842768589297894930e-08
6.556208582453795645e-09
1.842143595419398684e-08
7.391821749853933509e-09
1.854147159366118445e-08
8.322388429424590913e-09
1.881780875668054347e-08
9.371451991426058042e-09
1.925934611942403390e-08
1.053692204095880618e-08
1.984641180323862724e-08
1.178667111999353209e-08
2.053046151780455884e-08
1.306328275368972437e-08
2.124449023813577473e-08
1.430030560922334058e-08
2.192463079015001025e-08
1.544794986113710202e-08
2.253781063506235203e-08
1.649977204616785401e-08
2.310384977913774863e-08
1.750629871661901372e-08
2.369692136544389973e-08
1.856157676100996681e-08
2.441609846224580100e-08
1.975905891986686565e-08
2.533081566846323238e-08
2.113391840531495272e-08
2.642977919782044677e-08
2.262953430124292846e-08
2.761516888631128784e-08
2.412618191759883054e-08
2.876650847036337855e-08
2.553268252782008985e-08
2.984396576633530891e-08
2.687819262684862771e-08
3.094273412469276153e-08
2.830732314562357224e-08
3.221892954497369861e-08
2.994555532502058015e-08
3.372466765657364073e-08
3.175155582066789447e-08
3.533064128193046484e-08
3.355020223437582061e-08
3.687737210594637091e-08
3.526481005898813953e-08
3.840893394140250108e-08
3.705390055866100059e-08
4.013562380747959082e-08
3.908738875939418290e-08
4.210043983761182737e-08
4.125358377645074007e-08
4.408779415251043080e-08
4.335222051046076673e-08
4.603425985639183446e-08
4.550912157425136287e-08
4.818688151240166109e-08
4.793632779034573205e-08
5.057238826842427355e-08
5.044989826840716408e-08
5.293092021565592536e-08
5.292645302807279845e-08
5.539057493009481059e-08
5.564949451928308689e-08
5.813939915552096673e-08
5.853303506117451940e-08
6.089946203616122943e-08
6.140001348689852109e-08
6.379762165725332437e-08
6.455225321618062148e-08
6.696300939989527413e-08
6.779264930455704984e-08
7.013091532263110793e-08
7.115358045292805312e-08
7.359614998935916933e-08
7.477557796803760730e-08
7.714599772392222445e-08
7.844358497227190092e-08
8.092506178577802718e-08
8.242281172166620693e-08
8.486685204592384404e-08
8.646569829401898415e-08
8.903146313695447784e-08
9.082356744275736715e-08
9.336489247757391241e-08
9.529269026606333769e-08
9.798102493013249435e-08
1.000458398613902017e-07
1.027390330363285069e-07
1.050185706705181078e-07
1.078191415948129155e-07
1.101872393882300730e-07
1.131155310625425550e-07
1.156779698993540453e-07
1.186435752475372199e-07
1.214121589248426044e-07
1.244973122763689570e-07
1.273914336478575054e-07
1.306443901474301082e-07
1.336864052208416165e-07
1.370671242010854022e-07
1.403115155580820902e-07
1.438001088756652800e-07
1.472590642336971603e-07
1.508751241707194699e-07
1.545383130286763279e-07
1.583082171226315609e-07
1.621700472299880409e-07
1.661118669730638951e-07
1.701758793003005884e-07
1.743014138575355564e-07
1.785758825700430017e-07
1.828950546605458407e-07
1.873896993242754523e-07
1.919126767154065372e-07
1.966375446311801305e-07
2.013752662063226944e-07
2.063406121787597423e-07
2.113047753785057281e-07
2.165211885042023746e-07
2.217241557995108392e-07
2.272026881690936698e-07
2.326574256399237003e-07
2.384096823160030977e-07
2.441297356556854462e-07
2.501679349470377790e-07
2.561674296842566550e-07
2.625044462764541989e-07
2.687981015748487217e-07
2.754475006148066146e-07
2.820506503777509557e-07
2.890267168823644253e-07
2.959553347248335416e-07
3.032731005001513137e-07
3.105438266702096666e-07
3.182190957492453752e-07
3.258492648328841087e-07
3.338986378039842160e-07
3.419063063982706726e-07
3.503472036213765697e-07
3.587511772965162588e-07
3.676018607593032106e-07
3.764217196550491384e-07
3.857013130263532243e-07
3.949574353735372918e-07
4.046859416383992554e-07
4.143995243991671075e-07
4.245978402772344958e-07
4.347909159502269991e-07
4.454808421036473717e-07
4.561762905578036885e-07
4.673805363669347049e-07
4.786020903395757422e-07
4.903442717631115337e-07
5.021165143844552377e-07
5.144211431131861941e-07
5.267694954921378610e-07
5.396619572444912508e-07
5.526126537645611196e-07
5.661191731498640115e-07
5.796992216691529208e-07
5.938468105508565575e-07
6.080839341697096217e-07
6.229003198863334678e-07
6.378228763271657679e-07
6.533364054647819945e-07
6.689732793975291030e-07
6.852127920420988570e-07
7.015932548707074878e-07
7.185879233983407626e-07
7.357414540955925678e-07
7.535205795713609621e-07
7.714766391052570861e-07
7.900693972612479529e-07
8.088571479980062786e-07
8.282922755451855647e-07
8.479402357454209824e-07
8.682456464611855021e-07
8.887812686308597520e-07
9.099835872723330982e-07
9.314327477145163189e-07
9.535567483849441607e-07
9.759431338814109694e-07
9.990110680847562407e-07
1.022355444294721826e-06
1.046386242652527833e-06
1.070705587668674930e-06
1.095713918282146920e-06
1.121020403996383221e-06
1.147015569909586361e-06
1.173315373639500794e-06
1.200300032058660504e-06
1.227591961572095439e-06
1.255560648770149113e-06
1.283834565816899980e-06
1.312772014447731526e-06
1.342007045669396862e-06
1.371886286104884237e-06
1.402048816382241965e-06
1.432829061365882163e-06
1.463870514049608870e-06
1.495494837282185138e-06
1.527349259252135702e-06
1.559742094465315103e-06
1.592323582621043264e-06
1.625388091351961494e-06
1.658588122080411585e-06
1.692203506875770960e-06
1.725888262404376123e-06
1.759907138644851406e-06
1.793914964963924932e-06
1.828160949748146120e-06
1.862300130594040288e-06
1.896565861474508190e-06
1.930612951615459075e-06
1.964658810813354377e-06
1.998357838280250540e-06
2.031911727199881411e-06
2.064974645010916517e-06
2.097733225052365671e-06
2.129842062562835852e-06
2.161473943858899033e-06
2.192285166619309344e-06
2.222436574652640157e-06
2.251588195329396526e-06
2.279891659417321167e-06
2.307013630957700550e-06
2.333100195253497181e-06
2.357828534831053313e-06
2.381343862482315431e-06
2.403338768736773349e-06
2.423963258760124741e-06
2.442931159560394451e-06
2.460403787662621654e-06
2.476122756253481662e-06
2.490267753973142097e-06
2.502615032990192398e-06
2.513369719079199168e-06
2.522349193548821037e-06
2.529790285564171084e-06
2.535556690575345156e-06
2.539921327327257947e-06
2.542796875672141209e-06
2.544493529468814610e-06
2.544971707630668283e-06
2.544575424554586732e-06
2.543306257901198166e-06
2.541532621673421898e-06
2.539284195862998177e-06
2.536937557841892288e-06
2.534530524603329941e-06
2.532424902818125839e-06
2.530640581699379538e-06
2.529496604701656737e-06
2.528965363789464440e-06
2.529293734049137233e-06
2.530378283352388201e-06
2.532368731864582477e-06
2.535065548631006987e-06
2.538508300696681170e-06
2.542397117580539467e-06
2.546668303646417440e-06
2.550940619238675322e-06
2.555079559144445344e-06
2.558667982075610674e-06
2.561558552647700854e-06
2.563365936449042644e-06
2.564004252466146479e-06
2.563195288503759858e-06
2.560985171634708698e-06
2.557260934016810233e-06
2.552239379246641714e-06
2.545984478749195218e-06
2.538863321097719003e-06
2.531060835949388957e-06
2.523003904629281953e-06
2.514878111229987823e-06
2.507030664226287548e-06
2.499503790887017500e-06
2.492435827009622400e-06
2.485631548166250182e-06
2.478981419488427089e-06
2.472083070460004758e-06
2.464684867759989027e-06
2.456351499200644563e-06
2.446911373348150330e-06
2.436131260126574418e-06
2.424123440929581088e-06
2.410982144074740389e-06
2.397112019439554587e-06
2.382806821076103736e-06
2.368510104335345933e-06
2.354380771167068442e-06
2.340562101308240941e-06
2.326825967951139404e-06
2.312935241796159466e-06
2.298414583094644021e-06
2.282993227019062572e-06
2.266416273240199560e-06
2.248823289158144925e-06
2.230436069614244723e-06
2.211751301492666970e-06
2.193084698629702071e-06
2.174693962048759054e-06
2.156410612866969741e-06
2.137958941683449429e-06
2.118851041747248140e-06
2.098876474100721885e-06
2.078000153533416323e-06
2.056621251792260026e-06
2.035134636644302462e-06
2.013906241866560427e-06
1.992828999743093170e-06
1.971593318430613769e-06
1.949711016484220664e-06
1.927080341223842738e-06
1.903900508736855175e-06
1.880716348044178760e-06
1.857798817689037449e-06
1.835085168574481883e-06
1.812074624870749702e-06
1.788483146323812823e-06
1.764392090727397481e-06
1.740338576070677330e-06
1.716597802657371762e-06
1.693023589002192384e-06
1.669098290811061127e-06
1.644731343471570756e-06
1.620272403797868320e-06
1.596183917654778555e-06
1.572287602729356025e-06
1.548163388557422028e-06
1.523706530673926401e-06
1.499423117501110932e-06
1.475509933503124472e-06
1.451642360861336718e-06
1.427498055640951661e-06
1.403468331732893763e-06
1.379825414723777559e-06
1.356279812468716983e-06
1.332546442652602743e-06
1.309059354128909133e-06
1.285951375993504805e-06
1.262855110534542816e-06
1.239761194330706248e-06
1.217098972595038994e-06
1.194607069556372410e-06
1.172132076151363161e-06
1.150013145691355212e-06
1.128178988708866273e-06
1.106369889608252289e-06
1.084955838344837581e-06
1.063780765505150845e-06
1.042746895649461827e-06
1.022098120767407916e-06
1.001650007381908625e-06
9.814405893011958086e-07
9.616094217935627320e-07
9.419392316673571875e-07
9.226588894491448563e-07
9.036002026233252027e-07
8.848681710093337119e-07
8.664262470816836238e-07
8.482654545558677391e-07
8.304315081938512949e-07
8.128715101118683533e-07
7.956405512233526188e-07
7.786998601349728735e-07
7.620828359660602066e-07
7.457602556785458658e-07
7.297482175404327197e-07
7.140396933052255215e-07
6.986388983508310285e-07
6.835428910780147487e-07
6.687534285298229172e-07
6.542647126564982095e-07
6.400751277099096454e-07
6.261852886069689118e-07
6.125865504568469954e-07
5.992899641550142722e-07
5.862754663662754133e-07
5.735599798310343862e-07
5.611174860475218543e-07
5.489635095606834377e-07
5.370810373715427888e-07
5.254754628104783077e-07
5.141425486542587851e-07
5.030747837930640348e-07
4.922671919575963975e-07
4.817167623995201445e-07
4.714143313737968554e-07
4.613667829699753670e-07
4.515552447626944136e-07
4.419976273511982120e-07
4.326621855086062762e-07
4.235641743095521241e-07
4.146807801706742557e-07
4.060242817187872326e-07
3.975809987982382489e-07
3.893456802110714271e-07
3.813200892813536744e-07
3.734909108831785002e-07
3.658526546677202043e-07
3.584059876335433677e-07
3.511386251057970039e-07
3.440628198098815334e-07
3.371470897753635837e-07
3.304153252704898061e-07
3.238344266287585091e-07
3.174203904236140724e-07
3.111580210211672569e-07
3.050464077163936642e-07
2.990883040959657116e-07
2.932652515228027738e-07
2.875832555479929815e-07
2.820303883540244310e-07
2.766052380375110897e-07
2.713121276823703762e-07
2.661283144189651406e-07
2.610789819593771128e-07
2.561279143230892378e-07
2.512959249718750866e-07
2.465602507009786980e-07
2.419314651395621945e-07
2.374038919017456652e-07
2.329646671777911353e-07
2.286264061601595198e-07
2.243688721127772500e-07
2.201974476296030604e-07
2.161093414487872906e-07
2.120941887589591366e-07
2.081677650339195232e-07
2.042989412102365351e-07
2.005143888703678539e-07
1.967844024708254073e-07
1.931257264664807545e-07
1.895276892017303841e-07
1.859852261447990449e-07
1.825100722121244802e-07
1.790804720490601791e-07
1.757097702153660306e-07
1.723852460654466728e-07
1.691090674276516229e-07
1.658864113794054223e-07
1.626968906406261213e-07
1.595658562578910340e-07
1.564631006910052250e-07
1.534087336670061578e-07
1.503861545228402289e-07
1.474022068587149525e-07
1.444571545059940145e-07
1.415380029240272236e-07
1.386596861775086694e-07
1.358049149447522497e-07
1.329815678178964004e-07
1.301875728659041631e-07
1.274141227131952278e-07
1.246762005035952680e-07
1.219499525559105701e-07
1.192570554618579045e-07
1.165768914803342135e-07
1.139215328468643106e-07
1.112849694764216092e-07
1.086620528191247474e-07
1.060631264039582930e-07
1.034733110567284098e-07
1.009029098336149009e-07
9.834398520446297585e-08
9.579749059739634812e-08
9.326778127740159429e-08
9.074140189332101198e-08
8.823464669800235271e-08
8.572954588208812502e-08
8.323862759756847497e-08
8.075228705589153808e-08
7.827339222192155492e-08
7.580260953681458652e-08
7.333285054744837623e-08
7.087201908291230018e-08
6.841193959120236312e-08
6.595631670416245076e-08
6.350519231430157425e-08
6.105289677906002638e-08
5.860875741242258951e-08
5.616140217418728794e-08
5.372278599686779986e-08
5.128430985236400759e-08
4.885334810661525542e-08
4.642895611960825614e-08
4.401203592678788067e-08
4.160894455780182882e-08
3.921873804090722907e-08
3.684884042260488410e-08
3.450222294790224113e-08
3.218326215588335296e-08
2.990092579195737953e-08
2.765661695592975366e-08
2.546384376542688987e-08
2.332440122512417491e-08
2.125184574783009377e-08
1.925139862443676766e-08
1.733402911362967258e-08
1.550848031537861592e-08
1.378390171023683949e-08
1.216995297447475712e-08
1.067504894008594871e-08
9.306370165830526766e-09
8.071932914138344277e-09
6.974632399696782755e-09
6.020436875945097051e-09
5.207988526041626637e-09
4.538897354560123151e-09
4.006900483976697219e-09
3.607220790166111807e-09
3.328436290192889370e-09
3.159650956452037973e-09
3.083575913466351637e-09
3.084237477252365362e-09
3.140170945786864134e-09
3.231744956051940987e-09
3.335666866045324181e-09
3.431999911480206154e-09
3.500326595371689347e-09
3.524253878108112643e-09
3.490208242233762888e-09
3.390770313401550936e-09
3.222054483543257679e-09
2.988995803789845253e-09
2.698861426282621671e-09
2.369104338409355997e-09
2.016420599223859054e-09
1.665518109329963759e-09
1.337528261818862567e-09
1.055334101762050192e-09
8.355823527358558781e-10
6.892272385507237489e-10
6.194662113583732583e-10
6.202927990800092043e-10
6.769459992295219887e-10
7.687640876537047376e-10
8.687247347859577877e-10
9.523954845759460526e-10
9.940675076283407660e-10
9.812035890230524954e-10
9.077013890417785381e-10
7.834525846687459650e-10
6.266267394080153642e-10
4.649374249647705383e-10
3.266810485875667978e-10
2.348554227950514289e-10
2.017294411189840291e-10
2.251867633680645332e-10
2.871058037812167111e-10
3.610530187932227614e-10
4.152179838914298705e-10
4.277415723321140149e-10
3.879824228450165424e-10
3.072983313587381640e-10
2.096904811787107573e-10
1.280530355584687551e-10
8.761722051811593883e-11
9.747543489568698375e-11
1.439107225813565841e-10
1.976636273269040002e-10
2.257358361575458414e-10
2.102724647183109409e-10
1.556901804301631103e-10
9.042105756002950781e-11
4.757680433921865459e-11
4.795031507932686706e-11
8.291224786075072891e-11
1.227387384588861376e-10
1.336543538704234929e-10
1.054750479634126301e-10
5.706903621972341970e-11
2.551551728632858822e-11
3.133424613571293676e-11
6.366161216450669758e-11
8.636695031907391435e-11
7.474439745405963019e-11
3.874159238458454749e-11
1.436968768049291811e-11
2.398999544743405501e-11
5.100760862035935379e-11
5.813632726177577890e-11
3.531937123238007502e-11
1.035607944385406634e-11
1.528492676380438116e-11
3.682340553763214246e-11
4.019657726193098253e-11
1.811617656247566329e-11
5.642888276035542294e-12
1.971418133099600756e-11
3.148871364840237003e-11
1.779407284831438480e-11
3.913093181621478673e-12
1.416290397250412915e-11
2.395438525519381068e-11
1.064517555133079662e-11
3.507138139323809732e-12
1.505644320401105962e-11
1.576655838076140555e-11
2.779131852521703669e-12
7.991105358156596594e-12
1.417820000280765407e-11
3.949546811807947546e-12
4.870134369255286455e-12
1.160504584541515651e-11
3.046336324667525114e-12
4.777605842400180685e-12
8.681843346052450574e-12
1.827997565395342668e-12
5.524778917644440995e-12
5.624531031301175798e-12
1.258167466845232697e-12
6.510554046969809897e-12
1.332457602383732362e-12
4.239322790189384041e-12
2.878795345462947413e-12
2.168925527824907388e-12
3.534614100478130150e-12
1.291885878132025789e-12
3.294465347657981820e-12
1.103573333264763592e-12
2.751012987913057280e-12
1.098778193077519991e-12
2.234414618646682404e-12
1.081092782698264794e-12
1.826373119071933610e-12
1.020613257160112428e-12
1.515159564767208282e-12
9.330689660636622902e-13
1.273795202284727924e-12
8.357434864350459821e-13
1.081232307257118191e-12
7.392436575514781995e-13
9.237721123164113611e-13
6.488213942043686877e-13
7.927020211561779280e-13
5.666169124977127303e-13
6.822768770497743690e-13
4.931596183907175269e-13
5.884940476570093650e-13
4.281972361480625537e-13
5.084115718441491017e-13
3.711256044605551856e-13
4.397702776429426884e-13
3.212067563271418593e-13
3.807774115613015063e-13
2.776782743084367677e-13
3.299763876639467110e-13
2.398068389486487244e-13
2.861638433366608285e-13
2.069128462987533418e-13
2.483338180166495542e-13
1.783798945433117291e-13
2.156382598559556782e-13
1.536563643316743052e-13
1.873578686132507505e-13
1.322529526849475682e-13
1.628798084507035667e-13
1.137382572650296553e-13
1.416801968790329303e-13
9.773356067412205220e-14
1.233100493146044606e-13
8.390744386176829349e-14
1.073838107052090104e-13
7.197056601588064786e-14
9.356987985777301910e-14
6.167078260177343047e-14
8.158270465314948784e-14
5.278867847190017778e-14
7.117613886273090742e-14
4.513353892857470933e-14
6.213782726491012655e-14
3.853975137975845364e-14
5.428443874153848311e-14
3.286361396213360768e-14
4.745760513330860979e-14
2.798051954538814305e-14
4.152045176693828737e-14
2.378248046944419126e-14
3.635462688509384941e-14
2.017595914979149690e-14
3.185775368255053557e-14
1.707997108783588192e-14
2.794124164079468202e-14
1.442442907042070835e-14
2.452840423930793626e-14
1.214869998323774506e-14
2.155283854450875703e-14
1.020034841942960670e-14
1.895702907750051363e-14
8.534043965158205466e-15
1.669114407207723499e-14
7.110611609867824279e-15
1.471199698464595980e-14
5.896207095695320291e-15
1.298215010732658009e-14
4.861601187046438246e-15
1.146914048945578453e-14
3.981558784213152443e-15
1.014481121583523868e-14
3.234300551909416933e-15
8.984733498227959385e-15
2.601036275733502629e-15
7.967707091818386690e-15
2.065560531093442354e-15
7.075328297465770187e-15
1.613902453685810198e-15
6.291616311211999722e-15
1.234022459395142118e-15
5.602689960557788892e-15
9.155496890960893660e-16
4.996487972468825827e-15
6.495547665445388732e-16
4.462526859218114334e-15
4.283531663720097839e-16
3.991691320392549555e-15
2.453351066287954784e-16
3.576052760257548585e-15
9.481842091010121533e-17
3.208712119067633900e-15
-2.807866778718779963e-17
2.883663735564965339e-15
-1.275475396260815540e-16
2.595677405281540986e-15
-2.071842511492111074e-16
2.340196183789867591e-15
-2.700716960767357334e-16
2.113247817234241214e-15
-3.188505900988771438e-16
1.911367968226611601e-15
-3.557807889434102946e-16
1.731533654503781334e-15
-3.827942410571481897e-16
1.571105529581644205e-15
-4.015407075968875352e-16
1.427777822242705421e-15
-4.134272263970224734e-16
1.299534908409310243e-15
-4.196521678270516039e-16
1.184613629862079969e-15
-4.212346149226286218e-16
1.081470590973535700e-15
-4.190397031662445132e-16
9.887537700659458678e-16
-4.138004681311615001e-16
9.052778699664781238e-16
-4.061366763232172725e-16
8.300029094419562912e-16
-3.965710502026635053e-16
7.620156249784127266e-16
-3.855432424297636285e-16
7.005133091943804481e-16
-3.734218670856351512e-16
6.447897624371209965e-16
-3.605148531283252742e-16
5.942230775210955784e-16
-3.470783501993763233e-16
5.482650148521266852e-16
-3.333243850188974194e-16
5.064317577566593532e-16
-3.194274404132738875e-16
4.682958655657998268e-16
-3.055301047595997545e-16
4.334792667595077846e-16
-2.917479203467550891e-16
4.016471549616557376e-16
-2.781735412537360900e-16
3.725026694095725204e-16
-2.648802962540564439e-16
3.457822567051534725e-16
-2.519252392867292284e-16
3.212516247881275380e-16
-2.393517588773690509e-16
2.987022115188921127e-16
-2.271918079208410915e-16
2.779481009052858365e-16
-2.154678069283386123e-16
2.588233286214633248e-16
-2.041942665046860525e-16
2.411795261368408050e-16
-1.933791686370745619e-16
2.248838596867499540e-16
-1.830251407937969563e-16
2.098172260406953886e-16
-1.731304522057553826e-16
1.958726717210011407e-16
-1.636898576446664201e-16
1.829540071607820830e-16
-1.546953105246194816e-16
1.709745906965964805e-16
-1.461365640447758451e-16
1.598562607530469960e-16
-1.380016765995371112e-16
1.495283973040244969e-16
-1.302774353563398228e-16
1.399270963007833084e-16
-1.229497098858684266e-16
1.309944425950478275e-16
-1.160037462819946231e-16
1.226778692257078692e-16
-1.094244104446086311e-16
1.149295919774993356e-16
-1.031963882879463099e-16
1.077061100649910222e-16
-9.730434920314023418e-17
1.009677644978009541e-16
-9.173307854865747954e-17
9.467834718000996932e-17
-8.646758384960970719e-17
8.880475444985146413e-17
-8.149317878197480142e-17
8.331667957249600883e-17
-7.679554860516980766e-17
7.818633954673143256e-17
-7.236079985206356878e-17
7.338823205596219512e-17
-6.817549697948327373e-17
6.889891889445000192e-17
-6.422668812537511828e-17
6.469683280289039174e-17
-6.050192178476760826e-17
6.076210487082133075e-17
-5.698925607849995146e-17
5.707641016081746821e-17
-5.367726191182065371e-17
5.362282937530815372e-17
-5.055502112710171895e-17
5.038572478798263393e-17
-4.761212070507194456e-17
4.735062869109530554e-17
-4.483864376516873152e-17
4.450414309534024310e-17
-4.222515805820765937e-17
4.183384928405306167e-17
-3.976270256518828340e-17
3.932822622106087950e-17
-3.744277262690173458e-17
3.697657676872482416e-17
-3.525730407391663885e-17
3.476896091762944866e-17
-3.319865663838457081e-17
3.269613526139980872e-17
-3.125959694817055314e-17
3.074949804517572421e-17
-2.943328131651647333e-17
2.892103917749330911e-17
-2.771323854745788311e-17
2.720329476302686975e-17
-2.609335284940595089e-17
2.558930561955022726e-17
-2.456784703029100125e-17
2.407257940001583928e-17
-2.313126603761457120e-17
2.264705598821272648e-17
-2.177846092570206073e-17
2.130707579275061302e-17
-2.050457330769414257e-17
2.004735070450004285e-17
-1.930502033153122574e-17
1.886293744433245960e-17
-1.817548020469000754e-17
1.774921305615738939e-17
-1.711187829446567878e-17
1.670185237810334378e-17
-1.611037379164192291e-17
1.571680729107484656e-17
-1.516734698171985986e-17
1.479028758501801700e-17
-1.427938706819503756e-17
1.391874330361367476e-17
-1.344328059018850384e-17
1.309884842484412319e-17
-1.265600038362915292e-17
1.232748577812657568e-17
-1.191469510245251772e-17
1.160173308521985909e-17
-1.121667926182482420e-17
1.091885001777306188e-17
-1.055942380487289473e-17
1.027626620629911005e-17
-9.940547155352011797e-18
9.671570110725366599e-18
-9.357806754205071378e-18
9.102498682981102429e-18
-8.809091051150317477e-18
8.566927762436316838e-18
-8.292411931055503798e-18
8.062863139780964740e-18
-7.805897561867497969e-18
7.588432246727589699e-18
-7.347785635681162595e-18
7.141876416774604834e-18
-6.916416993159302353e-18
6.721543665379506840e-18
-6.510229604607990875e-18
6.325881973024103150e-18
-6.127752891733660667e-18
5.953433011133960773e-18
-5.767602377173490742e-18
5.602826287786255403e-18
-5.428474635640299475e-18
5.272773688262654984e-18
-5.109142539099954021e-18
4.962064367954170405e-18
-4.808450772493472036e-18
4.669559984598877168e-18
-4.525311610984031746e-18
4.394190246382526392e-18
-4.258700938109010769e-18
4.134948740897974129e-18
-4.007654500829692671e-18
3.890889040567572464e-18
-3.771264371488213477e-18
3.661121060597664176e-18
-3.548675621951742851e-18
3.444807649352005462e-18
-3.339083184921146136e-18
3.241161400248436130e-18
-3.141728897645584613e-18
3.049441668941773041e-18
-2.955898712397975860e-18
2.868951785871422015e-18
-2.780920067013053111e-18
2.699036446983436851e-18
-2.616159401267851329e-18
2.539079278006481472e-18
-2.461019811325027790e-18
