# bin_6_1
2.479433166770843033e-07
-2.402127836597855034e-07
2.332003842860809446e-07
-2.258946990267225053e-07
2.193259915559575743e-07
-2.124117104167709315e-07
2.062701245901994352e-07
-1.997143713777298760e-07
1.939858511914115422e-07
-1.877559586169722446e-07
1.824291654902471204e-07
-1.764922827257632736e-07
1.715588464205037942e-07
-1.658815045375448994e-07
1.613363306326474679e-07
-1.558839565129066604e-07
1.517255994305424989e-07
-1.464619683654958495e-07
1.426930794240551482e-07
-1.375796949049152284e-07
1.342075573562027000e-07
-1.292029463996147242e-07
1.262401084248031354e-07
-1.212990197599388185e-07
1.187640383316021453e-07
-1.138365303743505566e-07
1.117548382952588690e-07
-1.067852439482760237e-07
1.051901525847526492e-07
-1.001159090381084445e-07
9.904975757419874680e-08
-9.380008986879969364e-08
9.331555015630870269e-08
-8.781000244506632600e-08
8.797154326563981422e-08
-8.211835445100410381e-08
8.300386481166043082e-08
-7.669819472887029462e-08
7.840075454244709529e-08
-7.152277639945861308e-08
7.415255202300200534e-08
-6.656544180956052642e-08
7.025166644155612350e-08
-6.179953947479110301e-08
6.669251594143627928e-08
-5.719838574438298383e-08
6.347142171083260854e-08
-5.273528777210335815e-08
6.058643823505799364e-08
-4.838364734460155885e-08
5.803709789045043335e-08
-4.411716853047314156e-08
5.582404542774569118e-08
-3.991019446344784379e-08
5.394853548967092095e-08
-3.573819999488354019e-08
5.241176710102578001e-08
-3.157846461328185295e-08
5.121403209991619984e-08
-2.741094487594756347e-08
5.035366339216623301e-08
-2.321935328003235247e-08
4.982578475877592208e-08
-1.899243012973061695e-08
4.962088917771093930e-08
-1.472536447718245927e-08
4.972331006119282408e-08
-1.042127532675143416e-08
5.010970048275240629e-08
-6.092607658386822478e-09
5.074770004461095806e-08
-1.762226871515218836e-09
5.159504339720709783e-08
2.536081957828236307e-09
5.259944237266393278e-08
6.758076921007254755e-09
5.369963786920035322e-08
1.085090121482629328e-08
5.482804517868072420e-08
1.475671697376262358e-08
5.591537154780940395e-08
1.841844672168226832e-08
5.689742311172867737e-08
2.178770078358994453e-08
5.772399418845984055e-08
2.483454830926494926e-08
5.836920946311648999e-08
2.755816547337452431e-08
5.884197113105369110e-08
2.999659912617424795e-08
5.919432149379341449e-08
3.223304250979539687e-08
5.952475367302688551e-08
3.439538836759304487e-08
5.997312035547687358e-08
3.664580934373930883e-08
6.070427284038506823e-08
3.915822928828712347e-08
6.187943042416169354e-08
4.208426389915565168e-08
6.361788201570357038e-08
4.551265704177561714e-08
6.595676319299766156e-08
4.943277844808829596e-08
6.882212684241149537e-08
5.371751847121826915e-08
7.202778054599865295e-08
5.814171580963405762e-08
7.531572122025104373e-08
6.244526066898724823e-08
7.844000485725326754e-08
6.643285967273503511e-08
8.127413767587131650e-08
7.007763850250626410e-08
8.389688248779021598e-08
7.357403115781633410e-08
8.659793489222864447e-08
7.728555063426483887e-08
8.976356888340003245e-08
8.157349696849666247e-08
9.366488379804897671e-08
8.657297456171970804e-08
9.825944184086664490e-08
9.206276019348683435e-08
1.031687633661273340e-07
9.757669766450008695e-08
1.079263255741640469e-07
1.027595467774097466e-07
1.123786551263136518e-07
1.077233716445267061e-07
1.168964790355771247e-07
1.130285823115168721e-07
1.220870027207384362e-07
1.191613726149785737e-07
1.281535592022906971e-07
1.259602953647406811e-07
1.345950047405775121e-07
1.327444933261113928e-07
1.407929982685535445e-07
1.392153763670529996e-07
1.469194916624908861e-07
1.459876491971341011e-07
1.537917880320122638e-07
1.537202977244430018e-07
1.615775604113913406e-07
1.619789450523601454e-07
1.694404158632827024e-07
1.699853494955649292e-07
1.771347292671356633e-07
1.782274284901629739e-07
1.856203185568635794e-07
1.875278949550213856e-07
1.950015303704973765e-07
1.971719966973289255e-07
2.042699269264191366e-07
2.066801634001703174e-07
2.139233847643420101e-07
2.171526773583202471e-07
2.246925121750869403e-07
2.282552067437204256e-07
2.354986145360207522e-07
2.392998370302020414e-07
2.468346702351454985e-07
2.514580682460464309e-07
2.592024532863377898e-07
2.639642059526127417e-07
2.715745286928086855e-07
2.769436122546619018e-07
2.850959194420665461e-07
2.909415955854340730e-07
2.989410252353090495e-07
3.051228265729623638e-07
3.136716113914469026e-07
3.205167521136105020e-07
3.290297965898343343e-07
3.361618770773617888e-07
3.452491831764767723e-07
3.530337615181701455e-07
3.621203419709331504e-07
3.703411277982270989e-07
3.800856965145252027e-07
3.887545768082714621e-07
3.985986679502108422e-07
4.080236627553498557e-07
4.183592314479998138e-07
4.280563761766949563e-07
4.389567088008268540e-07
4.493422299241453028e-07
4.604509723298968891e-07
4.715758422813029732e-07
4.832073171597456018e-07
4.947633565710075305e-07
5.071002847917866584e-07
5.191787737063987073e-07
5.320613549993379970e-07
5.448780118537834068e-07
5.582249837819221619e-07
5.718310235585105077e-07
5.857146889560867259e-07
6.000736283849458004e-07
6.145928908121700780e-07
6.296863949563585016e-07
6.449081466100019674e-07
6.607531088052296830e-07
6.767201116269385494e-07
6.933515836067366052e-07
7.100995229659328140e-07
7.275579625689615633e-07
7.451236708407845603e-07
7.634506149083575778e-07
7.818741011340450282e-07
8.011117103438648444e-07
8.204360991943758407e-07
8.406276611827703503e-07
8.608988181477353971e-07
8.820892572567546229e-07
9.033555390247580067e-07
9.255917749007020085e-07
9.479039255308737786e-07
9.712351156080723746e-07
9.946462571302958530e-07
1.019123971766163259e-06
1.043689647828749834e-06
1.069368009523750941e-06
1.095146257647916979e-06
1.122082061294653816e-06
1.149133500305945876e-06
1.177386322923106335e-06
1.205774248006815155e-06
1.235406551826407912e-06
1.265197032574608100e-06
1.296274262858924233e-06
1.327536241009409329e-06
1.360126918502122118e-06
1.392932302594447834e-06
1.427108109530071043e-06
1.461531863757516567e-06
1.497367721576562581e-06
1.533487945891938623e-06
1.571062082094799050e-06
1.608960080197303621e-06
1.648354081028274959e-06
1.688114412263641291e-06
1.729413257103609528e-06
1.771123767538341319e-06
1.814415839950495174e-06
1.858167666942988306e-06
1.903544736230161654e-06
1.949432279689247453e-06
1.996989445548842875e-06
2.045110297716103351e-06
2.094945889087930456e-06
2.145400713083583702e-06
2.197616130537462520e-06
2.250508476030212954e-06
2.305207964997151809e-06
2.360644007158033449e-06
2.417934346930864687e-06
2.476022532282143802e-06
2.536012622962075471e-06
2.596863202774965051e-06
2.659663529173756816e-06
2.723387957693268817e-06
2.789109905591255194e-06
2.855820076515674740e-06
2.924575072588862087e-06
2.994382362910573807e-06
3.066280805073297057e-06
3.139294890577101810e-06
3.214444830447731744e-06
3.290772231906665409e-06
3.369277765644606258e-06
3.449020079114924608e-06
3.530979397093050659e-06
3.614231155826442522e-06
3.699734195672979085e-06
3.786580305246027401e-06
3.875705946972721816e-06
3.966218629621503601e-06
4.059031366259310749e-06
4.153266545566953655e-06
4.249812558525137111e-06
4.347805612235567205e-06
4.448108178280069372e-06
4.549868986016688447e-06
4.653923143410928100e-06
4.759430358717686699e-06
4.867196765104835341e-06
4.976391249123114789e-06
5.087789175005282128e-06
5.200566544340464467e-06
5.315465965869935307e-06
5.431668232400880343e-06
5.549881018536044348e-06
5.669287337272263699e-06
5.790557572662638029e-06
5.912874169039164648e-06
6.036867719351378981e-06
6.161717143901865467e-06
6.288010659228053878e-06
6.414920620084494109e-06
6.542990289359919231e-06
6.671382446241449540e-06
6.800592965802499713e-06
6.929772237267035715e-06
7.059366643404242167e-06
7.188511784872533985e-06
7.317603024972305729e-06
7.445759478237191780e-06
7.573324855565966277e-06
7.699401146165998187e-06
7.824281061140146265e-06
7.947050315560684968e-06
8.067953023916335528e-06
8.186061470590896597e-06
8.301575855755547075e-06
8.413560423751368530e-06
8.522178989227738601e-06
8.626496268339927797e-06
8.726650626756297152e-06
8.821719421022426681e-06
8.911830395371322507e-06
8.996089781360001102e-06
9.074633720659868138e-06
9.146617780349912204e-06
9.212209684833914578e-06
9.270638772282434933e-06
9.322131172302168065e-06
9.366017548545110919e-06
9.402611655338502332e-06
9.431374480820818752e-06
9.452736859137402423e-06
9.466317856920263899e-06
9.472691825557125173e-06
9.471658588161385617e-06
9.463955027553136188e-06
9.449574382503679406e-06
9.429422248121025876e-06
9.403682161202553787e-06
9.373415839509099281e-06
9.338972340462814466e-06
9.301532612066117634e-06
9.261559983516020705e-06
9.220289782891891007e-06
9.178219894877579516e-06
9.136547431743926488e-06
9.095699648570793904e-06
9.056721454674389148e-06
9.019849050548793778e-06
8.985854271640419212e-06
8.954665606675930560e-06
8.926677522192883805e-06
8.901425412493033614e-06
8.878869354070193014e-06
8.858130043296407084e-06
8.838755755991475454e-06
8.819524255098840705e-06
8.799697911739527044e-06
8.777890907063929391e-06
8.753309852499764965e-06
8.724676281800017026e-06
8.691439414177064141e-06
8.652732705131948804e-06
8.608534637812624780e-06
8.558629323101763658e-06
8.503686006511370577e-06
8.444193989015225929e-06
8.381438910919559963e-06
8.316398100202357865e-06
8.250616368039228126e-06
8.185080725539309324e-06
8.121036951148647231e-06
8.058902687153368172e-06
7.999101496221265885e-06
7.941096797651715837e-06
7.884323507564606630e-06
7.827401677148555027e-06
7.769191081559927132e-06
7.708158661067605958e-06
7.643474549693521423e-06
7.574394535533997559e-06
7.501220414046492796e-06
7.424508173881012228e-06
7.345736458511061287e-06
7.266260626472685358e-06
7.187729762833219519e-06
7.110963823317479735e-06
7.036422143257253697e-06
6.963372274823870103e-06
6.890751755819944581e-06
6.816824266106650171e-06
6.740385509508721776e-06
6.660565344141568729e-06
6.577798992438061394e-06
6.493117048937932860e-06
6.408389679005393760e-06
6.325019694266746004e-06
6.243921204552660089e-06
6.164543116244161625e-06
6.085650893006648870e-06
6.005392563574988355e-06
5.922790030826891253e-06
5.837808025670632437e-06
5.751939470187018274e-06
5.666902833988121016e-06
5.584090800039177087e-06
5.503211303507055222e-06
5.422923786420611031e-06
5.341347658582770403e-06
5.257918352476879297e-06
5.173473474301260627e-06
5.090055453374720450e-06
5.008833974845003465e-06
4.929469955316709375e-06
4.850053110574725303e-06
4.769332837997794455e-06
4.687681647573120330e-06
4.607117423970020119e-06
4.528801156816216313e-06
4.452049234287424940e-06
4.374855249111652506e-06
4.296738972836937376e-06
4.219136937490734917e-06
4.143787108471537592e-06
4.070032212443660989e-06
3.996086085531035425e-06
3.921558352479108492e-06
3.848350753489315526e-06
3.777289253307335854e-06
3.706976611861649990e-06
3.636154487469956520e-06
3.566280746349306529e-06
3.498498666801962826e-06
3.431576902360518146e-06
3.364391758735791995e-06
3.298534715796073845e-06
3.234551983315957169e-06
3.170903746341955917e-06
3.107587134724200705e-06
3.046210973302699129e-06
2.985759269417149133e-06
2.925533786574206746e-06
2.866903267791817538e-06
2.809500853265486359e-06
2.752320468654937755e-06
2.696736643240974089e-06
2.642147772327071340e-06
2.588098222681928388e-06
2.535583850667948570e-06
2.483795889986629122e-06
2.432893841699949097e-06
2.383336757622245591e-06
2.334298482822187814e-06
2.286629829363990330e-06
2.239678889245261667e-06
2.193780904584344993e-06
2.148847043469382191e-06
2.104753234420986097e-06
2.061700395575199265e-06
2.019445596007191634e-06
1.978193011522696115e-06
1.937770065805635103e-06
1.898274761656144890e-06
1.859599202189511359e-06
1.821800458163128846e-06
1.784810823632991136e-06
1.748683271822610307e-06
1.713325841357838390e-06
1.678812909855102683e-06
1.645042146170518447e-06
1.612052525394121082e-06
1.579797698563860951e-06
1.548279333478008386e-06
1.517503702199907146e-06
1.487398184860722397e-06
1.458018893289059612e-06
1.429273859296384196e-06
1.401200395794736581e-06
1.373759936207875670e-06
1.346940597558880555e-06
1.320760129728812791e-06
1.295143838973465838e-06
1.270126455836583588e-06
1.245651317437970773e-06
1.221723697152960149e-06
1.198346228004345076e-06
1.175454595138605877e-06
1.153120102373063477e-06
1.131228376929528964e-06
1.109841341481571567e-06
1.088884395369612887e-06
1.068388698369354952e-06
1.048336991117481372e-06
1.028682775192070099e-06
1.009472704945862966e-06
9.906304087478170879e-07
9.721793282652716195e-07
9.540989915913316400e-07
9.363674745853357739e-07
9.190231622052822087e-07
9.019720058045773166e-07
8.852954701775331277e-07
8.688937978136527582e-07
8.528190581340316416e-07
8.370333846882652686e-07
8.215197334792728388e-07
8.063106485666134719e-07
7.913280154913491271e-07
7.766174854135979404e-07
7.621257152252130142e-07
7.478630462995860899e-07
7.338378112214429062e-07
7.199880181550728206e-07
7.063935171256731275e-07
6.929548809803994379e-07
6.797413559235536018e-07
6.666972373390295333e-07
6.538527510076100834e-07
6.412095121417422674e-07
6.287278515957006221e-07
6.164642640933989467e-07
6.043590753251834390e-07
5.924456069679244377e-07
5.807135852721917591e-07
5.691441389330363335e-07
5.577818919818489740e-07
5.465510608313692046e-07
5.355259572722725238e-07
5.246336662698863665e-07
5.139180615206872920e-07
5.033568665853692653e-07
4.929337905032424352e-07
4.826847237166780823e-07
4.725531753531882371e-07
4.625800872631076520e-07
4.527307883572050745e-07
4.430139629468155660e-07
4.334403851200843530e-07
4.239646251699448668e-07
4.146448301215051395e-07
4.054146213906347167e-07
3.963216475756118638e-07
3.873296327653158175e-07
3.784527700596192547e-07
3.696940635563970355e-07
3.610260450556681145e-07
3.524832493897349175e-07
3.440303683373611021e-07
3.356867923007067218e-07
3.274483688611813553e-07
3.192986162158222109e-07
3.112687287537639778e-07
3.033144415616992022e-07
2.954797445898229430e-07
2.877262172692981756e-07
2.800781894023467900e-07
2.725250460250582471e-07
2.650589085078799776e-07
2.576973910364590478e-07
2.504165813456250447e-07
2.432345978771328333e-07
2.361382314033137427e-07
2.291273902336147535e-07
2.222096609867537186e-07
2.153626415492015936e-07
2.086111662805772891e-07
2.019263204690075697e-07
1.953277770049853172e-07
1.887980063414457733e-07
1.823410163839846881e-07
1.759543523996027432e-07
1.696295016578507927e-07
1.633724871885336871e-07
1.571740184228165473e-07
1.510349544295404866e-07
1.449556032399652085e-07
1.389261873146617279e-07
1.329570698899456509e-07
1.270340763204895358e-07
1.211710896438433475e-07
1.153570650176793141e-07
1.096017722257830091e-07
1.039024350063781871e-07
9.826470569586129836e-08
9.269219682830617712e-08
8.719153760323405352e-08
8.176876115453590938e-08
7.643437161506047151e-08
7.119401786878065473e-08
6.606329459960659816e-08
6.105025537273124276e-08
5.617242961428098174e-08
5.144066696418530318e-08
4.687510403799218841e-08
4.248774467305467694e-08
3.830066867161853843e-08
3.432589805389523045e-08
3.058712891137514055e-08
2.709460408781487514e-08
2.386968812940647542e-08
2.092115523726248386e-08
1.826489653106012927e-08
1.590649868567845836e-08
1.385250640956564053e-08
1.210247963328516928e-08
1.065293141860773308e-08
9.492839930762016117e-09
8.608779831315956663e-09
7.976055012005369281e-09
7.572905692289798986e-09
7.359643425773025396e-09
7.305974449073999762e-09
7.363887497480267567e-09
7.494762834743649481e-09
7.651063095201755637e-09
7.790674138004610177e-09
7.874678244457484789e-09
7.867156473765623256e-09
7.743562137838274421e-09
7.487500411441921402e-09
7.092782321684870935e-09
6.570917434317048398e-09
5.936539199799574974e-09
5.226392773945289957e-09
4.474098938519869813e-09
3.730208962465779502e-09
3.037346978911093083e-09
2.441937069915909153e-09
1.976795003306636814e-09
1.665231951663739436e-09
1.510657061358572363e-09
1.501324664972433731e-09
1.605021882696617901e-09
1.779327565895386313e-09
1.969195802095071566e-09
2.122966534942193447e-09
2.192931433993126887e-09
2.151057155267092543e-09
1.987763954009702792e-09
1.722690248638176214e-09
1.393420795751654532e-09
1.056860357552908952e-09
7.674291034266310789e-10
5.752490697034856810e-10
5.017946391738565392e-10
5.443757243112298835e-10
6.655088715557436585e-10
8.107020769710401284e-10
9.166469204023727694e-10
9.359670236557662689e-10
8.500110997868118608e-10
6.799722282006665709e-10
4.766683868829289209e-10
3.071105764151719882e-10
2.213220140110155164e-10
2.400848115974435838e-10
3.321639156733425814e-10
4.397739175764941993e-10
4.938792396115389033e-10
4.592233366871143829e-10
3.456899112029828111e-10
2.096748171999295477e-10
1.214242745451753848e-10
1.204072558355325255e-10
1.908582154274512532e-10
2.708040343780355764e-10
2.910894103383170080e-10
2.324262738306487283e-10
1.315062427036765844e-10
6.676073789893684040e-11
7.754176019030351692e-11
1.430502552004463464e-10
1.886267119423313338e-10
1.631838458783437129e-10
8.931365522214865572e-11
3.845648072211088970e-11
5.814958827306335999e-11
1.125356281586456317e-10
1.263376520032967947e-10
7.923373172450561304e-11
2.742311639334306684e-11
3.764167553298890617e-11
8.095452500615135157e-11
8.746542881500086280e-11
4.179387470924981412e-11
1.607763499048602960e-11
4.476158649180371017e-11
6.819034762750819456e-11
4.007158898423680997e-11
1.137015180234663123e-11
3.219722425998705038e-11
5.197579029836726258e-11
2.437245579093792754e-11
9.851856771227500790e-12
3.311348695360805273e-11
3.447359942815288707e-11
7.710069349218984499e-12
1.826508562925102776e-11
3.082526542486169419e-11
9.620187935466788891e-12
1.162266893403512215e-11
2.508051643753927837e-11
7.590190853940538268e-12
1.102395403861704078e-11
1.887875937418770447e-11
4.835822485350377822e-12
1.228302698756602571e-11
1.243553231950218743e-11
3.435437922234264839e-12
1.412023571466706656e-11
3.467427307518785764e-12
9.372730392931636670e-12
6.525032339769908256e-12
5.047038629169743437e-12
7.779267081240540296e-12
3.171037951235339531e-12
7.214910545004520082e-12
2.713612624777043812e-12
6.040419215634393504e-12
2.641339588248507069e-12
4.929034906910378769e-12
2.551454250367577201e-12
4.046721277720796435e-12
2.381551411841237573e-12
3.368645378837934214e-12
2.162686844002840944e-12
2.838886000414455803e-12
1.929275942636618042e-12
2.413718400428765742e-12
1.702234425192725850e-12
2.064514717423676223e-12
1.491649589211142221e-12
1.772912799348827070e-12
1.301343234553337732e-12
1.526684760258352290e-12
1.131923222176221808e-12
1.317226539255822170e-12
9.824657945149414797e-13
1.138157186728576592e-12
8.513841904183416154e-13
9.845397925476245650e-13
7.368662876746167439e-13
8.524331196283515247e-13
6.370913391960429987e-13
7.386199146919941780e-13
5.503336810112512023e-13
6.404325524092375343e-13
4.750081502664932736e-13
5.556347125931663868e-13
4.096852765350788352e-13
4.823369679594745449e-13
3.530909024244466122e-13
4.189339759419040968e-13
3.040980340899317333e-13
3.640561325970563614e-13
2.617151344630324219e-13
3.165313568450399675e-13
2.250731481366667646e-13
2.753542590525305934e-13
1.934124922886931893e-13
2.396608771365967795e-13
1.660706594688360726e-13
2.087077287708373206e-13
1.424707457489287245e-13
1.818542854992276651e-13
1.221110293736113728e-13
1.585482086535465823e-13
1.045556191360840831e-13
1.383128458852931604e-13
8.942613368760239062e-14
1.207365985822310646e-13
7.639434302572851290e-14
1.054638511077520197e-13
6.517568994970284658e-14
9.218721272484712082e-14
5.552360540876372777e-14
8.064086875588613360e-14
4.722453331710664518e-14
7.059487304176497718e-14
4.009358505530915307e-14
6.185024191300439751e-14
3.397075001015764759e-14
5.423473249390783191e-14
2.871759525026718279e-14
4.759920659230882514e-14
2.421439419900256372e-14
4.181449656134937378e-14
2.035763069816606416e-14
3.676870211403727583e-14
1.705783094399806812e-14
3.236485754525681756e-14
1.423768137265160802e-14
2.851891766790728020e-14
1.183039562746857682e-14
2.515801819984773767e-14
9.778298281036478692e-15
2.221897266970560907e-14
8.031597021223996122e-15
1.964697326724131638e-14
6.547318593397217968e-15
1.739446764984686716e-14
5.288386943009830637e-15
1.542018761954587787e-14
4.222824776014870524e-15
1.368830894251663782e-14
3.323062195361318414e-15
1.216772444585580406e-14
2.565338192019470822e-15
1.083141498968688741e-14
1.929182636405022253e-15
9.655905034055505968e-15
1.396968037526364182e-15
8.620791337732790055e-15
9.535217494358053409e-16
7.708334893495219693e-15
5.857905412190043734e-16
6.903107555297880894e-15
2.825505142766439173e-16
6.191685975567509072e-15
3.415628375913534868e-17
5.562386475978136139e-15
-1.676758493783975529e-16
5.005035337638773476e-15
-3.300553052221560403e-16
4.510769747918505872e-15
-4.590791728901996024e-16
4.071865281433884561e-15
-5.599721293560879639e-16
3.681586354683212196e-15
-6.372073017607451800e-16
3.334056570870860838e-15
-6.946106451313932074e-16
3.024146289666847791e-15
-7.354510658457101219e-16
2.747375115309782697e-15
-7.625182175442953670e-16
2.499827307443007884e-15
-7.781896405453528512e-16
2.278078387033268894e-15
-7.844886890926775217e-16
2.079131442195100586e-15
-7.831344967612506416e-16
1.900361840089674201e-15
-7.755850615369863633e-16
1.739469224198854542e-15
-7.630743875487196466e-16
1.594435826715683419e-15
-7.466444907877642110e-16
1.463490256438684678e-15
-7.271729710110269131e-16
1.345076033537652135e-15
-7.053967539242363756e-16
1.237824242321494869e-15
-6.819325274536413641e-16
1.140529754596603809e-15
-6.572943244112987323e-16
1.052130551959769611e-15
-6.319086429343731377e-16
9.716897362240045349e-16
-6.061274424960130154e-16
8.983798732231458725e-16
-5.802393078416983197e-16
8.314693621996521519e-16
-5.544790329624923517e-16
7.703105639398922156e-16
-5.290358432123305240e-16
7.143294560925663513e-16
-5.040604440596217613e-16
6.630166152501593221e-16
-4.796710589338529768e-16
6.159193522165639293e-16
-4.559585964189518921e-16
5.726348489271786651e-16
-4.329910685393010366e-16
5.328041668046523813e-16
-4.108173637625416747e-16
4.961070124317545927e-16
-3.894704663845775611e-16
4.622571625801681468e-16
-3.689701986740471131e-16
4.309984627582592386e-16
-3.493255539186395884e-16
4.021013249137309841e-16
-3.305366780045427141e-16
3.753596601935323913e-16
-3.125965493878599329e-16
3.505881905367536051e-16
-2.954924003343198010e-16
3.276200905590388237e-16
-2.792069167661195620e-16
3.063049173520617290e-16
-2.637192484592557099e-16
2.865067916085833620e-16
-2.490058569773053334e-16
2.681027981309282868e-16
-2.350412251142167995e-16
2.509815778051440197e-16
-2.217984480114420758e-16
2.350420870944978728e-16
-2.092497235812119667e-16
2.201925037819965457e-16
-1.973667571383794877e-16
2.063492609848691502e-16
-1.861210930959915931e-16
1.934361931238554257e-16
-1.754843848435435828e-16
1.813837803373141973e-16
-1.654286122216650841e-16
1.701284788785803273e-16
-1.559262549320156076e-16
1.596121272839238793e-16
-1.469504284238064824e-16
1.497814188840396026e-16
-1.384749885960911903e-16
1.405874326438335527e-16
-1.304746102473484326e-16
1.319852154130935455e-16
-1.229248435616216914e-16
1.239334094059810100e-16
-1.158021524180678318e-16
1.163939195450962723e-16
-1.090839376350563476e-16
1.093316159183202632e-16
-1.027485478048517183e-16
1.027140674272607298e-16
-9.677528008169648502e-17
9.651130281532163367e-17
-9.114437272707870419e-17
9.069559608840156370e-17
-8.583699110293142134e-17
8.524127347360418965e-17
-8.083520852578868192e-17
8.012453951978884150e-17
-7.612198304168725869e-17
7.532332021616131396e-17
-7.168113121294018405e-17
7.081712120379576167e-17
-6.749729956153393172e-17
6.658689955506788445e-17
-6.355593452414311136e-17
6.261494745261103485e-17
-5.984325135021295344e-17
5.888478673895788821e-17
-5.634620245497511001e-17
5.538107298572523645e-17
-5.305244559149076417e-17
5.208950821342464080e-17
-4.995031216296975002e-17
4.899676132963072473e-17
-4.702877588714511194e-17
4.609039549739533615e-17
-4.427742206418614815e-17
4.335880178292909517e-17
-4.168641753549903987e-17
4.079113837022863923e-17
-3.924648150420123944e-17
3.837727490525986199e-17
-3.694885729396650192e-17
3.610774141519765130e-17
-3.478528505810437476e-17
3.397368136928850468e-17
-3.274797558952110089e-17
3.196680852448761812e-17
-3.082958512472488800e-17
3.007936716081005309e-17
-2.902319126551630216e-17
2.830409546153098085e-17
-2.732226995428467914e-17
2.663419168244386123e-17
-2.572067349779834664e-17
2.506328292608817549e-17
-2.421260966495017520e-17
2.358539625694281258e-17
-2.279262179164991112e-17
2.219493196906426670e-17
-2.145556986328461893e-17
2.088663882937178868e-17
-2.019661260207860126e-17
1.965559110764874045e-17
-1.901119044424457021e-17
1.849716728386979370e-17
-1.789500944406551852e-17
1.740703025529038719e-17
-1.684402602641686584e-17
1.638110896534896741e-17
-1.585443255898635745e-17
1.541558129347926147e-17
-1.492264372494245510e-17
1.450685815006789110e-17
-1.404528364584063045e-17
1.365156866769156593e-17
-1.321917369995905513e-17
1.284654639754316452e-17
-1.244132106550620603e-17
1.208881644097793897e-17
-1.170890785048526680e-17
1.137558345319521168e-17
-1.101928089089916672e-17
1.070422045376729251e-17
-1.036994209531781676e-17
1.007225837166988535e-17
-9.758539351410456575e-18
9.477376293566413285e-18
-9.182857941849262784e-18
8.917392352044020245e-18
-8.640812464951372540e-18
8.390255204995608459e-18
-8.130439196641952956e-18
7.894036098680403183e-18
-7.649888903188905471e-18
7.426921422538595005e-18
-7.197420046952784783e-18
6.987205775801733504e-18
-6.771392385297490298e-18
6.573285474997128779e-18
-6.370260923890956863e-18
6.183652511739216855e-18
-5.992570196270278793e-18
5.816888887150195200e-18
-5.636948868056100656e-18
5.471661352909306314e-18
-5.302104620971202560e-18
5.146716500357522859e-18
-4.986819295662117796e-18
