# bin_3_1
2.083774808678337020e-07
-2.019248827918859130e-07
1.960005494802276466e-07
-1.899102196211139721e-07
1.843512878824033918e-07
-1.785966196960287197e-07
1.733876520773077695e-07
-1.679427778166419830e-07
1.630701538280480433e-07
-1.579096992295805074e-07
1.533617255603823093e-07
-1.484605459878885829e-07
1.442275962300299846e-07
-1.395604892023888752e-07
1.356351785944804858e-07
-1.311765664573508585e-07
1.275539665840223756e-07
-1.232775437578270210e-07
1.199554437202916291e-07
-1.158337807966992315e-07
1.128130015108806655e-07
-1.088170994874545730e-07
1.061018681701406663e-07
-1.022006544498030744e-07
9.979904718831647187e-08
-9.595880591692757810e-08
9.388326543704180583e-08
-9.006699368719016332e-08
8.833493032920581430e-08
-8.450161301934442954e-08
8.313609544751908245e-08
-7.923989217085748292e-08
7.827043301282956581e-08
-7.425977275430515159e-08
7.372321205964968064e-08
-6.953979415822237287e-08
6.948127970494747651e-08
-6.505898427271227151e-08
6.553304226126016779e-08
-6.079675986980297726e-08
6.186844206024742575e-08
-5.673284123568018909e-08
5.847892388220728312e-08
-5.284718705234703986e-08
5.535738402482754216e-08
-4.911995745354110688e-08
5.249809245686754314e-08
-4.553151514668587819e-08
4.989657693035946658e-08
-4.206247657423620856e-08
4.754945579747032372e-08
-3.869382694960653916e-08
4.545420421344990397e-08
-3.540711462363894336e-08
4.360883792004909438e-08
-3.218474091585601850e-08
4.201149806494038624e-08
-2.901036036875106408e-08
4.065992357558942724e-08
-2.586940297640160351e-08
3.955080196836743978e-08
-2.274972269135872655e-08
3.867900005616286876e-08
-1.964236386585335565e-08
3.803669050242252152e-08
-1.654241896048236744e-08
3.761241376473395112e-08
-1.344992336166057407e-08
3.739014534382507536e-08
-1.037069877123221237e-08
3.734847752025125711e-08
-7.317013349562909057e-09
3.746007057207630019e-08
-4.307879814476046346e-09
3.769157522795359723e-08
-1.368768112470034387e-09
3.800426772618566788e-08
1.469521309192891909e-09
3.835565545408770126e-08
4.173074928638493575e-09
3.870228356740654522e-08
6.708366578052761554e-09
3.900387510922541429e-08
9.047088576503322587e-09
3.922873915198805795e-08
1.117210512812140895e-08
3.936006389702591041e-08
1.308393962412803840e-08
3.940227388381904756e-08
1.480672308453484193e-08
3.938611821649114325e-08
1.639201877994735012e-08
3.937068310138774986e-08
1.791855340088584071e-08
3.944028884385373510e-08
1.948587602733157616e-08
3.969452523011531671e-08
2.120064400017830513e-08
4.023081647109797932e-08
2.315588790454870062e-08
4.112109982423514470e-08
2.540631611521329324e-08
4.238733249914297745e-08
2.794609194191386575e-08
4.398387498120174669e-08
3.069842086640593695e-08
4.579678077175519603e-08
3.352677256867712861e-08
4.766841351984480227e-08
3.627330437862397318e-08
4.944851073220403663e-08
3.881960694307578935e-08
5.105956911580274486e-08
4.114978661329478034e-08
5.254908796260083302e-08
4.338267010713511552e-08
5.409302393113417767e-08
4.574000564724897325e-08
5.592616301356762452e-08
4.844217032689708551e-08
5.821318924939562692e-08
5.157179530815859762e-08
6.092790632476082738e-08
5.499453333596073306e-08
6.383953323613783814e-08
5.842688410018184949e-08
6.666370125008244887e-08
6.165286048548571965e-08
6.930666558735870735e-08
6.474098383907761551e-08
7.199386826834204966e-08
6.803274275124266783e-08
7.509475306630873263e-08
7.182442289438123269e-08
7.873287505298307967e-08
7.601796700462252240e-08
8.260287009889398857e-08
8.019905034497682432e-08
8.632802898773868506e-08
8.418608400072221195e-08
9.001283933997160073e-08
8.835354296180481758e-08
9.415473599883722917e-08
9.310285308248406121e-08
9.885562731267135206e-08
9.816971532962845331e-08
1.036060878811183796e-07
1.030804503485316892e-07
1.082564010509536099e-07
1.081322925029302516e-07
1.133908166017251320e-07
1.138263146383181830e-07
1.190727254137165326e-07
1.197274672603289562e-07
1.246879867385720328e-07
1.255438857679829974e-07
1.305396140791574315e-07
1.319456205035405536e-07
1.370723331333154040e-07
1.387292245821605992e-07
1.436292492658862082e-07
1.454759573807218558e-07
1.505104153216374012e-07
1.528992107928624298e-07
1.580212474711161042e-07
1.605328751745927294e-07
1.655360801685684038e-07
1.684533697580820419e-07
1.737519941973052188e-07
1.769928017123432421e-07
1.821662265444411379e-07
1.856426457478872108e-07
1.911207410275544530e-07
1.950297753092412713e-07
2.004584505984426725e-07
2.045688379195353954e-07
2.103215204913038336e-07
2.148538883339503265e-07
2.205823733432170745e-07
2.254032060522998140e-07
2.315103275111835712e-07
2.366251585460602046e-07
2.427725337061861642e-07
2.483673135547916915e-07
2.547951331453656294e-07
2.605737030016030057e-07
2.673280291106712033e-07
2.735424261032886919e-07
2.804076317562060181e-07
2.870875935805250043e-07
2.942563165892617825e-07
3.012129916262162017e-07
3.087976581338951437e-07
3.160854942483760863e-07
3.239899020704929869e-07
3.317391900320696777e-07
3.399148829817839832e-07
3.481558243851723585e-07
3.566477787023128092e-07
3.653572458796306355e-07
3.742265699756518610e-07
3.833925485313666630e-07
3.926808001388509181e-07
4.023127845782973928e-07
4.120467732669355321e-07
4.221653701616530757e-07
4.323675445406926667e-07
4.429967047899154952e-07
4.536901631622098175e-07
4.648545443331997354e-07
4.760642739141240230e-07
4.877889603264761325e-07
4.995418033706669786e-07
5.118526098974186578e-07
5.241770386624409908e-07
5.371008188122387541e-07
5.500267866608081981e-07
5.635916488816748763e-07
5.771505300886229067e-07
5.913859836346482670e-07
6.056105706562189609e-07
6.205476307226973121e-07
6.354721637661273478e-07
6.511434350478407508e-07
6.668036490975571426e-07
6.832433981147518548e-07
6.996765792806716799e-07
7.169208006500554688e-07
7.341658472914359646e-07
7.522523263389173075e-07
7.703498121994616666e-07
7.893181848019778950e-07
8.083104222180263455e-07
8.282022318774433469e-07
8.481333334483316592e-07
8.689920850202650986e-07
8.899080221811455437e-07
9.117792312206880211e-07
9.337278880387807672e-07
9.566591243144597542e-07
9.796903445898390528e-07
1.003731267886286617e-06
1.027896893298870697e-06
1.053099279164312274e-06
1.078453175773193275e-06
1.104870928329240222e-06
1.131468998189584050e-06
1.159158146501077861e-06
1.187058320520983745e-06
1.216076994293103756e-06
1.245339201674391294e-06
1.275747581193248911e-06
1.306433689887396629e-06
1.338293924115057298e-06
1.370467645649174411e-06
1.403843731216806696e-06
1.437570481983148997e-06
1.472528094461462212e-06
1.507874804101795862e-06
1.544481071352753903e-06
1.581515927175672183e-06
1.619839132772737152e-06
1.658631247201981829e-06
1.698740449835138928e-06
1.739359435680361368e-06
1.781323988116199559e-06
1.823839423972074469e-06
1.867728372516099643e-06
1.912209137835055148e-06
1.958090480345444732e-06
2.004603936702731277e-06
2.052543714063487456e-06
2.101154705887115617e-06
2.151215898515523004e-06
2.201985543158917799e-06
2.254226740696815005e-06
2.307210974311843555e-06
2.361684783281916436e-06
2.416932625688796787e-06
2.473683776813887428e-06
2.531235275738930539e-06
2.590298390148183633e-06
2.650182203188593556e-06
2.711579175319966230e-06
2.773809747328911274e-06
2.837546702595064517e-06
2.902120997563483970e-06
2.968184785587887439e-06
3.035078536455919322e-06
3.103432726957891487e-06
3.172596175307123680e-06
3.243176534850557380e-06
3.314529646593259713e-06
3.387239092061504628e-06
3.460666256870035982e-06
3.535369307675805878e-06
3.610713561138848570e-06
3.687230349137649960e-06
3.764287199953348232e-06
3.842387146387416361e-06
3.920898148982430816e-06
4.000293484263280843e-06
4.079939772763981748e-06
4.160279160104471778e-06
4.240675254980872758e-06
4.321537884874044653e-06
4.402226200384692857e-06
4.483116850558580364e-06
4.563563469279330463e-06
4.643909172750203891e-06
4.723501610141225255e-06
4.802650737592013464e-06
4.880698587639718012e-06
4.957923319615528669e-06
5.033662838750073782e-06
5.108166160798857658e-06
5.180769989663864503e-06
5.251698462473319234e-06
5.320291770790443647e-06
5.386755368233802820e-06
5.450439690676704920e-06
5.511539907903886334e-06
5.569425757570691555e-06
5.624292900600507989e-06
5.675541826403372354e-06
5.723381823603483807e-06
5.767257834505827714e-06
5.807407973739024910e-06
5.843337103908773223e-06
5.875328722445256526e-06
5.902963896808411173e-06
5.926588196451625361e-06
5.945874470070211447e-06
5.961245335292071795e-06
5.972478117446314492e-06
5.980083246479260698e-06
5.983949535761177912e-06
5.984678711810816381e-06
5.982269139384471914e-06
5.977406681125235229e-06
5.970185036302528364e-06
5.961353267141327653e-06
5.951071190636603248e-06
5.940114295395942977e-06
5.928663183988306657e-06
5.917467302697732235e-06
5.906668318916254363e-06
5.896925107400932824e-06
5.888272128677036533e-06
5.881209364820449025e-06
5.875598071126725031e-06
5.871720574210599843e-06
5.869216843316717337e-06
5.868119793814755800e-06
5.867836408743140015e-06
5.868163795118682075e-06
5.868317401180701049e-06
5.867930886551408060e-06
5.866130756439375275e-06
5.862518759748629907e-06
5.856286952898505703e-06
5.847175249144974774e-06
5.834614544491577515e-06
5.818645925758279262e-06
5.799074519235843289e-06
5.776333929624578181e-06
5.750633672414274295e-06
5.722756650133728454e-06
5.693192092738563264e-06
5.662867960529586442e-06
5.632280047404992278e-06
5.602183145385055747e-06
5.572749777738518353e-06
5.544264106094976569e-06
5.516357045756695361e-06
5.488748710327429424e-06
5.460593099659617088e-06
5.431283566193700221e-06
5.399891874315584700e-06
5.365990217161644739e-06
5.329105146546041662e-06
5.289455293683609226e-06
5.247312093616154917e-06
5.203564546086371489e-06
5.158941342778913819e-06
5.114426349031359994e-06
5.070443407163670691e-06
5.027295788964331439e-06
4.984523765416907083e-06
4.941562895582726500e-06
4.897385222123196575e-06
4.851347832957792152e-06
4.802922103674108235e-06
4.752402133445831160e-06
4.700346511782507217e-06
4.647866564463091810e-06
4.595733144030869959e-06
4.544509245497687591e-06
4.493851439902590687e-06
4.443096614691965429e-06
4.391163115911565547e-06
4.337536745822955367e-06
4.282176826853289829e-06
4.225979376172225945e-06
4.169904666665473416e-06
4.114788257174593864e-06
4.060442591339031009e-06
4.006142996608124096e-06
3.950799316359441813e-06
3.894132246298235210e-06
3.836605679243068589e-06
3.779425933646783902e-06
3.723244406744141024e-06
3.667905528937414966e-06
3.612305443462388581e-06
3.555771375378827797e-06
3.498505715065364817e-06
3.441698471196028068e-06
3.385998730299510967e-06
3.331052427247722914e-06
3.275705648111740994e-06
3.219723848175227787e-06
3.163915907040752555e-06
3.109303057579797441e-06
3.055497003215553412e-06
3.001520449313746867e-06
2.947156798475159344e-06
2.893530013555880027e-06
2.841087752830362316e-06
2.789044278586037320e-06
2.736671652767088778e-06
2.684850578111073537e-06
2.634235867195509496e-06
2.584146335543264918e-06
2.533924837798498163e-06
2.484514117282513397e-06
2.436220897506202094e-06
2.388185996717217399e-06
2.340398501303727415e-06
2.293809645947741465e-06
2.247827880179526745e-06
2.202073829236152247e-06
2.157325884863818130e-06
2.113398653959643062e-06
2.069703423703840003e-06
2.027050676808909953e-06
1.985087232644842914e-06
1.943571345950751749e-06
1.903068632312280052e-06
1.863131369978534360e-06
1.823839042297550999e-06
1.785480841263133278e-06
1.747567746459182808e-06
1.710606201946529593e-06
1.674217850360473031e-06
1.638605474166493034e-06
1.603702605760682617e-06
1.569458124346847389e-06
1.535980468716151610e-06
1.503143988509291860e-06
1.471054197912690029e-06
1.439620596308985669e-06
1.408897951988316827e-06
1.378822468018219692e-06
1.349427518840142576e-06
1.320678894351170545e-06
1.292598227329894499e-06
1.265145825190046313e-06
1.238348653835288470e-06
1.212162032618721922e-06
1.186590007414280068e-06
1.161619805955344932e-06
1.137240071148038149e-06
1.113463693643626159e-06
1.090240751668868962e-06
1.067602605229220010e-06
1.045489678612914546e-06
1.023927442161305218e-06
1.002885663921266643e-06
9.823628039381916588e-07
9.623602505079426858e-07
9.428371276098721905e-07
9.238032002812653515e-07
9.052295265642916434e-07
8.871104944729429630e-07
8.694515092921294490e-07
8.522038812217344494e-07
8.354182643148911171e-07
8.190120966073180235e-07
8.030259097472183145e-07
7.874053724194341736e-07
7.721740330594372849e-07
7.573130654581311077e-07
7.427944386997295251e-07
7.286417405986799264e-07
7.148066573204775918e-07
7.012954413854467291e-07
6.880975849375863262e-07
6.751925752315430966e-07
6.626076836509322614e-07
6.502719050114717781e-07
6.382429489029951730e-07
6.264449540435414780e-07
6.149162131740151671e-07
6.036268878914712037e-07
5.925672867846952068e-07
5.817591795428351751e-07
5.711471128926218833e-07
5.607620647583943601e-07
5.505679545748656729e-07
5.405705694380158002e-07
5.307781613131599837e-07
5.211410656689614939e-07
5.117206187986047359e-07
5.024363271934103468e-07
4.933386562396128533e-07
4.843802836665482467e-07
4.755828275262315125e-07
4.669419978241665672e-07
4.584236549611772724e-07
4.500672254650237333e-07
4.418224280235458100e-07
4.337104915382068174e-07
4.257216538341371790e-07
4.178374753481305286e-07
4.100923603199322051e-07
4.024221230118122960e-07
3.948863216248188889e-07
3.874238644796750212e-07
3.800712252365586052e-07
3.728098887624184638e-07
3.656277454154251367e-07
3.585556687732268486e-07
3.515474370940397302e-07
3.446383214794340867e-07
3.378009454892831896e-07
3.310443071755840916e-07
3.243792988841998975e-07
3.177681189019956131e-07
3.112625170206514251e-07
3.048056228592461450e-07
2.984392083411026063e-07
2.921326610455309067e-07
2.858990877444526608e-07
2.797417085700138302e-07
2.736358588837855649e-07
2.676127034787944891e-07
2.616399688710516206e-07
2.557351008873352501e-07
2.498940303898392151e-07
2.441020184607898773e-07
2.383869638140001452e-07
2.327079694666399153e-07
2.271049570348617558e-07
2.215425640614411964e-07
2.160428046713031788e-07
2.105962271245385576e-07
2.051947098905587761e-07
1.998562999149671460e-07
1.945571358473743277e-07
1.893156278450499070e-07
1.841187569619665012e-07
1.789678699618636880e-07
1.738702507285980359e-07
1.688045054285692761e-07
1.637959027563488140e-07
1.588164462098407535e-07
1.538859246689928368e-07
1.489883963133773793e-07
1.441279831283947859e-07
1.393042519159226912e-07
1.345075561263187711e-07
1.297473343804121028e-07
1.250126393632263591e-07
1.203070323403975840e-07
1.156305491415248490e-07
1.109741685537138275e-07
1.063501182550390138e-07
1.017432867459218221e-07
9.716938257066134062e-08
9.261687538541499734e-08
8.809590653880344140e-08
8.360457617924893731e-08
7.914662012228663485e-08
7.472806457106238654e-08
7.035209065019308069e-08
6.602712160055704191e-08
6.176059032531616015e-08
5.755845371326550773e-08
5.343469618660179246e-08
4.939485031774002331e-08
4.545662774904092805e-08
4.162746954207633045e-08
3.792666195922133669e-08
3.436415962016732553e-08
3.095832174523287955e-08
2.772122347772019525e-08
2.467155798100383253e-08
2.182048410854063649e-08
1.918535971723176026e-08
1.677503697953531826e-08
1.460292655748446489e-08
1.267443909735494363e-08
1.099570717586273470e-08
9.567217079662613494e-09
8.386856979437452991e-09
7.445738297087450173e-09
6.733407505166359014e-09
6.229337518509109964e-09
5.916163244458589454e-09
5.760644323183682401e-09
5.737993090530600242e-09
5.808445402795939455e-09
5.939768173508831471e-09
6.091795779139955309e-09
6.229840880176245157e-09
6.320873040644318491e-09
6.334956032564733570e-09
6.251161666317735136e-09
6.055761517889951936e-09
5.743389721216427354e-09
5.323106796757025224e-09
4.807109593425348291e-09
4.226414917354824140e-09
3.608493491231961705e-09
2.996396454510911409e-09
2.425410917654529132e-09
1.934414855020528099e-09
1.552034135279477425e-09
1.296238459241281433e-09
1.172431479467150339e-09
1.169096225189609092e-09
1.260893324052639972e-09
1.411952506685279542e-09
1.575542666423350878e-09
1.710228007017622246e-09
1.773413016606417495e-09
1.744080579409051767e-09
1.612095967389317984e-09
1.394765325159002820e-09
1.123227770364858874e-09
8.442952250536447287e-10
6.050567227772538878e-10
4.458522009583916143e-10
3.864739829543335713e-10
4.237755253412337979e-10
5.269997626985163850e-10
6.507076511164918866e-10
7.412107748592479876e-10
7.597761688083010910e-10
6.896857503742630518e-10
5.493741444722596937e-10
3.807399964980815772e-10
2.399582586770822090e-10
1.692642362335583830e-10
1.855324276077331277e-10
2.635490765839581250e-10
3.544260822828100895e-10
4.008890176283543552e-10
3.730872185255422593e-10
2.789726348937345073e-10
1.660942772363724682e-10
9.255170414591281931e-11
9.223992890377083581e-11
1.515595510350032306e-10
2.190437220750289945e-10
2.368109032678088662e-10
1.882000558365666242e-10
1.044063741738639607e-10
5.035964653518474187e-11
5.973340425945980141e-11
1.148123141710867421e-10
1.533042535873934602e-10
1.325939115911428349e-10
7.093021071241540235e-11
2.872182464201274436e-11
4.522600536090418363e-11
9.102588825094839912e-11
1.028815745725811555e-10
6.365600551842047307e-11
2.056980486183092704e-11
2.907639666006958349e-11
6.558884382475445381e-11
7.119479049656519520e-11
3.316609323397363933e-11
1.173607800407434825e-11
3.576279209603776662e-11
5.561683613683749671e-11
3.213656589153060425e-11
8.236695190538996422e-12
2.570346793498648383e-11
4.237210828947601079e-11
1.939369327231171532e-11
7.231038493955750668e-12
2.682645263504079261e-11
2.799901643069129376e-11
5.682498360428498957e-12
1.454866782453447665e-11
2.511095852551443952e-11
7.445740431035360146e-12
9.111824000619291030e-12
2.046291567985816113e-11
5.838691618685371223e-12
8.750397688102860612e-12
1.536602491326294325e-11
3.633487465361852108e-12
9.902106078212956359e-12
1.005181113132943863e-11
2.547430096979520345e-12
1.150909250386581770e-11
2.619305283761877693e-12
7.576489697464732609e-12
5.216670574821285118e-12
3.992283979613413167e-12
6.298953503045647850e-12
2.453752714846573337e-12
5.854756443644487370e-12
2.098150767709976830e-12
4.896260504974315506e-12
2.061104157247528876e-12
3.987394696011701747e-12
2.006082437205888485e-12
3.267440656387846170e-12
1.881330942028694460e-12
2.715963129809187144e-12
1.713233258456090515e-12
2.286476060075354210e-12
1.530921285057022065e-12
1.942665843875880557e-12
1.352179435293913222e-12
1.660819477329334633e-12
1.185689605575613686e-12
1.425784068323935680e-12
1.034856549494051952e-12
1.227512581475804921e-12
9.003668325057605563e-13
1.058966188845051111e-12
7.816008900306746991e-13
9.149451020276400603e-13
6.773634024722567528e-13
7.914393380160257295e-13
5.862524582121016504e-13
6.852559301224056291e-13
5.068434127553740812e-13
5.937936982680531841e-13
4.377778011215858459e-13
5.148992045194770726e-13
3.778031701809162119e-13
4.467693598505160715e-13
3.257873619439866611e-13
3.878821968401366547e-13
2.807195501305126137e-13
3.369455356241715581e-13
2.417045890030446200e-13
2.928575898896533978e-13
2.079542260380924866e-13
2.546759088559826799e-13
1.787771160666610798e-13
2.215923757453099022e-13
1.535686887701092952e-13
1.929127585474545278e-13
1.318014261739210216e-13
1.680397799755313251e-13
1.130158264101813556e-13
1.464589706369045704e-13
9.681217044097682459e-14
1.277267637268204260e-13
8.284311816400188248e-14
1.114604211322632015e-13
7.080711034369801867e-14
9.732947288314842012e-14
6.044252652963846532e-14
8.504841830485727407e-14
5.152253680715365122e-14
7.437048647179273246e-14
4.385058110034960116e-14
6.508229094667467809e-14
3.725641033555696796e-14
5.699924284316965647e-14
3.159262700210477055e-14
4.996160917017944522e-14
2.673166718907764616e-14
4.383112181848774520e-14
2.256317132607403721e-14
3.848805751339394441e-14
1.899169607748311449e-14
3.382872132781881946e-14
1.593472493613511110e-14
2.976327653819137325e-14
1.332093983098604763e-14
2.621387208322621049e-14
1.108872046353215623e-14
2.311302602432172391e-14
9.184842078328677468e-15
2.040222941047942343e-14
7.563345963360943526e-15
1.803074004825357002e-14
6.184560169745567536e-15
1.595453999706198608e-14
5.014250783235170279e-15
1.413543430081283146e-14
4.022886582233451397e-15
1.254027161092582397e-14
3.185002118901607330e-15
1.114027005142427325e-14
2.478646202462492473e-15
9.910433982422058242e-15
1.884904448195015950e-15
8.829049297417055901e-15
1.387486044299397555e-15
7.877246593980972931e-15
9.723661775887862549e-16
7.038623018804008992e-15
6.274766865248944554e-16
6.298914843869076728e-15
3.424384924440301948e-16
5.645713920051888976e-15
1.083302125586241744e-16
5.068222083318018946e-15
-8.251189748511858248e-17
4.557038398993210632e-15
-2.366668792771754080e-16
4.103974819487849636e-15
-3.597785322955778575e-16
3.701896434861557587e-15
-4.566845607040314626e-16
3.344583010434363634e-15
-5.315281419812935049e-16
3.026608953453291349e-15
-5.878542918453056913e-16
2.743239237195467466e-15
-6.286930766382006252e-16
2.490339144097711457e-15
-6.566314519793928404e-16
2.264295977138588570e-15
-6.738752685438229002e-16
2.061951140381098013e-15
-6.823027748483754680e-16
1.880541201074746233e-15
-6.835107722617768220e-16
1.717646735526949235e-15
-6.788544194112909245e-16
1.571147920202887610e-15
-6.694815486985593679e-16
1.439185969263677781e-15
-6.563622426885343747e-16
1.320129640678153035e-15
-6.403143153454101998e-16
1.212546136531089143e-15
-6.220252576338366011e-16
1.115175813852284172e-15
-6.020711298487097244e-16
1.026910201292212065e-15
-5.809328187405621079e-16
9.467728821931596070e-16
-5.590100199664279358e-16
8.739028659098053493e-16
-5.366332586182196124e-16
8.075401177304846282e-16
-5.140742168441660101e-16
7.470129628642701732e-16
-4.915546017547127437e-16
6.917271171895598906e-16
-4.692537553574521018e-16
6.411561311007691669e-16
-4.473151795356649532e-16
5.948330599469226629e-16
-4.258521271675878384e-16
5.523432013352652472e-16
-4.049523883318191316e-16
5.133177585142941164e-16
-3.846823840358161742e-16
4.774283093543330849e-16
-3.650906637287985359e-16
4.443819758655553175e-16
-3.462108902389999032e-16
4.139172028226346337e-16
-3.280643839675709927e-16
3.858000665442055419e-16
-3.106622881929811096e-16
3.598210452949335039e-16
-2.940074094382923239e-16
3.357921911906283357e-16
-2.780957785179555722e-16
3.135446525332844706e-16
-2.629179723090523828e-16
2.929265008816876453e-16
-2.484602304101863777e-16
2.738008243438190711e-16
-2.347053961931958147e-16
2.560440527347130641e-16
-2.216337075417930247e-16
2.395444853304998084e-16
-2.092234591817231066e-16
2.242009953864972659e-16
-1.974515555237622010e-16
2.099218892186576513e-16
-1.862939698313939149e-16
1.966239001815417099e-16
-1.757261239915003299e-16
1.842313010401228662e-16
-1.657232004667432853e-16
1.726751195436893195e-16
-1.562603968778704938e-16
1.618924446855813743e-16
-1.473131319730510715e-16
1.518258123632451527e-16
-1.388572102961060274e-16
1.424226607124024792e-16
-1.308689523078202315e-16
1.336348465582584962e-16
-1.233252951902494449e-16
1.254182157080402819e-16
-1.162038692315848787e-16
1.177322203466232007e-16
-1.094830537268894555e-16
1.105395782618054854e-16
-1.031420158283827185e-16
1.038059685562493430e-16
-9.716073528035893559e-17
9.749975977125516245e-17
-9.152001755923362078e-17
9.159176655373438987e-17
-8.620149746225649595e-17
8.605503159959674546e-17
-8.118763496453058342e-17
8.086462987866128701e-17
-7.646170489427715993e-17
7.599749269623158846e-17
-7.200778163109895303e-17
7.143224924222317097e-17
-6.781071997773052317e-17
6.714908381741513723e-17
-6.385613303824556169e-17
6.312960686924168427e-17
-6.013036791879713167e-17
5.935673836177790750e-17
-5.662047985488148895e-17
5.581460217124878585e-17
-5.331420529076472346e-17
5.248843032257497656e-17
-5.019993431425628095e-17
4.936447596052324834e-17
-4.726668287219538635e-17
4.642993424263553391e-17
-4.450406496811737656e-17
4.367287024330122351e-17
-4.190226516720213744e-17
4.108215320020571009e-17
-3.945201148568113211e-17
3.864739647299060045e-17
-3.714454893689651151e-17
3.635890258533678591e-17
-3.497161373237149507e-17
3.420761294547219732e-17
-3.292540827434988964e-17
3.218506168266927773e-17
-3.099857706200975933e-17
3.028333332219380987e-17
-2.918418340929419725e-17
2.849502383018663568e-17
-2.747568713630409677e-17
2.681320478721315923e-17
-2.586692317535926349e-17
2.523139037438922706e-17
-2.435208114264668536e-17
2.374350692865993844e-17
-2.292568579363741876e-17
2.234386482242628889e-17
-2.158257845367069818e-17
2.102713249121352079e-17
-2.031789931467903488e-17
1.978831238630969813e-17
-1.912707062042213192e-17
1.862271873378200740e-17
-1.800578070975147219e-17
1.752595689780901854e-17
-1.694996888149276775e-17
1.649390425733582822e-17
-1.595581105404619980e-17
1.552269244644995204e-17
-1.501970619101032111e-17
1.460869086234400131e-17
-1.413826345916846076e-17
1.374849132881911179e-17
-1.330829009062357404e-17
1.293889382871962482e-17
-1.252677990340744035e-17
1.217689323037785161e-17
-1.179090247504146605e-17
1.145966691707059664e-17
-1.109799290645172868e-17
1.078456326702131514e-17
-1.044554217083093200e-17
1.014909089828647116e-17
-9.831188012358765068e-18
9.550908650880697040e-18
-9.252706356394769330e-18
8.987816227694777070e-18
-8.708003203573272909e-18
8.457745455225158865e-18
-8.195107006957757875e-18
7.958752131769621457e-18
-7.712161467347964751e-18
7.489008394094672042e-18
-7.257418754929541807e-18
7.046795601450160965e-18
-6.829233111566879802e-18
6.630497669179640471e-18
-6.426054826827256173e-18
6.238594849247169741e-18
-6.046424552746431028e-18
5.869657901344603126e-18
-5.688967947633174937e-18
5.522342662510720139e-18
-5.352390620100419847e-18
5.195384952125608336e-18
-5.035473358783610158e-18
4.887595827090248143e-18
-4.737067626992912845e-18
4.597857136582732530e-18
-4.456091307142620090e-18
4.325117389716449013e-18
-4.191524670178547946e-18
