# bin_6_5
7.220811357878105269e-07
-6.989180110409887703e-07
6.789505668468942621e-07
-6.569488546712794225e-07
6.383824745973030215e-07
-6.174228332622207927e-07
6.002313829139203921e-07
-5.801923052255700681e-07
5.643612897498587035e-07
-5.451172399627023275e-07
5.306452782841763516e-07
-5.120645850269550267e-07
4.989651792297573783e-07
-4.809076359633743852e-07
4.692112926370568999e-07
-4.515254070429795459e-07
4.412821623822482864e-07
-4.238019981262515493e-07
4.150844122115054491e-07
-3.976259500515121701e-07
3.905326390607429904e-07
-3.728895885702610012e-07
3.675493685759250336e-07
-3.494883492503381337e-07
3.460650705986444907e-07
-3.273200842704891016e-07
3.260182341311455851e-07
-3.062843476140543709e-07
3.073555007932765858e-07
-2.862816634402750641e-07
2.900318482017342807e-07
-2.672127795001316006e-07
2.740108154675213125e-07
-2.489779197797352450e-07
2.592647554248495948e-07
-2.314760486987708575e-07
2.457750904495728460e-07
-2.146041758630076512e-07
2.335325413185542221e-07
-1.982567335794000603e-07
2.225372839401090273e-07
-1.823250779101621287e-07
2.127989792261046209e-07
-1.666971768937530118e-07
2.043365972200491864e-07
-1.512575692148495251e-07
1.971779452007032718e-07
-1.358876952063362045e-07
1.913587816594601608e-07
-1.204667276939425996e-07
1.869213816445281639e-07
-1.048730440479200978e-07
1.839123977765784376e-07
-8.898650292280104504e-08
1.823798509966367876e-07
-7.269169117651762043e-08
1.823690858027769587e-07
-5.588229763173343353e-08
1.839175459035030557e-07
-3.846673406708048063e-08
1.870482833392620958e-07
-2.037504717158919870e-08
1.917622103296805103e-07
-1.567039183707822274e-09
1.980292651519372639e-07
1.795868192161447265e-08
2.057788979993282299e-07
3.815527780517965188e-08
2.148906008005124352e-07
5.891879784925098692e-08
2.251856115714534056e-07
8.008120096151086467e-08
2.364213933177559062e-07
1.014071276190059076e-07
2.482909760418088600e-07
1.225967322442105338e-07
2.604296547254134939e-07
1.432971981140681994e-07
2.724317113563528732e-07
1.631255341728899377e-07
2.838795429482167018e-07
1.817046385813715539e-07
2.943865642712231866e-07
1.987131230098522474e-07
3.036532105258820399e-07
2.139467420966655113e-07
3.115320797882827506e-07
2.273853467063844287e-07
3.180937319971867885e-07
2.392542735070194339e-07
3.236793667117509598e-07
2.500637876098241530e-07
3.289217057272385076e-07
2.606062219352033649e-07
3.347129981826150957e-07
2.718903603491766968e-07
3.421021022066779726e-07
2.849996200723314478e-07
3.521143503290301052e-07
3.008776731612020241e-07
3.655105728718371481e-07
3.200731390234229870e-07
3.825340086878070638e-07
3.425098386423245747e-07
4.027282861359984288e-07
3.673791189071200632e-07
4.249301416147479945e-07
3.932557915480632393e-07
4.475239110997485842e-07
4.184952199653076682e-07
4.689693608259431018e-07
4.418611221323612935e-07
4.884775356263818131e-07
4.631775235411998534e-07
5.065507689770331019e-07
4.836615653452646487e-07
5.250184220496727306e-07
5.055947913018378927e-07
5.463172581677091260e-07
5.312451652852323427e-07
5.721588795284032064e-07
5.614575069440125605e-07
6.022814368922801090e-07
5.948345455949131236e-07
6.343080327395632348e-07
6.284379287996141726e-07
6.653074274702547493e-07
6.600276030882144598e-07
6.943181723646574503e-07
6.903045800144919642e-07
7.236774090004900651e-07
7.227916004805313295e-07
7.572102075393537335e-07
7.605445742439793454e-07
7.961997853666745908e-07
8.025439515396743606e-07
8.374958004368608818e-07
8.445016993428264679e-07
8.772101902345385054e-07
8.845356451386910403e-07
9.164281097075888022e-07
9.265112619321079019e-07
9.602957860264675591e-07
9.745728434877179850e-07
1.009871068009725353e-06
1.025984190901987424e-06
1.059892958095612953e-06
1.075845300715199190e-06
1.108818094734362603e-06
1.127224400327365083e-06
1.162688950802330406e-06
1.185296737138284721e-06
1.222164271886399877e-06
1.245562246778120291e-06
1.280899818774484221e-06
1.305001034635593345e-06
1.342030648694900353e-06
1.370535497996855036e-06
1.410156291180060373e-06
1.440059939979649967e-06
1.478490033545526766e-06
1.509243652164662192e-06
1.550135792375918322e-06
1.585457514993661913e-06
1.628252720407849916e-06
1.663881507942530414e-06
1.706376414469719447e-06
1.745303232511773617e-06
1.791713907910155410e-06
1.833153118507394819e-06
1.879070794132441726e-06
1.922173176068737669e-06
1.971983454436016816e-06
2.018840722476241908e-06
2.068830056856556319e-06
2.117103923153569153e-06
2.171081680082150221e-06
2.223101107646823833e-06
2.277421280785159419e-06
2.331851757740048325e-06
2.390633949556176913e-06
2.447575169893852378e-06
2.507280810608546760e-06
2.568694446160425117e-06
2.631767643024925626e-06
2.694629786245923576e-06
2.761510709512512466e-06
2.828461022121599585e-06
2.896887448608121748e-06
2.968265663694203726e-06
3.040197315106582394e-06
3.114081717362009631e-06
3.190651351059646396e-06
3.267632881414472716e-06
3.347818873027972110e-06
3.429270464418498165e-06
3.512546507595196154e-06
3.598804808952914854e-06
3.685612004467077098e-06
3.776460788133431646e-06
3.867408577900008617e-06
3.962744904156314453e-06
4.058242158274857316e-06
4.158183917521847949e-06
4.258488473904875958e-06
4.363267016395636387e-06
4.468592947537834386e-06
4.578472880552320711e-06
4.689042194245763093e-06
4.804294196515757954e-06
4.920349560053335470e-06
5.041247559359116082e-06
5.163051869008160696e-06
5.289876247136741481e-06
5.417710224964257705e-06
5.550751061106492054e-06
5.684911641362957607e-06
5.824471001091981889e-06
5.965270635442902278e-06
6.111664125689498011e-06
6.259430683782413833e-06
6.412988580625883575e-06
6.568065585178088514e-06
6.729133732127807580e-06
6.891880774337145329e-06
7.060821357559496269e-06
7.231614607869373102e-06
7.408806861286670164e-06
7.588039627446402339e-06
7.773880491729919499e-06
7.961963794408004672e-06
8.156868538060184020e-06
8.354231682559997978e-06
8.558634483934685966e-06
8.765725609726721053e-06
8.980080092522326252e-06
9.197366682539097796e-06
9.422146392232892247e-06
9.650115722286493869e-06
9.885814526301042960e-06
1.012497403209071667e-05
1.037210642159918907e-05
1.062298395676910974e-05
1.088208522262460838e-05
1.114522917621161889e-05
1.141685542532169834e-05
1.169283466067764588e-05
1.197756263189573138e-05
1.226696620162797004e-05
1.256539283180699449e-05
1.286882941429009323e-05
1.318157109521953739e-05
1.349966808761441109e-05
1.382735954292840057e-05
1.416076173315197805e-05
1.450405443073516768e-05
1.485342215620635445e-05
1.521298215581391357e-05
1.557898883984905577e-05
1.595549395736663647e-05
1.633882289447129548e-05
1.673295904321890583e-05
1.713429928205975917e-05
1.754675582753171756e-05
1.796679697482261712e-05
1.839826091210740227e-05
1.883768665189112444e-05
1.928883538466675502e-05
1.974831547554542464e-05
2.021980794204336740e-05
2.069998841996238320e-05
2.119245427503071194e-05
2.169394555175769437e-05
2.220797207570647487e-05
2.273133458405181601e-05
2.326745094954882001e-05
2.381317794704930480e-05
2.437183643668028836e-05
2.494033354216021862e-05
2.552188727406979696e-05
2.611344827934451121e-05
2.671812497041589973e-05
2.733290344695748231e-05
2.796077472758041782e-05
2.859875094136715354e-05
2.924969674013102087e-05
2.991063940544683622e-05
3.058430695558265311e-05
3.126772941101554616e-05
3.196348650537703925e-05
3.266859699661434091e-05
3.338547925003666875e-05
3.411112517160947935e-05
3.484777725789012351e-05
3.559238346108971855e-05
3.634699459985468576e-05
3.710849624179691987e-05
3.787873064524279316e-05
3.865450156335076786e-05
3.943742514459295368e-05
4.022420342296548386e-05
4.101620884835579313e-05
4.181002212927993638e-05
4.260675529715104038e-05
4.340284951058170069e-05
4.419914178266875728e-05
4.499191833729014714e-05
4.578173034695372576e-05
4.656469844796727847e-05
4.734108304665465600e-05
4.810683564509813168e-05
4.886192947022428932e-05
4.960215332393371260e-05
5.032720846189526890e-05
5.103274074411534019e-05
5.171820982019251304e-05
5.237915539357023884e-05
5.301484483034536114e-05
5.362076932767871585e-05
5.419607601622670036e-05
5.473628969465161464e-05
5.524053529244942428e-05
5.570448054187978059e-05
5.612735424992372691e-05
5.650510476256048568e-05
5.683721879898825707e-05
5.712008975766649771e-05
5.735364083638562314e-05
5.753489608629986990e-05
5.766441014661450194e-05
5.774003346149638377e-05
5.776314922025801253e-05
5.773262237391011477e-05
5.765084240537628245e-05
5.751784389420044896e-05
5.733715180032100109e-05
5.711005966705286088e-05
5.684127262553302938e-05
5.653332844092785205e-05
5.619203308550928754e-05
5.582101047629370782e-05
5.542692706865150204e-05
5.501415921236316105e-05
5.458980771191956698e-05
5.415847812480060092e-05
5.372709437398342299e-05
5.329979754323393450e-05
5.288257955797222385e-05
5.247831971732187312e-05
5.209127410675038600e-05
5.172228430122004813e-05
5.137317256453407768e-05
5.104216973847281288e-05
5.072827509466890002e-05
5.042695392229736245e-05
5.013451673073199944e-05
4.984412355024465984e-05
4.955021227040948642e-05
4.924480948461779615e-05
4.892198768904573204e-05
4.857442096836536358e-05
4.819778024055957949e-05
4.778739776463444377e-05
4.734243835128098198e-05
4.686247817305316842e-05
4.635125492728267696e-05
4.581296736456023580e-05
4.525545514496423152e-05
4.468612892631180459e-05
4.411459260618662753e-05
4.354832970229715846e-05
4.299503462772851138e-05
4.245844565055339218e-05
4.194088676423989335e-05
4.143979379835792458e-05
4.095099313613648608e-05
4.046631466120893561e-05
3.997777562889489922e-05
3.947611763976267000e-05
3.895536084806016817e-05
3.841135773697739933e-05
3.784555052240033202e-05
3.726229725752807796e-05
3.667079715097741556e-05
3.608065902291759735e-05
3.550224924926920038e-05
3.494166278438219658e-05
3.440147854835902565e-05
3.387755958527530106e-05
3.336246661701540228e-05
3.284538735496809629e-05
3.231789665218595372e-05
3.177478595265499970e-05
3.121836944042477693e-05
3.065588711415075779e-05
3.009910527693466234e-05
2.955771803103198630e-05
2.903725273963958737e-05
2.853455545376445022e-05
2.804102600846828896e-05
2.754488910847652908e-05
2.703917142182063327e-05
2.652395482103257941e-05
2.600848567267998260e-05
2.550436300536597888e-05
2.502022484808166594e-05
2.455447742577774383e-05
2.409781205231158362e-05
2.363813661924518624e-05
2.317118124994476977e-05
2.270263910577401023e-05
2.224536878331830696e-05
2.180726977537160747e-05
2.138562093616510492e-05
2.096809455940036568e-05
2.054595350111761146e-05
2.012177725129156986e-05
1.970825608433197105e-05
1.931314913491302988e-05
1.893148124544632746e-05
1.855025309113439137e-05
1.816581672339071299e-05
1.778767963247861574e-05
1.742668799679583788e-05
1.707861224217702183e-05
1.673130226487567872e-05
1.638239292435963093e-05
1.604392396754992009e-05
1.572132866142196157e-05
1.540487353524786971e-05
1.508638181613272433e-05
1.477504523952722918e-05
1.447846489525120094e-05
1.418806664046254760e-05
1.389654612323437526e-05
1.361399584047973634e-05
1.334408345851637647e-05
1.307622836919169387e-05
1.281048968911041728e-05
1.255710551111860049e-05
1.230948134314557895e-05
1.206263965644640436e-05
1.182568743462086929e-05
1.159586280006510884e-05
1.136660740587216718e-05
1.114665311461864778e-05
1.093216883038715158e-05
1.071981038117160010e-05
1.051625563902693408e-05
1.031590133565576196e-05
1.011983730102247408e-05
9.930864702256056510e-06
9.743651338472428250e-06
9.563493949927797506e-06
9.386330745262123939e-06
9.213952911868247914e-06
9.046000709256100632e-06
8.881380818612863787e-06
8.721530654052832702e-06
8.564718779531113339e-06
8.412255231051303761e-06
8.263013845483624953e-06
8.117556705119781439e-06
7.975150578970108926e-06
7.836184631632362908e-06
7.700123595503405568e-06
7.567435567181879697e-06
7.437283640688241248e-06
7.310428432370372076e-06
7.185926893306011965e-06
7.064251190224877546e-06
6.944934451710607198e-06
6.828113774858847462e-06
6.713783139023610118e-06
6.601479065930924784e-06
6.491617859665645407e-06
6.383591210139027168e-06
6.277651180149060421e-06
6.173642270109532246e-06
6.071356649591548949e-06
5.971143570264430734e-06
5.872308265969125440e-06
5.775361322521753547e-06
5.679763974232686934e-06
5.585740419598084802e-06
5.493233976239354344e-06
5.401886820117926413e-06
5.312223742000678136e-06
5.223520002445029812e-06
5.136245524683066447e-06
5.049975082068140374e-06
4.964886796854379749e-06
4.881004172320075789e-06
4.797925620021692113e-06
4.716162939194963453e-06
4.635125883367805286e-06
4.555149372459821756e-06
4.476037720374453399e-06
4.397750379294739673e-06
4.320532246041401962e-06
4.243864795825366290e-06
4.168310466941949795e-06
4.093314249125793464e-06
4.019223283392130791e-06
3.945902070162086406e-06
3.873214459482895674e-06
3.801502054787594084e-06
3.730268214786642665e-06
3.659941612211906533e-06
3.590168615113192532e-06
3.521098962801119835e-06
3.452753544651779825e-06
3.384819638415416358e-06
3.317718156190744004e-06
3.250926041705927839e-06
3.184808204445822760e-06
3.119067878281165885e-06
3.053811926745158758e-06
2.989081912489370667e-06
2.924645416292468534e-06
2.860846622828194643e-06
2.797388343697805073e-06
2.734520715880649254e-06
2.672202707989576084e-06
2.610417877275117545e-06
2.549413470672678465e-06
2.488936678953624703e-06
2.429370113423656963e-06
2.370471563643742369e-06
2.312470233129480214e-06
2.255334292586648367e-06
2.199021816821817177e-06
2.143722763882156861e-06
2.089244674032469632e-06
2.035792679416012050e-06
1.983238537531603228e-06
1.931631745656349443e-06
1.881006584548783570e-06
1.831222530644907726e-06
1.782454906211868972e-06
1.734502287858085892e-06
1.687512610206565865e-06
1.641362532764615690e-06
1.596077082362129599e-06
1.551650397111621008e-06
1.508007410642423659e-06
1.465215447618769838e-06
1.423186366757265746e-06
1.381951634425241200e-06
1.341487598449445104e-06
1.301741023056720728e-06
1.262763512705263131e-06
1.224465240918448198e-06
1.186918432857306577e-06
1.150042260890584826e-06
1.113872316240976418e-06
1.078372260498389613e-06
1.043538219173963505e-06
1.009357119715335217e-06
9.758210912117986820e-07
9.429251167649836765e-07
9.106631090592372805e-07
8.790075861154443032e-07
8.479653347088392081e-07
8.175141258891328149e-07
7.876467762799685759e-07
7.583484335376352551e-07
7.296198353213521522e-07
7.014327734733402772e-07
6.737919954406972509e-07
6.466599295105840512e-07
6.200699576138577695e-07
5.939617178717384508e-07
5.683738385157648194e-07
5.432608938567900974e-07
5.186364808835567766e-07
4.944910172215529150e-07
4.708011895852004311e-07
4.475923125166322569e-07
4.248307815136287625e-07
4.025353600014018990e-07
3.807008542551667053e-07
3.593133371516379436e-07
3.384194753426620804e-07
3.179645306670043441e-07
2.980221953815585768e-07
2.785522596234159894e-07
2.596111756870826409e-07
2.411952921657717963e-07
2.233330182951528304e-07
2.060680336721382493e-07
1.894002124593122613e-07
1.733931223510816459e-07
1.580595808032163951e-07
1.434431754925859445e-07
1.295980206705377111e-07
1.165325965600180753e-07
1.043308281634572892e-07
9.297488165625931860e-08
8.254010179035864016e-08
7.302404498709832211e-08
6.446137563843703622e-08
5.687342251702857151e-08
5.024358674323071079e-08
4.457935004350011560e-08
3.983717426916485308e-08
3.598587989551004563e-08
3.297066667568007194e-08
3.071723611430252241e-08
2.915043890960417133e-08
2.815485096495444704e-08
2.762693976176142931e-08
2.742595795550348991e-08
2.743860547179098055e-08
2.752398206771234292e-08
2.757019411649803332e-08
2.745224707424311536e-08
2.708175151407578087e-08
2.637969551932553234e-08
2.530844017040377091e-08
2.385116102366316703e-08
2.205063226678992625e-08
1.995154030500946167e-08
1.765836294326125477e-08
1.527359872084214344e-08
1.293901645461350263e-08
1.078225537475371537e-08
8.930049424108076802e-09
7.472669976435785775e-09
6.482105521404201090e-09
5.948899923747219224e-09
5.844413832446292347e-09
6.062174897185418162e-09
6.483090544570945597e-09
6.950326281538730784e-09
7.295805838223426907e-09
7.414245923527879544e-09
7.195584078287193977e-09
6.638654893286441607e-09
5.791873961765720455e-09
4.767251533269403294e-09
3.746280779050124279e-09
2.854921699355265265e-09
2.273982140341951563e-09
2.025849676266816654e-09
2.122440467587558544e-09
2.445138175856626519e-09
2.825181118696989927e-09
3.103782607628051376e-09
3.112508350921748377e-09
2.833156211094657774e-09
2.304087266380663051e-09
1.689324240761709454e-09
1.182105704258052658e-09
9.136121417835652150e-10
9.623521009136779983e-10
1.209878429231438782e-09
1.507794425193568520e-09
1.642513371428592065e-09
1.521412618119281534e-09
1.178243911151706834e-09
7.676614831268658521e-10
5.077097052961212774e-10
4.953910517792777050e-10
6.929182643558750225e-10
9.136981603833234897e-10
9.595829912748102189e-10
7.811861767770123494e-10
4.780388614729691236e-10
2.878102212650565897e-10
3.132327306719208532e-10
4.982936481110789613e-10
6.237864427094216552e-10
5.411244583624112099e-10
3.239432446883618244e-10
1.712169962078998808e-10
2.269983046662851119e-10
3.796632877684401923e-10
4.148660739551969316e-10
2.752506542517049944e-10
1.202654519721710336e-10
1.502814346283440848e-10
2.714278883713055916e-10
2.878812380729872080e-10
1.522046367497215226e-10
7.575991274509257170e-11
1.588706465530754089e-10
2.221563404278076464e-10
1.404047378809359161e-10
5.460900510311960522e-11
1.144199735295517302e-10
1.701551001952163813e-10
8.744199791040536706e-11
4.626588801849550983e-11
1.106702027828874215e-10
1.148191509704438465e-10
3.534124292079546381e-11
6.544264579140112597e-11
1.013641430404318969e-10
3.777927613404964583e-11
4.468135117591716550e-11
8.127455943081507188e-11
3.098656877020585687e-11
4.011345640579549490e-11
6.184235972981900005e-11
2.149677221119791993e-11
4.161087521030833141e-11
4.246822057064972235e-11
1.532868780045583683e-11
4.627355105549489484e-11
1.489933967232771469e-11
3.163595210877231453e-11
2.321595457671459361e-11
1.843614429485022261e-11
2.629842258134742577e-11
1.248269304183783947e-11
2.414948699762061154e-11
1.072784823039512637e-11
2.029497276897272332e-11
1.014675689849403581e-11
1.668733576806667252e-11
9.560234236857319812e-12
1.379990306958350013e-11
8.781938916754644090e-12
1.155185556212011678e-11
7.897841913033981530e-12
9.773515197834950668e-12
7.003831657610267016e-12
8.332013550497756929e-12
6.156783229536703360e-12
7.139400721790296549e-12
5.382427888403140380e-12
6.138349025973311513e-12
4.688661066680345586e-12
5.289971357193039719e-12
4.074411420866103313e-12
4.566405850119621863e-12
3.534506535735254665e-12
3.946659310930140519e-12
3.062164260003331407e-12
3.414277954287816212e-12
2.650229439424441537e-12
2.955992702628791854e-12
2.291769989920392300e-12
2.560887350277225555e-12
1.980347245939428702e-12
2.219856596786069551e-12
1.710120111121993690e-12
1.925232390977379681e-12
1.475864565992587113e-12
1.670513244781982103e-12
1.272950925496422137e-12
1.450159986260220794e-12
1.097301240488312027e-12
1.259436608238123950e-12
9.453387925294731949e-13
1.094283155580554473e-12
8.139360496962805291e-13
9.512122882696530391e-13
7.003644074214250476e-13
8.272239221271691453e-13
6.022473537133827688e-13
7.197340426482786426e-13
5.175177581447956462e-13
6.265148660473730467e-13
4.443794617297374445e-13
5.456442353876482043e-13
3.812730597094257280e-13
4.754626292262775695e-13
3.268456214676068464e-13
4.145365076583554908e-13
2.799240229621889468e-13
3.616269749167682482e-13
2.394915441880682234e-13
3.156629288421496007e-13
2.046673871976883888e-13
2.757180148240147455e-13
1.746887873848981183e-13
2.409908175350596781e-13
1.488954151136295447e-13
2.107878162773194371e-13
1.267157920324219202e-13
1.845087047127637921e-13
1.076554741911067541e-13
1.616337372973720021e-13
9.128678092042519021e-14
1.417128155812857399e-13
7.723987353029734052e-14
1.243560700593427626e-13
6.519501103628551720e-14
1.092257288606985720e-13
5.487583091663414663e-14
9.602909466605326830e-14
4.604352176685511495e-14
8.451247672274693359e-14
3.849177126879733428e-14
7.445594647989031985e-14
3.204238777558239551e-14
6.566880383608182271e-14
2.654150673817325989e-14
5.798565678176625661e-14
2.185630472806880749e-14
5.126303069580859993e-14
1.787215375613019001e-14
4.537643517908837921e-14
1.449015744029089407e-14
4.021782620622761319e-14
1.162501818039483203e-14
3.569340994807900727e-14
9.203191225439892645e-15
3.172174195849640415e-14
7.161287300092542602e-15
2.823208175455222510e-14
5.444690569742139932e-15
2.516296825893019955e-14
4.006363094398605695e-15
2.246098628768388588e-14
2.805810775493316917e-15
2.007969830899083586e-14
1.808189120787233942e-15
1.797871919895432359e-14
9.835300445922551739e-16
1.612291474772694370e-14
3.060734170247044885e-16
1.448170725876466009e-14
-2.463107239010184182e-16
1.302847385399819257e-14
-6.926215204329867433e-16
1.174002502939738214e-14
-1.049158778477755124e-15
1.059615268877085406e-14
-1.329895743877936823e-15
9.579238345939062519e-15
-1.546801099421515290e-15
8.673913421174287245e-15
-1.710117051014965014e-15
7.866764666171739286e-15
-1.828599435836176266e-15
7.146078676513273248e-15
-1.909725005203700140e-15
6.501620258876188044e-15
-1.959870320140914594e-15
5.924440141309986815e-15
-1.984466116870757199e-15
5.406708099970794986e-15
-1.988130469150929028e-15
4.941568117722052012e-15
-1.974783630233204886e-15
4.523012636584980540e-15
-1.947747044964526391e-15
4.145773361305825617e-15
-1.909828688633638829e-15
3.805226412092165186e-15
-1.863396595207193615e-15
3.497309923004571646e-15
-1.810442187703540205e-15
3.218452426513655284e-15
-1.752634802509839429e-15
2.965510601172034542e-15
-1.691368614569873949e-15
2.735715138160430304e-15
-1.627803000323496471e-15
2.526623650840806762e-15
-1.562897244213945978e-15
2.336079701129646393e-15
-1.497440360172397728e-15
2.162177131448906826e-15
-1.432076704273813495e-15
2.003229003419481081e-15
-1.367327956557368654e-15
1.857740539893819707e-15
-1.303611975340685098e-15
1.724385539666154081e-15
-1.241258954141514201e-15
1.601985813249673440e-15
-1.180525257994833258e-15
1.489493241966501336e-15
-1.121605260476297808e-15
1.385974117937556458e-15
-1.064641459587807371e-15
1.290595467447306986e-15
-1.009733114407766987e-15
1.202613099370778180e-15
-9.569436081456300601e-16
1.121361154518892994e-15
-9.063067183010422273e-16
1.046242962029374139e-15
-8.578319467227360625e-16
9.767230326110553151e-16
-8.115090435410319505e-16
9.123200427565604376e-16
-7.673118394538062208e-16
8.526006840520696958e-16
-7.252014843308950426e-16
7.971742626006675421e-16
-6.851291790914804344e-16
7.456879584774010942e-16
-6.470384719058476538e-16
6.978226554016436808e-16
-6.108671831963861125e-16
6.532892726583008601e-16
-5.765490135418997267e-16
6.118255339840314039e-16
-5.440148803395446146e-16
5.731931176196453327e-16
-5.131940247041461266e-16
5.371751421141178128e-16
-4.840149210596082740e-16
5.035739437046375359e-16
-4.564060213984415161e-16
4.722091108513341509e-16
-4.302963573603127273e-16
4.429157427923739732e-16
-4.056160234120823575e-16
4.155429055459569391e-16
-3.822965587483876651e-16
3.899522610072993922e-16
-3.602712448871139626e-16
3.660168482204669657e-16
-3.394753311019936198e-16
3.436199979623489122e-16
-3.198462013224428761e-16
3.226543654772182294e-16
-3.013234904796276238e-16
3.030210671067406080e-16
-2.838491600881938316e-16
2.846289078206560347e-16
-2.673675397845857458e-16
2.673936904056253439e-16
-2.518253409495611335e-16
2.512375953145222500e-16
-2.371716476118692677e-16
2.360886243513460133e-16
-2.233578892905716489e-16
2.218801001039075259e-16
-2.103377989601124454e-16
2.085502150357789021e-16
-1.980673599628939196e-16
1.960416250624369649e-16
-1.865047438077392512e-16
1.843010818842586233e-16
-1.756102417613503266e-16
1.732791009077912435e-16
-1.653461911189613390e-16
1.629296598590393609e-16
-1.556768990642058019e-16
1.532099255518247618e-16
-1.465685637178397635e-16
1.440800053960240407e-16
-1.379891950516045163e-16
1.355027213781272921e-16
-1.299085351045057213e-16
1.274434040351900393e-16
-1.222979793309182843e-16
1.198697041525441260e-16
-1.151304987506703031e-16
1.127514210770607093e-16
-1.083805639918035750e-16
1.060603452217533894e-16
-1.020240710457648961e-16
9.977011392996497940e-17
-9.603826942960567377e-17
9.385607912948626093e-17
-9.040169260687835447e-17
8.829518575060615981e-17
-8.509409101563931904e-17
8.306585996307794987e-17
-8.009636762521088536e-17
7.814790610141106472e-17
-7.539051620174421641e-17
7.352241180745859867e-17
-7.095956225020579237e-17
6.917166032680306603e-17
-6.678750664911294796e-17
6.507904964557904447e-17
-6.285927171719572987e-17
6.122901756820425111e-17
-5.916065017449289179e-17
5.760697242316366950e-17
-5.567825628477757930e-17
5.419922886592122560e-17
-5.239947976765428894e-17
5.099294837869557464e-17
-4.931244175825799514e-17
4.797608399250349194e-17
-4.640595329739517256e-17
4.513732894896194808e-17
-4.366947586895380969e-17
4.246606911507305135e-17
-4.109308413071143924e-17
3.995233853865356200e-17
-3.866743055439335780e-17
3.758677825639383589e-17
-3.638371210608073779e-17
3.536059785340304195e-17
-3.423363862899988147e-17
3.326553965404116544e-17
-3.220940306786997219e-17
3.129384545093306814e-17
-3.030365327860929653e-17
2.943822531696384602e-17
-2.850946538795639220e-17
2.769182872381222794e-17
-2.682031868601026751e-17
2.604821743961262656e-17
-2.523007188636186650e-17
2.450134034330123392e-17
-2.373294061376592110e-17
2.304550993348613362e-17
-2.232347626525758172e-17
2.167538041399728299e-17
-2.099654588234512749e-17
2.038592724669328428e-17
-1.974731318378385663e-17
1.917242818264309797e-17
-1.857122054483348459e-17
1.803044557867967486e-17
-1.746397191049788188e-17
1.695580995588546073e-17
-1.642151654959375962e-17
1.594460485257901423e-17
-1.544003357872399434e-17
1.499315271656039503e-17
-1.451591714791000620e-17
