# bin_5_1
2.395271725039786082e-07
-2.320749307002821096e-07
2.252887509794353337e-07
-2.182489295402545196e-07
2.118886217458342953e-07
-2.052294647180307359e-07
1.992784594511136443e-07
-1.929688567851862206e-07
1.874129033940464281e-07
-1.814220654322364056e-07
1.762494057606336201e-07
-1.705465084629998958e-07
1.657480930285054673e-07
-1.603018869196615872e-07
1.558716408518058179e-07
-1.506500154274997690e-07
1.465851620060567793e-07
-1.415546567018530044e-07
1.378561075789846907e-07
-1.329813590989846375e-07
1.296541807397489142e-07
-1.248972966712849381e-07
1.219512635002155244e-07
-1.172711108541573351e-07
1.147213559706868959e-07
-1.100727531498231080e-07
1.079405275435632289e-07
-1.032733284256422746e-07
1.015868800869008520e-07
-9.684493921517233055e-08
9.564052101126754867e-08
-9.076053105723387789e-08
9.008354580050492957e-08
-8.499374064457306403e-08
8.490002681362649811e-08
-7.951874850233282116e-08
8.007600566620536270e-08
-7.431013971233334388e-08
7.559948419557868622e-08
-6.934277747998421556e-08
7.146040787295674796e-08
-6.459169629623265661e-08
6.765063368434889457e-08
-6.003202325729062048e-08
6.416387156067970832e-08
-5.563893940084567306e-08
6.099558608097081039e-08
-5.138769506998934844e-08
5.814284249893988963e-08
-4.725369686173143374e-08
5.560407765975881407e-08
-4.321268601983251253e-08
5.337877409874859504e-08
-3.924103100384686010e-08
5.146701401484513059e-08
-3.531615713747551576e-08
4.986888994306581298e-08
-3.141713538468900879e-08
4.858375179587092327e-08
-2.752544671871896666e-08
4.760927821134848029e-08
-2.362592849716552134e-08
4.694037312312629598e-08
-1.970789085417843600e-08
4.656791182639909090e-08
-1.576636430590233636e-08
4.647739283071127659e-08
-1.180340077400210569e-08
4.664759702032274483e-08
-7.829299607190505412e-09
4.704941199983501281e-08
-3.863568476910639209e-09
4.764504528151270226e-08
6.463943354265793215e-11
4.838791846341225144e-08
3.916934863195080423e-09
4.922359087810540422e-08
7.647315365518749723e-09
5.009208578351436355e-08
1.120536506039904151e-08
5.093195215586853496e-08
1.454130913939690386e-08
5.168625352559841114e-08
1.761299194816709370e-08
5.231038935549388954e-08
2.039447750328138465e-08
5.278119516044377705e-08
2.288542184488067093e-08
5.310613511949394142e-08
2.511966686615297434e-08
5.333066022561004491e-08
2.717076457057550807e-08
5.354112066549781347e-08
2.915158496881105770e-08
5.386028412167273435e-08
3.120514752737919474e-08
5.443293628976391751e-08
3.348479598311930790e-08
5.540068358464268317e-08
3.612422547771735952e-08
5.686824779006923980e-08
3.920178560598004638e-08
5.886806704419815897e-08
4.270835754476796185e-08
6.133483573878812868e-08
4.653230140229456212e-08
6.410448048699147856e-08
5.047567421996992026e-08
6.694974361431545730e-08
5.430976436020246032e-08
6.965399170328523901e-08
5.786288995062231829e-08
7.210572406843912589e-08
6.111157473829087213e-08
7.437408582732645319e-08
6.422709384246124891e-08
7.671386271303996848e-08
6.752951024655692365e-08
7.946484349527393196e-08
7.133693062004481617e-08
8.286546696617419702e-08
7.576839066755200517e-08
8.687825316426001400e-08
8.062933328899765307e-08
9.116999749601311450e-08
8.550964123647857320e-08
9.533002036754977789e-08
9.009680097720770208e-08
9.922314683218124499e-08
9.448954147232694276e-08
1.031755289861127714e-07
9.918115062499895144e-08
1.077214373342165950e-07
1.045995970892982673e-07
1.130397221922166002e-07
1.106028901150669237e-07
1.186892672621392013e-07
1.165919285651607439e-07
1.241258219081376080e-07
1.223040185540118455e-07
1.295006342775493357e-07
1.282802030647102762e-07
1.355328962498222497e-07
1.351004906530834883e-07
1.423701000690239629e-07
1.423826762589488786e-07
1.492761175242653719e-07
1.494419335374504428e-07
1.560347265789531531e-07
1.567077105329178028e-07
1.634905543881482835e-07
1.649040877974896759e-07
1.717353779169983584e-07
1.734021026810995694e-07
1.798816754427907957e-07
1.817797597195133313e-07
1.883675538156721904e-07
1.910054037368657922e-07
1.978359379627861490e-07
2.007848508509068718e-07
2.073374855730035859e-07
2.105127450103142691e-07
2.173060009569467488e-07
2.212200982432953676e-07
2.281830319500454208e-07
2.322331004143605813e-07
2.390643540387555056e-07
2.436621094482325510e-07
2.509576077261943470e-07
2.559870538580209845e-07
2.631361967150154815e-07
2.684728352100268303e-07
2.760944717134264155e-07
2.820254423300453567e-07
2.896054589297135259e-07
2.957987418482965888e-07
3.038747140982750202e-07
3.106512964873643699e-07
3.187179068077082370e-07
3.258867691435620733e-07
3.345243682522250471e-07
3.420953417748309720e-07
3.508130637488431903e-07
3.590566315812833962e-07
3.681999847424191602e-07
3.766896860630566722e-07
3.863236980296826304e-07
3.954253179552845990e-07
4.052368778906838321e-07
4.149947953738578590e-07
4.252609859220588482e-07
4.354035420220308822e-07
4.462855992690457531e-07
4.568927078722584715e-07
4.682504046603783952e-07
4.795115194836994233e-07
4.912737184976375923e-07
5.032335492954196248e-07
5.154642323703858394e-07
5.280903354465716088e-07
5.408768705920896205e-07
5.541527971557688335e-07
5.675543587911900795e-07
5.814946846967797301e-07
5.955491908779937839e-07
6.101844930615831811e-07
6.249236149237933434e-07
6.402892476104323918e-07
6.557456478528703982e-07
6.718779334171479220e-07
6.880870538002128499e-07
7.050228812061593668e-07
7.220228901012358467e-07
7.398001567786652426e-07
7.576316205445018842e-07
7.762896801990438774e-07
7.949953447128017930e-07
8.145753222192981569e-07
8.342000226990356110e-07
8.547450269255971689e-07
8.753356808582043071e-07
8.968909583348489197e-07
9.184966051074366455e-07
9.411096622179478036e-07
9.637815279623886690e-07
9.875022365854678295e-07
1.011293812435783161e-06
1.036174506489866451e-06
1.061141633633390094e-06
1.087237199953436899e-06
1.113438157423236352e-06
1.140806122206681039e-06
1.168301714549561087e-06
1.197002325316718961e-06
1.225855967731666029e-06
1.255952269896679552e-06
1.286230068496821119e-06
1.317787974962833686e-06
1.349558799628266049e-06
1.382647151206505307e-06
1.415982698127929925e-06
1.450673311937408397e-06
1.485648152434242226e-06
1.522015854739489318e-06
1.558707466280010013e-06
1.596830105414995265e-06
1.635318879953161112e-06
1.675277314047686632e-06
1.715646537816017008e-06
1.757524590940046222e-06
1.799860388673943673e-06
1.843744767735443237e-06
1.888136002924268079e-06
1.934116166141986676e-06
1.980654287284959067e-06
2.028822253301963115e-06
2.077601074249979858e-06
2.128051158901176636e-06
2.179166559162793548e-06
2.231995024536984720e-06
2.285544552883545797e-06
2.340849150592044148e-06
2.396931512376537316e-06
2.454810899823788697e-06
2.513525305113809833e-06
2.574078310037503590e-06
2.635523655924324229e-06
2.698848360534723413e-06
2.763122216833337246e-06
2.829314828523931130e-06
2.896512191535325241e-06
2.965665662421904140e-06
3.035877436556106261e-06
3.108079789102142219e-06
3.181390951067781737e-06
3.256723261917390977e-06
3.333210657063952815e-06
3.411744646162654726e-06
3.491474361683556019e-06
3.573269529166244675e-06
3.656293784662043010e-06
3.741394034309639712e-06
3.827747527240835114e-06
3.916177213246729806e-06
4.005872855876560883e-06
4.097632190133957032e-06
4.190656176739631516e-06
4.285715938095272049e-06
4.382022087909941985e-06
4.480317584411329738e-06
4.579820918738737706e-06
4.681245170843036985e-06
4.783814704312047597e-06
4.888210843818468140e-06
4.993661602555028064e-06
5.100814521667141772e-06
5.208898848514245839e-06
5.318526189430373218e-06
5.428924461958684092e-06
5.540667113639597733e-06
5.652978088610102638e-06
5.766390457988183336e-06
5.880121570234656858e-06
5.994662024043798230e-06
6.109220112057781197e-06
6.224242145787237868e-06
6.338925252968883831e-06
6.453670136484319697e-06
6.567661245967653561e-06
6.681253119160164369e-06
6.793616917060428934e-06
6.905061556310401211e-06
7.014745572446023491e-06
7.122934304697191918e-06
7.228776031183320076e-06
7.332496510905444273e-06
7.433238314470845399e-06
7.531194058842333011e-06
7.625507832561111595e-06
7.716348472386461954e-06
7.802871946823396448e-06
7.885236014073319065e-06
7.962622374435687341e-06
8.035194008691800635e-06
8.102175830185551780e-06
8.163755924011206535e-06
8.219223314918471375e-06
8.268814203443704966e-06
8.311905309814209233e-06
8.348806029688254254e-06
8.379005615522612857e-06
8.402911955061197183e-06
8.420150618101623295e-06
8.431250710483450186e-06
8.435993568746527998e-06
8.435045894348705211e-06
8.428355665439336573e-06
8.416732567622325591e-06
8.400288581387853676e-06
8.379965681746048560e-06
8.356018649528428610e-06
8.329490222314284734e-06
8.300734085046339344e-06
8.270838238740237000e-06
8.240186964289557408e-06
8.209834230522835766e-06
8.180104760270241781e-06
8.151920842887742878e-06
8.125444412301378468e-06
8.101362519649809945e-06
8.079574304366568405e-06
8.060442232040218642e-06
8.043529464090733630e-06
8.028825081381387523e-06
8.015537794801818586e-06
8.003302796325303503e-06
7.991035976071922707e-06
7.978126764688681831e-06
7.963352169743743514e-06
7.946053434121691842e-06
7.925101201594067572e-06
7.900044636406543933e-06
7.870109393750008629e-06
7.835298609580091896e-06
7.795397818334913719e-06
7.751002756673396521e-06
7.702505611476994398e-06
7.651030905558760400e-06
7.597391049805430420e-06
7.542932752019931145e-06
7.488478030221420863e-06
7.435116651774015872e-06
7.383183163473994457e-06
7.333061305281296111e-06
7.284267749244096769e-06
7.236337337783025936e-06
7.188063979418639827e-06
7.138488589077377660e-06
7.086274837356275943e-06
7.030729926680657685e-06
6.971195982563682100e-06
6.907951708265745916e-06
6.841456820800940079e-06
6.773000529556211708e-06
6.703730336494062258e-06
6.635082077185090572e-06
6.567745078084159570e-06
6.502133877203755402e-06
6.437606111979695069e-06
6.373269458176521235e-06
6.307620237787814336e-06
6.239643619164952347e-06
6.168579982844226011e-06
6.094821657597179159e-06
6.019241956554241663e-06
5.943465645282007477e-06
5.868687434876312520e-06
5.795712052886953968e-06
5.724058025493048198e-06
5.652684919015178123e-06
5.579994104642344621e-06
5.505163626259763209e-06
5.428154116168213087e-06
5.350264721431508732e-06
5.272963582294848344e-06
5.197465568060187868e-06
5.123515008792080380e-06
5.049979975227080033e-06
4.975239493298085540e-06
4.898824334356286596e-06
4.821445508683168099e-06
4.744872531313351871e-06
4.670105999346415967e-06
4.596875009033635109e-06
4.523537379561482194e-06
4.449034872057423289e-06
4.373678363040023700e-06
4.299211827172059581e-06
4.226628257079091509e-06
4.155362231971824571e-06
4.083693319889956743e-06
4.011222827674226082e-06
3.939170370278735885e-06
3.869033518275045541e-06
3.800248052696405800e-06
3.731310689025118639e-06
3.661895229356733424e-06
3.593640655515316612e-06
3.527231169787975870e-06
3.461468379876865429e-06
3.395279613600295187e-06
3.329945905546861469e-06
3.266444303978658119e-06
3.203714856242025714e-06
3.140786557257436083e-06
3.079048848939603732e-06
3.018969754179580297e-06
2.959225895791273186e-06
2.899807900016294826e-06
2.842116732665040287e-06
2.785277073433019747e-06
2.728691193523190173e-06
2.673532099027696260e-06
2.619496705537757802e-06
2.565713785039153445e-06
2.513373659896772202e-06
2.461956038182562154e-06
2.411073566479466939e-06
2.361583682368903883e-06
2.312797309367022754e-06
2.264839152874974491e-06
2.218120898301798886e-06
2.171926521991886037e-06
2.126987181734726233e-06
2.082748273644743765e-06
2.039493189992471768e-06
1.997140084815469577e-06
1.955596972789965786e-06
1.915024716725513960e-06
1.875224732681809210e-06
1.836365063311810308e-06
1.798299343596045069e-06
1.761113260782067206e-06
1.724708944925422694e-06
1.689136830261519343e-06
1.654341273343265702e-06
1.620362430827065481e-06
1.587126423673195151e-06
1.554690559639082835e-06
1.522972813575831869e-06
1.491995992333481039e-06
1.461727608782497195e-06
1.432164222871862709e-06
1.403314256089294231e-06
1.375110675555627193e-06
1.347601859662803801e-06
1.320703738356183199e-06
1.294451137278315064e-06
1.268807611155844963e-06
1.243763570689321177e-06
1.219331753966563279e-06
1.195446327321877858e-06
1.172134807624198188e-06
1.149348891506796070e-06
1.127089334727120222e-06
1.105359961074736215e-06
1.084098898121998949e-06
1.063374391715243957e-06
1.043078194217857199e-06
1.023266685290428932e-06
1.003869941032368464e-06
9.849180157836553020e-07
9.663919362826700831e-07
9.482497523320906337e-07
9.305322054751161986e-07
9.131701620304302633e-07
8.961810817763031276e-07
8.795474079701187212e-07
8.632470329724745936e-07
8.473151594552185429e-07
8.316623144193692947e-07
8.163651802752204161e-07
8.013282694880542534e-07
7.866014988379845678e-07
7.721496603425988071e-07
7.579583398011284753e-07
7.440598388447880997e-07
7.303821956178945748e-07
7.169696919572458415e-07
7.037743186655056884e-07
6.908059400215747425e-07
6.780733497530836610e-07
6.655155561217637581e-07
6.532074753944555770e-07
6.410502544339094169e-07
6.291064606935928988e-07
6.173184137980485937e-07
6.057117254691233210e-07
5.942837668650822146e-07
5.829936950006073933e-07
5.718933479494094646e-07
5.609240257068792879e-07
5.501166995404665726e-07
5.394620306816320756e-07
5.289422807356002399e-07
5.186019407726413734e-07
5.083686851367144923e-07
4.983162136503510550e-07
4.883750334839021055e-07
4.785895837118941035e-07
4.689394871738803074e-07
4.594103827444165121e-07
4.500384854089887819e-07
4.407695271728681752e-07
4.316442585471072163e-07
4.226294713785145198e-07
4.137342160615555058e-07
4.049694444193310728e-07
3.962907238760825104e-07
3.877554591030999679e-07
3.792982442233345809e-07
3.709658255572592058e-07
3.627224564508476032e-07
3.545821112672563358e-07
3.465476535507618385e-07
3.385916869325256150e-07
3.307482814308632453e-07
3.229821179879428610e-07
3.153122875022545589e-07
3.077344729074969511e-07
3.002322033121442207e-07
2.928363436889373605e-07
2.855026111971639690e-07
2.782748417644798995e-07
2.711147097839931349e-07
2.640464410329877435e-07
2.570595839621036666e-07
2.501461866742249730e-07
2.433245007605955671e-07
2.365703203690278793e-07
2.299024267007082700e-07
2.233075711422729833e-07
2.167861771665789552e-07
2.103460409043166299e-07
2.039645054739292456e-07
1.976670589529014689e-07
1.914245286908625350e-07
1.852569852379862689e-07
1.791469402830030284e-07
1.730985985759679562e-07
1.671099325296375890e-07
1.611722400149746749e-07
1.552927185455415975e-07
1.494615011817753963e-07
1.436803844534889364e-07
1.379497937646150050e-07
1.322599643459730388e-07
1.266223296877433552e-07
1.210222770859019611e-07
1.154744041768012420e-07
1.099675775939178337e-07
1.045117592154658876e-07
9.910434244808946362e-08
9.375083214281858547e-08
8.845508825863783963e-08
8.322313492416298643e-08
7.806191585813495235e-08
7.298106030980512224e-08
6.798644712407864466e-08
6.309338372320687580e-08
5.830922933555435836e-08
5.365189222708896563e-08
4.913149885021248885e-08
4.476794963245310593e-08
4.057314332260620071e-08
3.656787335708961823e-08
3.276465663608191838e-08
2.918598588041330068e-08
2.584228122809787059e-08
2.275420190109934914e-08
1.993065412893190471e-08
1.738654563212986504e-08
1.512837340526839748e-08
1.316147728667835001e-08
1.148676469258766761e-08
1.010033819030156512e-08
8.992062073677028738e-09
8.148993977094834929e-09
7.547547173967968095e-09
7.166881841822125339e-09
6.968861659873781147e-09
6.924225558563679712e-09
6.987020005230625040e-09
7.120132947661427655e-09
7.277238682957612302e-09
7.418496678465393507e-09
7.505743031589662289e-09
7.504733129160147477e-09
7.391555714057455507e-09
7.150523518423455584e-09
6.775483713400695462e-09
6.277634626567381311e-09
5.670629722451797130e-09
4.990576842423259449e-09
4.269030075886273687e-09
3.555451553125030698e-09
2.890583948211946720e-09
2.318995774734033984e-09
1.873135235025223608e-09
1.574330943706992059e-09
1.427357460023859175e-09
1.419736717663238519e-09
1.521327316295123603e-09
1.690952477089111846e-09
1.875341645319493596e-09
2.025366889004383503e-09
2.094145616588250737e-09
2.055509040281252919e-09
1.899528473052755508e-09
1.645468805212796201e-09
1.329348668744791714e-09
1.005925358905862426e-09
7.279017151137361221e-10
5.433128859549548791e-10
4.732030500220024045e-10
5.147970770318125470e-10
6.321528725260473585e-10
7.726925846493668065e-10
8.753453509022381003e-10
8.945984920625012246e-10
8.123453984246767859e-10
6.490946777665578990e-10
4.536818997635018401e-10
2.906663010376953896e-10
2.083791637129486729e-10
2.266493544259353202e-10
3.156386184101437794e-10
4.195497478762642733e-10
4.720347147180449273e-10
4.390267581551178563e-10
3.299314274100386461e-10
1.991699936779548112e-10
1.142121303682447570e-10
1.133958370622510650e-10
1.813914767018922235e-10
2.585926273420133662e-10
2.783883627309416951e-10
2.220228265570482293e-10
1.250002986861713263e-10
6.263245948075718997e-11
7.311070662811524302e-11
1.363240536202511535e-10
1.803633552623164619e-10
1.560213025266519211e-10
8.488381951728932184e-11
3.600388404287448826e-11
5.496239420691478001e-11
1.074477413036284789e-10
1.208738293376712290e-10
7.554780191108018885e-11
2.568076754609998643e-11
3.551144571073819987e-11
7.734634275928148362e-11
8.367200300625487466e-11
3.971387967219619601e-11
1.495524265060211752e-11
4.260838829625084162e-11
6.526423346882150171e-11
3.818625775155272061e-11
1.055512498245516036e-11
3.063992759541445370e-11
4.974485857628344678e-11
2.317268153866738434e-11
9.177491210127285523e-12
3.163675637101252347e-11
3.296000143449443574e-11
7.186537087250565995e-12
1.737407767154698592e-11
2.949582707793054326e-11
9.077222663701537891e-12
1.101401103439630851e-11
2.400457566234068595e-11
7.153667349216350409e-12
1.047879625146366095e-11
1.805555090819067523e-11
4.533911588541953658e-12
1.171857213646629186e-11
1.187375432548349842e-11
3.209299439095329030e-12
1.351100528399687507e-11
3.254641128521989844e-12
8.948342217398800555e-12
6.213114344086897831e-12
4.791057491705112137e-12
7.431736673473774722e-12
2.993166367393229907e-12
6.896419884017695786e-12
2.560968547167308393e-12
5.772033124967081382e-12
2.498712057460591083e-12
4.707518452457294735e-12
2.418439159722739744e-12
3.862918538565434707e-12
2.260171205989973413e-12
3.214398283035980416e-12
2.053967983259389151e-12
2.708157196065106716e-12
1.833103452856719446e-12
2.302140675072549262e-12
1.617824249535324118e-12
1.968834111170182517e-12
1.417927886871564060e-12
1.690607181970786113e-12
1.237162679259858057e-12
1.455733007454651658e-12
1.076170421214413269e-12
1.255969652309460956e-12
9.341090875530775136e-13
1.085211095981998252e-12
8.094910767060027929e-13
9.387372335679609279e-13
7.006059215184911630e-13
8.127825060911810487e-13
6.057299583058187344e-13
7.042747167667680250e-13
5.232269486442960502e-13
6.106675717105213894e-13
4.515924276226122139e-13
5.298271496084209030e-13
3.894688399315378920e-13
4.599509878461953202e-13
3.356456007673053611e-13
3.995079323476978528e-13
2.890516095113201478e-13
3.471918751019055110e-13
2.487442846660927110e-13
3.018852110093608120e-13
2.138973331425633433e-13
2.626293732294022843e-13
1.837884495282204419e-13
2.286007010450239639e-13
1.577875729237383587e-13
1.990904385384350265e-13
1.353460078692454195e-13
1.734880061209505207e-13
1.159865337660992823e-13
1.512669120442541085e-13
9.929452456681498047e-14
1.319728237715812618e-13
8.491004416183610803e-14
1.152134261069205637e-13
7.252085362762770197e-14
1.006497704085130296e-13
6.185625318422614588e-14
8.798887666015505482e-14
5.268167772268690144e-14
7.697739397591464355e-14
4.479396609694382658e-14
6.739615910363066206e-14
3.801722862820482447e-14
5.905551943609169447e-14
3.219924302973419492e-14
5.179130866929785591e-14
2.720831526198106205e-14
4.546138086140243396e-14
2.293054824417907482e-14
3.994262311108963861e-14
1.926746750748844313e-14
3.512837909883167417e-14
1.613395865028149261e-14
3.092622574830844241e-14
1.345647674884749975e-14
2.725605369857039091e-14
1.117149268888859668e-14
2.404840938619740007e-14
9.224145679552315719e-15
2.124306256468555653e-14
7.567075051658798560e-15
1.878776820391888026e-14
6.159407844200746668e-15
1.663719609322415080e-14
4.965881676745545497e-15
1.475200518124921385e-14
3.956085047147908956e-15
1.309804290089522421e-14
3.103799502642441219e-15
1.164565244311693278e-14
2.386430162539529009e-15
1.036907330934248018e-14
1.784512836666178917e-15
9.245922476968452227e-15
1.281287526544087357e-15
8.256745257721356320e-15
8.623294468821514710e-16
7.384626415821420455e-15
5.152298704882039420e-16
6.614853406859543131e-15
2.293201241527358507e-16
5.934624696918423860e-15
-4.567053585121431738e-18
5.332797090789100649e-15
-1.943038104878036790e-16
4.799666811881999595e-15
-3.466454834923299222e-16
4.326779795258611195e-15
-4.673846763642786901e-16
3.906767266953514513e-15
-5.614843745440922422e-16
3.533203214916015221e-15
-6.331929276692123461e-16
3.200480814340539246e-15
-6.861433465921110594e-16
2.903705268366672634e-15
-7.234390362028795172e-16
2.638600864102901228e-15
-7.477277997801395604e-16
2.401430344650236816e-15
-7.612657025333608562e-16
2.188924948966531447e-15
-7.659721703392238997e-16
1.998223696641474474e-15
-7.634775133766905952e-16
1.826820683062295564e-15
-7.551639035499321692e-16
1.672519318143746129e-15
-7.422006963012856061e-16
1.533392583290737983e-15
-7.255748677131132247e-16
1.407748507417851694e-15
-7.061172318936752263e-16
1.294100166539572532e-15
-6.845250160346452250e-16
1.191139608917043995e-15
-6.613812898613097482e-16
1.097715182959669148e-15
-6.371716811921885759e-16
1.012811819297180796e-15
-6.122987489084908712e-16
9.355338748046266958e-16
-5.870943353511213470e-16
8.650902015749919426e-16
-5.618301761665336530e-16
8.007811457246380220e-16
-5.367270074868872514e-16
7.419872240521354622e-16
-5.119623779694589210e-16
6.881592554973370225e-16
-4.876773450425000323e-16
6.388097585363623313e-16
-4.639822096078509275e-16
5.935054471170592922e-16
-4.409614233598005146e-16
5.518606823804660107e-16
-4.186777835244138705e-16
5.135317549143428835e-16
-3.971760148839276026e-16
4.782118894720384597e-16
-3.764858245088946853e-16
4.456268780313663279e-16
-3.566245040523802382e-16
4.155312603917542808e-16
-3.375991422604014070e-16
3.877049803139042311e-16
-3.194085041735914066e-16
3.619504571652825816e-16
-3.020446232302236211e-16
3.380900183627524059e-16
-2.854941480663728664e-16
3.159636474268364491e-16
-2.697394787038062935e-16
2.954270063297497423e-16
-2.547597226481407542e-16
2.763496980542833521e-16
-2.405314971361005965e-16
2.586137379766115098e-16
-2.270295996354444358e-16
2.421122085648795895e-16
-2.142275662621587640e-16
2.267480734181660431e-16
-2.020981346143174093e-16
2.124331313525238499e-16
-1.906136250406744997e-16
1.990870926229549201e-16
-1.797462529858430344e-16
1.866367622047130463e-16
-1.694683826116711409e-16
1.750153170430175487e-16
-1.597527309248888099e-16
1.641616654804861155e-16
-1.505725297441617216e-16
1.540198788620907086e-16
-1.419016527677463151e-16
1.445386867625377141e-16
-1.337147125856733481e-16
1.356710277845783975e-16
-1.259871332300003700e-16
1.273736495799772435e-16
-1.186952017021220813e-16
1.196067520137306349e-16
-1.118161026268565716e-16
1.123336684707624416e-16
-1.053279384407004621e-16
1.055205807830339777e-16
-9.920973807881706194e-17
9.913626394573769169e-17
-9.344145607522821640e-17
9.315185694731985242e-17
-8.800396404268491241e-17
8.754065712586042397e-17
-8.287903592043154359e-17
8.227793487674392734e-17
-7.804932852435951818e-17
7.734076695443369602e-17
-7.349835817909533388e-17
7.270788581816580678e-17
-6.921047465539610524e-17
6.835954362654820985e-17
-6.517083298563678039e-17
6.427738905637165564e-17
-6.136536386725925137e-17
6.044435572599547708e-17
-5.778074312658603045e-17
5.684456074570728760e-17
-5.440436079133390812e-17
5.346321270584076546e-17
-5.122428995666495663e-17
5.028652772064839742e-17
-4.822925591644070622e-17
4.730165300426886669e-17
-4.540860562430749662e-17
4.449659702022406488e-17
-4.275227778973081293e-17
4.186016570017769713e-17
-4.025077370983727644e-17
3.938190396565734680e-17
-3.789512887868209597e-17
3.705204223292859041e-17
-3.567688562512157811e-17
3.486144722141303094e-17
-3.358806661548253372e-17
3.280157683290473421e-17
-3.162114945720094489e-17
3.086443857605431494e-17
-2.976904231271692781e-17
2.904255132545894223e-17
-2.802506053166371393e-17
2.732891005035572252e-17
-2.638290438022741531e-17
2.571695324514536046e-17
-2.483663778755091046e-17
2.420053285034227109e-17
-2.338066807925356196e-17
2.277388645948173411e-17
-2.200972674151723049e-17
2.143161153059474282e-17
-2.071885113930510981e-17
2.016864156561855294e-17
-1.950336717444080552e-17
1.898022397175542767e-17
-1.835887283536007401e-17
1.786189953700370701e-17
-1.728122263017944046e-17
1.680948336756085834e-17
-1.626651285103985777e-17
1.581904716794886162e-17
-1.531106764020717438e-17
1.488690275756162189e-17
-1.441142580719042611e-17
1.400958674356797917e-17
-1.356432839432662777e-17
1.318384622931406877e-17
-1.276670691198242048e-17
1.240662552037915585e-17
-1.201567225411191128e-17
1.167505370474425727e-17
-1.130850422885596490e-17
1.098643309263535333e-17
-1.064264167720798624e-17
1.033822841939080476e-17
-1.001567316054173983e-17
9.728056765072879905e-18
-9.425328185668074928e-18
9.153678146606898805e-18
-8.869468913816735201e-18
8.612986727452255530e-18
-8.346082350534238381e-18
8.104002598287611912e-18
-7.853272990903374237e-18
7.624864111780817600e-18
-7.389255872174183344e-18
7.173820703748932393e-18
-6.952350022823260373e-18
6.749226195335671880e-18
-6.540972286266792511e-18
6.349532530740258105e-18
-6.153631489127168827e-18
5.973283925985515122e-18
-5.788922933461385708e-18
5.619111411132625955e-18
-5.445523185167398560e-18
5.285727737107754321e-18
-5.122185157281608158e-18
4.971922624304435410e-18
-4.817733435544923355e-18
