# bin_5_4
6.238878675969018963e-07
-6.040851224921785443e-07
5.867150644716428115e-07
-5.679381106663165242e-07
5.517431638120551734e-07
-5.338956098155444341e-07
5.188466222941519299e-07
-5.018313782616206414e-07
4.879079177936714007e-07
-4.716258353543979244e-07
4.588171944110178810e-07
-4.431655389993045673e-07
4.314719490208767822e-07
-4.163426721607096118e-07
4.057767622919170721e-07
-3.910545334561674531e-07
3.816430738651509274e-07
-3.672030274974505133e-07
3.589890021255382171e-07
-3.446941543809995280e-07
3.377392096732869499e-07
-3.234374916065369413e-07
3.178248153554857182e-07
-3.033456675333083863e-07
2.991833508582467490e-07
-2.843338259547082096e-07
2.817587642105520283e-07
-2.663190768877824865e-07
2.655014648438613435e-07
-2.492199396821225622e-07
2.503684082685422999e-07
-2.329557783215952229e-07
2.363232119533315479e-07
-2.174462375282803274e-07
2.233362923051681130e-07
-2.026106910572280649e-07
2.113850071489368030e-07
-1.883677188970605850e-07
2.004537809124850878e-07
-1.746346384725261826e-07
1.905341820107230425e-07
-1.613271241937078844e-07
1.816249124119755821e-07
-1.483589595495767033e-07
1.737316562282727122e-07
-1.356419800810575307e-07
1.668667220103092168e-07
-1.230862792482028095e-07
1.610483969722745848e-07
-1.106007643652956274e-07
1.562999191244654704e-07
-9.809416460815260044e-08
1.526479575077356966e-07
-8.547660144347439650e-08
1.501204851214797276e-07
-7.266184080021749685e-08
1.487439276465322530e-07
-5.957033441476759338e-08
1.485394891035219626e-07
-4.613313523994092243e-08
1.495185910654975661e-07
-3.229671730573922939e-08
1.516774336668680050e-07
-1.802864274132429476e-08
1.549907975666258063e-07
-3.323879787184600621e-09
1.594053706129045794e-07
1.178861570770324400e-08
1.648331064744288630e-07
2.723969823466656787e-08
1.711454058908261140e-07
4.291516180815836932e-08
1.781692404767303483e-07
5.865349285063352601e-08
1.856866804334247119e-07
7.424786373690506877e-08
1.934395710380575039e-07
8.945420200402219522e-08
2.011412246303036920e-07
1.040071538854472268e-07
2.084967954905690460e-07
1.176453323482515534e-07
2.152332949467601581e-07
1.301461940401466305e-07
2.211387749433855720e-07
1.413690378183970417e-07
2.261079082489148054e-07
1.513018683907188663e-07
2.301880286446806063e-07
1.601043657193566430e-07
2.336159890799088554e-07
1.681354952069780713e-07
2.368327691330536523e-07
1.759515127289484707e-07
2.404610778813969281e-07
1.842600503006721915e-07
2.452333230958728701e-07
1.938208747986451762e-07
2.518655426511104346e-07
2.052958656046708020e-07
2.608887576018566597e-07
2.190703492972191075e-07
2.724718484500042369e-07
2.350923220632217998e-07
2.862941685600533505e-07
2.527970998882003885e-07
3.015404433809044740e-07
2.711884595460811917e-07
3.170788655471877208e-07
2.891165338653607889e-07
3.318304800657953703e-07
3.057171680706137068e-07
3.452421566239407467e-07
3.208681772558057419e-07
3.576644994477843937e-07
3.354222580852002982e-07
3.703768559161507152e-07
3.509769511652147171e-07
3.850837018093103181e-07
3.691202450780080299e-07
4.029820768354161412e-07
3.904441298739832495e-07
4.238879956934319384e-07
4.139714793744065741e-07
4.461373510172139025e-07
4.376466360014706389e-07
4.676781315778738414e-07
4.599025880313814059e-07
4.878368724671175359e-07
4.812305175714715281e-07
5.082485821232719933e-07
5.040962906551329308e-07
5.315895952755780111e-07
5.306390424644063651e-07
5.587574278229930858e-07
5.601457683808777325e-07
5.875469083584211420e-07
5.896160653455118079e-07
6.152366158158396868e-07
6.177331821316891802e-07
6.425855378025944710e-07
6.472026894997131607e-07
6.731947303371637019e-07
6.809252626266141842e-07
7.078041254698911634e-07
7.169864119392534683e-07
7.427315878998742710e-07
7.519573378989310725e-07
7.768966959545734186e-07
7.879855884171274500e-07
8.145278078018986521e-07
8.286932413299297573e-07
8.560856352714911390e-07
8.709313296045474595e-07
8.971300400440672861e-07
9.125867256267611553e-07
9.398547492666381998e-07
9.585041537941674410e-07
9.874783841584051268e-07
1.007210238025338720e-06
1.035251200452605777e-06
1.055674465328532660e-06
1.085345177115004299e-06
1.109055377505846930e-06
1.139970965603315644e-06
1.163980005756838116e-06
1.194604420688900693e-06
1.220999721554199875e-06
1.254289024839399272e-06
1.282515406311073681e-06
1.315389433190075923e-06
1.344847553995931856e-06
1.380380334419853662e-06
1.412529313709159865e-06
1.448126582246142083e-06
1.481325609000935704e-06
1.519657534420566832e-06
1.555532339245366672e-06
1.594051361892572586e-06
1.631664146093611056e-06
1.673257019311083625e-06
1.712673926706141507e-06
1.754867782589194151e-06
1.797458248072593583e-06
1.841966822187514918e-06
1.885611466354555795e-06
1.932745876917966571e-06
1.979289034600185603e-06
2.027468999253780340e-06
2.077145650516375198e-06
2.127745324325525836e-06
2.179208012992589291e-06
2.233022646060469083e-06
2.286682507199551460e-06
2.342999495882340481e-06
2.399815083070876815e-06
2.458268306926304906e-06
2.518473107555226781e-06
2.579373318895977701e-06
2.642814046060093015e-06
2.706589672812882557e-06
2.773192455770858246e-06
2.840131435836649937e-06
2.909977073092256537e-06
2.980261531933259182e-06
3.053510343818004709e-06
3.127291670602551462e-06
3.204127364892535245e-06
3.281562401829639905e-06
3.362173042774601903e-06
3.443432997459030537e-06
3.528009025386417656e-06
3.613279176977368496e-06
3.702015646604007853e-06
3.791493671385401315e-06
3.884592517706143314e-06
3.978487367173273847e-06
4.076159004097800098e-06
4.174690426157824922e-06
4.277154832238796322e-06
4.380553309191781779e-06
4.488040815221046367e-06
4.596547736138545264e-06
4.709299653034140796e-06
4.823167612755470885e-06
4.941436774366648819e-06
5.060929939797662341e-06
5.184981197802825232e-06
5.310375708096031921e-06
5.440486395978657348e-06
5.572070775976309608e-06
5.708531148037003878e-06
5.846606720253035721e-06
5.989720365109180519e-06
6.134601647754450803e-06
6.284685871419616139e-06
6.436700950213088063e-06
6.594087120378849008e-06
6.753577980853367245e-06
6.918611820787774756e-06
7.085934625841210362e-06
7.258976443007512834e-06
7.434501737767635872e-06
7.615926568579361247e-06
7.800039391179671065e-06
7.990237039119664115e-06
8.183336911743582933e-06
8.382711851177977838e-06
8.585212620628450186e-06
8.794183732907559674e-06
9.006513223867538217e-06
9.225513325594964379e-06
9.448112762534703667e-06
9.677587877994145907e-06
9.910911023214491735e-06
1.015131934373705681e-05
1.039583128913604954e-05
1.064764175146895033e-05
1.090381729009060578e-05
1.116750769342503867e-05
1.143582918355180336e-05
1.171188375058233787e-05
1.199283836986961181e-05
1.228174464096282639e-05
1.257582091076246156e-05
1.287806584187069530e-05
1.318574928235680042e-05
1.350181439667411813e-05
1.382358215166780865e-05
1.415393757225686999e-05
1.449025181887541058e-05
1.483534898478624382e-05
1.518664891752178319e-05
1.554691175974682403e-05
1.591360391191506905e-05
1.628941823860115425e-05
1.667186487723696674e-05
1.706356569113595868e-05
1.746207099582776378e-05
1.786992744278114735e-05
1.828472115678008824e-05
1.870891878465187326e-05
1.914013701088670218e-05
1.958075700736429045e-05
2.002841981688661252e-05
2.048541489675599408e-05
2.094940042822414692e-05
2.142256706250649843e-05
2.190258182585485083e-05
2.239152855484080457e-05
2.288707371965788696e-05
2.339118537990514553e-05
2.390151894098076365e-05
2.441991677576549262e-05
2.494401165909866113e-05
2.547550948832275595e-05
2.601200790764738742e-05
2.655506482509549943e-05
2.710222954114535065e-05
2.765490000475286970e-05
2.821056359826885676e-05
2.877044630426844180e-05
2.933196017061519056e-05
2.989614777579302965e-05
3.046033330312138975e-05
3.102536589744982589e-05
3.158847121425072092e-05
3.215029745606437321e-05
3.270796422762335443e-05
3.326191522570326058e-05
3.380916122072232020e-05
3.434994354541188614e-05
3.488116802871565002e-05
3.540288358001718761e-05
3.591190391077224333e-05
3.640810563009536988e-05
3.688823458617829893e-05
3.735202795786207676e-05
3.779620200775121329e-05
3.822040264781949504e-05
3.862137128812637827e-05
3.899872823983193743e-05
3.934931312937412683e-05
3.967280524033909124e-05
3.996623459970588267e-05
4.022944290868188860e-05
4.045976085221161762e-05
4.065731259026190308e-05
4.081985406117105870e-05
4.094792307786949151e-05
4.103983238236425256e-05
4.109666623087463480e-05
4.111742075165739156e-05
4.110384658602798133e-05
4.105572782324717229e-05
4.097556896154600154e-05
4.086400257028604578e-05
4.072431784189558965e-05
4.055798652832169181e-05
4.036903011048198486e-05
4.015965398125064304e-05
3.993445133313690065e-05
3.969613762436631065e-05
3.944959230268803074e-05
3.919768988914398546e-05
3.894518612534462955e-05
3.869464888989260275e-05
3.845020337830744680e-05
3.821357527577749633e-05
3.798771943220756106e-05
3.777299794571547468e-05
3.757072648201284721e-05
3.737951840264293845e-05
3.719878881625315317e-05
3.702529826144273709e-05
3.685665178880053833e-05
3.668806665360806668e-05
3.651588698156336390e-05
3.633457493437945056e-05
3.614022784013832661e-05
3.592775090912295091e-05
3.569431624253512325e-05
3.543662516944269395e-05
3.515420056778390749e-05
3.484660750311690836e-05
3.451644673582496796e-05
3.416640292194206524e-05
3.380183924289743006e-05
3.342761196702173215e-05
3.305027505133039577e-05
3.267474510515368941e-05
3.230629568183104866e-05
3.194733473947327268e-05
3.159952647400353945e-05
3.126104865212810027e-05
3.092919658208528091e-05
3.059838497805976698e-05
3.026334793741910527e-05
2.991777563991270884e-05
2.955775108821215525e-05
2.918041096791016637e-05
2.878683423458100078e-05
2.837988927138204034e-05
2.796587781365260508e-05
2.755121103902311773e-05
2.714298015679861189e-05
2.674524139551428081e-05
2.635984898568264476e-05
2.598398159251877961e-05
2.561275292287333832e-05
2.523885466337833939e-05
2.485673610331032551e-05
2.446286388700026596e-05
2.405891370259994846e-05
2.364973480117551311e-05
2.324336511809427475e-05
2.284631205333359006e-05
2.246241632548293086e-05
2.208954352848154537e-05
2.172202480773747477e-05
2.135192436087293599e-05
2.097466356280171062e-05
2.059028687456050506e-05
2.020512955788862170e-05
1.982699143315235139e-05
1.946179917353453795e-05
1.910847719708622908e-05
1.876087017426375742e-05
1.841083437785864287e-05
1.805559856612675389e-05
1.769898800390739174e-05
1.734975854166320705e-05
1.701322527881749989e-05
1.668765750694398278e-05
1.636475410049749839e-05
1.603872532979912322e-05
1.571129842387905559e-05
1.539110385891000321e-05
1.508336236630579789e-05
1.478481629350988589e-05
1.448671038152658260e-05
1.418666632546366475e-05
1.389107141944270649e-05
1.360730593969195793e-05
1.333252204827113204e-05
1.305861975877813751e-05
1.278399336536386956e-05
1.251680912040012587e-05
1.226071084024213678e-05
1.200921504950744388e-05
1.175680645223665755e-05
1.150973175902342449e-05
1.127309252996775294e-05
1.104117359522986218e-05
1.080903770082264024e-05
1.058352757867879130e-05
1.036709518368978490e-05
1.015266459435823512e-05
9.940247746549473143e-06
9.736779308831189624e-06
9.537802431422961249e-06
9.340002609246708489e-06
9.149480548104921526e-06
8.964415245527781380e-06
8.780364947370113417e-06
8.603236947001838424e-06
8.430427409479189835e-06
8.259717492028734973e-06
8.095575504705810656e-06
7.934255545298828555e-06
7.776461803967750001e-06
7.624107478687834593e-06
7.473576369359373257e-06
7.328462805974712023e-06
7.185998694110848687e-06
7.047419311588014428e-06
6.912438819422818923e-06
6.780348626551448209e-06
6.652085185400772959e-06
6.526493896340017649e-06
6.404445503036599907e-06
6.285171760815887152e-06
6.169041408619041326e-06
6.055543978271688310e-06
5.944926520640775441e-06
5.836832751366474385e-06
5.731548762472482340e-06
5.628525511519567771e-06
5.528235392487688030e-06
5.430054250816320975e-06
5.334258232442118172e-06
5.240544448715290031e-06
5.148982373351968943e-06
5.059570260901597035e-06
4.971968146874365287e-06
4.886456403053022639e-06
4.802593934672209367e-06
4.720553274857072696e-06
4.640205748243424721e-06
4.561416239890603687e-06
4.484398682667345797e-06
4.408671479032715180e-06
4.334558700927034018e-06
4.261688882816811137e-06
4.190195455723791616e-06
4.120042096759366485e-06
4.050955414298059134e-06
3.983311755012680102e-06
3.916569436864661817e-06
3.851059232679275308e-06
3.786458843975531205e-06
3.722901623786722536e-06
3.660385497174882174e-06
3.598618284291320877e-06
3.537956980851075473e-06
3.477965763635833319e-06
3.418869210066970138e-06
3.360525766927139741e-06
3.302891670093002762e-06
3.246148262684637338e-06
3.189887301213060697e-06
3.134529371447727367e-06
3.079636627888240790e-06
3.025469804220260994e-06
2.971913369740068336e-06
2.918863409300688495e-06
2.866574175232644616e-06
2.814660540799808669e-06
2.763448676340038466e-06
2.712673000871664434e-06
2.662455197961690636e-06
2.612828591297316455e-06
2.563555138232631676e-06
2.514991611465538007e-06
2.466727862765366782e-06
2.419067983792868007e-06
2.371777729843604046e-06
2.324946162700157776e-06
2.278593166088307493e-06
2.232507196438121086e-06
2.186939770328012483e-06
2.141607110707331085e-06
2.096670824126795133e-06
2.052057670486693893e-06
2.007713318357293838e-06
1.963812203398130530e-06
1.920107512530665910e-06
1.876905516818048409e-06
1.833984677051470950e-06
1.791538707222171906e-06
1.749543174138666977e-06
1.707969514457806006e-06
1.667000244549111260e-06
1.626476030495207743e-06
1.586596830973824589e-06
1.547265728737833432e-06
1.508548142254971928e-06
1.470493697021619720e-06
1.432988579272796334e-06
1.396215370899594867e-06
1.359996695292950452e-06
1.324482648211325756e-06
1.289570638073824332e-06
1.255293179257456303e-06
1.221657388086967940e-06
1.188588067767896307e-06
1.156166157229812948e-06
1.124298588398367790e-06
1.093026249336394675e-06
1.062324726499323054e-06
1.032144890636435179e-06
1.002543211793017739e-06
9.734211945487594872e-07
9.448602393674715048e-07
9.167720677742064872e-07
8.891957890695151131e-07
8.620971777737071054e-07
8.354609401720191170e-07
8.092944942070499637e-07
7.835674990265481845e-07
7.582946194254542428e-07
7.334567124573457407e-07
7.090369672500955412e-07
6.850445558409986362e-07
6.614476997709683841e-07
6.382616122146679771e-07
6.154551165872889159e-07
5.930461859911893900e-07
5.710049606584130141e-07
5.493364806350857796e-07
5.280165068578901268e-07
5.070589673700225318e-07
4.864316478336390678e-07
4.661527401358910989e-07
4.461949426179628203e-07
4.265655962082213447e-07
4.072544998776708820e-07
3.882539730674818030e-07
3.695753225872618943e-07
3.512061160751319538e-07
3.331537553950991581e-07
3.154219183191589150e-07
2.980039045870340884e-07
2.809352637809616197e-07
2.641824271244335239e-07
2.478026342976674497e-07
2.317721567870860723e-07
2.161376275661946437e-07
2.009010415104147715e-07
1.860875907169881775e-07
1.717378571508996174e-07
1.578561198181027114e-07
1.444961393841587704e-07
1.316791479302236542e-07
1.194414986627116930e-07
1.078308946680882313e-07
9.686122639231659289e-08
8.660252297289719708e-08
7.704720884417655540e-08
6.826354768338575125e-08
6.024948108351068244e-08
5.304049006228572852e-08
4.665303636947140986e-08
4.107654761020446321e-08
3.632311631027048236e-08
3.235345296514499200e-08
2.914434061941516858e-08
2.665258865730489410e-08
2.480682512394622084e-08
2.355719091159935529e-08
2.278896310915659781e-08
2.242805778540435768e-08
2.234429540851369984e-08
2.244455269041113523e-08
2.260450204543504548e-08
2.272781701740893383e-08
2.270795153793133314e-08
2.246608195045206375e-08
2.193398355022521840e-08
2.107780873449226566e-08
1.988575653557535102e-08
1.838809520090793943e-08
1.662914819855138884e-08
1.469547016598070464e-08
1.267681347154224241e-08
1.069704122996014396e-08
8.865468825470205474e-09
7.291926303608706660e-09
6.059616178609543874e-09
5.222676849070775317e-09
4.785550075426749825e-09
4.713615458723183594e-09
4.922880137958609720e-09
5.308984493390788639e-09
5.730506399284962729e-09
6.054661687703010571e-09
6.172733191863850906e-09
6.006734931926059283e-09
5.541553589170804607e-09
4.825792105575030639e-09
3.955538970614907801e-09
3.081607579344738998e-09
2.323390421830302114e-09
1.826534004062485336e-09
1.621178052910797268e-09
1.711563020724224588e-09
1.998323993305643242e-09
2.335949174741149264e-09
2.584086041922660210e-09
2.600966014403487899e-09
2.366264179232977404e-09
1.916139063941595765e-09
1.389636740061924318e-09
9.554440807284379317e-10
7.270702014046267277e-10
7.721920569943132783e-10
9.900326130043708432e-10
1.251685053870805243e-09
1.372796903580954930e-09
1.272253428134198179e-09
9.787021727842273764e-10
6.267852154277689559e-10
4.035215539704339525e-10
3.949169243467315977e-10
5.676828805381660392e-10
7.611568334351595180e-10
8.035139332736613464e-10
6.510263922292382282e-10
3.911276502284318697e-10
2.272760620232674573e-10
2.507260077568276592e-10
4.120517976796430354e-10
5.219349278792242140e-10
4.525552586871867837e-10
2.650795224251994753e-10
1.344961792969483519e-10
1.829338499352460476e-10
3.162323900400091750e-10
3.478107762424195418e-10
2.275028199560706758e-10
9.476625031111601152e-11
1.204495831011416029e-10
2.265125717473653019e-10
2.411276168531068752e-10
1.244799542796013212e-10
5.888975320806657748e-11
1.307244457847272890e-10
1.866327721396236189e-10
1.158241876838153495e-10
4.229761883603817899e-11
9.414640053286087981e-11
1.427329889393973050e-10
7.177188100941890681e-11
3.597398456915060843e-11
9.235849175394797957e-11
9.592713414723659656e-11
2.757637085926575778e-11
5.374275579819962312e-11
8.496285390760927912e-11
3.035809189657069601e-11
3.619177900912622486e-11
6.829275876462604158e-11
2.476605418225865837e-11
3.284132869068832549e-11
5.182241051819551839e-11
1.694206053283090402e-11
3.455296417970343520e-11
3.532080287186572820e-11
1.199019933138551440e-11
3.882253081241549170e-11
1.177537558527812677e-11
2.633174275409810864e-11
1.911419788261211976e-11
1.505510031462696986e-11
2.191000055551981223e-11
1.002535507977507254e-11
2.016429132520689154e-11
8.610843777739633346e-12
1.692811111022528208e-11
8.197803116131668065e-12
1.389214993509601351e-11
7.768165535599335102e-12
1.146763853127752835e-11
7.162304977649388749e-12
9.586269118891266335e-12
6.455930424722174125e-12
8.102645145127783448e-12
5.733164277615251285e-12
6.903009746510048199e-12
5.044237291987330394e-12
5.912291795133119159e-12
4.412309997800071769e-12
5.081766946702946856e-12
3.844997956768270766e-12
4.378542432968326794e-12
3.342057092536098857e-12
3.779160431369532719e-12
2.899605308333047898e-12
3.266017148100548373e-12
2.512289100185173626e-12
2.825360177816602986e-12
2.174363655514144011e-12
2.446127023866755793e-12
1.880217533380974604e-12
2.119234404686885083e-12
1.624614444508036332e-12
1.837117054412852326e-12
1.402790242098735313e-12
1.593411061319825090e-12
1.210475788939249534e-12
1.382725378308209968e-12
1.043882483485668872e-12
1.200470033898012795e-12
8.996699177247879827e-13
1.042722688696346877e-12
7.749060934906285360e-13
9.061223342298477908e-13
6.670257847240656001e-13
7.877829782987076300e-13
5.737899904569154418e-13
6.852225414856729808e-13
4.932479569076581402e-13
5.963036450978183862e-13
4.237024262994699839e-13
5.191838959889696500e-13
3.636783111244818002e-13
4.522738842280995805e-13
3.118947400402773715e-13
3.942015273014766225e-13
2.672402883638614023e-13
3.437816899660673806e-13
2.287511420818224894e-13
2.999902245202766398e-13
1.955919205081967263e-13
2.619417378325995459e-13
1.670388818479046387e-13
2.288705156675926909e-13
1.424652478746838740e-13
2.001141320815998789e-13
1.213284023343766771e-13
1.750993493100769789e-13
1.031587391037096426e-13
1.533299762599454639e-13
8.754995818385407891e-14
1.343764051830114019e-13
7.415062912312597674e-14
1.178665884812628993e-13
6.265686178816645370e-14
1.034782530524470167e-13
5.280594308164631738e-14
9.093217917308461746e-14
4.437081518819260402e-14
7.998639597871269632e-14
3.715528621493723212e-14
7.043116671096250731e-14
3.098987768580766874e-14
6.208465492538425996e-14
2.572822543456229225e-14
5.478917812124187743e-14
2.124396106718089628e-14
4.840796837985472523e-14
1.742801055721160987e-14
4.282237074679700223e-14
1.418625474481222789e-14
3.792941971232911596e-14
1.143750370693898254e-14
3.363974235841513248e-14
9.111743237233979374e-15
2.987574381871959108e-14
7.148617191449864321e-15
2.657003677720296776e-14
5.496114198650662214e-15
2.366408197153204892e-14
4.109431418147798713e-15
2.110701116189993006e-14
2.949991651476951670e-15
1.885460793197818714e-14
1.984593234859971252e-15
1.686842502233552483e-14
1.184674910470875890e-15
1.511501979824542510e-14
5.256802211985667168e-16
1.356529194108458398e-14
-1.349195014057714577e-17
1.219390961853449468e-14
-4.509622969901607903e-16
1.097881223208896068e-14
-8.022815016583187615e-16
9.900779463357260296e-15
-1.080784839287000592e-15
8.943057720246089332e-15
-1.297898512321147404e-15
8.091036284748440644e-15
-1.463404232023645852e-15
7.331966506422580222e-15
-1.585667692433835681e-15
6.654718276014142723e-15
-1.671835822364880678e-15
6.049568792074942050e-15
-1.728007048118895093e-15
5.508019306922385435e-15
-1.759378219758635906e-15
5.022636110923960251e-15
-1.770371371744673336e-15
4.586912525057727815e-15
-1.764743055745135922e-15
4.195149096290189609e-15
-1.745678613577298480e-15
3.842349574460960186e-15
-1.715873441462491700e-15
3.524130567907026029e-15
-1.677603017168308379e-15
3.236643060935094332e-15
-1.632783222576697485e-15
2.976504215388420693e-15
-1.583022286184366789e-15
2.740738093643675541e-15
-1.529665493384697731e-15
2.526724118521437821e-15
-1.473833652377528222e-15
2.332152249294837069e-15
-1.416456172627530059e-15
2.154983980002321457e-15
-1.358299496202101643e-15
1.993418397303423208e-15
-1.299991520185660555e-15
1.845862626577475984e-15
-1.242042562874121914e-15
1.710906088994658842e-15
-1.184863350118084468e-15
1.587298070462510262e-15
-1.128780435633751616e-15
1.473928164353744642e-15
-1.074049408376400876e-15
1.369809214957455558e-15
-1.020866196163232455e-15
1.274062431466305064e-15
-9.693767302760417413e-16
1.185904390722616509e-15
-9.196851990049786175e-16
1.104635682446950019e-15
-8.718610888789000025e-16
1.029630983081597908e-15
-8.259451827818540064e-16
9.603303733001012847e-16
-7.819546629190397222e-16
8.962317374416486033e-16
-7.398874438664104734e-16
8.368841063973325467e-16
-6.997258468277301638e-16
7.818818216903751553e-16
-6.614397072997184804e-16
7.308594158848531630e-16
-6.249889981475085761e-16
6.834871171354640382e-16
-5.903260380384193536e-16
6.394668989922244563e-16
-5.573973446565315692e-16
5.985290055943866419e-16
-5.261451851162484752e-16
5.604288925388787330e-16
-4.965088668276654494e-16
5.249445308648354869e-16
-4.684258089220202578e-16
4.918740281310473169e-16
-4.418324252201370887e-16
4.610335282672462891e-16
-4.166648478583079349e-16
4.322553538427529296e-16
-3.928595158284103741e-16
4.053863620974298641e-16
-3.703536487772897326e-16
3.802864877757654140e-16
-3.490856237992407151e-16
3.568274501046769489e-16
-3.289952713532194270e-16
3.348916039913387921e-16
-3.100241017350067793e-16
3.143709178567045612e-16
-2.921154748469523838e-16
2.951660630049571535e-16
-2.752147218176779420e-16
2.771856013529044171e-16
-2.592692266367898040e-16
2.603452597343110019e-16
-2.442284750179024144e-16
2.445672803982217130e-16
-2.300440764214827241e-16
2.297798394782660220e-16
-2.166697634275440544e-16
2.159165249355794004e-16
-2.040613739374533988e-16
2.029158673729167085e-16
-1.921768183705209068e-16
1.907209180681121864e-16
-1.809760361525417898e-16
1.792788682143713171e-16
-1.704209431787687782e-16
1.685407055988664873e-16
-1.604753725690958252e-16
1.584609040460372126e-16
-1.511050107345122988e-16
1.489971421595485648e-16
-1.422773299146572349e-16
1.401100483998593678e-16
-1.339615184867189639e-16
1.317629695655210790e-16
-1.261284104975769552e-16
1.239217601860083022e-16
-1.187504142625822242e-16
1.165545908058455268e-16
-1.118014417577957543e-16
1.096317729315321537e-16
-1.052568387378732463e-16
1.031255994015803008e-16
-9.909331610181629348e-17
9.701019821664813328e-17
-9.328888293129239414e-17
9.126139877686654150e-17
-8.782278150155507885e-17
8.585660916265688469e-17
-8.267542414700240295e-17
8.077470347041829805e-17
-7.782833269840194823e-17
7.599591830725673259e-17
-7.326407977994896261e-17
7.150175748850455357e-17
-6.896623293890936642e-17
6.727490420123821097e-17
-6.491930081435037478e-17
6.329914007438817340e-17
-6.110868182913849812e-17
5.955927039868942267e-17
-5.752061524263962062e-17
5.604105496361397746e-17
-5.414213455403866405e-17
5.273114418066523099e-17
-5.096102302550854902e-17
4.961701986398315420e-17
-4.796577166754522033e-17
4.668694033639808166e-17
-4.514553914187883253e-17
4.392988958818538363e-17
-4.249011385003494520e-17
4.133552996269158240e-17
-3.998987801567561998e-17
3.889415830918747704e-17
-3.763577363100827323e-17
3.659666517433274620e-17
-3.541927024785552346e-17
3.443449683159567448e-17
-3.333233458168634212e-17
3.239961997098965948e-17
-3.136740166239439135e-17
3.048448878383483927e-17
-2.951734772010607159e-17
2.868201428686178450e-17
-2.777546443174945954e-17
2.698553579863588876e-17
-2.613543470872437691e-17
2.538879422458070470e-17
-2.459130978096267240e-17
2.388590724957092445e-17
-2.313748759615015224e-17
2.247134611098713710e-17
-2.176869236803866538e-17
2.113991399369414058e-17
-2.047995534501133757e-17
1.988672579688130258e-17
-1.926659654033142106e-17
1.870718934003833844e-17
-1.812420759889905375e-17
1.759698777592858285e-17
-1.704863544658447545e-17
1.655206322225349991e-17
-1.603596693177190637e-17
1.556860152182135380e-17
-1.508251421596406087e-17
1.464301806107153309e-17
-1.418480091273183683e-17
1.377194460441846477e-17
-1.333954892029504386e-17
1.295221710448954389e-17
-1.254366587983725428e-17
