# bin_3
0.000000000000000000e+00
1.309654707945175867e-48
3.256753108188500026e-45
3.461091914503763628e-42
2.189856783085744843e-39
9.191519825289459643e-37
2.695529653262811482e-34
5.701425789064084893e-32
8.901870578287560829e-30
1.045636235010753887e-27
9.394190937438085054e-26
6.551772735239540694e-24
3.595360179865482070e-22
1.571777171768607499e-20
5.536976316989366960e-19
1.588543907810459867e-17
3.748627904458637220e-16
7.343810373303260815e-15
1.204854573238026915e-13
1.669105208605345704e-12
1.967638188041523773e-11
1.988465419195093529e-10
1.734755545229307309e-09
1.315202539478635247e-08
8.720270073759532471e-08
5.087116303015518196e-07
2.626162437955662757e-06
1.206353539642366371e-05
4.957071092838066025e-05
1.831365905149019268e-04
6.112819924868071256e-04
1.852099585905590384e-03
5.116974216323380911e-03
1.294779615841233633e-02
3.013457596801700708e-02
6.477791395251536466e-02
1.291364318750655993e-01
2.396997033469906169e-01
4.159088514575660644e-01
6.772395331286877873e-01
1.038952015437871301e+00
1.507485844710933831e+00
2.076890590966868899e+00
2.727560408268124625e+00
3.427851462326583665e+00
4.138183810611184121e+00
4.816407669188156326e+00
5.422919441144925301e+00
5.924345781075065709e+00
6.295365379412505291e+00
6.519019487085839337e+00
6.586315053776806927e+00
6.495891485621826611e+00
6.254098713578349233e+00
5.875290827727676302e+00
5.381769592499952459e+00
4.802789101006979422e+00
4.172342469129278975e+00
3.525923328557755809e+00
2.896863170995733316e+00
2.313020611628675116e+00
1.794493289698740890e+00
1.352711456788855626e+00
9.908947447026568156e-01
7.055460936515614012e-01
4.884994528853480178e-01
3.290399732592336202e-01
2.157326064296294643e-01
1.377611076849211413e-01
8.573551935013232206e-02
5.203688376479916056e-02
3.082338736514968897e-02
1.783101542970401410e-02
1.008113591998157331e-02
5.574325965992651087e-03
3.016723540240238630e-03
1.598995325566927557e-03
8.306767224466422503e-04
4.232433580178069287e-04
2.116490851643730369e-04
1.039441087258500390e-04
5.016762591529418623e-05
2.381024699024979330e-05
1.111964133529754990e-05
5.112899484402943769e-06
2.316058639483099035e-06
1.034158306038203661e-06
4.554305754648146937e-07
1.979204808914129033e-07
8.492228442247236876e-08
3.599459787463108025e-08
1.507834020438108966e-08
6.245679990136679232e-09
2.559287360446230838e-09
1.037931106415403235e-09
4.167918184863953498e-10
1.657891893316117903e-10
6.535202996025911052e-11
2.553887402080196318e-11
9.898120518431366162e-12
3.806057492950830445e-12
1.452538825005735654e-12
5.503806757844805531e-13
2.071238143546075802e-13
7.744119698879219397e-14
2.877586834652156421e-14
1.063001728486638630e-14
3.904983277709289929e-15
1.426955541433036273e-15
5.188360303739338650e-16
1.877572462875252217e-16
6.764331422500730190e-17
2.426753585751833054e-17
8.671747169683932972e-18
3.087249418934194096e-18
1.095271378721040492e-18
3.873059535230734539e-19
1.365410989540638708e-19
4.799994586332239910e-20
1.682963292255737210e-20
5.886411887877994079e-21
2.054241836099061001e-21
7.154141897543281668e-22
2.486830246383460887e-22
8.629634244104244588e-23
2.989984327552182435e-23
1.034536870646255157e-23
3.575127686946965983e-24
1.234159918744192759e-24
4.256466777049473860e-25
1.466852838302327595e-25
5.051761956191204647e-26
1.738904951439393348e-26
5.983305172731187214e-27
2.058224238408233061e-27
7.079173441120545767e-28
2.434787898501246093e-28
8.374852255850412752e-29
2.881228600096370799e-29
9.915357164753837020e-30
3.413603796106712969e-30
1.175802874997602268e-30
4.052413015070669310e-31
1.397624178016327299e-31
4.823952565892560830e-32
1.666436129385248319e-32
5.762131659454670743e-33
1.994440846095087681e-33
6.910922988527886210e-34
2.397508422195093454e-34
8.327690826181919924e-35
2.896406391222167160e-35
1.008774031411749895e-35
3.518485837380954755e-36
1.229057710728662389e-36
4.300009168264025023e-37
1.506857830934899682e-37
5.289385552951122835e-38
1.859908590028360849e-38
6.551699088283158564e-39
2.312139149751586534e-39
8.175090964837548446e-40
2.896076093127120930e-40
1.027981949734618401e-40
3.656266347698861015e-41
1.303121595971340609e-41
4.654190125884186296e-42
1.665834977478847196e-42
5.975365614077385359e-43
2.148112333758660402e-43
7.739701893123376494e-44
2.794990724650316003e-44
1.011670260839308774e-44
3.670397495670456441e-45
1.334796966752739389e-45
4.865833981198855304e-46
1.778077931557143457e-46
6.513384233521409342e-47
2.391858613838349255e-47
8.805362584526408172e-48
3.249761609395728301e-48
1.202423445390843925e-48
4.460399606163861232e-49
1.658856515556591536e-49
6.185438889282196678e-50
2.312418304652028449e-50
8.667694974939348318e-51
3.257534198795584795e-51
1.227521022660187241e-51
4.637987675170906320e-52
1.757100948380162115e-52
6.674761625654163438e-53
2.542446793926108283e-53
9.710685519183204662e-54
3.719070019241522256e-54
1.428267417336113949e-54
5.500211570039865083e-55
2.123966536403656028e-55
8.224657261200223310e-56
3.193691894509827182e-56
1.243587220642607466e-56
4.855905590687397595e-57
1.901417385032112210e-57
7.466209939173591757e-58
2.939953753121395907e-58
1.160914425477383821e-58
4.597068387423024792e-59
1.825509982318503775e-59
7.269611509731114138e-60
2.903106732612501803e-60
1.162627256685161995e-60
4.669220765124676284e-61
1.880508372884133971e-61
7.595099561918710769e-62
3.076233029336396472e-62
1.249489525685343232e-62
5.089481726143029599e-63
2.078939383275067555e-63
8.516027578203130883e-64
3.498313773211013043e-64
1.441140425582165821e-64
5.953590053574353831e-65
2.466469570041003565e-65
1.024697811917408551e-65
4.269116021639886251e-66
1.783614469104249514e-66
7.472803571542319767e-67
3.139671885306491016e-67
1.322822414393535739e-67
5.588995742666861206e-68
2.367986596175343186e-68
1.006088330914771150e-68
4.286496673878458382e-69
1.831371234176776416e-69
7.846134209974475370e-70
3.370841820884819886e-70
1.452185459726360255e-70
6.273422878546230452e-71
2.717586894815231178e-71
1.180473579099611376e-71
5.141863594048517338e-72
2.245813602272974905e-72
9.835877425084546909e-73
4.319525661981826661e-73
1.902128309905534033e-73
8.398883458432713681e-74
3.718591198688779851e-74
1.650849738635346778e-74
7.348622204229493745e-75
3.279975174460999770e-75
1.467906525050666406e-75
6.586980197796069397e-76
2.963679862422178361e-76
1.336995719361060101e-76
6.047547991393261556e-77
2.742685149731721333e-77
1.247144057500398618e-77
5.685884056198692055e-78
2.599062552812693080e-78
1.191158163117970516e-78
5.473343188229813143e-79
2.521523569187704626e-79
1.164654244792935498e-79
5.393257134780700168e-80
2.503928056595852983e-80
1.165482148687481026e-80
5.438747485234365482e-81
2.544474273781539590e-81
1.193437063752889434e-81
5.611767075815421380e-82
2.645420792118421178e-82
1.250205007629572517e-82
5.923185996351330930e-83
2.813283346202542436e-83
1.339528132874441649e-83
6.393913233217637145e-84
3.059528040835935762e-84
1.467611784142560180e-84
7.057213201508613564e-85
3.401862948673359084e-85
1.643834683533732752e-85
7.962573089501238609e-86
3.866329807065718867e-86
1.881874846480414297e-86
9.181743275527126736e-87
4.490537328778200367e-87
2.201437790451508108e-87
1.081796681271441956e-87
5.328588327978615055e-88
2.630886809892223981e-88
1.302002441997437105e-88
6.458582975627207602e-89
3.211254050850378058e-89
1.600369368684751650e-89
7.994109733392390861e-90
4.002399696782121703e-90
2.008479725735043203e-90
1.010199756317805320e-90
5.092558758930032165e-91
2.573060465374619328e-91
1.303002544693280718e-91
6.613297222393788244e-92
3.364065988396859971e-92
1.715066016757806322e-92
8.763210351371683431e-93
4.487535360914558042e-93
2.303090377371138991e-93
1.184591822809052004e-93
6.106288801687284385e-94
3.154518115301433702e-94
1.633172300403731622e-94
8.473649695432593631e-95
4.406002719248058941e-95
2.295889646804779580e-95
1.198907010286595462e-95
6.273999583252419178e-96
3.290214634242754301e-96
1.729103550353936020e-96
9.106072057483300812e-97
4.805634723376610749e-97
2.541419285829093019e-97
1.346803015588850487e-97
7.152046792026566459e-98
3.805848053202716126e-98
2.029381546433337208e-98
1.084334995245997773e-98
5.805599851963271123e-99
3.114662136445728367e-99
1.674369789923598537e-99
9.019132980503201673e-100
4.867966367498558333e-100
2.632668154655547964e-100
1.426615240556153481e-100
7.745977191597090094e-101
4.214059113304081652e-101
2.297082221573906564e-101
1.254585984729318132e-101
6.865446356108367955e-102
3.764246699849656252e-102
2.067877700263817986e-102
1.138166064519084219e-102
6.276492191486020655e-103
3.467811873512197878e-103
1.919631552635949203e-103
1.064634979708925906e-103
5.915627675999754018e-104
3.293176497782209857e-104
1.836708258414473967e-104
1.026297778925955944e-104
5.745288375649859200e-105
3.222202946991040534e-105
1.810481859536202319e-105
1.019139400841936658e-105
5.747372926836209119e-106
3.247133884582088331e-106
1.837914075603620565e-106
1.042183395693443179e-106
5.920487526308093519e-107
3.369507322024729924e-107
1.921202350446854954e-107
1.097440006164188465e-107
6.280494199157942945e-108
3.600956606637772744e-108
2.068521884549202011e-108
1.190499465557447271e-108
6.864920541790172273e-109
3.966351609947111463e-109
2.296203269473917613e-109
1.332014210014149729e-109
7.742919872942304590e-110
4.510430893968142269e-110
2.633119929832090597e-110
1.540588029165493218e-110
9.034237118304967541e-111
5.310227590432442727e-111
3.128820964392186996e-111
1.848097821233652415e-111
1.094404592381668271e-111
6.497895504722875103e-112
3.868507580900859776e-112
2.309536396905489805e-112
1.382776375650348399e-112
8.303481620542081358e-113
5.001323801874995416e-113
3.021769028888784399e-113
1.831570873551946365e-113
1.113797727610969258e-113
6.795825060711851005e-114
4.160671669706922918e-114
2.556236760736704116e-114
1.576103727958974925e-114
9.753106084220796788e-115
6.057625424070584888e-115
3.776491892076900204e-115
2.363334306961243865e-115
1.484685287604701998e-115
9.363470639178276426e-116
5.928590285100028740e-116
3.768733930660095223e-116
2.405385521465961162e-116
1.541463458357431590e-116
