# pp
8.559359469553087569e-09
5.206096608033576242e-09
3.598393887055294693e-09
2.673729020744618276e-09
2.081413946547741209e-09
1.674595502357455440e-09
1.380756075912050053e-09
1.160458615344191378e-09
9.902583260866083730e-10
8.558419318432074158e-10
7.472535196467824474e-10
6.584270244784648497e-10
5.845077749768818476e-10
5.224407275309551576e-10
4.696855808585590015e-10
4.244456345435312478e-10
3.853761902190651908e-10
3.513669432880868418e-10
3.215490342279130631e-10
2.952687198882215228e-10
2.720002466129199904e-10
2.512922946027345739e-10
2.327743377595284609e-10
2.161497446968933125e-10
2.011731642242500399e-10
1.876354413336465920e-10
1.753579579649122131e-10
1.641818854769816201e-10
1.539742896996747020e-10
1.446327803054782893e-10
1.360693728352042655e-10
1.282001762855703340e-10
1.209513788072156137e-10
1.142601994817240812e-10
1.080721067595876479e-10
1.023388739401605024e-10
9.701781571563042488e-11
9.207059950523771936e-11
8.746317973661032683e-11
8.316549960383890198e-11
7.915096753527730039e-11
7.539589595631894614e-11
7.187911297446017818e-11
6.858166912114536786e-11
6.548638415807442648e-11
6.257759076385995941e-11
5.984104883716215680e-11
5.726387245485445385e-11
5.483442694471733793e-11
5.254210907728775906e-11
5.037705203869633224e-11
4.833030941976373624e-11
4.639366676907081654e-11
4.455964173200983056e-11
4.282139496306023796e-11
4.117251557196678101e-11
3.960712371620863953e-11
3.811983339830777657e-11
3.670566960744678678e-11
3.536009579105647632e-11
3.407899561669313360e-11
3.285858904103340891e-11
3.169535284685975287e-11
3.058605999891253682e-11
2.952766290680911036e-11
2.851725844935727210e-11
2.755212195595359677e-11
2.662972404195025639e-11
2.574771103599849164e-11
2.490387851485559092e-11
2.409611364993813280e-11
2.332243327046787408e-11
2.258099313593056341e-11
2.187005364202809348e-11
2.118802592962086376e-11
2.053345924080132265e-11
1.990499239560831088e-11
1.930136409753934084e-11
1.872138264541415860e-11
1.816391977335160058e-11
1.762790999430900078e-11
1.711234291156683630e-11
1.661625945611080708e-11
1.613877519946173734e-11
1.567903032850910965e-11
1.523621900820031529e-11
1.480956701333159941e-11
1.439835041111482040e-11
1.400188195131842495e-11
1.361950849436471690e-11
1.325060778996220019e-11
1.289458781504043992e-11
1.255089275318095174e-11
1.221898756497421437e-11
1.189837533293099859e-11
1.158857934513696268e-11
1.128914750153508686e-11
1.099965210084020254e-11
1.071968828485432032e-11
1.044886893123310386e-11
1.018682496036584781e-11
9.933213647438885979e-12
9.687698437217644559e-12
9.449964734617764848e-12
9.219711820898298052e-12
8.996653195946961885e-12
8.780516812278801896e-12
8.571044210683986971e-12
8.367982856711630079e-12
8.171098641860413744e-12
7.980158579192026724e-12
7.794942172368246068e-12
7.615238826594457577e-12
7.440846453858000786e-12
7.271573636492475801e-12
7.107233970779909976e-12
6.947650082103882666e-12
6.792657091917602684e-12
6.642090794667321769e-12
6.495797138993185620e-12
6.353630045993825643e-12
6.215445095112207264e-12
6.081108974328706117e-12
5.950489568249871956e-12
5.823461612552739256e-12
5.699907620983986767e-12
5.579710811992925285e-12
5.462761073703695550e-12
5.348952654947395575e-12
5.238183038733577858e-12
5.130353129738729142e-12
5.025367405802451203e-12
4.923134635999253340e-12
4.823564253967382912e-12
4.726573147139193755e-12
4.632078576138798870e-12
4.540001509203142529e-12
4.450267996499157821e-12
4.362803706043759264e-12
4.277538632414320714e-12
4.194405347315260759e-12
4.113338888591899900e-12
4.034276180413971694e-12
3.957156908641822735e-12
3.881923835666068564e-12
3.808519040582516282e-12
3.736890241628399448e-12
3.666983045854706676e-12
3.598748858301090592e-12
3.532138215749833603e-12
3.467103405102695024e-12
3.403600788273489611e-12
3.341584615690493604e-12
3.281014241109508822e-12
3.221848054615847688e-12
3.164046615550741959e-12
3.107571066347900082e-12
3.052386380088296939e-12
2.998454733129757155e-12
2.945742395357232020e-12
2.894216709093873682e-12
2.843844039859008475e-12
2.794593860825799686e-12
2.746435951436630408e-12
2.699341053720232574e-12
2.653280523990754915e-12
2.608226939549080599e-12
2.564154340980939812e-12
2.521035773976179324e-12
2.478846914860976143e-12
2.437563881534553346e-12
2.397162384205802911e-12
2.357620293366316002e-12
2.318915858015209697e-12
2.281027128105725928e-12
2.243932675492415652e-12
2.207613256157750159e-12
2.172048629071359380e-12
2.137219173116058980e-12
2.103107352892900207e-12
2.069694163367029694e-12
2.036962630911672972e-12
2.004896024208095931e-12
1.973477391534172666e-12
1.942690515643393732e-12
1.912520555340664895e-12
1.882951516899244002e-12
1.853969640969959478e-12
1.825560237207176331e-12
1.797709043949795293e-12
1.770403675850920161e-12
1.743629591151666844e-12
1.717375333607237988e-12
1.691628327676119896e-12
1.666375564603252390e-12
1.641606555051211871e-12
1.617309341367767826e-12
1.593472873680019791e-12
1.570086401355503222e-12
1.547139495644745767e-12
1.524622494081441584e-12
1.502524946502720935e-12
1.480838099124834524e-12
1.459552027698250772e-12
1.438658108017676657e-12
1.418147929776707104e-12
1.398012300021439783e-12
1.378243259859662564e-12
1.358832724012761691e-12
1.339772497738983670e-12
1.321055696791345168e-12
1.302673895790664636e-12
1.284620275687720698e-12
1.266887726434828547e-12
1.249469168685868916e-12
1.232357849824673639e-12
1.215547472296190291e-12
1.199031036212927348e-12
1.182802709160586160e-12
1.166856513958524543e-12
1.151185935720158084e-12
1.135785439374906178e-12
1.120649351574540825e-12
1.105772397496773767e-12
1.091148648330378018e-12
1.076773095811060077e-12
1.062640592937578526e-12
1.048746115305289068e-12
1.035084880061061618e-12
1.021651731009613139e-12
1.008442477893632180e-12
9.954521917968432232e-13
9.826763012385750268e-13
9.701106884019649154e-13
9.577512114090468448e-13
9.455933739315467387e-13
9.336333443144861878e-13
9.218672637806654437e-13
9.102910360119628087e-13
8.989007702148908975e-13
8.876929816648755375e-13
8.766639478338709356e-13
8.658103400561839992e-13
8.551282923042272671e-13
8.446148349403849529e-13
8.342663633461001061e-13
8.240798482126275596e-13
8.140520333869441813e-13
8.041798322994025185e-13
7.944604320956027245e-13
7.848905904495729236e-13
7.754678961020762805e-13
7.661892547720456070e-13
7.570523641720540660e-13
7.480542537301958705e-13
7.391925497797487847e-13
7.304649242305631122e-13
7.218685812089020096e-13
7.134014675640477794e-13
7.050608971005018744e-13
6.968449077779517225e-13
6.887509179899329912e-13
6.807768912411146301e-13
6.729206697255230221e-13
6.651802187639229523e-13
6.575533100375920191e-13
6.500379954926421345e-13
6.426321367204895892e-13
6.353340936560684719e-13
6.281416572809725247e-13
6.210531115846454315e-13
6.140668440936196549e-13
6.071804789014082798e-13
6.003927676668639497e-13
5.937018422663521509e-13
5.871058752019902468e-13
5.806034221839296699e-13
5.741927226150321631e-13
5.678721211171030295e-13
5.616403288310360188e-13
5.554955496785344725e-13
5.494364842671437256e-13
5.434614034763395033e-13
5.375691906320275393e-13
5.317582394576385759e-13
5.260271660056876735e-13
5.203745513375917777e-13
5.147991880143654043e-13
5.092998285029725296e-13
5.038750686876915000e-13
4.985235929881857751e-13
4.932443457371222024e-13
4.880359982102258369e-13
4.828973066124047216e-13
4.778272781612290755e-13
4.728245428436536957e-13
4.678882600641678128e-13
4.630171598905190679e-13
4.582100540541140166e-13
4.534661083413724551e-13
4.487842093438630302e-13
4.441633261823344744e-13
4.396026560214288866e-13
4.351011492261026036e-13
4.306578793704611112e-13
4.262718356223476801e-13
4.219423772887514775e-13
4.176684736317572920e-13
4.134491645508651237e-13
4.092838000004408749e-13
4.051714490659967744e-13
4.011112944044473717e-13
3.971024389327971194e-13
3.931443759208087137e-13
3.892359557272230177e-13
3.853766504143538272e-13
3.815657553078516147e-13
3.778024426722840936e-13
3.740859010501401496e-13
3.704155981980533104e-13
3.667907464207242843e-13
3.632105734299574317e-13
3.596745776822500004e-13
3.561819248549634958e-13
3.527321328172141538e-13
3.493243928636417250e-13
3.459582414775712973e-13
3.426328946305162728e-13
3.393479066578156586e-13
3.361025571330394499e-13
3.328962980390989482e-13
3.297285505866021396e-13
3.265987456235655249e-13
3.235063234513678465e-13
3.204506576960576062e-13
3.174313596410680851e-13
3.144477456831983854e-13
3.114994419300939208e-13
3.085858215208998652e-13
3.057064150818461868e-13
3.028607242468706299e-13
3.000482587672473452e-13
2.972684658961671394e-13
2.945210127469249441e-13
2.918053614057662616e-13
2.891210183434502875e-13
2.864674986783902617e-13
2.838444942237698661e-13
2.812514322680687517e-13
2.786880195458580780e-13
2.761537486857437808e-13
2.736482552861491506e-13
2.711711477905707986e-13
2.687220088594142335e-13
2.663004913979446120e-13
2.639062217308385078e-13
2.615387699266437827e-13
2.591978982850420351e-13
2.568831570623234374e-13
2.545941656202743169e-13
2.523306993043382234e-13
2.500923269004803515e-13
2.478787430958501142e-13
2.456895592184429771e-13
2.435245957452631185e-13
2.413833295286572713e-13
2.392656180980953389e-13
2.371710646206335010e-13
2.350993913947909989e-13
2.330502966756190501e-13
2.310234558224508038e-13
2.290186038745622217e-13
2.270353984994992712e-13
2.250736903116334283e-13
2.231330119952891421e-13
2.212132477771327532e-13
2.193140464276477497e-13
2.174351665404442944e-13
2.155762930441204033e-13
2.137372431960161111e-13
2.119177349084559406e-13
2.101174657702637435e-13
2.083362622569070843e-13
2.065738784234146597e-13
2.048299504249224566e-13
2.031043869623028612e-13
2.013968802952508574e-13
1.997072232221504916e-13
1.980351405925066847e-13
1.963804785411486800e-13
1.947430147690365770e-13
1.931224156195190652e-13
1.915186042203529834e-13
1.899312994492783526e-13
1.883602701278116543e-13
1.868053995450791468e-13
1.852664171359644404e-13
1.837431227682665500e-13
1.822353407307438384e-13
1.807428345597023178e-13
1.792654842267728803e-13
1.778030661801482148e-13
1.763554234734312398e-13
1.749223801470192385e-13
1.735037420474982498e-13
1.720993384528287519e-13
1.707089806941777738e-13
1.693325834613013127e-13
1.679699216006787780e-13
1.666208334031327330e-13
1.652851789319170744e-13
1.639627613997963896e-13
1.626534838500914343e-13
1.613571921111877174e-13
1.600736391096156947e-13
1.588027900472830907e-13
1.575444028905350096e-13
1.562984445065277416e-13
1.550646593806299540e-13
1.538429251591481322e-13
1.526331750814941955e-13
1.514352161631690872e-13
1.502489124117686156e-13
1.490741472953401896e-13
1.479107879269153641e-13
1.467586509075897987e-13
1.456177116663540417e-13
1.444877383411958358e-13
1.433686230094344995e-13
1.422603094685657631e-13
1.411626237715238780e-13
1.400754449762701560e-13
1.389986866775224505e-13
1.379321484130733093e-13
1.368758124076717948e-13
1.358295143061159844e-13
1.347931406948457897e-13
1.337665795991439830e-13
1.327497362155140850e-13
1.317425010263551738e-13
1.307447503821694305e-13
1.297563778643277663e-13
1.287772783916648001e-13
1.278073633687942040e-13
1.268465299903699808e-13
1.258946319153693167e-13
1.249516588745790154e-13
1.240174225522949320e-13
1.230918407776254867e-13
1.221748758228963132e-13
1.212663893956020914e-13
1.203662886969778786e-13
1.194744820676422182e-13
1.185909071219526676e-13
1.177154039516638511e-13
1.168479683630439761e-13
1.159884708764396662e-13
1.151368252994145037e-13
1.142929464863541777e-13
1.134567637905151267e-13
1.126281670850171718e-13
1.118071143860864951e-13
1.109934976641078642e-13
1.101872367988805629e-13
1.093882526329428255e-13
1.085964798487767800e-13
1.078118153009756457e-13
1.070342210364550703e-13
1.062635958424392614e-13
1.054998651855477944e-13
1.047429554186676628e-13
1.039928061135607368e-13
1.032493205822292273e-13
1.025124645366893193e-13
1.017821430715961405e-13
1.010582867987059713e-13
1.003408271464152228e-13
9.962972000348623559e-14
9.892483917849795769e-14
9.822618920016065596e-14
9.753366917762950537e-14
9.684721446545520525e-14
9.616676117136268121e-14
9.549224614623868581e-14
9.482362948923257859e-14
9.416079314212164972e-14
9.350374343784884620e-14
9.285238633442496177e-14
9.220666225756533280e-14
9.156651231910573915e-14
9.093187830799771470e-14
9.030270268143733314e-14
8.967893920353906146e-14
8.906053142189075146e-14
8.844741302889112494e-14
8.783950821377830895e-14
8.723682522576899943e-14
8.663924778044008683e-14
8.604674363724501625e-14
8.545927081699278474e-14
8.487675889710706414e-14
8.429918897877254076e-14
8.372649218129937129e-14
8.315862045513984202e-14
8.259552628109819573e-14
8.203718214587897250e-14
8.148350247511078920e-14
8.093447052582069399e-14
8.039002154882403834e-14
7.985013921687071384e-14
7.931475983783495534e-14
7.878383942559800901e-14
7.825733447330161118e-14
7.773522040912279864e-14
7.721741762053547168e-14
7.670391169708882885e-14
7.619464271252027199e-14
7.568959661419734481e-14
7.518871443407979825e-14
7.469195586033832005e-14
7.419928101484749702e-14
7.371065044785131042e-14
7.322604252470462140e-14
7.274537509965964957e-14
7.226866198315081974e-14
7.179583930179365084e-14
7.132686967296271009e-14
7.086169928083066169e-14
7.040034202680186802e-14
6.994271121420423647e-14
6.948878785412505902e-14
6.903853650550302752e-14
6.859193024786405403e-14
6.814893422662719958e-14
6.770948983041603393e-14
6.727359536087346118e-14
6.684120101916939628e-14
6.641227354622297229e-14
6.598678003108931490e-14
6.556470348101796423e-14
6.514598042114596236e-14
6.473060232273983176e-14
6.431852220122233538e-14
6.390973174404485288e-14
6.350418466978595990e-14
6.310185039349318373e-14
6.270269864661447296e-14
6.230669947327127780e-14
6.191382322658147378e-14
6.152404063199160165e-14
6.113733750624297740e-14
6.075364914784581100e-14
6.037299093422245247e-14
5.999531330989439010e-14
5.962057462348607411e-14
5.924877608191843975e-14
5.887987649982451081e-14
5.851384921708985363e-14
5.815068165793629311e-14
5.779031998301962848e-14
5.743275223250912620e-14
5.707795958600506121e-14
5.672590309832388916e-14
5.637657789667165966e-14
5.602994558544372957e-14
5.568598157786268689e-14
5.534466153291408928e-14
5.500596135255094926e-14
5.466985717893441869e-14
5.433632539170997827e-14
5.400534260531863353e-14
5.367689841935934208e-14
5.335093798871189534e-14
5.302747676029978822e-14
5.270647313376910103e-14
5.238789241306323893e-14
5.207173753771916213e-14
5.175797417231410338e-14
5.144658071857549523e-14
5.113753579030396453e-14
5.083081821100868708e-14
5.052641901678896190e-14
5.022429336144960101e-14
4.992444462352716899e-14
4.962682275117569774e-14
4.933144306380056640e-14
4.903825615126752131e-14
4.874726561585484261e-14
4.845844015709105901e-14
4.817176038577086459e-14
4.788720710031072236e-14
4.760476128469111112e-14
4.732440410642440715e-14
4.704612809360889376e-14
4.676989235112725183e-14
4.649568983026397695e-14
4.622350790472103627e-14
4.595331761420634820e-14
4.568511756629088249e-14
4.541887926044831941e-14
4.515458568360820871e-14
4.489220939960575092e-14
4.463175519519780074e-14
4.437319588606207109e-14
4.411652565600730024e-14
4.386170733053156192e-14
4.360873545854140913e-14
4.335759419409088453e-14
4.310827808349741758e-14
4.286074593549432439e-14
4.261501298871473345e-14
4.237104861508079981e-14
4.212882768302984030e-14
4.188835529344719889e-14
4.164960653654387039e-14
4.141256670913339266e-14
4.117722124402195640e-14
4.094355570858120430e-14
4.071155580333789925e-14
4.048120736058066337e-14
4.025250590914255605e-14
4.002541835448329273e-14
3.979994053644030571e-14
3.957606350351216551e-14
3.935376429452389635e-14
3.913304353368505241e-14
3.891387853351988694e-14
3.869624693663826509e-14
3.848015414680798751e-14
3.826557799358280431e-14
3.805250567229674439e-14
3.784092449454082414e-14
3.763082188696830818e-14
3.742218539011398017e-14
3.721501150214010091e-14
3.700927024917583157e-14
3.680495840055899502e-14
3.660207264017499054e-14
3.640057928839322568e-14
3.620049257181293272e-14
3.600177919132787495e-14
3.580444471909218913e-14
3.560846906660464675e-14
3.541384085215621426e-14
3.522054042449269628e-14
3.502857339255442285e-14
3.483792025961709189e-14
3.464857004485619113e-14
3.446052005596298549e-14
3.427374312806760169e-14
3.408823704224838458e-14
3.390399148321371229e-14
3.372100424126701426e-14
3.353924910751362974e-14
3.335872805842650764e-14
3.317942318457366731e-14
3.300133644412049561e-14
3.282444232042289348e-14
3.264874675965701280e-14
3.247423230180642631e-14
3.230088941461974091e-14
3.212870864851938543e-14
3.195767303938432200e-14
3.178778853371878028e-14
3.161904580409061306e-14
3.145142065182425906e-14
3.128491158477625250e-14
3.111950963268322434e-14
3.095520590246093985e-14
3.079199889700430112e-14
3.062986519773475451e-14
3.046880349694765672e-14
3.030880880524346275e-14
3.014987254771036170e-14
2.999197552867524015e-14
2.983512367180991638e-14
2.967930150881481599e-14
2.952449379063282142e-14
2.937070643026113130e-14
2.921792428125373555e-14
2.906613932112142922e-14
2.891534359540493290e-14
2.876552921702413937e-14
2.861668836563458601e-14
2.846881328699063589e-14
2.832189629231573003e-14
2.817593645585976363e-14
2.803091278711333671e-14
2.788682452284557174e-14
2.774367082549291943e-14
2.760143109961817389e-14
2.746010792998407606e-14
2.731968752419517813e-14
2.718017243785468134e-14
2.704154901664481005e-14
2.690380379791675479e-14
2.676694259850121217e-14
2.663095204040739755e-14
2.649582523222879054e-14
2.636155538597337625e-14
2.622813595375542774e-14
2.609556048716337913e-14
2.596382259041110564e-14
2.583291591985174863e-14
2.570283418349647571e-14
2.557357114053826438e-14
2.544512060088079740e-14
2.531748244383821704e-14
2.519063851087667189e-14
2.506458881074075451e-14
2.493933328089338726e-14
2.481485408965579372e-14
2.469115423584565703e-14
2.456822198657389457e-14
2.444606030307009383e-14
2.432465756138592919e-14
2.420400229955848326e-14
2.408410039387543554e-14
2.396494044496454148e-14
2.384651688176707345e-14
2.372882417782372576e-14
2.361185685087147519e-14
2.349560387609799450e-14
2.338007105858104148e-14
2.326525296392424004e-14
2.315113319235106166e-14
2.303771203557371153e-14
2.292498426826825985e-14
2.281294470659782063e-14
2.270159360554387848e-14
2.259091504143212410e-14
2.248090937683099074e-14
2.237157690946840114e-14
2.226290199303481196e-14
2.215488766412083207e-14
2.204752373853721116e-14
2.194081321496620073e-14
2.183474080757753767e-14
2.172931213657984944e-14
2.162451723428344796e-14
2.152034627016340642e-14
2.141680482637911381e-14
2.131388312120162544e-14
2.121157655098813078e-14
2.110988054806367354e-14
2.100879058040503614e-14
2.090830215132787119e-14
2.080841079917678646e-14
2.070911209701866724e-14
2.061040168188497395e-14
2.051227534248068961e-14
2.041472892915653149e-14
2.031775832392870258e-14
2.022136424860788149e-14
2.012553300814788369e-14
2.003026540923798444e-14
1.993556219833900806e-14
1.984140990838932660e-14
1.974781406462080657e-14
1.965475901244309285e-14
1.956225493223684686e-14
1.947028630564664444e-14
1.937885859870927107e-14
1.928796337287670251e-14
1.919759230480320445e-14
1.910775081620707273e-14
1.901843061864402617e-14
1.892962353664780133e-14
1.884133494770303221e-14
1.875355671019201267e-14
1.866628523218513437e-14
1.857951694864950008e-14
1.849324832122169390e-14
1.840747583798266873e-14
1.832219601323473216e-14
1.823740538728069382e-14
1.815310052620521201e-14
1.806927802165802114e-14
1.798593876784667633e-14
1.790307083280241484e-14
1.782067518060285537e-14
1.773874850303178182e-14
1.765729171549237533e-14
1.757629314112561074e-14
1.749575792382415284e-14
1.741567451173050920e-14
1.733604389702001883e-14
1.725686496749156908e-14
1.717813046897998988e-14
1.709984341175690602e-14
1.702199659737460141e-14
1.694458292433463604e-14
1.686760742118255303e-14
1.679106301293282687e-14
1.671494271974871516e-14
1.663925152725444186e-14
1.656398248133185295e-14
1.648913264274571173e-14
1.641469909371702822e-14
1.634067896044349494e-14
1.626706948056167249e-14
1.619386793409814283e-14
1.612107162050065331e-14
1.604867785848097248e-14
1.597668398585927303e-14
1.590508735940981800e-14
1.583388535470817102e-14
1.576307536597973822e-14
1.569265480594969212e-14
1.562262482124926986e-14
1.555297541349519318e-14
1.548370778222431531e-14
1.541481941268690994e-14
1.534631145778612854e-14
1.527817412220921085e-14
1.521041222783952985e-14
1.514301607897416094e-14
1.507599046762622423e-14
1.500932401155048478e-14
1.494302505071048626e-14
1.487708229205359617e-14
1.481150046830868389e-14
1.474627017513530273e-14
1.468139611584937502e-14
1.461687245731583131e-14
1.455269344405811151e-14
1.448886373556057742e-14
1.442537759300218586e-14
1.436223276983899523e-14
1.429942703516907129e-14
1.423695478739939565e-14
1.417482061373333249e-14
1.411301892840370851e-14
1.405154756185851978e-14
1.399040435958383042e-14
1.392958718198620555e-14
1.386909390427614281e-14
1.380892241635258635e-14
1.374907062268838735e-14
1.368953969830906288e-14
1.363032105023535979e-14
1.357141589622771123e-14
1.351282219792925801e-14
1.345453793099949218e-14
1.339656427145769832e-14
1.333889283605889704e-14
1.328152484209651424e-14
1.322446146576113881e-14
1.316769444660520413e-14
1.311122501815192685e-14
1.305505444067564259e-14
1.299917467455830033e-14
1.294359011354657993e-14
1.288829126250717745e-14
1.283328555848989060e-14
1.277856357617199730e-14
1.272412965175258822e-14
1.266997898851171473e-14
1.261610685294442450e-14
1.256251753858138523e-14
1.250920632202911222e-14
1.245616854204868132e-14
1.240340844992253505e-14
1.235092139420790130e-14
1.229870571005684670e-14
1.224675683048311579e-14
1.219507895108812036e-14
1.214366751427599847e-14
1.209252089867796315e-14
1.204163749359252485e-14
1.199101569890588279e-14
1.194065392501299625e-14
1.189055059273934691e-14
1.184070413326334810e-14
1.179111298803938510e-14
1.174177560872155118e-14
1.169269045708796908e-14
1.164385600496580818e-14
1.159527349241281917e-14
1.154693588312861110e-14
1.149884444844932004e-14
1.145099769966029097e-14
1.140339415773016964e-14
1.135603505462074401e-14
1.130891351648933502e-14
1.126203080556913510e-14
1.121538814879868844e-14
1.116897876758325256e-14
1.112280391854693803e-14
1.107686482348891861e-14
1.103115479743442881e-14
1.098567770462886015e-14
1.094042562033500020e-14
1.089540499140200481e-14
1.085060794854029355e-14
1.080603830552208025e-14
1.076168955986121573e-14
1.071756550035282312e-14
1.067366222312117744e-14
1.062997587440116462e-14
1.058651020437840294e-14
1.054326136435953075e-14
1.050022555526315675e-14
1.045740649026521375e-14
1.041480037662851131e-14
1.037240593796498026e-14
1.033022190602552283e-14
1.028824457312056816e-14
1.024647759207582480e-14
1.020491726120921478e-14
1.016356234424680921e-14
1.012241161276549552e-14
1.008146384613671901e-14
1.004071783147073253e-14
1.000017236356125154e-14
9.959826244830560422e-15
9.919678285275117420e-15
9.879727302411492371e-15
9.839972121222864606e-15
9.800411574105848987e-15
9.761044500817818929e-15
9.721869748424593879e-15
9.682888474840032544e-15
9.644094925185255296e-15
9.605490281001951722e-15
9.567073418075088325e-15
9.528843219242911111e-15
9.490800832266583715e-15
9.452940629101182154e-15
9.415263780412339159e-15
9.377771427801427964e-15
9.340458017672774230e-15
9.303324714110837615e-15
9.266372652510539825e-15
9.229596352517214719e-15
9.192999158707349883e-15
9.156575638894146559e-15
9.120329115943169785e-15
9.084253124689106246e-15
9.048353131959740153e-15
9.012622715437099554e-15
8.977065155016664523e-15
8.941675159926437798e-15
8.906455988800461957e-15
8.871402396997862929e-15
8.836517622038928449e-15
8.801798559013391216e-15
8.767242142198349903e-15
8.732851577717901535e-15
8.698623823360104347e-15
8.664558015366304493e-15
8.630651261277031406e-15
8.596906841741712659e-15
8.563321865998383289e-15
8.529895509574187913e-15
8.496626952794676953e-15
8.463513367098717430e-15
8.430557977455103795e-15
8.397757956866602459e-15
8.365112504534099049e-15
8.332620824298863533e-15
8.300282124611666321e-15
8.268095618502134173e-15
8.236060523548319100e-15
8.204176061846526012e-15
8.172441459981343895e-15
8.140855948995918370e-15
8.109418764362445148e-15
8.078129145952882774e-15
8.046986338009887838e-15
8.015989589117964756e-15
7.985138152174852202e-15
7.954433176959279218e-15
7.923870132450219218e-15
7.893450184213476954e-15
7.863172602117508423e-15
7.833036660204041028e-15
7.803043493256228533e-15
7.773188663289988427e-15
7.743473320431639222e-15
7.713896755144253440e-15
7.684460090325298054e-15
7.655158960728755741e-15
7.625994504250516537e-15
7.596967834939759093e-15
7.568074641139884172e-15
7.539316051645788208e-15
7.510693171715807962e-15
7.482201742472146169e-15
7.453844657224799558e-15
7.425617691838271302e-15
7.397523720237948524e-15
7.369557675925694558e-15
7.341724170414013677e-15
7.314018167925840142e-15
7.286442504073327136e-15
7.258993056863341018e-15
7.231672642977186049e-15
7.204478888038704116e-15
7.177409433594388028e-15
7.150467000430117886e-15
7.123649163587089230e-15
7.096953527845759347e-15
7.070382774486843434e-15
7.043934510196723800e-15
7.017606370967065292e-15
6.991401012511176764e-15
6.965316072652795716e-15
6.939350869293429202e-15
6.913503079263402179e-15
6.887775324621954315e-15
6.862165283936209334e-15
6.836672290875277758e-15
6.811295682986102845e-15
6.786034801668240711e-15
6.760887383392749326e-15
6.735856000654705339e-15
6.710938391525653479e-15
6.686133912567074601e-15
6.661441924069630146e-15
6.636861790029035608e-15
6.612392878122069702e-15
6.588034559682798095e-15
6.563786209678944657e-15
6.539647206688443355e-15
6.515616932876158972e-15
6.491694773970782160e-15
6.467880119241878315e-15
6.444172361477128949e-15
6.420570896959707941e-15
6.397075125445830557e-15
6.373685966809629930e-15
6.350399788814211942e-15
6.327217523731970727e-15
6.304138584989953244e-15
6.281162389378428147e-15
6.258289846250968724e-15
6.235517395200729284e-15
6.212845957641014713e-15
6.190274963601480763e-15
6.167803846369089258e-15
6.145433504847235815e-15
6.123160448718328028e-15
6.100985588618011707e-15
6.078909817214158263e-15
6.056929685429009037e-15
6.035046097471337166e-15
6.013259939799947464e-15
5.991567803980204061e-15
5.969972016691682124e-15
5.948469237244634623e-15
5.927060408056796211e-15
5.905746453780160733e-15
5.884524080534873404e-15
5.863395618585299236e-15
5.842357799453538046e-15
5.821412245824375871e-15
5.800557102175140630e-15
5.779793973887487673e-15
5.759119642571062224e-15
5.738536394052673720e-15
5.718041034632838826e-15
5.697635835545266167e-15
5.677318978589511879e-15
5.657088667394696172e-15
5.636947151507517864e-15
5.616892634614529395e-15
5.596923341936815662e-15
5.577041501574667464e-15
5.557245338779841403e-15
5.537533100048313892e-15
5.517906992271653080e-15
5.498365261950637176e-15
5.478906176544590854e-15
5.459531921971155378e-15
5.440240765669451114e-15
5.421032285836194962e-15
5.401904777406549964e-15
5.382860398693170652e-15
5.363897444578970654e-15
5.345015502255156358e-15
5.326214161127586205e-15
5.307493012803385291e-15
5.288850392438433619e-15
5.270288417696267590e-15
5.251805423635077829e-15
5.233401010535043347e-15
5.215074780811994728e-15
5.196826339004572265e-15
5.178655291761464557e-15
5.160561247828719676e-15
5.142543818037168367e-15
5.124602615289898504e-15
5.106737254549852627e-15
5.088947352827468067e-15
5.071232529168448021e-15
5.053592404641564979e-15
5.036026602326592724e-15
5.018534747302283309e-15
5.001116470338209268e-15
4.983771418940412154e-15
4.966499246134755783e-15
4.949299606739063045e-15
4.932173331148714033e-15
4.915117726084640060e-15
4.898133629547890320e-15
4.881220703419512380e-15
4.864378611320598737e-15
4.847607018602098679e-15
4.830906742041859204e-15
4.814275147049755559e-15
4.797713057785839269e-15
4.781220146419991429e-15
4.764796086802059212e-15
4.748441684542526147e-15
4.732154352766660817e-15
4.715934904286765611e-15
4.699784138091009525e-15
4.683699495426115893e-15
4.667681782376310776e-15
4.651730684280845440e-15
4.635846991388636913e-15
4.620028181861410970e-15
4.604276148701790391e-15
4.588588388284073086e-15
4.572965693415972648e-15
4.557408843566568191e-15
4.541915362127615745e-15
4.526487112648551230e-15
4.511121636334178684e-15
4.495819715109603354e-15
4.480582117822852310e-15
4.465406412104520731e-15
4.450294432594001032e-15
4.435243236552844365e-15
4.420255704574180524e-15
4.405328909400040847e-15
4.390464662925741429e-15
4.375660584595221746e-15
4.360918475057882816e-15
4.346237005138068747e-15
4.331614861088813536e-15
4.317053826846420764e-15
4.302551563999937547e-15
4.288109845446545962e-15
4.273727366537790272e-15
4.259402837728630460e-15
4.245138015510283900e-15
4.230930602703245075e-15
4.216782339764646733e-15
4.202691920103086086e-15
4.188658046913356946e-15
4.174682419043884593e-15
4.160763739455459874e-15
4.146901712910168704e-15
4.133095061994467709e-15
4.119345465203775591e-15
4.105651644873708562e-15
4.092013311833599299e-15
4.078429207707355278e-15
4.064900990925329961e-15
4.051427402844463726e-15
4.038008160223226191e-15
4.024642981281174119e-15
4.011330630953105225e-15
3.998072742984949678e-15
3.984868082025314343e-15
3.971716372055198451e-15
3.958617338475447520e-15
3.945570708098663590e-15
3.932576209141161993e-15
3.919632638292978041e-15
3.906741595464861298e-15
3.893901877035425302e-15
3.881113216756531219e-15
3.868375349744315199e-15
3.855688012471450440e-15
3.843050942759460520e-15
3.830463879771090331e-15
3.817926564002690414e-15
3.805438737276702267e-15
3.793000142734146024e-15
3.780610524827179921e-15
3.768269629311696833e-15
3.755977203239978406e-15
3.743732994953380734e-15
3.731536754075079206e-15
3.719388231502849642e-15
3.707287179401906224e-15
3.695233351197770193e-15
3.683226501569197711e-15
3.671267260273808785e-15
3.659353633976001676e-15
3.647486257750299960e-15
3.635664891218425943e-15
3.623889295220614352e-15
3.612159231808780006e-15
3.600474464239752553e-15
3.588835611189220592e-15
3.577240737027569338e-15
3.565690515063188222e-15
3.554184772354429948e-15
3.542723336738475392e-15
3.531306877360645705e-15
3.519933539830854555e-15
3.508603997548118472e-15
3.497318081424340577e-15
3.486075623130107813e-15
3.474877282198264125e-15
3.463721234935584755e-15
3.452608145037038841e-15
3.441538666343987602e-15
3.430510993286910864e-15
3.419525783815396906e-15
3.408583686135796398e-15
3.397682912584888819e-15
3.386824115424117386e-15
3.376007937280880654e-15
3.365232608183552689e-15
3.354498774762239494e-15
3.343807074121011667e-15
3.333155753767805859e-15
3.322545454757755757e-15
3.311976808726802177e-15
3.301448080453050297e-15
3.290960688821283256e-15
3.280512910007988007e-15
3.270106154287454784e-15
3.259738709143397467e-15
3.249411202839394251e-15
3.239124254464669216e-15
3.228876168294532440e-15
3.218668333350346896e-15
3.208498683125790550e-15
3.198369363182884601e-15
3.188278316799628895e-15
3.178226916272727811e-15
3.168213498860442719e-15
3.158239428588566049e-15
3.148303802940342163e-15
3.138405729513527654e-15
3.128546560040687624e-15
3.118724658666128378e-15
3.108941369001788562e-15
3.099195065796441910e-15
3.089487084600811700e-15
3.079816543793618931e-15
3.070182571593006440e-15
3.060586491568391303e-15
3.051027421292998511e-15
3.041504449874682156e-15
3.032018832023617278e-15
3.022568927421669585e-15
3.013155983677439756e-15
3.003779086400710730e-15
2.994438043888809107e-15
2.985131954803511410e-15
2.975862052695046478e-15
2.966627435886367581e-15
2.957427212436899140e-15
2.948262605477935553e-15
2.939132722725202826e-15
2.930037378987349765e-15
2.920975694668139206e-15
2.911948879170313689e-15
2.902956052547649232e-15
2.893997033220966636e-15
2.885070953730282605e-15
2.876179009933069401e-15
2.867320334013298851e-15
2.858494747927337355e-15
2.849702074503665049e-15
2.840941461166982945e-15
2.832214087095289880e-15
2.823519099349979739e-15
2.814856324201836473e-15
2.806225588770791662e-15
2.797626721021418937e-15
2.789059549758442199e-15
2.780523242727605576e-15
2.772018956213583043e-15
2.763545857589189468e-15
2.755103778975483713e-15
2.746692553311651888e-15
2.738312014350676115e-15
2.729961996655029712e-15
2.721642335592404325e-15
2.713352867331454818e-15
2.705093428837571367e-15
2.696863857868680357e-15
2.688663992971064997e-15
2.680493673475210388e-15
2.672352739491680936e-15
2.664241031907006445e-15
2.656158392379611196e-15
2.648104663335751711e-15
2.640079687965486856e-15
2.632083310218666485e-15
2.624115374800945322e-15
2.616175735927241132e-15
2.608264283482429941e-15
2.600380916557676555e-15
2.592525534663977952e-15
2.584698037730133141e-15
2.576898326100725261e-15
2.569126300534111956e-15
2.561381862200428770e-15
2.553664912679602396e-15
2.545975960041602103e-15
2.538313692692255804e-15
2.530678621341076345e-15
2.523070649187497403e-15
2.515489679830978107e-15
2.507935617269082155e-15
2.500408365895568381e-15
2.492907830498491964e-15
2.485434507933833479e-15
2.477987118649332460e-15
2.470566162058646257e-15
2.463171544508194397e-15
2.455803172729349879e-15
2.448461536713769227e-15
2.441145376461894825e-15
2.433855184473295077e-15
2.426590869000844648e-15
2.419352338673274531e-15
2.412140076727210332e-15
2.404952842359799737e-15
2.397791121266866491e-15
2.390654823562774538e-15
2.383544427157814292e-15
2.376458706354663700e-15
2.369398141484576413e-15
2.362363206507912164e-15
2.355352686911793570e-15
2.348367059049292519e-15
2.341406792968917168e-15
2.334470685219750736e-15
2.327559208215113104e-15
2.320672275662270310e-15
2.313810352452628862e-15
2.306972249696399469e-15
2.300158982198530961e-15
2.293369368270050660e-15
2.286603872558806241e-15
2.279862953603105416e-15
2.273145440416648623e-15
2.266451793820934226e-15
2.259782468591629823e-15
2.253136299536869269e-15
2.246514254609222286e-15
2.239915151865987762e-15
2.233339417468061611e-15
2.226787471802994159e-15
2.220258143825130373e-15
2.213752383490796769e-15
2.207269026951453193e-15
2.200809018947196629e-15
2.194371202773156873e-15
2.187956517987097544e-15
2.181563814974889371e-15
2.175194028145563745e-15
2.168846014923315283e-15
2.162520704601741358e-15
2.156216704926301421e-15
2.149935454185902265e-15
2.143675566310963532e-15
2.137437960462940509e-15
2.131221514871554188e-15
2.125027143680949882e-15
2.118853731954530910e-15
2.112702188851257787e-15
2.106571406218281259e-15
2.100462288261217049e-15
2.094373733561521082e-15
2.088306641403009256e-15
2.082260412782264255e-15
2.076234454903215250e-15
2.070229659725507347e-15
2.064244942453161867e-15
2.058281190201664178e-15
2.052337813348608575e-15
2.046414228370141666e-15
2.040511315172729239e-15
2.034628005284263320e-15
2.028765173842954154e-15
2.022922240432246999e-15
2.017098630627924435e-15
2.011295212471746392e-15
2.005511410988371584e-15
1.999746657132288674e-15
1.994001811915130762e-15
1.988276305742167746e-15
1.982569574886879581e-15
1.976882473396199865e-15
1.971214436996295279e-15
1.965564907220814472e-15
1.959934731216520758e-15
1.954323349971649090e-15
1.948730678765864082e-15
1.943156188967870662e-15
1.937600745983614129e-15
1.932063824931882042e-15
1.926545365116279048e-15
1.921044848711150836e-15
1.915563131513237696e-15
1.910099694850271116e-15
1.904654478950655132e-15
1.899226972101971209e-15
1.893818020615073701e-15
1.888427111940107874e-15
1.883054187213885806e-15
1.877699187797796442e-15
1.872361609501260860e-15
1.867042286948936920e-15
1.861740715124192369e-15
1.856456836276804482e-15
1.851190592876185582e-15
1.845941488122818211e-15
1.840710345142681493e-15
1.835496666321497575e-15
1.830300394997550300e-15
1.825121474723940586e-15
1.819959849267641378e-15
1.814815462608548644e-15
1.809687828079366688e-15
1.804577753017610925e-15
1.799484749956875083e-15
1.794408763719428020e-15
1.789349739335813654e-15
1.784307622043938637e-15
1.779282357288160833e-15
1.774273890718377589e-15
1.769282168189134127e-15
1.764307135758715760e-15
1.759348739688262791e-15
1.754406926440875946e-15
1.749481226150977798e-15
1.744572419910801944e-15
1.739680037082057048e-15
1.734804024926918321e-15
1.729944330905147949e-15
1.725100902673237407e-15
1.720273688083543656e-15
1.715462635183441509e-15
1.710667692214472455e-15
1.705888807611498404e-15
1.701125930001863721e-15
1.696379008204556866e-15
1.691647987476234534e-15
1.686932798292310466e-15
1.682233367677661838e-15
1.677549622968680489e-15
1.672881491811825560e-15
1.668228902162181256e-15
1.663591782282020529e-15
1.658970455726698205e-15
1.654364060297572123e-15
1.649772921257263684e-15
1.645196968082576485e-15
1.640636130550433888e-15
1.636090338736491018e-15
1.631559523013749133e-15
1.627043614051177280e-15
1.622542542812343036e-15
1.618056240554051718e-15
1.613584638824987969e-15
1.609127669464366605e-15
1.604685646667421059e-15
1.600257737662854918e-15
1.595844258277614052e-15
1.591445141499671659e-15
1.587060320600890476e-15
1.582689729135718407e-15
1.578333300939882555e-15
1.573990970129097863e-15
1.569663044828676563e-15
1.565348711221782170e-15
1.561048279017469708e-15
1.556761683438574646e-15
1.552488859981547476e-15
1.548230113044662203e-15
1.543984640398422728e-15
1.539752747995799002e-15
1.535534372415197184e-15
1.531329450502423417e-15
1.527138282978665725e-15
1.522960079007993001e-15
1.518795140837940513e-15
1.514643406371739454e-15
1.510504813773971030e-15
1.506379660137596962e-15
1.502267165831022731e-15
1.498167629445893923e-15
1.494080990180302080e-15
1.490007542259087181e-15
1.485946514880868645e-15
1.481898203747517265e-15
1.477862549071939906e-15
1.473839845324657018e-15
1.469829345804430833e-15
1.465831361733409968e-15
1.461846200670955756e-15
1.457873125174996162e-15
1.453912444050735615e-15
1.449964117234190602e-15
1.446028449111649766e-15
1.442104710372214793e-15
1.438193206631237563e-15
1.434294239919355250e-15
1.430407086956037844e-15
1.426532050988563366e-15
1.422669431712436974e-15
1.418818511819847796e-15
1.414979592210656118e-15
1.411152970265579019e-15
1.407337934592461918e-15
1.403534783764228168e-15
1.399743812866979322e-15
1.395964316367731889e-15
1.392196922022601086e-15
1.388440928173611844e-15
1.384696629560499768e-15
1.380964317489379637e-15
1.377243296068561469e-15
1.373534184812141741e-15
1.369836291642032184e-15
1.366149907520405800e-15
1.362475320028194144e-15
1.358811842762254194e-15
1.355160087118513078e-15
1.351519370447045931e-15
1.347889979987316794e-15
1.344272199649113139e-15
1.340665352367634267e-15
1.337070041542629376e-15
1.333485593803133632e-15
1.329912609384168706e-15
1.326350418585131690e-15
1.322799618495428066e-15
1.319259543061494180e-15
1.315730786246115097e-15
1.312212685619601516e-15
1.308705832036997104e-15
1.305209566669477222e-15
1.301724477283110742e-15
1.298249908627077288e-15
1.294785982942787050e-15
1.291333282157243508e-15
1.287891309206228110e-15
1.284459728042797657e-15
1.281039121833084336e-15
1.277628850456653065e-15
1.274229494017791153e-15
1.270840415837493669e-15
1.267462192976897074e-15
1.264094192176722268e-15
1.260736987473550481e-15
1.257389949006248563e-15
1.254053647805339529e-15
1.250727457386381721e-15
1.247411945792244265e-15
1.244106786133053740e-15
1.240811654764697030e-15
1.237527115282861009e-15
1.234252549551752888e-15
1.230988518225001611e-15
1.227734406469364793e-15
1.224490772014489603e-15
1.221257294108860264e-15
1.218033655175852209e-15
1.214820408592824604e-15
1.211616947691668658e-15
1.208423822970545396e-15
1.205240717978676760e-15
1.202067319390394636e-15
1.198904173418314217e-15
1.195750966159071335e-15
1.192607386804870703e-15
1.189473977322418982e-15
1.186350426331258158e-15
1.183236425517204551e-15
1.180132512640388497e-15
1.177038098544942549e-15
1.173953718208320767e-15
1.170879064401034458e-15
1.167813832911577960e-15
1.164758554575720709e-15
1.161712924622572817e-15
1.158676917173716370e-15
1.155650231252335533e-15
1.152633392231846197e-15
1.149626098582609059e-15
1.146628051726469436e-15
1.143639772984621929e-15
1.140660963230975184e-15
1.137691326262809633e-15
1.134731379386957208e-15
1.131780825857619867e-15
1.128839637410758813e-15
1.125907504936414895e-15
1.122984921282527160e-15
1.120071573772072119e-15
1.117167418703862719e-15
1.114272147218688126e-15
1.111386247316288678e-15
1.108509409795358091e-15
1.105641591648867859e-15
1.102782487443920559e-15
1.099932580389663402e-15
1.097091564713814437e-15
1.094259398091702937e-15
1.091435778470980107e-15
1.088621184326724090e-15
1.085815313269858249e-15
1.083018123646494682e-15
1.080229573968655559e-15
1.077449366346634377e-15
1.074677973415774930e-15
1.071915096952891995e-15
1.069160696126626370e-15
1.066414730268029143e-15
1.063676905581534183e-15
1.060947688947340098e-15
1.058226786239571483e-15
1.055514157432064589e-15
1.052809762657649401e-15
1.050113562207473779e-15
1.047425267110794574e-15
1.044745337450455115e-15
1.042073483929102540e-15
1.039409667464494281e-15
1.036753849129384934e-15
1.034105990150871114e-15
1.031466051909737683e-15
1.028833750946114717e-15
1.026209539558333985e-15
1.023593133964090895e-15
1.020984496152476337e-15
1.018383588263054246e-15
1.015790372585229535e-15
1.013204811557615618e-15
1.010626867767405888e-15
1.008056263902318724e-15
1.005493443549811031e-15
1.002938129079749405e-15
1.000390283667436062e-15
9.978498706336579032e-16
9.953168534440714028e-16
9.927911961914774540e-16
9.902728650391644722e-16
9.877618267635235683e-16
9.852580482694613526e-16
9.827614965898672567e-16
9.802721388850832212e-16
9.777899424423733848e-16
9.753146424224839817e-16
9.728466714583121614e-16
9.703857643726123648e-16
9.679318889551087534e-16
9.654850131198414873e-16
9.630451049046525849e-16
9.606121324706719801e-16
9.581860641018112704e-16
9.557668682042527331e-16
9.533545133059474117e-16
9.509489680561108370e-16
9.485502012247224947e-16
9.461581817020306183e-16
9.437728784980520506e-16
9.413942607420823619e-16
9.390222976822030085e-16
9.366569586847922392e-16
9.342982132340397488e-16
9.319460309314607394e-16
9.296003814954133350e-16
9.272612347606203345e-16
9.249285606776895843e-16
9.226023293126388869e-16
9.202825108464218952e-16
9.179690755744577546e-16
9.156619939061605470e-16
9.133612363644728774e-16
9.110667735854008396e-16
9.087785763175509556e-16
9.064968312913310030e-16
9.042210771980582936e-16
9.019515015343014460e-16
8.996880754944743678e-16
8.974307703833072476e-16
8.951795576153976934e-16
8.929344087147608847e-16
8.906952953143834712e-16
8.884621891557796417e-16
8.862350620885485734e-16
8.840138860699340495e-16
8.817986331643853604e-16
8.795892755431213586e-16
8.773857854836968817e-16
8.751883489957107754e-16
8.729965472159090175e-16
8.708105927548519045e-16
8.686304892424690868e-16
8.664562402674893901e-16
8.642878493776564705e-16
8.621253200799453565e-16
8.599686558407749488e-16
8.578178600862222944e-16
8.556731399721895816e-16
8.535340907955463440e-16
8.514009201432139720e-16
8.492736312820115120e-16
8.471522274394667223e-16
8.450367118040203878e-16
8.429270875252350729e-16
8.408235579486262560e-16
8.387257251779119023e-16
8.366337929827094668e-16
8.345477643590988623e-16
8.324676422652928048e-16
8.303934296218367897e-16
8.283253265708940669e-16
8.262629409490979837e-16
8.242064733166751350e-16
8.221559264454790184e-16
8.201113030706790287e-16
8.180728007091318060e-16
8.160400319029102317e-16
8.140131945818297690e-16
8.119922913362497011e-16
8.099773247208027866e-16
8.079684896671364611e-16
8.059654033570105977e-16
8.039682611298605704e-16
8.019770653992956571e-16
7.999918185441324258e-16
7.980127129508611530e-16
7.960393703749036098e-16
7.940719836053058914e-16
7.921105548835518692e-16
7.901552745888131237e-16
7.882057680877270277e-16
7.862622261577938690e-16
7.843246509060500814e-16
7.823930444063668086e-16
7.804675945647362120e-16
7.785479312019655468e-16
7.766342426170381504e-16
7.747265307529058106e-16
7.728249776429153608e-16
7.709291970447707876e-16
7.690393519004061403e-16
7.671556034242568779e-16
7.652775643711691214e-16
7.634053965533424141e-16
7.615390787129036320e-16
7.596787705815272314e-16
7.578240887760529296e-16
7.559751936180682272e-16
7.541322437387361307e-16
7.522948586193125256e-16
7.504631974750636994e-16
7.486372395595968801e-16
7.468171420519510626e-16
7.450025282104075199e-16
7.431935557904646632e-16
7.413903808933526652e-16
7.395926295788595783e-16
7.378004585190179715e-16
7.360140227468101897e-16
7.342329510970644853e-16
7.324573991679729700e-16
7.306875209337338297e-16
7.289229479780382519e-16
7.271638348347659506e-16
7.254103344286934495e-16
7.236620810664894856e-16
7.219192282271466851e-16
7.201819277952883347e-16
7.184498167749583389e-16
7.167230475995919955e-16
7.150017711228294679e-16
7.132856270207702527e-16
7.115749361532548308e-16
7.098693399638237819e-16
7.081689891637836881e-16
7.064740329085871369e-16
7.047841152722502306e-16
7.030993859449274098e-16
7.014199930750779906e-16
6.997455833426128890e-16
6.980764716743917249e-16
6.964123064740640963e-16
6.947532357497660513e-16
6.930994059911977815e-16
6.914504681675354183e-16
6.898067335694218084e-16
6.881678548631081683e-16
6.865339783992161452e-16
6.849052422037725628e-16
6.832812673845676603e-16
6.816623209031665480e-16
6.800480190565710083e-16
6.784384661759755763e-16
6.768337652984404850e-16
6.752335357465181883e-16
6.736380418486743255e-16
6.720469049284857256e-16
6.704603882699148147e-16
6.688781151850539282e-16
6.673001889967647451e-16
6.657267117573403831e-16
6.641573097387507841e-16
6.625922436339370397e-16
6.610311416732095841e-16
6.594742635207105440e-16
6.579212393534531750e-16
6.563723278108605293e-16
6.548271610052554615e-16
6.532859965552419791e-16
6.517484684973017897e-16
6.502148334329423918e-16
6.486847273118937095e-16
6.471582515965059375e-16
6.456355065159103145e-16
6.441161308697756590e-16
6.426003787320161014e-16
6.410878907893069229e-16
6.395789201101231371e-16
6.380731092580592248e-16
6.365706344967347391e-16
6.350712920400149569e-16
6.335752569729354037e-16
6.320821755835973362e-16
6.305922979411501854e-16
6.291052721817317447e-16
6.276213473798149549e-16
6.261403226316575276e-16
6.246619986555607404e-16
6.231866230381881175e-16
6.217138484961163553e-16
6.202439216267107443e-16
6.187764969634476846e-16
6.173118201162596916e-16
6.158495474271231768e-16
6.143899235202424118e-16
6.129326065379104724e-16
6.114778401201493562e-16
6.100252842015995334e-16
6.085751986405295723e-16
6.071273310127526998e-16
6.056820256437638879e-16
6.042391921427089025e-16
6.027987412504583117e-16
6.013610144983769468e-16
5.999257789204813602e-16
5.984933741963764230e-16
5.970635682464767217e-16
5.956366989076267882e-16
5.942126765045888406e-16
5.927914124830002019e-16
5.913732419328112683e-16
5.899579349844344953e-16
5.885458249082925836e-16
5.871368225501784477e-16
5.857308398673688168e-16
5.843282074190233278e-16
5.829286975340536716e-16
5.815326389763601097e-16
5.801398049502263593e-16
5.787505224342860049e-16
5.773647030131532493e-16
5.759822593675525919e-16
5.746035158173097607e-16
5.732283842658103534e-16
5.718567777051836838e-16
5.704890178198254179e-16
5.691248812868969722e-16
5.677646880470866973e-16
5.664083505363122821e-16
5.650557822659413461e-16
5.637073005813687306e-16
5.623628182380966376e-16
5.610222490585043528e-16
5.596859078174654122e-16
5.583535746087048141e-16
5.570255625074267422e-16
5.557017848005525057e-16
5.543821558266105166e-16
5.530669861327026767e-16
5.517561893232108005e-16
5.504496800443843311e-16
5.491477663413408900e-16
5.478503621343892511e-16
5.465573823755422320e-16
5.452691326345419449e-16
5.439855271456996973e-16
5.427064811644443269e-16
5.414322978122390197e-16
5.401628778663534729e-16
5.388980681551066725e-16
5.376380872005897612e-16
5.363827680246788286e-16
5.351319449925445990e-16
5.338858352656440232e-16
5.326442732004707498e-16
5.314072210466517730e-16
5.301745149258710072e-16
5.289463702083387658e-16
5.277226230070169230e-16
5.265031107441539965e-16
5.252880474631776085e-16
5.240772705775336739e-16
5.228706187959464553e-16
5.216683048488679215e-16
5.204701674360992336e-16
5.192761702151315674e-16
5.180861535885844705e-16
5.169003285570309337e-16
5.157185355139460292e-16
5.145407386652040990e-16
5.133667800834904603e-16
5.121968690623367473e-16
5.110308476649925149e-16
5.098685592014671700e-16
5.087102116994228322e-16
5.075556484591693706e-16
5.064048346265339421e-16
5.052576151415213363e-16
5.041141963624228898e-16
5.029744232191332520e-16
5.018382613835531683e-16
5.007055574036982433e-16
4.995765159887298209e-16
4.984509836760754149e-16
4.973289266558425419e-16
4.962101930627244563e-16
4.950949859760741782e-16
4.939831535194526556e-16
4.928746623934341693e-16
4.917694794250136797e-16
4.906674547032044047e-16
4.895687892958919502e-16
4.884733332801863136e-16
4.873810539840487700e-16
4.862918030374985922e-16
4.852057799188012850e-16
4.841228362453825485e-16
4.830429398387083349e-16
4.819660566976954654e-16
4.808920306436498943e-16
4.798210475818743781e-16
4.787529494666723432e-16
4.776876932120835376e-16
4.766252358993033906e-16
4.755654215081920945e-16
4.745084342397872482e-16
4.734541181527949026e-16
4.724024309907779406e-16
4.713533306613345873e-16
4.703067752354842818e-16
4.692626111800176643e-16
4.682210206730516451e-16
4.671818502565542240e-16
4.661450586491219404e-16
4.651106047297265588e-16
4.640784475371154352e-16
4.630484359819022549e-16
4.620207502399249688e-16
4.609952392931251777e-16
4.599718628133919726e-16
4.589505806294178054e-16
4.579313527261118730e-16
4.569140304174411579e-16
4.558987918938990299e-16
4.548854885367553230e-16
4.538740809499714197e-16
4.528645298908237210e-16
4.518567962693334968e-16
4.508508411476930886e-16
4.498465185960641862e-16
4.488440045052791767e-16
4.478431530078889839e-16
4.468439257691241603e-16
4.458462846035679266e-16
4.448501914745984477e-16
4.438556084938353972e-16
4.428624979205860784e-16
4.418707169168956026e-16
4.408804387604105945e-16
4.398915206696709815e-16
4.389039254892617155e-16
4.379176162087239966e-16
4.369325559620179107e-16
4.359487080269827504e-16
4.349660358248028573e-16
4.339845029194743028e-16
4.330039698842815604e-16
4.320246070664521793e-16
4.310462886421347105e-16
4.300690463997180386e-16
4.290929255237961497e-16
4.281179710153714807e-16
4.271442276925458628e-16
4.261717401912085564e-16
4.252005529657210313e-16
4.242307102895987399e-16
4.232622562561923479e-16
4.222951341964522967e-16
4.213295892411715322e-16
4.203655641340536039e-16
4.194031022545159573e-16
4.184422468051668685e-16
4.174830408124703550e-16
4.165255271274053676e-16
4.155697484261250320e-16
4.146157472106120438e-16
4.136635658093310073e-16
4.127132463778796896e-16
4.117648308996358374e-16
4.108183611864036481e-16
4.098738788790546208e-16
4.089314254481693935e-16
4.079910421946744522e-16
4.070526732972779424e-16
4.061165538488204178e-16
4.051826274684228142e-16
4.042509347847104329e-16
4.033215162598044439e-16
4.023944121899444446e-16
4.014696627061083564e-16
4.005473077746302512e-16
3.996273871978156624e-16
3.987099406145536427e-16
3.977950075009277860e-16
3.968826271708238477e-16
3.959728387765350965e-16
3.950656813093653496e-16
3.941611936002299365e-16
3.932594143202540505e-16
3.923603819813686830e-16
3.914641349369036999e-16
3.905707113821801767e-16
3.896801493550983471e-16
3.887924867367251066e-16
3.879077612518771784e-16
3.870260104697045249e-16
3.861472718042693225e-16
3.852715825151231122e-16
3.843989710879736718e-16
3.835294314427423317e-16
3.826629489111511695e-16
3.817995088733054196e-16
3.809390967575272697e-16
3.800816980401912850e-16
3.792272982455584514e-16
3.783758829456139659e-16
3.775274377599019212e-16
3.766819483553643286e-16
3.758394004461776759e-16
3.749997797935913095e-16
3.741630722057674437e-16
3.733292635376201834e-16
3.724983396906554352e-16
3.716702866128127896e-16
3.708450902983053824e-16
3.700227367874636511e-16
3.692032121665768228e-16
3.683865025677362272e-16
3.675726817202550583e-16
3.667615605510524083e-16
3.659532130740860038e-16
3.651476256030969424e-16
3.643447844968537134e-16
3.635446761589985175e-16
3.627472870378947707e-16
3.619526036264745577e-16
3.611606124620874175e-16
3.603713001263490301e-16
3.595846532449911847e-16
3.588006584877112553e-16
3.580193025680235006e-16
3.572405722431093280e-16
3.564644543136705658e-16
3.556909356237800725e-16
3.549200030607358468e-16
3.541517279104356816e-16
3.533859282527777201e-16
3.526226756423510550e-16
3.518619571378885918e-16
3.511037598406206028e-16
3.503480708941306121e-16
3.495948774842119708e-16
3.488441668387250730e-16
3.480959262274552626e-16
3.473501429619706899e-16
3.466068043954816485e-16
3.458658979226989741e-16
3.451274931861812977e-16
3.443914075075738083e-16
3.436576829930480451e-16
3.429262739563221950e-16
3.421971348784230175e-16
3.414702204070964673e-16
3.407454853562227039e-16
3.400228847052313986e-16
3.393023735985205899e-16
3.385839879930818410e-16
3.378675218944843301e-16
3.371530117578516075e-16
3.364404133816700208e-16
3.357296827265191335e-16
3.350207759145014279e-16
3.343136492286771851e-16
3.336082591124991671e-16
3.329045621692507017e-16
3.322025942900100791e-16
3.315021539721913706e-16
3.308032775909165376e-16
3.301059223831998229e-16
3.294100457431067795e-16
3.287156052212029061e-16
3.280225585240079031e-16
3.273309414818176871e-16
3.266405560102752950e-16
3.259514384135741827e-16
3.252635470166004697e-16
3.245768402974856770e-16
3.238912768870717315e-16
3.232068155683766110e-16
3.225234920995635303e-16
3.218411117569074895e-16
3.211597107630111948e-16
3.204792485042938097e-16
3.197996845167132386e-16
3.191209784852444929e-16
3.184431660951457912e-16
3.177660554630488329e-16
3.170896827310798409e-16
3.164140081750951487e-16
3.157389922173888679e-16
3.150645954261834814e-16
3.143908534018589793e-16
3.137175770691571973e-16
3.130448024782365875e-16
3.123724907759581788e-16
3.117006032525888406e-16
3.110291013413024767e-16
3.103580205440089720e-16
3.096871867986214744e-16
3.090166971233810832e-16
3.083465865744287547e-16
3.076768900768103214e-16
3.070077155533839532e-16
3.063389512522099993e-16
3.056707049956219860e-16
3.050030111888473806e-16
3.043359041082874877e-16
3.036694902354147854e-16
3.030036587648589101e-16
3.023385160814057509e-16
3.016740959506295853e-16
3.010104320115054332e-16
3.003476293191909725e-16
2.996855780184330780e-16
2.990243830712558682e-16
2.983640776146333088e-16
2.977047655740601113e-16
2.970463378554447827e-16
2.963888982937892363e-16
2.957324795310098387e-16
2.950771140863301385e-16
2.944229044880548901e-16
2.937697425930500250e-16
2.931177308421814266e-16
2.924669012681511109e-16
2.918173552939079386e-16
2.911689855353570429e-16
2.905218933302554345e-16
2.898761102315011418e-16
2.892316676730776245e-16
2.885886657123643388e-16
2.879469979101385204e-16
2.873067642411584266e-16
2.866679956678606352e-16
2.860307911685384176e-16
2.853950450554391405e-16
2.847608562261025536e-16
2.841282551779163978e-16
2.834973398223769304e-16
2.828680052181364226e-16
2.822403491976412045e-16
2.816144017996323286e-16
2.809902598814677413e-16
2.803678192421159923e-16
2.797471766614265353e-16
2.791283617258029449e-16
2.785114702514880136e-16
2.778963987706684486e-16
2.772832385228924180e-16
2.766720620821840031e-16
2.760627396444664966e-16
2.754553393954342527e-16
2.748498634588382380e-16
2.742463792721663410e-16
2.736447581386738945e-16
2.730450676148306561e-16
2.724473097748796187e-16
2.718515514366434415e-16
2.712576649967816648e-16
2.706657173906363179e-16
2.700757749766158100e-16
2.694877109622477842e-16
2.689015918223537903e-16
2.683174195463442477e-16
2.677352598872041353e-16
2.671549871213115642e-16
2.665766671165778483e-16
2.660003651772764383e-16
2.654259563721551548e-16
2.648535061192905938e-16
2.642830792788447728e-16
2.637145517039574219e-16
2.631479883674630195e-16
2.625833911414673825e-16
2.620208243011535131e-16
2.614601647330556153e-16
2.609014768235102004e-16
2.603448244143518088e-16
2.597900851577786019e-16
2.592373230056313790e-16
2.586866013710217049e-16
2.581377986637380519e-16
2.575909784057438936e-16
2.570462035860596653e-16
2.565033533639628938e-16
2.559624908361654595e-16
2.554236785722353180e-16
2.548867964728112198e-16
2.543519072139851008e-16
2.538190729505189757e-16
2.532881743162577224e-16
2.527592735713129192e-16
2.522324324602924046e-16
2.517075323420665979e-16
2.511846350654125680e-16
2.506638019694430394e-16
2.501449151298472057e-16
2.496280359887202793e-16
2.491132181253092645e-16
2.486003075810024372e-16
2.480893214375092081e-16
2.475802764346163499e-16
2.470730124104414984e-16
2.465675465161359616e-16
2.460638955648142886e-16
2.455619005511763193e-16
2.450615786955644994e-16
2.445629468838252197e-16
2.440658472555460059e-16
2.435702970997835755e-16
2.430763133743000346e-16
2.425837393524533758e-16
2.420926500597609679e-16
2.416028895195309967e-16
2.411144751336802903e-16
2.406274239774188838e-16
2.401415811905640191e-16
2.396569642413968285e-16
2.391735902738009923e-16
2.386913055344980815e-16
2.382101843006376775e-16
2.377300735518127058e-16
2.372509908639556601e-16
2.367729534917250763e-16
2.362958095068418587e-16
2.358195765477121923e-16
2.353442719329116242e-16
2.348697448181537611e-16
2.343960687378732756e-16
2.339230935661901808e-16
2.334508370414227057e-16
2.329793165837559222e-16
2.325083831389428707e-16
2.320381097762056978e-16
2.315683481519582719e-16
2.310991160983375068e-16
2.306304311301752665e-16
2.301621459646349761e-16
2.296943332024396646e-16
2.292268462646443204e-16
2.287597030701658820e-16
2.282929212205870496e-16
2.278263551882801064e-16
2.273600771001356728e-16
2.268939421266059582e-16
2.264279682654184582e-16
2.259621731960970069e-16
2.254964131324040225e-16
2.250307700995865300e-16
2.245651528301390321e-16
2.240996413986724224e-16
2.236343153445873209e-16
2.231690941881195427e-16
2.227041104477484759e-16
2.222392839049677500e-16
2.217747464539403995e-16
2.213104181382243800e-16
2.208463776209440773e-16
2.203827030333937246e-16
2.199193148135034282e-16
2.194563433018477874e-16
2.189937091999712228e-16
2.185315422301324262e-16
2.180697633579256576e-16
2.176084498520633692e-16
2.171476784539575734e-16
2.166873705258625503e-16
2.162276542528163355e-16
2.157684512617566765e-16
2.153098891264930744e-16
2.148518897387205763e-16
2.143945800632410635e-16
2.139378822564787550e-16
2.134818718222233350e-16
2.130266237444320954e-16
2.125720605763463575e-16
2.121183077705244573e-16
2.116652881444258293e-16
2.112131265500473017e-16
2.107617460686874485e-16
2.103112709543843130e-16
2.098616245517985453e-16
2.094129305196960668e-16
2.089651124655237107e-16
2.085182437834364412e-16
2.080723973593190170e-16
2.076274971935041835e-16
2.071836654688688240e-16
2.067408264466703522e-16
2.062991017245632970e-16
2.058584158238171273e-16
2.054188897599183144e-16
2.049804483131408094e-16
2.045432119199371461e-16
2.041071056184845571e-16
2.036722492694157291e-16
2.032385681676157073e-16
2.028061816011903568e-16
2.023750111386122809e-16
2.019451556167524517e-16
2.015165170504323162e-16
2.010891898842190847e-16
2.006630765471270523e-16
2.002382710824200754e-16
1.998146763308740770e-16
1.993923859368265456e-16
1.989713031503904436e-16
1.985514739210760715e-16
1.981329438007293418e-16
1.977156166489367334e-16
1.972995851230780016e-16
1.968847534860434812e-16
1.964711906031583873e-16
1.960588479901135959e-16
1.956477940746771644e-16
1.952379339191465895e-16
1.948293590159751725e-16
1.944219748235763873e-16
1.940158724507769273e-16
1.936110038712842543e-16
1.932073214479458367e-16
1.928049157185170194e-16
1.924036931212881444e-16
1.920037438162045405e-16
1.916049746293587218e-16
1.912074753452014803e-16
1.908111531752663182e-16
1.904160975308196945e-16
1.900222160064811527e-16
1.896295976426367362e-16
1.892381504146429743e-16
1.888479629943039400e-16
1.884589437353703058e-16
1.880711809433562584e-16
1.876845833480702785e-16
1.872992388910228107e-16
1.869150566757497007e-16
1.865321242820384940e-16
1.861503511848276286e-16
1.857698246044563327e-16
1.853904543849477165e-16
1.850123273894613319e-16
1.846353978125622647e-16
1.842596202111846757e-16
1.838850809169597772e-16
1.835116906865193565e-16
1.831395354999615911e-16
1.827685264749364433e-16
1.823987465879698974e-16
1.820300940616836566e-16
1.816626383203439455e-16
1.812962753901102191e-16
1.809310744558455395e-16
1.805669750178565774e-16
1.802039169788058706e-16
1.798419691671853624e-16
1.794810287524182253e-16
1.791211643271517178e-16
1.787622735133512240e-16
1.784044246691361977e-16
1.780475158663964982e-16
1.776916152299805287e-16
1.773366635245125880e-16
1.769826019066876239e-16
1.766294981536714842e-16
1.762772514511577596e-16
1.759259293459226603e-16
1.755754314649588720e-16
1.752258251257015851e-16
1.748770520536582173e-16
1.745290543593308763e-16
1.741818990179802952e-16
1.738354867498757936e-16
1.734898843033044812e-16
1.731449928320338748e-16
1.728008788582228978e-16
1.724574850502886798e-16
1.721147544553558440e-16
1.717727532578504142e-16
1.714313836863250255e-16
1.710907117009427276e-16
1.707506399567583399e-16
1.704112341903187300e-16
1.700724379964845009e-16
1.697341953433073435e-16
1.693965716329990471e-16
1.690594705788991182e-16
1.687229573609765709e-16
1.683869762265727174e-16
1.680514717927428312e-16
1.677165089069216453e-16
1.673819923301414162e-16
1.670479866886232200e-16
1.667144368750671183e-16
1.663812881487882915e-16
1.660486048047617686e-16
1.657162926420978460e-16
1.653844157352480506e-16
1.650529234305266728e-16
1.647217806726769952e-16
1.643910740016071353e-16
1.640607329673573289e-16
1.637308437412513314e-16
1.634013750609168514e-16
1.630722959515527790e-16
1.627436920336926177e-16
1.624154935099238478e-16
1.620877856350176868e-16
1.617605374071018578e-16
1.614337181101849341e-16
1.611074124526117364e-16
1.607815512863078539e-16
1.604562189568506333e-16
1.601313847222424676e-16
1.598070181244850927e-16
1.594832029673502356e-16
1.591599086643553421e-16
1.588371049117982630e-16
1.585148749745391159e-16
1.581931507355388262e-16
1.578720151020350379e-16
1.575514377458736005e-16
1.572313886194996914e-16
1.569119500962631074e-16
1.565930920023987257e-16
1.562747844433444432e-16
1.559571092616948499e-16
1.556400364375513293e-16
1.553235362287560565e-16
1.550076899503688656e-16
1.546924308839150810e-16
1.543778399945963278e-16
1.540638875176486160e-16
1.537505439634693693e-16
1.534378897752857923e-16
1.531258953405430535e-16
1.528145313202151137e-16
1.525038776390048400e-16
1.521939048358484003e-16
1.518845837215150737e-16
1.515759937057184235e-16
1.512681054781148751e-16
1.509608899984366297e-16
1.506544261650262791e-16
1.503486490002161422e-16
1.500436370634859178e-16
1.497393612938406097e-16
1.494357928972945963e-16
1.491330082994424343e-16
1.488309704544732864e-16
1.485296409815440125e-16
1.482290877314032364e-16
1.479292722677047234e-16
1.476301564482176134e-16
1.473318077189615969e-16
1.470341878825929097e-16
1.467372590337185031e-16
1.464410882165688987e-16
1.461456374710233294e-16
1.458508691267735366e-16
1.455568498291638808e-16
1.452635418535382709e-16
1.449709077629409981e-16
1.446790138066975003e-16
1.443878224938789698e-16
1.440972966191697787e-16
1.438075020387088967e-16
1.435184014935775234e-16
1.432299580084085226e-16
1.429422370489509077e-16
1.426552015865994650e-16
1.423688487907596238e-16
1.420831419900652087e-16
1.417981461340351495e-16
1.415138244985445739e-16
1.412301406383064600e-16
1.409471591188402204e-16
1.406648434424539652e-16
1.403831573883148468e-16
1.401021651406241232e-16
1.398218304264927308e-16
1.395421172479367874e-16
1.392630894104864688e-16
1.389847108644455954e-16
1.387069788773560133e-16
1.384298577459012455e-16
1.381534107747765471e-16
1.378776022094047168e-16
1.376023965656473035e-16
1.373278567755749754e-16
1.370539473041216786e-16
1.367806328847854058e-16
1.365079760795484014e-16
1.362359415713095914e-16
1.359645267007084483e-16
1.356936964890603453e-16
1.354235130087835798e-16
1.351539412310252008e-16
1.348849464912156014e-16
1.346165909968553034e-16
1.343488405311834503e-16
1.340816611380502819e-16
1.338151147576258544e-16
1.335491673804941527e-16
1.332838170085831137e-16
1.330190299595394397e-16
1.327548676873605036e-16
1.324912964568840209e-16
1.322283142905509252e-16
1.319658877773202091e-16
1.317040778893204885e-16
1.314428511631527266e-16
1.311821743896498093e-16
1.309221081823284749e-16
1.306626192799979090e-16
1.304037057404638276e-16
1.301453346216025600e-16
1.298875660624559331e-16
1.296303670693168588e-16
1.293737357198993632e-16
1.291176393367286072e-16
1.288621375885179808e-16
1.286071977466434708e-16
1.283527873305642355e-16
1.280989656589354549e-16
1.278457002003889438e-16
1.275929890669625593e-16
1.273408000386495925e-16
1.270891919708996833e-16
1.268381325933023728e-16
1.265876200372188634e-16
1.263376223408683227e-16
1.260881979004890502e-16
1.258393147043144862e-16
1.255909709028208693e-16
1.253431347901763695e-16
1.250958643073474185e-16
1.248491276989284169e-16
1.246029231343050429e-16
1.243572191613479653e-16
1.241120732696376526e-16
1.238674539578769468e-16
1.236233594141580315e-16
1.233797584378375479e-16
1.231367080709424843e-16
1.228941770640622487e-16
1.226521636237947646e-16
1.224106367987964161e-16
1.221696531778134582e-16
1.219291817136543931e-16
1.216892205744028102e-16
1.214497389992114191e-16
1.212107930898134328e-16
1.209723520377260471e-16
1.207344140298396652e-16
1.204969485510177921e-16
1.202600112673120492e-16
1.200235716163296728e-16
1.197876278035662273e-16
1.195521780391372407e-16
1.193171921120886169e-16
1.190827251489446370e-16
1.188487468919611034e-16
1.186152555696099432e-16
1.183822212119545522e-16
1.181496985178933444e-16
1.179176574710662868e-16
1.176860963181052296e-16
1.174550133101517929e-16
1.172243787756784186e-16
1.169942468839615372e-16
1.167645879175003550e-16
1.165354001453543333e-16
1.163066541324684830e-16
1.160784036282873622e-16
1.158506191521370923e-16
1.156232989908034802e-16
1.153964414354745221e-16
1.151700173439144062e-16
1.149440799455272860e-16
1.147186000528933693e-16
1.144935759746912021e-16
1.142690060239426508e-16
1.140448613482033344e-16
1.138211946620229733e-16
1.135979770681996841e-16
1.133752068970135634e-16
1.131528824830305895e-16
1.129309752606239545e-16
1.127095374345791200e-16
1.124885403949301430e-16
1.122679824932721174e-16
1.120478353913279236e-16
1.118281508896721989e-16
1.116089006060174467e-16
1.113900829088069806e-16
1.111716961706683561e-16
1.109537387684017837e-16
