# lsst_theory
2.600918693733863409e-09
1.742267688483410121e-09
1.147462678842268328e-09
7.564963599333183252e-10
5.010571849765055857e-10
3.331889052076835933e-10
2.235641328040021673e-10
1.505228396766554851e-10
1.009903727152042811e-10
6.778813802031636085e-11
4.555301021174278492e-11
3.042546286959134136e-11
1.990500732754646733e-11
1.243567587916252655e-11
7.174912824806321985e-12
4.409331521723958818e-09
2.945311915942846505e-09
1.912012696870560190e-09
1.235530223060446589e-09
8.027537879226143418e-10
5.261402155602423266e-10
3.515766230286722107e-10
2.386407228255088863e-10
1.618061029124917494e-10
1.091085414759637082e-10
7.391332146287979300e-11
5.044701304746932864e-11
3.423470876055368091e-11
2.236132407827124104e-11
1.345484397597732997e-11
4.516851201383881168e-09
2.957364719508443523e-09
1.874442384017248394e-09
1.183680598632642505e-09
7.563566469256304620e-10
4.922604591713816398e-10
3.301055872407057615e-10
2.268524123064222533e-10
1.558964723939290034e-10
1.060386285835297674e-10
7.242270343310936160e-11
5.004953857841811103e-11
3.443921620233131099e-11
2.265618952457445995e-11
1.346805434963329670e-11
4.603584225277306140e-09
2.984449435222797410e-09
1.868297237263798575e-09
1.165193299870902959e-09
7.375716235130842935e-10
4.780225925977858683e-10
3.211505822969075472e-10
2.222273842807864396e-10
1.538564192420353800e-10
1.051431045653492495e-10
7.212746793956224189e-11
5.018020234329564654e-11
3.478855384791505959e-11
2.298187301270448589e-11
1.358747263122043290e-11
4.678763755524137990e-09
3.008055450127469203e-09
1.863169607039391970e-09
1.149395624522991444e-09
7.214888333171018071e-10
4.658264277461284100e-10
3.134829782837536976e-10
2.182762345551740864e-10
1.521211121339399114e-10
1.043861795597360717e-10
7.188270408361399978e-11
5.029903990099804031e-11
3.509379769828051451e-11
2.326551629725727658e-11
1.369178224186561222e-11
1.454352949145663045e-08
1.071427414823000362e-08
7.535683777701803636e-09
5.131237243876377900e-09
3.405650354343862296e-09
2.214007168700771706e-09
1.431930884392156201e-09
9.324006602119489531e-10
6.135840615015977748e-10
4.055270171356937817e-10
2.677806546613575322e-10
1.781778392698530169e-10
1.209844856329071930e-10
8.360980592726188623e-11
5.750827408358302961e-11
1.817832885105035939e-08
1.359560894922548270e-08
9.679211533812924714e-09
6.642990727616293958e-09
4.423107819367419674e-09
2.873221872047361751e-09
1.850685425865968493e-09
1.197120959186947254e-09
7.834791587130031766e-10
5.165039474196668886e-10
3.400038638078346441e-10
2.250653943021465839e-10
1.523680032251519489e-10
1.058269022552354763e-10
7.397540587380059232e-11
2.009538106761898558e-08
1.508107880376928320e-08
1.075653442912069208e-08
7.381971519021791971e-09
4.906597423949019882e-09
3.178934339144457226e-09
2.041792579364709732e-09
1.317186065902306629e-09
8.611791486638948155e-10
5.681236039857072348e-10
3.741255127814467000e-10
2.475753234474662033e-10
1.678309305150505847e-10
1.171252161102399804e-10
8.252641151971000592e-11
2.177111324311967783e-08
1.638332461610696621e-08
1.170415413755800959e-08
8.034473249250942119e-09
5.335245535177317972e-09
3.450949128583516906e-09
2.212248636570534231e-09
1.424390952957111725e-09
9.304756888971388122e-10
6.140413547084503900e-10
4.044078156089643583e-10
2.675086626422772132e-10
1.814746677013162488e-10
1.270492107807716827e-10
9.001314789851095131e-11
2.716622278484150640e-08
2.127644968064778943e-08
1.582938834542791091e-08
1.129127068201832458e-08
7.742592276003092709e-09
5.116318125700346725e-09
3.310481723194208123e-09
2.123330288883245579e-09
1.364109587294314334e-09
8.826599970451055355e-10
5.718928109859295830e-10
3.704686949709564390e-10
2.438371840233360425e-10
1.658622252656434134e-10
1.167119367256193088e-10
3.251697926856142020e-08
2.586657073201995612e-08
1.951874294081772038e-08
1.409079924972595666e-08
9.749078330604498432e-09
6.475059877068715572e-09
4.195263512492501121e-09
2.684970783160851761e-09
1.715718862754147723e-09
1.103713763406642960e-09
7.116115417286841488e-10
4.580369783288868591e-10
2.987683388125545112e-10
2.017440742676882144e-10
1.421511025778227755e-10
3.695716790965573578e-08
2.964839367371268647e-08
2.253527031984979171e-08
1.636131741147826456e-08
1.136244639617950202e-08
7.558316061008608864e-09
4.895848033310459030e-09
3.127662148456020853e-09
1.992351244208163279e-09
1.277961185597629106e-09
8.222432467599091883e-10
5.277140932118557246e-10
3.427815993829993869e-10
2.308474847017570044e-10
1.630842880812446854e-10
4.276459770250893666e-08
3.517693777730384611e-08
2.742655028854616433e-08
2.041943081892753098e-08
1.452120083361848054e-08
9.852319219553067688e-09
6.462973607765446248e-09
4.151922001207837225e-09
2.637567869393052757e-09
1.675003036666625710e-09
1.063989600211829416e-09
6.735611371502640553e-10
4.286156099250633313e-10
2.806232865852578966e-10
1.935022037226900356e-10
5.171056264250605401e-08
4.333175905172556224e-08
3.437627494792404504e-08
2.600031213607972882e-08
1.874470407898284287e-08
1.285186409148891160e-08
8.482166855584063579e-09
5.459978480436314457e-09
3.460383065141393603e-09
2.184724320122707789e-09
1.377797636086294990e-09
8.651217395146654273e-10
5.437870290936704505e-10
3.502632650384885121e-10
2.385292141861223339e-10
6.869463292744164847e-08
5.974916324804658101e-08
4.918948883639479708e-08
3.855990525214885270e-08
2.876959493489674540e-08
2.034751134569456151e-08
1.375186271352337787e-08
8.977386277235649379e-09
5.715503196818397165e-09
3.588623611810875082e-09
2.231765813519054820e-09
1.374656500782304211e-09
8.405989362122190060e-10
5.182323239487617970e-10
3.348453632025274483e-10
5.230625630531207776e-07
3.614291578568503110e-07
2.403850371908178288e-07
1.573478573813845763e-07
1.023420100746346148e-07
6.650001390391324857e-08
4.385900428480825455e-08
2.941236060332586302e-08
1.976583395692576054e-08
1.325277221378275448e-08
8.960730616522544082e-09
6.154142817374244763e-09
4.264584789706718779e-09
2.900898629727027585e-09
1.867474122892946437e-09
1.625461583624863640e-06
1.188165772495934872e-06
8.243728162967037436e-07
5.529231681072153208e-07
3.622622944807461217e-07
2.331765927514558403e-07
1.502223997449216414e-07
9.834004368533350028e-08
6.531461868689807660e-08
4.333637717748554617e-08
2.875498226574017192e-08
1.939290709284853938e-08
1.346821885838609239e-08
9.519956523218501117e-09
6.615900015537804337e-09
1.940377708068053286e-06
1.428380682740520852e-06
9.964064319721321272e-07
6.705324154108480720e-07
4.399155477903742032e-07
2.830108791351550156e-07
1.818886027353641805e-07
1.187059559798797417e-07
7.870602266890816916e-08
5.215923783967296896e-08
3.452874256639986895e-08
2.322138629938324984e-08
1.611289695022414890e-08
1.142808056957659060e-08
8.004903929767404946e-09
2.126633735840341997e-06
1.570389775410492177e-06
1.098064421622071502e-06
7.400056395969744513e-07
4.857757318794873574e-07
3.124380348753160383e-07
2.005879764720278917e-07
1.307349159915516392e-07
8.661747495942802496e-08
5.737212802615615268e-08
3.794052427260330923e-08
2.548428644233551443e-08
1.767661974713824670e-08
1.255642713582515484e-08
8.826007697096954940e-09
2.287553353062037123e-06
1.693082366446032010e-06
1.185895386938119631e-06
8.000297510797878512e-07
5.253984734611410941e-07
3.378627774209897720e-07
2.167440353432469924e-07
1.411278159305230878e-07
9.345288859352367609e-08
6.187601190888710920e-08
4.088826371398158402e-08
2.743940334554058372e-08
1.902766068888391291e-08
1.353129380440737535e-08
9.535401548592933158e-09
-7.270540551005833437e-08
-6.271474500293109551e-08
-5.026558399251241535e-08
-3.762409678825189558e-08
-2.638107728312290123e-08
-1.753102367814766423e-08
-1.122489338024664113e-08
-6.992229193079171007e-09
-4.347037984145333760e-09
-2.777710717605014981e-09
-1.771508208934088140e-09
-1.106525858008582804e-09
-6.978968166109626951e-10
-4.713662521917238492e-10
-3.538543556791232816e-10
6.020419649850900934e-07
5.055631152909441764e-07
3.947709946488726992e-07
2.887098370837073826e-07
1.990772452769842390e-07
1.308672019448088896e-07
8.321058925179272741e-08
5.191200116082861290e-08
3.270574899558900105e-08
2.111675311738939663e-08
1.352041383231532853e-08
8.537185570750372632e-09
5.513196879794866348e-09
3.829149185012657254e-09
2.894375992170289294e-09
1.055823853314232853e-06
8.937246248480715982e-07
7.035667156387367340e-07
5.185826214269348410e-07
3.598353819307948689e-07
2.375187340827406785e-07
1.514717304015113200e-07
9.453324034409838715e-08
5.932498048024753470e-08
3.813703874328467076e-08
2.438088479977344325e-08
1.534424599826370881e-08
9.834784847842458318e-09
6.764569101741721901e-09
5.091129568933461777e-09
1.303427943346932329e-06
1.105182924901353507e-06
8.715188287086975860e-07
6.434190894281230138e-07
4.470326230940024318e-07
2.953234290855855569e-07
1.884481386386161152e-07
1.176185102307176782e-07
7.375323063367650412e-08
4.737032988114911395e-08
3.027418990570595436e-08
1.904025638506467114e-08
1.218463618262770275e-08
8.363823399983421254e-09
6.289117155865306333e-09
1.517329611800863736e-06
1.287857308260018490e-06
1.016607940488253654e-06
7.512610004424206539e-07
5.223587927689212487e-07
3.452583042409532900e-07
2.203902664664415248e-07
1.375607128467432199e-07
8.621709614723877227e-08
5.534656452815148513e-08
3.536517285056833168e-08
2.223309528673827339e-08
1.421459095576508627e-08
9.745377958638412030e-09
7.324041359091503119e-09
-3.390489110992980187e-08
-3.020464002113129080e-08
-2.500700476711132703e-08
-1.934967229567257583e-08
-1.398293253180591200e-08
-9.476486036225327080e-09
-6.161825950537250459e-09
-3.872635593911437655e-09
-2.389348305161002458e-09
-1.493562128749000720e-09
-9.442342474657341517e-10
-5.838711692123640095e-10
-3.581282164310935896e-10
-2.305615606465346020e-10
-1.663131458303912284e-10
1.037431268332138414e-07
9.137182076437981776e-08
7.479666737996164350e-08
5.719915526145534857e-08
4.086189389893449523e-08
2.745194220273951434e-08
1.774016562639753882e-08
1.109953058153747371e-08
6.851627337930108302e-09
4.312036678279606216e-09
2.740461487822784201e-09
1.700665095414876830e-09
1.052869567169770362e-09
6.899808442097750980e-10
5.066557505302785821e-10
5.746032412255686600e-07
5.182549047779588663e-07
4.342480316615864837e-07
3.401411038713732906e-07
2.487178816190432390e-07
1.700495510351900134e-07
1.112477168579528101e-07
7.023139006674118082e-08
4.331628324900548143e-08
2.689677472684564573e-08
1.691461730446891442e-08
1.042247242265674564e-08
6.333510392453743048e-09
4.002686832552200538e-09
2.831857855982955513e-09
8.313324232911470036e-07
7.514965855987663456e-07
6.310428248256168755e-07
4.953700395740314794e-07
3.629932100464418048e-07
2.485838371254215602e-07
1.628046261968734071e-07
1.028649751253599136e-07
6.344495694391150271e-08
3.935230079031924443e-08
2.472272199695252417e-08
1.522420726390981815e-08
9.236488269290053799e-09
5.817895284908849997e-09
4.101033581054552789e-09
1.051242452685810002e-06
9.512319644126663050e-07
7.995221014235733836e-07
6.282277797755926513e-07
4.607726600930789983e-07
3.157662580706702943e-07
2.069026053732861027e-07
1.307739648666039400e-07
8.065895286020349473e-08
5.000549344665770335e-08
3.140198122955851784e-08
1.933206136112026827e-08
1.172043723238073827e-08
7.371736275092868057e-09
5.188022424510271841e-09
-2.742084266866665381e-09
-2.537288024832572258e-09
-2.177763713017254110e-09
-1.747245502970683256e-09
-1.307456963447131950e-09
-9.098685632784776027e-10
-6.022615023944863608e-10
-3.836328494281261776e-10
-2.367840086562455183e-10
-1.454012002839236752e-10
-9.043863089613931023e-11
-5.536468663694474342e-11
-3.307629859570074768e-11
-2.015255781870872464e-11
-1.366721006260840218e-11
-3.527705483029699517e-08
-3.379909850919976751e-08
-2.994178246894211046e-08
-2.478383640852850962e-08
-1.913865935757876770e-08
-1.369461934594075653e-08
-9.222507584616140765e-09
-5.959989666856676232e-09
-3.704224509496499178e-09
-2.257065685354675662e-09
-1.379199729807853172e-09
-8.369722098731230848e-10
-4.910254223089334151e-10
-2.853761991265083671e-10
-1.804264987483071821e-10
2.530186793762986196e-07
2.387444166136382172e-07
2.086322316735730165e-07
1.704176128305474161e-07
1.298690623463052346e-07
9.184711024126893466e-08
6.141031229440799166e-08
3.945011919218144666e-08
2.444501721662330321e-08
1.493760613543646673e-08
9.194247082587810546e-09
5.599926626293166892e-09
3.309609123178005909e-09
1.961852088370252162e-09
1.278993246342913276e-09
5.185664419857152408e-07
4.919651604868170951e-07
4.320488170284169009e-07
3.546466498468417658e-07
2.716365460847762255e-07
1.930252202319990952e-07
1.294553849485349503e-07
8.337208757122124350e-08
5.173914494124613617e-08
3.159292754318506040e-08
1.939026524332202494e-08
1.179120271430952440e-08
6.949848379962838254e-09
4.089491148872778298e-09
2.634704446899878213e-09
7.321693099863045453e-07
6.954857764846015446e-07
6.114825225892142335e-07
5.025006586695480038e-07
3.853290018414198709e-07
2.741110044973541884e-07
1.839642351580626983e-07
1.185441445763969462e-07
7.359121985719104348e-08
4.492879537447488958e-08
2.755750935172662631e-08
1.675166751295352757e-08
9.867533916959468770e-09
5.796606763213391482e-09
3.724358153417010711e-09
-5.243396298457972505e-11
-5.032013176312483659e-11
-4.464791160954934645e-11
-3.701673770416484059e-11
-2.863892364944916698e-11
-2.053656171299482977e-11
-1.385051393188778712e-11
-8.961506953699558531e-12
-5.575620853398697437e-12
-3.398521687895346397e-12
-2.074338498593150527e-12
-1.257828652090574327e-12
-7.374093870984016265e-13
-4.275657761838392431e-13
-2.689874506027751962e-13
-1.661990604394482939e-08
-1.628153689981949870e-08
-1.471753972953644785e-08
-1.242280644751595195e-08
-9.790750746689445094e-09
-7.149292010750708892e-09
-4.881978059927007692e-09
-3.188901910249566231e-09
-1.997822997328302738e-09
-1.217799636030057205e-09
-7.366688375790999136e-10
-4.437182966849491218e-10
-2.579326395810294851e-10
-1.458635037982815977e-10
-8.748986737809750541e-11
4.762027079722595970e-08
4.625709835128241712e-08
4.148328177933154454e-08
3.474866911534219634e-08
2.716750152699007660e-08
1.967457574631389004e-08
1.334983241732725994e-08
8.680856535477777162e-09
5.418339188842015836e-09
3.299316914628981108e-09
2.002208665451952466e-09
1.210317306051997656e-09
7.059602006438450997e-10
4.033089846071798919e-10
2.471646180417511848e-10
2.989696529395511710e-07
2.955187683656177677e-07
2.693547519025799276e-07
2.291538191971420152e-07
1.820826778142182254e-07
1.340719724635477160e-07
9.213873931272359293e-08
6.045332632709827329e-08
3.801307522786030509e-08
2.319762392525029491e-08
1.399002559111308890e-08
8.396732840324970365e-09
4.864883650769311245e-09
2.723592389629103585e-09
1.597712745993203189e-09
5.009718659484068637e-07
4.960847971418103782e-07
4.529201561593969284e-07
3.859293720742526689e-07
3.071528198635603098e-07
2.265396991648538757e-07
1.558867884649220614e-07
1.023694317048322985e-07
6.441745035928536129e-08
3.932108201971720467e-08
2.370060831670105862e-08
1.421480057274212857e-08
8.230496818758515185e-09
4.598840074525606373e-09
2.685734016314933644e-09
-2.351319721836475782e-13
-2.326035083407767412e-13
-2.121041572644196904e-13
-1.805153609582255041e-13
-1.434725134532266558e-13
-1.056395813458721998e-13
-7.256063288740626335e-14
-4.760025142962616284e-14
-2.991992306777124380e-14
-1.824752928505274349e-14
-1.099870367067251058e-14
-6.603881043701907436e-15
-3.825289752025935545e-15
-2.139987798597878915e-15
-1.254772932480648788e-15
-1.398693639452683269e-09
-1.408723705269603115e-09
-1.306306101755140990e-09
-1.129259144740513548e-09
-9.120595866002285240e-10
-6.827980261994272435e-10
-4.753607198337699934e-10
-3.146075166922333856e-10
-1.992766735531018592e-10
-1.219441868327237507e-10
-7.316678996309629288e-11
-4.360343710076152334e-11
-2.510886363928857268e-11
-1.379264608410089147e-11
-7.730664451415819223e-12
-1.582728150933271368e-08
-1.635542994271656596e-08
-1.554284283488658896e-08
-1.373727381916162279e-08
-1.134583294135945165e-08
-8.694107179027389173e-09
-6.178149779373486852e-09
-4.140787827815537783e-09
-2.652669903545705633e-09
-1.634127425744384411e-09
-9.773830563102541437e-10
-5.763592770685442472e-10
-3.295448331525559623e-10
-1.771421243458270048e-10
-9.314389188308019055e-11
1.396092690182226294e-07
1.427351829944421298e-07
1.342797391472421872e-07
1.176161453705003066e-07
9.627226337094447829e-08
7.309067759363521473e-08
5.151906816840660895e-08
3.435947189790593607e-08
2.191452566801480908e-08
1.346447274961741571e-08
8.062250467092806502e-09
4.773709963664922425e-09
2.736930824442582664e-09
1.483602917133921650e-09
8.004271328279984042e-10
3.327988349974570199e-07
3.415245782118826849e-07
3.224756197475121904e-07
2.833983126194683092e-07
2.327505558613910470e-07
1.773360539824511495e-07
1.254103008584836273e-07
8.381031144313323781e-08
5.355202130510781765e-08
3.294282739170657516e-08
1.972132267307341189e-08
1.165867303627518887e-08
6.677293475251923313e-09
3.608613498389414714e-09
1.928398115085154582e-09
-1.106238671293368834e-17
-1.109032115662498237e-17
-1.023670555955030702e-17
-8.811477315435185097e-18
-7.085009612049790299e-18
-5.278496031110613839e-18
-3.658514520126940969e-18
-2.414774733755713117e-18
-1.525668947640548424e-18
-9.321479582462963095e-19
-5.596544145488953584e-19
-3.343510937185863223e-19
-1.928198873100645957e-19
-1.063951615233771396e-19
-6.039894917685417097e-20
-2.261070140544428729e-11
-2.340326407467012872e-11
-2.228051643165436068e-11
-1.972459068641061612e-11
-1.631827978134426334e-11
-1.252798135241343562e-11
-8.920374873840393627e-12
-5.986077465967475317e-12
-3.839087548014069961e-12
-2.367201401895051650e-12
-1.416220399890595899e-12
-8.344428045494484633e-13
-4.768727936792861185e-13
-2.560366113286767611e-13
-1.340019900100926912e-13
-6.875860410033251669e-09
-7.223793066920996109e-09
-6.980820800796626772e-09
-6.263050338619471191e-09
-5.250508586539231023e-09
-4.087897570432462482e-09
-2.950501695994118377e-09
-1.997089173295831669e-09
-1.290331420816288657e-09
-8.000954704862715040e-10
-4.790409598839204709e-10
-2.807376363300512265e-10
-1.598169100067825291e-10
-8.495905575743032681e-11
-4.287206108315146871e-11
3.251898203480163485e-08
3.411350579157582876e-08
3.291532159940897337e-08
2.948955488324871918e-08
2.468774056530682996e-08
1.919262763651654884e-08
1.383177546641539902e-08
9.352458071238462328e-09
6.037610331533308534e-09
3.741123286782010139e-09
2.239365419648036469e-09
1.312945266867050247e-09
7.477449195835789178e-10
3.978575462196325585e-10
2.014978365240595211e-10
2.078873532878662621e-07
2.201918034410853306e-07
2.145728291240558236e-07
1.939661254773541869e-07
1.638137986660223460e-07
1.285481200615538107e-07
9.351858602325037832e-08
6.364310639719365117e-08
4.129951084448679455e-08
2.570142523226906300e-08
1.540815581828557332e-08
9.008759771224139450e-09
5.117333277272603830e-09
2.707954258345537336e-09
1.340549978051292139e-09
0.000000000000000000e+00
0.000000000000000000e+00
0.000000000000000000e+00
0.000000000000000000e+00
0.000000000000000000e+00
0.000000000000000000e+00
0.000000000000000000e+00
0.000000000000000000e+00
0.000000000000000000e+00
0.000000000000000000e+00
0.000000000000000000e+00
0.000000000000000000e+00
0.000000000000000000e+00
0.000000000000000000e+00
0.000000000000000000e+00
-3.783476194628992163e-14
-4.008303840972428217e-14
-3.906132351121236208e-14
-3.530568748893195339e-14
-2.981277638996540521e-14
-2.338863184740554736e-14
-1.700692177525172664e-14
-1.156650231107274836e-14
-7.503064794250412545e-15
-4.667072270824548885e-15
-2.796450641901360472e-15
-1.634585610912073685e-15
-9.286563065152912222e-16
-4.912960429370058068e-16
-2.431696406634657755e-16
-3.261642088186239854e-10
-3.503204495784737485e-10
-3.462742502127948438e-10
-3.170231279751600284e-10
-2.710417390013080609e-10
-2.154496524145630926e-10
-1.587776208545638218e-10
-1.090325477148333430e-10
-7.124959829055422130e-11
-4.460330674690125606e-11
-2.680605413085397176e-11
-1.562240793668492770e-11
-8.843752613173914353e-12
-4.648507029035696927e-12
-2.232537477998975071e-12
-5.043697284767096616e-09
-5.566797118791238324e-09
-5.660271499306305245e-09
-5.318066253828284999e-09
-4.658412275184334456e-09
-3.797756596545815850e-09
-2.872740071379984847e-09
-2.013921013972028824e-09
-1.334775896342974078e-09
-8.465633447477220437e-10
-5.128987303730929761e-10
-2.982580083877543536e-10
-1.677286563978960518e-10
-8.742117892720073490e-11
-3.998473377643361100e-11
1.093801748882093099e-07
1.193454892936264739e-07
1.199294635688495927e-07
1.114856936476906861e-07
9.670169871663668946e-08
7.804334218816279992e-08
5.842994455974591059e-08
4.063179014001344971e-08
2.678339277679823083e-08
1.690213258465356690e-08
1.020843852670572656e-08
5.940919425722960423e-09
3.349373956079353989e-09
1.751221838407706691e-09
8.162933262157282386e-10
0.000000000000000000e+00
0.000000000000000000e+00
0.000000000000000000e+00
0.000000000000000000e+00
0.000000000000000000e+00
0.000000000000000000e+00
0.000000000000000000e+00
0.000000000000000000e+00
0.000000000000000000e+00
0.000000000000000000e+00
0.000000000000000000e+00
0.000000000000000000e+00
0.000000000000000000e+00
0.000000000000000000e+00
0.000000000000000000e+00
0.000000000000000000e+00
0.000000000000000000e+00
0.000000000000000000e+00
0.000000000000000000e+00
0.000000000000000000e+00
0.000000000000000000e+00
0.000000000000000000e+00
0.000000000000000000e+00
0.000000000000000000e+00
0.000000000000000000e+00
0.000000000000000000e+00
0.000000000000000000e+00
0.000000000000000000e+00
0.000000000000000000e+00
0.000000000000000000e+00
-5.610058151738474518e-13
-6.183354302387324795e-13
-6.279185981571465214e-13
-5.893875529929013938e-13
-5.158329516243752420e-13
-4.201825613472211740e-13
-3.176139962645978913e-13
-2.226059942505185949e-13
-1.474949024237267010e-13
-9.353100241799924624e-14
-5.667179473858458964e-14
-3.296882951960348677e-14
-1.854315501541202823e-14
-9.670365020085124702e-15
-4.433834496585151781e-15
-1.568618554766530528e-09
-1.751217096948673392e-09
-1.802616251898618530e-09
-1.714346125752233484e-09
-1.518506319946543770e-09
-1.252317594619074035e-09
-9.590599716354265084e-10
-6.802521161307846576e-10
-4.540670797305758328e-10
-2.899993686481229746e-10
-1.766994039983082989e-10
-1.029398711701996281e-10
-5.773919353709281640e-11
-3.006248563562200090e-11
-1.356081835721861964e-11
3.514345463711701858e-08
3.954247476360935705e-08
4.104390290035340194e-08
3.936202091361219044e-08
3.513258321838706083e-08
2.920086954629133754e-08
2.254958524197780164e-08
1.612465734048746556e-08
1.081840276985886926e-08
6.942666612527816771e-09
4.247751437148301189e-09
2.479358139494692728e-09
1.389183402850511750e-09
7.231903300715971178e-10
3.239881066310978258e-10
0.000000000000000000e+00
0.000000000000000000e+00
0.000000000000000000e+00
0.000000000000000000e+00
0.000000000000000000e+00
0.000000000000000000e+00
0.000000000000000000e+00
0.000000000000000000e+00
0.000000000000000000e+00
0.000000000000000000e+00
0.000000000000000000e+00
0.000000000000000000e+00
0.000000000000000000e+00
0.000000000000000000e+00
0.000000000000000000e+00
0.000000000000000000e+00
0.000000000000000000e+00
0.000000000000000000e+00
0.000000000000000000e+00
0.000000000000000000e+00
0.000000000000000000e+00
0.000000000000000000e+00
0.000000000000000000e+00
0.000000000000000000e+00
0.000000000000000000e+00
0.000000000000000000e+00
0.000000000000000000e+00
0.000000000000000000e+00
0.000000000000000000e+00
0.000000000000000000e+00
0.000000000000000000e+00
0.000000000000000000e+00
0.000000000000000000e+00
0.000000000000000000e+00
0.000000000000000000e+00
0.000000000000000000e+00
0.000000000000000000e+00
0.000000000000000000e+00
0.000000000000000000e+00
0.000000000000000000e+00
0.000000000000000000e+00
0.000000000000000000e+00
0.000000000000000000e+00
0.000000000000000000e+00
0.000000000000000000e+00
-1.499774395140640548e-12
-1.719987333470338051e-12
-1.821374563563209564e-12
-1.782014792092494981e-12
-1.619353444914783323e-12
-1.370340749013874920e-12
-1.078369978342581081e-12
-7.855306229013717440e-13
-5.332653149394067485e-13
-3.458947132355454166e-13
-2.136282618449232160e-13
-1.253207025686407051e-13
-7.011415964832181936e-14
-3.651772719307301632e-14
-1.617357900569794685e-14
4.132928501112272602e-09
4.809169041503775180e-09
5.170957220983296603e-09
5.139875175073161179e-09
4.739145906408688971e-09
4.068002994833540466e-09
3.249693374442682528e-09
2.404436298278322073e-09
1.650673472671489801e-09
1.080479729841847215e-09
6.731657258790278227e-10
3.974659784508144839e-10
2.227453943997326498e-10
1.162795534445704870e-10
5.152566091814161019e-11
2.121540176665973672e-04
1.560807472847819432e-04
1.085186533457274883e-04
7.271991375877618366e-05
4.751725253412836686e-05
3.045013673843787889e-05
1.953425271445778541e-05
1.277414171478570409e-05
8.492562137509861308e-06
5.625792575829460669e-06
3.725106234010010321e-06
2.515275330124761979e-06
1.760041166300903925e-06
1.259761698797346806e-06
8.873720151636615767e-07
2.905229829514474176e-05
2.367405186860610411e-05
1.792546587196532884e-05
1.274184464205678220e-05
8.604025434070401837e-06
5.577049577180993029e-06
3.514376964450967593e-06
2.198678984657564183e-06
1.411034205421225048e-06
9.227359460404513563e-07
5.936944387865540235e-07
3.801181930824589765e-07
2.526256967115601495e-07
1.811137499304964562e-07
1.377596942559524579e-07
1.870622368665208926e-07
1.597590550712650466e-07
1.268213690125589671e-07
9.409978467317424627e-08
6.553369742056482428e-08
4.335880586283562940e-08
2.767966146879175596e-08
1.723940397398873931e-08
1.076169923460891001e-08
6.907661479049890923e-09
4.413335375678922712e-09
2.767272389548038228e-09
1.760548007051162857e-09
1.202242497659340615e-09
9.064953435882308591e-10
5.310876069357033477e-11
4.696769856123574114e-11
3.860305078922226762e-11
2.964115426671635042e-11
2.125601642449741961e-11
1.432232959320733437e-11
9.274503948170479615e-12
5.810665455281452202e-12
3.585347268562240607e-12
2.251489273033937205e-12
1.428482531844434117e-12
8.852752885170500126e-13
5.462239748337121011e-13
3.557969746386047996e-13
2.598384297897618529e-13
0.000000000000000000e+00
0.000000000000000000e+00
0.000000000000000000e+00
0.000000000000000000e+00
0.000000000000000000e+00
0.000000000000000000e+00
0.000000000000000000e+00
0.000000000000000000e+00
0.000000000000000000e+00
0.000000000000000000e+00
0.000000000000000000e+00
0.000000000000000000e+00
0.000000000000000000e+00
0.000000000000000000e+00
0.000000000000000000e+00
0.000000000000000000e+00
0.000000000000000000e+00
0.000000000000000000e+00
0.000000000000000000e+00
0.000000000000000000e+00
0.000000000000000000e+00
0.000000000000000000e+00
0.000000000000000000e+00
0.000000000000000000e+00
0.000000000000000000e+00
0.000000000000000000e+00
0.000000000000000000e+00
0.000000000000000000e+00
0.000000000000000000e+00
0.000000000000000000e+00
0.000000000000000000e+00
0.000000000000000000e+00
0.000000000000000000e+00
0.000000000000000000e+00
0.000000000000000000e+00
0.000000000000000000e+00
0.000000000000000000e+00
0.000000000000000000e+00
0.000000000000000000e+00
0.000000000000000000e+00
0.000000000000000000e+00
0.000000000000000000e+00
0.000000000000000000e+00
0.000000000000000000e+00
0.000000000000000000e+00
0.000000000000000000e+00
0.000000000000000000e+00
0.000000000000000000e+00
0.000000000000000000e+00
0.000000000000000000e+00
0.000000000000000000e+00
0.000000000000000000e+00
0.000000000000000000e+00
0.000000000000000000e+00
0.000000000000000000e+00
0.000000000000000000e+00
0.000000000000000000e+00
0.000000000000000000e+00
0.000000000000000000e+00
0.000000000000000000e+00
0.000000000000000000e+00
0.000000000000000000e+00
0.000000000000000000e+00
0.000000000000000000e+00
0.000000000000000000e+00
0.000000000000000000e+00
0.000000000000000000e+00
0.000000000000000000e+00
0.000000000000000000e+00
0.000000000000000000e+00
0.000000000000000000e+00
0.000000000000000000e+00
0.000000000000000000e+00
0.000000000000000000e+00
0.000000000000000000e+00
0.000000000000000000e+00
0.000000000000000000e+00
0.000000000000000000e+00
0.000000000000000000e+00
0.000000000000000000e+00
0.000000000000000000e+00
0.000000000000000000e+00
0.000000000000000000e+00
0.000000000000000000e+00
0.000000000000000000e+00
0.000000000000000000e+00
0.000000000000000000e+00
0.000000000000000000e+00
0.000000000000000000e+00
0.000000000000000000e+00
1.148805590356144832e-04
9.757943639024850384e-05
7.705315906185138662e-05
5.691155540475685136e-05
3.951550901122298596e-05
2.609408494666022490e-05
1.663821535317289499e-05
1.036885528945497514e-05
6.492458823901860029e-06
4.174724789135449096e-06
2.668731454098668250e-06
1.677036828397548318e-06
1.072025945987249993e-06
7.360523589556279781e-07
5.553042046666263705e-07
2.435810863736656502e-05
2.147467994730541444e-05
1.759785908124216313e-05
1.347530650494406423e-05
9.643000504405505131e-06
6.490732839899879937e-06
4.199351365171334067e-06
2.630565922923863607e-06
1.625112326011752945e-06
1.022311500381395155e-06
6.487041174481483348e-07
4.023883838484987934e-07
2.489053866844834750e-07
1.627399419854321068e-07
1.190948749228801038e-07
3.959218181225680942e-07
3.598526393275635494e-07
3.037077437729223054e-07
2.395573856752434946e-07
1.762442728120903571e-07
1.209557348319966062e-07
7.935386766649832119e-08
5.017953596650898662e-08
3.091242588483058710e-08
1.911636907435651836e-08
1.200011384454153504e-08
7.380099180596275884e-09
4.460001109668093869e-09
2.789758818175139694e-09
1.954993375497122653e-09
2.579610904394063573e-10
2.414136215741239227e-10
2.093635044935273554e-10
1.697056030556053582e-10
1.282781391733233029e-10
9.001023376455156948e-11
5.988295734614022705e-11
3.830628220353507982e-11
2.367357389462202294e-11
1.448248236654567823e-11
8.958662672391490832e-12
5.470331426788945077e-12
3.246951477362872577e-12
1.947479465805774196e-12
1.293615705171061273e-12
7.934120528687963768e-17
7.588072775368697271e-17
6.710674282275990235e-17
5.545466276912546787e-17
4.275022897185297344e-17
3.053839657952995833e-17
2.053852976879598028e-17
1.326053901214124175e-17
8.236007356787886437e-18
5.018216383367782249e-18
3.068642396616372211e-18
1.863736932896332869e-18
1.094395908114640743e-18
6.375747931630759979e-19
4.048448969993878216e-19
0.000000000000000000e+00
0.000000000000000000e+00
0.000000000000000000e+00
0.000000000000000000e+00
0.000000000000000000e+00
0.000000000000000000e+00
0.000000000000000000e+00
0.000000000000000000e+00
0.000000000000000000e+00
0.000000000000000000e+00
0.000000000000000000e+00
0.000000000000000000e+00
0.000000000000000000e+00
0.000000000000000000e+00
0.000000000000000000e+00
0.000000000000000000e+00
0.000000000000000000e+00
0.000000000000000000e+00
0.000000000000000000e+00
0.000000000000000000e+00
0.000000000000000000e+00
0.000000000000000000e+00
0.000000000000000000e+00
0.000000000000000000e+00
0.000000000000000000e+00
0.000000000000000000e+00
0.000000000000000000e+00
0.000000000000000000e+00
0.000000000000000000e+00
0.000000000000000000e+00
0.000000000000000000e+00
0.000000000000000000e+00
0.000000000000000000e+00
0.000000000000000000e+00
0.000000000000000000e+00
0.000000000000000000e+00
0.000000000000000000e+00
0.000000000000000000e+00
0.000000000000000000e+00
0.000000000000000000e+00
0.000000000000000000e+00
0.000000000000000000e+00
0.000000000000000000e+00
0.000000000000000000e+00
0.000000000000000000e+00
0.000000000000000000e+00
0.000000000000000000e+00
0.000000000000000000e+00
0.000000000000000000e+00
0.000000000000000000e+00
0.000000000000000000e+00
0.000000000000000000e+00
0.000000000000000000e+00
0.000000000000000000e+00
0.000000000000000000e+00
0.000000000000000000e+00
0.000000000000000000e+00
0.000000000000000000e+00
0.000000000000000000e+00
0.000000000000000000e+00
6.729316471451663785e-05
6.094290432335480712e-05
5.126016801160940652e-05
4.029789222111072465e-05
2.955696236692873112e-05
2.024306304874673746e-05
1.326104606775993688e-05
8.377350594456406518e-06
5.162313022563877157e-06
3.198332255025843558e-06
2.009981161995866780e-06
1.237264723523982029e-06
7.496221389719531926e-07
4.712499251021113906e-07
3.319229441362246651e-07
1.627033265633026892e-05
1.512625969277583583e-05
1.303924156742524626e-05
1.050649211630858247e-05
7.895018327065561088e-06
5.512745502142161626e-06
3.656675488905939101e-06
2.333271291037678467e-06
1.440767074061526809e-06
8.832419270849863248e-07
5.481523097259920513e-07
3.352077776492989073e-07
1.997053119635426638e-07
1.208790217497310731e-07
8.128910908650497932e-08
2.884542976754392017e-07
2.751941722963488341e-07
2.428620454292384448e-07
2.002900182301118406e-07
1.541067793663917086e-07
1.099150018710773197e-07
7.386685453215665018e-08
4.765688018625993384e-08
2.959289408139480884e-08
1.804325848293690461e-08
1.104600240171097931e-08
6.710716840263355023e-09
3.944876455228581598e-09
2.305086563825669313e-09
1.470033011758331322e-09
2.145023658330322151e-10
2.098467401369612924e-10
1.894215898450468186e-10
1.596668891411523327e-10
1.256469447535920085e-10
9.159056298612273898e-11
6.244708548947867868e-11
4.074959141719105379e-11
2.550486221015160768e-11
1.553834891476303701e-11
9.403237719454914112e-12
5.669059573863189524e-12
3.297259078525289784e-12
1.867802795867448249e-12
1.125102243802455898e-12
0.000000000000000000e+00
0.000000000000000000e+00
0.000000000000000000e+00
0.000000000000000000e+00
0.000000000000000000e+00
0.000000000000000000e+00
0.000000000000000000e+00
0.000000000000000000e+00
0.000000000000000000e+00
0.000000000000000000e+00
0.000000000000000000e+00
0.000000000000000000e+00
0.000000000000000000e+00
0.000000000000000000e+00
0.000000000000000000e+00
0.000000000000000000e+00
0.000000000000000000e+00
0.000000000000000000e+00
0.000000000000000000e+00
0.000000000000000000e+00
0.000000000000000000e+00
0.000000000000000000e+00
0.000000000000000000e+00
0.000000000000000000e+00
0.000000000000000000e+00
0.000000000000000000e+00
0.000000000000000000e+00
0.000000000000000000e+00
0.000000000000000000e+00
0.000000000000000000e+00
0.000000000000000000e+00
0.000000000000000000e+00
0.000000000000000000e+00
0.000000000000000000e+00
0.000000000000000000e+00
0.000000000000000000e+00
0.000000000000000000e+00
0.000000000000000000e+00
0.000000000000000000e+00
0.000000000000000000e+00
0.000000000000000000e+00
0.000000000000000000e+00
0.000000000000000000e+00
0.000000000000000000e+00
0.000000000000000000e+00
0.000000000000000000e+00
0.000000000000000000e+00
0.000000000000000000e+00
0.000000000000000000e+00
0.000000000000000000e+00
0.000000000000000000e+00
0.000000000000000000e+00
0.000000000000000000e+00
0.000000000000000000e+00
0.000000000000000000e+00
0.000000000000000000e+00
0.000000000000000000e+00
0.000000000000000000e+00
0.000000000000000000e+00
0.000000000000000000e+00
4.057331886930555921e-05
3.858234156618269072e-05
3.395120477858782525e-05
2.792139201831202034e-05
2.142301199778898400e-05
1.524179728204727418e-05
1.022795397789802557e-05
6.590525048565259878e-06
4.089834149256591159e-06
2.495162537017896749e-06
1.529963779583823355e-06
9.301623220942985019e-07
5.476302904439470480e-07
3.213321803486661833e-07
2.062678403026230409e-07
1.016908132377997407e-05
9.891415414050827140e-06
8.883186551795496869e-06
7.451430793622820499e-06
5.834667914665127207e-06
4.232744125626673108e-06
2.876659730208906441e-06
1.872507892238591718e-06
1.169903703017380480e-06
7.127589755498424632e-07
4.323741370344538840e-07
2.611173120657297451e-07
1.522122364580881986e-07
8.680346316303891188e-08
5.297152068559819381e-08
1.881789259249127825e-07
1.871127976842323620e-07
1.714321309510954624e-07
1.465504965078469130e-07
1.170122032979759580e-07
8.656169867642635779e-08
5.967424050267053053e-08
3.924392832472796805e-08
2.471917599210265627e-08
1.508714178183164975e-08
9.079714632250021032e-09
5.440563760169114881e-09
3.145871116081706277e-09
1.750308095324483536e-09
1.013332987033677939e-09
9.973270701392115863e-11
1.013881272587995551e-10
9.483557669971780358e-11
8.263178577350891408e-11
6.727363685344343808e-11
5.077851796507769678e-11
3.559323024051142930e-11
2.365728804701714041e-11
1.504156682092883622e-11
9.221638651949080570e-12
5.522906290335026868e-12
3.279129629218160448e-12
1.883238304880741025e-12
1.025779671291233246e-12
5.619745582577663490e-13
0.000000000000000000e+00
0.000000000000000000e+00
0.000000000000000000e+00
0.000000000000000000e+00
0.000000000000000000e+00
0.000000000000000000e+00
0.000000000000000000e+00
0.000000000000000000e+00
0.000000000000000000e+00
0.000000000000000000e+00
0.000000000000000000e+00
0.000000000000000000e+00
0.000000000000000000e+00
0.000000000000000000e+00
0.000000000000000000e+00
0.000000000000000000e+00
0.000000000000000000e+00
0.000000000000000000e+00
0.000000000000000000e+00
0.000000000000000000e+00
0.000000000000000000e+00
0.000000000000000000e+00
0.000000000000000000e+00
0.000000000000000000e+00
0.000000000000000000e+00
0.000000000000000000e+00
0.000000000000000000e+00
0.000000000000000000e+00
0.000000000000000000e+00
0.000000000000000000e+00
0.000000000000000000e+00
0.000000000000000000e+00
0.000000000000000000e+00
0.000000000000000000e+00
0.000000000000000000e+00
0.000000000000000000e+00
0.000000000000000000e+00
0.000000000000000000e+00
0.000000000000000000e+00
0.000000000000000000e+00
0.000000000000000000e+00
0.000000000000000000e+00
0.000000000000000000e+00
0.000000000000000000e+00
0.000000000000000000e+00
2.564148304763819196e-05
2.542376471244207190e-05
2.323408420188528644e-05
1.981491120873464333e-05
1.578308807332646848e-05
1.164803905580854040e-05
8.016243751249125521e-06
5.265361669894967594e-06
3.313376473549015845e-06
2.021840993746959188e-06
1.217916063304039884e-06
7.304530972443641785e-07
4.227695919522309636e-07
2.359223778561054420e-07
1.374927262787172081e-07
6.360396228633730139e-06
6.428259407556458041e-06
5.980014195492937026e-06
5.184662310147346848e-06
4.199867846581370223e-06
3.153689267413386072e-06
2.200974228313192847e-06
1.458946410814240621e-06
9.253793383773118580e-07
5.666249342248866440e-07
3.397183972022844206e-07
2.021810718359204790e-07
1.163068840981569836e-07
6.368338933920607991e-08
3.539454618945702514e-08
9.234126017636856134e-08
9.514949708187988591e-08
9.017797148087472835e-08
7.951046841113359861e-08
6.551235268253178133e-08
5.007778777199862801e-08
3.550913946948733247e-08
2.376708018737551598e-08
1.520774370415100303e-08
9.361607630396985366e-09
5.600534980651045891e-09
3.305963238900038781e-09
1.891644095408510628e-09
1.019043372576356534e-09
5.394887033505795102e-10
1.767864740356632309e-11
1.858504699784281731e-11
1.796915838690509358e-11
1.612764103813196510e-11
1.352498529905430902e-11
1.053332888063773152e-11
7.603654247362370885e-12
5.146253095900994504e-12
3.325087622708441277e-12
2.061570757894355391e-12
1.233981056251070895e-12
7.229601475338318542e-13
4.115485030945357746e-13
2.186825976507607835e-13
1.102173477367520235e-13
0.000000000000000000e+00
0.000000000000000000e+00
0.000000000000000000e+00
0.000000000000000000e+00
0.000000000000000000e+00
0.000000000000000000e+00
0.000000000000000000e+00
0.000000000000000000e+00
0.000000000000000000e+00
0.000000000000000000e+00
0.000000000000000000e+00
0.000000000000000000e+00
0.000000000000000000e+00
0.000000000000000000e+00
0.000000000000000000e+00
0.000000000000000000e+00
0.000000000000000000e+00
0.000000000000000000e+00
0.000000000000000000e+00
0.000000000000000000e+00
0.000000000000000000e+00
0.000000000000000000e+00
0.000000000000000000e+00
0.000000000000000000e+00
0.000000000000000000e+00
0.000000000000000000e+00
0.000000000000000000e+00
0.000000000000000000e+00
0.000000000000000000e+00
0.000000000000000000e+00
1.628967899227388058e-05
1.674037051339307403e-05
1.582547812968710307e-05
1.392198592327217258e-05
1.144519547022730976e-05
8.728372649387649220e-06
6.176372020647175099e-06
4.128917643498423961e-06
2.639016737711843628e-06
1.623431578226986598e-06
9.714676417780245068e-07
5.740548003263909941e-07
3.286879429943936642e-07
1.774336128966616081e-07
9.454252274131296659e-08
3.747387329424188164e-06
3.916603160544903429e-06
3.764868819660728282e-06
3.361739734697717840e-06
2.805029762179717523e-06
2.172999211785864873e-06
1.560616137923288277e-06
1.052873657957992525e-06
6.784113525742383952e-07
4.197443104997629278e-07
2.511691028552136610e-07
1.474506787549113756e-07
8.405648605513011659e-08
4.482928111591333293e-08
2.290979629458680526e-08
3.051788411593800370e-08
3.246175292461068663e-08
3.176576943671513674e-08
2.881884453999501301e-08
2.442362413286401658e-08
1.923468436123737864e-08
1.404106012746971930e-08
9.575421598609512802e-09
6.224754891409202369e-09
3.878985443210795036e-09
2.325991237919392079e-09
1.358208515841395204e-09
7.708275898277234367e-10
4.069552314167259956e-10
1.995895750774971034e-10
1.569130468496899360e-13
1.703563404605506994e-13
1.702673226284623404e-13
1.574500771470551137e-13
1.358955445113054853e-13
1.090996001759234599e-13
8.122035543968690970e-14
5.619587299043173690e-14
3.692341822249420334e-14
2.322763678950087221e-14
1.399624523636501361e-14
8.143667011237885070e-15
4.597991320129735428e-15
2.406851099271325485e-15
1.131607775739164707e-15
0.000000000000000000e+00
0.000000000000000000e+00
0.000000000000000000e+00
0.000000000000000000e+00
0.000000000000000000e+00
0.000000000000000000e+00
0.000000000000000000e+00
0.000000000000000000e+00
0.000000000000000000e+00
0.000000000000000000e+00
0.000000000000000000e+00
0.000000000000000000e+00
0.000000000000000000e+00
0.000000000000000000e+00
0.000000000000000000e+00
1.026663112372207147e-05
1.089174003100640727e-05
1.062996957698938238e-05
9.621367890653824835e-06
8.135635625348886554e-06
6.392088299941701772e-06
4.655374923972578602e-06
3.170001329513056949e-06
2.058211093450253015e-06
1.281315643442434543e-06
7.680998025868629912e-07
4.488444743780766677e-07
2.548892560933623297e-07
1.347555944257743743e-07
6.647956962023899747e-08
1.867080442672972629e-06
2.011546960313648485e-06
1.994622165816626339e-06
1.831323226406150306e-06
1.569951997037807571e-06
1.251493861432368042e-06
9.249619437760418978e-07
6.365015398762140126e-07
4.165817515908832367e-07
2.611426762952493617e-07
1.570508990513352247e-07
9.147781538860393040e-08
5.174618727190209809e-08
2.716432890914554199e-08
1.296422335398255739e-08
2.288525297041748916e-09
2.512137269792107189e-09
2.540117571943000775e-09
2.374500204902677654e-09
2.070312058607642168e-09
1.679791641260081360e-09
1.264491958241064005e-09
8.830241581578220809e-10
5.837353305037949442e-10
3.693439240180015742e-10
2.234269911404744732e-10
1.299575639923980023e-10
7.316761078402689189e-11
3.818776004481143577e-11
1.761726529714934924e-11
0.000000000000000000e+00
0.000000000000000000e+00
0.000000000000000000e+00
0.000000000000000000e+00
0.000000000000000000e+00
0.000000000000000000e+00
0.000000000000000000e+00
0.000000000000000000e+00
0.000000000000000000e+00
0.000000000000000000e+00
0.000000000000000000e+00
0.000000000000000000e+00
0.000000000000000000e+00
0.000000000000000000e+00
0.000000000000000000e+00
5.733248178372169838e-06
6.271110117779946394e-06
6.317725660757433802e-06
5.886115049677603615e-06
5.116213133081428164e-06
4.137907994619972004e-06
3.104689386871116144e-06
2.162446118308265827e-06
1.427027446200711114e-06
9.014583777542337800e-07
5.447621449138946154e-07
3.169367571467806649e-07
1.785855813371232925e-07
9.329919304850765039e-08
4.329957321520200492e-08
6.727805690871501273e-07
7.480555826376861115e-07
7.666984213289662019e-07
7.260626116598356216e-07
6.406321841442353324e-07
5.262308995053236567e-07
4.013005620664843578e-07
2.835011491618115128e-07
1.887693960030251996e-07
1.202754363437094562e-07
7.314224933998405377e-08
4.258113511603930106e-08
2.390229500213254040e-08
1.244889562258882119e-08
5.640906970829681655e-09
6.075076825072752902e-12
6.905186532370848512e-12
7.243679042291920638e-12
7.019359953971202095e-12
6.323395863504251316e-12
5.304824020587601224e-12
4.136457977592471654e-12
2.985313358705286576e-12
2.014224403576912327e-12
1.299471308920153014e-12
7.986048468571672713e-13
4.670322214866648046e-13
2.613224050492173537e-13
1.360021946851337715e-13
6.042943823938241774e-14
2.624139374157857186e-06
2.964821798383494649e-06
3.090705621540374691e-06
2.976589624325937497e-06
2.666807926352562412e-06
2.224998476135065606e-06
1.725044905388329189e-06
1.238183595251628877e-06
8.326383810121162505e-07
5.355011429708280938e-07
3.282288774717766235e-07
1.917237862888310300e-07
1.073587413469203716e-07
5.587990859726775171e-08
2.494370882370164420e-08
1.360907713239563672e-07
1.568536436406603691e-07
1.669715831270170545e-07
1.642419672693218369e-07
1.499771405093066954e-07
1.275247539445773701e-07
1.008613089606049492e-07
7.385142221571928005e-08
5.031080217616301665e-08
3.273079178589110475e-08
2.027131314406366528e-08
1.191432134806519382e-08
6.667151257552189251e-09
3.474499003000233338e-09
1.537500832383894294e-09
6.119186705919708747e-07
7.180074233106817102e-07
7.787623199378231941e-07
7.811916497820483897e-07
7.265976710826714514e-07
6.289724955716642281e-07
5.069024435134455785e-07
3.785868506055113084e-07
2.618828818060461694e-07
1.723926233928298293e-07
1.080110285032242154e-07
6.408581434752631155e-08
3.601057802091761939e-08
1.884938473512748942e-08
8.399900360884351477e-09
