# lsst_theory
2.519324328089819105e-09
1.700057006998567846e-09
1.125412462977191710e-09
7.478713898065523488e-10
5.031269580501617966e-10
3.392961689502607630e-10
2.325343041554088585e-10
1.604240971854315143e-10
1.099479532324105521e-10
7.376345789827675822e-11
4.776375434236358087e-11
2.960138048072716865e-11
1.758080836779386217e-11
1.004367584608359454e-11
5.549831307576294183e-12
4.221948116629876124e-09
2.845459082402441711e-09
1.874851133959649757e-09
1.216278738418856288e-09
7.976390887543902064e-10
5.355905336325632378e-10
3.651747709550939013e-10
2.545237757431884655e-10
1.780844677908836889e-10
1.226346296129988633e-10
8.143148599181225783e-11
5.131205707442752084e-11
3.053120503151748880e-11
1.720742893267554068e-11
9.289443419011707144e-12
4.295044316730479603e-09
2.840520562919657679e-09
1.842731989756382156e-09
1.170812563925533292e-09
7.517408955607093282e-10
5.063052591975838936e-10
3.469266016301345134e-10
2.454991311479110875e-10
1.743841101352153670e-10
1.214676301139647672e-10
8.101470131883164195e-11
5.075370956860534374e-11
2.962881846715981019e-11
1.615216027050207402e-11
8.343200576075454916e-12
4.362124706832854805e-09
2.857848632712869418e-09
1.839119420392182515e-09
1.155350005434378666e-09
7.331099124217545432e-10
4.944431255505546282e-10
3.397336790438914282e-10
2.423944768797838726e-10
1.736051783033313995e-10
1.216876326113707143e-10
8.137644762126540364e-11
5.084390649735669789e-11
2.939064539817505776e-11
1.573256225596487154e-11
7.919013286059608426e-12
4.420302141933527803e-09
2.873088392705304652e-09
1.836209173467379243e-09
1.142130937268900371e-09
7.171542209841692884e-10
4.842984466555031202e-10
3.335827283899098551e-10
2.397543531197074051e-10
1.729577191292339924e-10
1.218935102339347443e-10
8.169927635538752136e-11
5.092848425060169103e-11
2.918861813771060048e-11
1.537161137496297211e-11
7.553126512470593642e-12
1.422587279966373151e-08
1.032708791903309369e-08
7.259872463679310814e-09
4.982475618349360543e-09
3.311897047120792323e-09
2.163974498172460770e-09
1.419026039537049499e-09
9.428212665323398913e-10
6.384416454280956492e-10
4.386955630912432420e-10
3.013556182380785269e-10
2.031800607033177593e-10
1.324557085245177901e-10
8.252254214509302113e-11
4.895313801958678874e-11
1.787783169763275530e-08
1.312407548435654704e-08
9.292342282689880521e-09
6.434446411960717262e-09
4.302677506940651976e-09
2.789736011920689534e-09
1.825923272050048164e-09
1.201654811545848575e-09
8.089717569213784462e-10
5.546190412338683631e-10
3.821332597167025287e-10
2.598100520285946611e-10
1.714527280890149845e-10
1.082469513525931729e-10
6.495068418071222260e-11
1.980268843721904656e-08
1.455391828394980554e-08
1.030328685564855928e-08
7.143527384511116690e-09
4.776612820576568730e-09
3.078632328194779214e-09
2.012563613506489423e-09
1.320086024898307773e-09
8.884800377436609679e-10
6.098777009299301531e-10
4.214953509845191112e-10
2.878265496658201845e-10
1.908226519718788311e-10
1.209109107182417993e-10
7.265577822398067378e-11
2.148513580816181138e-08
1.580880828202223813e-08
1.119398345161209365e-08
7.769736578424507301e-09
5.196240447487299485e-09
3.335979098455211684e-09
2.178853347302333664e-09
1.425732410644466321e-09
9.591917268626792233e-10
6.588639457383143595e-10
4.562774498838244103e-10
3.125264541229363974e-10
2.078865739622105820e-10
1.320794342502937582e-10
7.947188808948516345e-11
2.699673364590415111e-08
2.082469894766590015e-08
1.526029691931707871e-08
1.085729331320062143e-08
7.498825756916840994e-09
4.954751614702888651e-09
3.210455032280586666e-09
2.086805957924091765e-09
1.371285775110951002e-09
9.185202852689806025e-10
6.241928314041922205e-10
4.248771448262411841e-10
2.854345325044665097e-10
1.861358852857938606e-10
1.163848825600252794e-10
3.241757093425455837e-08
2.543650475641879072e-08
1.885533228902175567e-08
1.352018916741610536e-08
9.421943560898292474e-09
6.273149548027096335e-09
4.045383046258899990e-09
2.625902432572374199e-09
1.710919059340920967e-09
1.137760915923721948e-09
7.696995717286529906e-10
5.238901291036747370e-10
3.537444575386646602e-10
2.328831006807012797e-10
1.473843925702994808e-10
3.692317094703504708e-08
2.923421866056915136e-08
2.178527841675943915e-08
1.567249273106415533e-08
1.096880760784105053e-08
7.326245723133967277e-09
4.704527246548927665e-09
3.051952190479978610e-09
1.978693240880300370e-09
1.311541318533651436e-09
8.859130873035459964e-10
6.035820121780865539e-10
4.090449474692135589e-10
2.708207336796204623e-10
1.725032229928440652e-10
4.268800304220218819e-08
3.487736791638213837e-08
2.675621877371937851e-08
1.964510496635478785e-08
1.395540428856170486e-08
9.529589741914520333e-09
6.221179189156653928e-09
4.009234047548329172e-09
2.582286677540612002e-09
1.686377754288398594e-09
1.119960534280378233e-09
7.529610048736125752e-10
5.074510585181754231e-10
3.374341144274476768e-10
2.180610720067678555e-10
5.163744997005491595e-08
4.313914375286160687e-08
3.371021087133626427e-08
2.506231206681689360e-08
1.796913983495015620e-08
1.241229336039974705e-08
8.167537183983568607e-09
5.236427916059362143e-09
3.362041899564291597e-09
2.175741339383050182e-09
1.431241422853717309e-09
9.558454009828613231e-10
6.431844155776587550e-10
4.295685375847171970e-10
2.803196175337087700e-10
6.827581931354774839e-08
5.964453081141830031e-08
4.872132832519812548e-08
3.757428777515966554e-08
2.764012617593956115e-08
1.952786914702115557e-08
1.325706142099322413e-08
8.574984199506352456e-09
5.477219199746810341e-09
3.488374441124374560e-09
2.243684341128884141e-09
1.463358613424741575e-09
9.672980582284705037e-10
6.416163845355609665e-10
4.213257394027390762e-10
5.012508262950124670e-07
3.481386407486132071e-07
2.337502578861486553e-07
1.530195784968880367e-07
1.005281194601160329e-07
6.625856618466846736e-08
4.457991199919464825e-08
3.072106462294203794e-08
2.151589294594541907e-08
1.502202510400022576e-08
1.021848385493993300e-08
6.644566795656243151e-09
4.098806710758693635e-09
2.400191184987138961e-09
1.344523237451407093e-09
1.575501448837982775e-06
1.135745672026492715e-06
7.955825503183591000e-07
5.365364029183370113e-07
3.497858552092658520e-07
2.281781994798860935e-07
1.490929911342578629e-07
9.962842731365670828e-08
6.840935094772539148e-08
4.782219505002967905e-08
3.334370096835071118e-08
2.264001401047815894e-08
1.470478640797738415e-08
9.045254429771013712e-09
5.276707284144533401e-09
1.884557282529532993e-06
1.364510050850140767e-06
9.605886159685612701e-07
6.506620949834189136e-07
4.240569801980426594e-07
2.764220728633654713e-07
1.800405003083431572e-07
1.198585402435269093e-07
8.205349746352782509e-08
5.731796774583482759e-08
4.004991260761116664e-08
2.731807352444058854e-08
1.784620747685909769e-08
1.103980610175134583e-08
6.470350241184708266e-09
2.067305761558864427e-06
1.499735473033640387e-06
1.058104207448039129e-06
7.180789254016138427e-07
4.679165807658022813e-07
3.049135683968457564e-07
1.983189076790318211e-07
1.318093792176127806e-07
9.011610056623951670e-08
6.293070604838550154e-08
4.401423708083975150e-08
3.008313580006660365e-08
1.970240411507327036e-08
1.221784005253568751e-08
7.175052682133052608e-09
2.225197416000382267e-06
1.616567987041361604e-06
1.142355433333180274e-06
7.763263930088507621e-07
5.058108374192258478e-07
3.295298902208372502e-07
2.141112487337942543e-07
1.421347824284124285e-07
9.708210140568095530e-08
6.778005580294489867e-08
4.743936636194860969e-08
3.247209856437266550e-08
2.130611578834996793e-08
1.323563739875739978e-08
7.783904454095401555e-09
-7.568280306900666600e-08
-6.290695737259351288e-08
-4.742051290213085381e-08
-3.570474526743965081e-08
-2.601492530842063183e-08
-1.635154993698401635e-08
-1.066808725141438669e-08
-6.692229138527187604e-09
-4.225341545180372902e-09
-2.746895999287433184e-09
-1.856922595162387667e-09
-1.300313602142884107e-09
-9.237179967475151550e-10
-6.421730263199234169e-10
-4.229621950500164706e-10
6.209128796713056727e-07
4.968266029300835663e-07
3.719667838135137278e-07
2.774871446993141547e-07
1.935622921092848759e-07
1.235480819108722504e-07
7.928317594483286240e-08
5.006644719209771537e-08
3.202300609152772358e-08
2.117902272201225834e-08
1.455690284455467223e-08
1.027954547494026137e-08
7.263769271126894915e-09
4.960691936204404953e-09
3.193102973000968933e-09
1.090556339055421472e-06
8.838707973267727830e-07
6.643472273968141199e-07
4.963402221362200710e-07
3.508835306546139777e-07
2.237676845484476271e-07
1.444329680931891322e-07
9.092486040588059613e-08
5.792351210932232026e-08
3.809027380665318262e-08
2.602680589891849913e-08
1.831109924750640815e-08
1.294500109064876764e-08
8.884325096354386487e-09
5.762573895176182818e-09
1.346744563914074688e-06
1.094449590697666262e-06
8.232946633136279609e-07
6.152896079621464748e-07
4.361720647896072272e-07
2.781104262673279958e-07
1.797117714826468424e-07
1.130651111064300795e-07
7.196946785885387511e-08
4.727130556597915167e-08
3.226089960349747307e-08
2.267971972440407825e-08
1.603505847520475633e-08
1.101639169771326413e-08
7.156738101673197011e-09
1.568060813635307438e-06
1.276363263395821468e-06
9.606043935671541104e-07
7.180453394846145292e-07
5.098495810998650172e-07
3.250543765492696395e-07
2.101874932699135765e-07
1.321910473863825566e-07
8.410313867572363701e-08
5.520242556812111127e-08
3.764631525568918660e-08
2.645364228688428374e-08
1.870447424695530010e-08
1.285821742750856282e-08
8.361103092001273659e-09
-3.503326643605228218e-08
-3.098157373490587424e-08
-2.418157644849230044e-08
-1.811958790568515821e-08
-1.364885767246610180e-08
-9.020937714265785317e-09
-5.889706700418115093e-09
-3.653695044485784475e-09
-2.289627658038469391e-09
-1.458812580182468150e-09
-9.605088867916222539e-10
-6.568882904746541501e-10
-4.619737447095218202e-10
-3.245183524907769716e-10
-2.198656236374636105e-10
1.076125895876505115e-07
9.327166285594220636e-08
7.162151852069202699e-08
5.354398799564179285e-08
4.020282338313458077e-08
2.578537338675397521e-08
1.711942235308290621e-08
1.051694038481186380e-08
6.601792262930215299e-09
4.234927033508424302e-09
2.815316842291473661e-09
1.943995421215372106e-09
1.375204236565256412e-09
9.652424944710230829e-10
6.487807832162391782e-10
5.909997361127174602e-07
5.341626353054971393e-07
4.243646378748970046e-07
3.187239795263229460e-07
2.406142547133316103e-07
1.642232727436207940e-07
1.051600210539705109e-07
6.589482160449874235e-08
4.126320269866907341e-08
2.612826966272341908e-08
1.703844557119816982e-08
1.153736585924489908e-08
8.063309546170546886e-09
5.667815890841943377e-09
3.871387064225830356e-09
8.542919568074120912e-07
7.751455802111374244e-07
6.178389393754242142e-07
4.643198404050143292e-07
3.506058353825866968e-07
2.405983841408900985e-07
1.536053286664078333e-07
9.647282787856708470e-08
6.038616344727064366e-08
3.819048913677883422e-08
2.486159388051053865e-08
1.680426526144562085e-08
1.173002585319132132e-08
8.245112509852961708e-09
5.639367999347085581e-09
1.079852048140658439e-06
9.814977069795421305e-07
7.834367317767791144e-07
5.889208114623052746e-07
4.447383800301352589e-07
3.059197662283110876e-07
1.950512836809204275e-07
1.226216603941299446e-07
7.674108504607807887e-08
4.850861381550121292e-08
3.155505484242798415e-08
2.131169940258289726e-08
1.486859794107766336e-08
1.045127777090371148e-08
7.152552357587350566e-09
-2.789674785214372189e-09
-2.634708589903617762e-09
-2.173165066413270018e-09
-1.644679260435629875e-09
-1.242034640182810732e-09
-8.991566729198115722e-10
-5.568883665710649471e-10
-3.588284953961816250e-10
-2.235931757017951061e-10
-1.397782838832320819e-10
-8.950275809561512881e-11
-5.941740593580866671e-11
-4.095340060161323797e-11
-2.875973157373432357e-11
-1.992211383702923731e-11
-3.520355015168477845e-08
-3.506797779594626868e-08
-3.062331952625204243e-08
-2.380129682744697553e-08
-1.782598699845172247e-08
-1.357820838658446833e-08
-8.523436743848878877e-09
-5.711347335838543540e-09
-3.489990209488484089e-09
-2.141425892468169853e-09
-1.339147338443603856e-09
-8.641800237148255250e-10
-5.806386586917091192e-10
-4.028226525030475282e-10
-2.813839388217998030e-10
2.546882785895342033e-07
2.479012931073987169e-07
2.112103906888837518e-07
1.622148177870883444e-07
1.219102081864879332e-07
9.105649170449737880e-08
5.664052515735445697e-08
3.743914100778941810e-08
2.305949542794157278e-08
1.424813909639640183e-08
8.996613360775692851e-09
5.874849752342381684e-09
3.990744318985132133e-09
2.784031226978100204e-09
1.938702520852145329e-09
5.203714724230989787e-07
5.104567678316605744e-07
4.388712971252006860e-07
3.388911079953898461e-07
2.544455369806123841e-07
1.910431297513796509e-07
1.198801540803692802e-07
7.930983081618397310e-08
4.871727247225103646e-08
3.006253740079829286e-08
1.891594003424752018e-08
1.229511133908765651e-08
8.314530170989698403e-09
5.784877514912249142e-09
4.030394014687133796e-09
7.341847835064208422e-07
7.215029658008131693e-07
6.216211643574862493e-07
4.806022861899199635e-07
3.607674619341518428e-07
2.711946719873329817e-07
1.705085944224656942e-07
1.128258989314120082e-07
6.926438758921581657e-08
4.272911492626407986e-08
2.686491867670282357e-08
1.744349887943931213e-08
1.178402554230226934e-08
8.193775496665059255e-09
5.709356188064234831e-09
-5.226673952632224985e-11
-5.214977997701539521e-11
-4.568663321661645040e-11
-3.563405803738931391e-11
-2.668748911830856213e-11
-2.028855844313703922e-11
-1.288868510031401246e-11
-8.589150723899960881e-12
-5.242993918495738996e-12
-3.221318789619512548e-12
-2.012128267351890120e-12
-1.296071925166097150e-12
-8.689543592071458892e-13
-6.016782646437797432e-13
-4.199031568522835755e-13
-1.636076532745947112e-08
-1.677355603787937885e-08
-1.519934877996707323e-08
-1.216030756764715784e-08
-9.111875389062256060e-09
-6.956078346551928764e-09
-4.677898206102738787e-09
-3.028406398690605742e-09
-1.848311554203107639e-09
-1.140849365384542214e-09
-7.067159476434321942e-10
-4.479037781991389978e-10
-2.949153952572239724e-10
-2.014712303672772417e-10
-1.402173157769569095e-10
4.711986941015713848e-08
4.781178399559611909e-08
4.273072389469097313e-08
3.376262700662882644e-08
2.523016531199415497e-08
1.929776983429660017e-08
1.262551810792999221e-08
8.331075030586010033e-09
5.036908416019829532e-09
3.106675888200940444e-09
1.930930582896211376e-09
1.232438304545785958e-09
8.183716096096538558e-10
5.630745285194703847e-10
3.930751674850327162e-10
2.926811459791318336e-07
3.033446184897947750e-07
2.788538527101890398e-07
2.260277376117865030e-07
1.698729640217972583e-07
1.293420531614715333e-07
8.945182272423201843e-08
5.674262965764891184e-08
3.498499123091106694e-08
2.161294558888782992e-08
1.335166623725047136e-08
8.403661777113669451e-09
5.486069673603800767e-09
3.720196192702045670e-09
2.580540498032510400e-09
4.898851727476854695e-07
5.088373669211787403e-07
4.690969013209295273e-07
3.812353427450256515e-07
2.867203720715253566e-07
2.181844376730250238e-07
1.516971569150141921e-07
9.587265988533782334e-08
5.925158067630482617e-08
3.660419036759048380e-08
2.259611822116487571e-08
1.420268629413986289e-08
9.256042172756911264e-09
6.267183686493813781e-09
4.344089938470819099e-09
-2.300583532589794694e-13
-2.388117713923426695e-13
-2.198109420810386776e-13
-1.781170498439240752e-13
-1.336470951389432604e-13
-1.019175051249576096e-13
-7.056045334888738424e-14
-4.476815687491909076e-14
-2.740419769093583702e-14
-1.697303002397218564e-14
-1.049993248959907146e-14
-6.608187801641113295e-15
-4.313936302160574767e-15
-2.926958901508388370e-15
-2.032537960388433988e-15
-1.353269878177846743e-09
-1.434332486010065650e-09
-1.357674710815372008e-09
-1.130742001383075124e-09
-8.564288163950549958e-10
-6.477069324539287945e-10
-4.718579942256253818e-10
-2.886041461903431184e-10
-1.826855356434027219e-10
-1.127520697291129069e-10
-6.913472378998046893e-11
-4.293228792728353127e-11
-2.755594004312333439e-11
-1.839804338951693711e-11
-1.266043344284993760e-11
-1.507016736749208883e-08
-1.642743156506316397e-08
-1.615311681586187311e-08
-1.401071288272680948e-08
-1.083137764539351880e-08
-8.089970819659023191e-09
-6.199765755128413789e-09
-3.743728574059571141e-09
-2.492146961865813431e-09
-1.522070052636242720e-09
-9.131883872854065293e-10
-5.561869806188815503e-10
-3.485475046240987326e-10
-2.268988017134720090e-10
-1.533621869724023111e-10
1.338250403542868381e-07
1.441833818484463214e-07
1.395766446409351260e-07
1.190819085066627672e-07
9.128855053985799729e-08
6.852314870400106300e-08
5.150916106792303924e-08
3.121471903321263006e-08
2.038435743679326549e-08
1.250110518957569392e-08
7.564452008660345358e-09
4.642434859435146280e-09
2.936995756264688332e-09
1.931500816251902092e-09
1.315190558833844182e-09
3.182827686683806730e-07
3.442643987346847795e-07
3.350848640827525998e-07
2.876522389068942251e-07
2.213390110109185801e-07
1.658657228008541488e-07
1.253911546436619682e-07
7.617835051295840948e-08
5.002421713822816510e-08
3.061794339122719549e-08
1.847759919791078302e-08
1.130539893367647729e-08
7.125218476662383904e-09
4.666926366898142076e-09
3.167799960455590803e-09
-1.073315912667489205e-17
-1.132111662593770636e-17
-1.064091796595139728e-17
-8.790515942349939732e-18
-6.628248564790842615e-18
-5.027586552620256175e-18
-3.623522370799041114e-18
-2.225318576709623898e-18
-1.387170456965745566e-18
-8.586234226669947790e-19
-5.305164063320302879e-19
-3.307499362360406178e-19
-2.132786899027779767e-19
-1.431467890366727983e-19
-9.887774354609375618e-20
-2.150939501310641988e-11
-2.347952794047661452e-11
-2.313931096546878639e-11
-2.013498353375582261e-11
-1.561110368000366368e-11
-1.165290439991800357e-11
-8.930469892358049861e-12
-5.434240310899776953e-12
-3.620504069828408752e-12
-2.207647313602187321e-12
-1.322995319002079900e-12
-8.042756366350150403e-13
-5.029031631292383880e-13
-3.265888380227460477e-13
-2.202424881213095507e-13
-6.482763245605999070e-09
-7.182151093114304974e-09
-7.226171557532595918e-09
-6.445472135942377272e-09
-5.088702956331236815e-09
-3.783541896373232944e-09
-2.928373149352665060e-09
-1.845703197411108660e-09
-1.229448038746750736e-09
-7.433044790032535747e-10
-4.450484436251305196e-10
-2.677293716519750682e-10
-1.649386322747363435e-10
-1.053314405743583163e-10
-6.997645096773781075e-11
3.068574452486405716e-08
3.394844543920206158e-08
3.408818242703212261e-08
3.032859597008932447e-08
2.389247251029220457e-08
1.776353169507213840e-08
1.374807846663029031e-08
8.619306195524232531e-09
5.755816729927015574e-09
3.480509467173424508e-09
2.082920980055241501e-09
1.253624679031707361e-09
7.734346247601174278e-10
4.948590735131178268e-10
3.293507729974242685e-10
1.950830594613989927e-07
2.177877340932888792e-07
2.215078168411232198e-07
2.002877948355637179e-07
1.599915984506048968e-07
1.189857680853646121e-07
9.204159287767769954e-08
5.975618903804172524e-08
3.923225432337584305e-08
2.365914961652584938e-08
1.422634645873890002e-08
8.535817501819014036e-09
5.219296699083358710e-09
3.300459121595139854e-09
2.171568312708453504e-09
0.000000000000000000e+00
0.000000000000000000e+00
0.000000000000000000e+00
0.000000000000000000e+00
0.000000000000000000e+00
0.000000000000000000e+00
0.000000000000000000e+00
0.000000000000000000e+00
0.000000000000000000e+00
0.000000000000000000e+00
0.000000000000000000e+00
0.000000000000000000e+00
0.000000000000000000e+00
0.000000000000000000e+00
0.000000000000000000e+00
-3.549442922701232632e-14
-3.964489610448536299e-14
-4.034108357062060054e-14
-3.647732459935800767e-14
-2.910747525784972164e-14
-2.161493433788860785e-14
-1.676727509205634647e-14
-1.083078811922151081e-14
-7.165119127485195960e-15
-4.310386151979867440e-15
-2.588426966266699485e-15
-1.549615973799605407e-15
-9.474225707708692077e-16
-5.995683005773201706e-16
-3.948454123374725006e-16
-3.036378747425624642e-10
-3.433993533320320098e-10
-3.556502637970431248e-10
-3.289578939875714625e-10
-2.680937930629700682e-10
-1.997635029519391033e-10
-1.539711119964283454e-10
-1.050582140648240379e-10
-6.704391620558437464e-11
-4.040442524847472844e-11
-2.446978194465140399e-11
-1.465021847794252709e-11
-8.855123442148462926e-12
-5.509063505265723086e-12
-3.565299453557650349e-12
-4.627833734204104521e-09
-5.358718355975536791e-09
-5.736230021981182185e-09
-5.539375156905980861e-09
-4.717916201462285139e-09
-3.572249245130873820e-09
-2.696578369585549618e-09
-2.025685736608288492e-09
-1.207793934503873484e-09
-7.588620659481476090e-10
-4.609423839985292662e-10
-2.741874467330787344e-10
-1.623222111833466554e-10
-9.780380917544537878e-11
-6.101863190518380031e-11
1.009787682479223607e-07
1.157642994214951515e-07
1.222230116639008859e-07
1.159596735509266723e-07
9.701724494809869455e-08
7.297957590521431943e-08
5.555955939883709429e-08
4.021080489648088339e-08
2.461509817681746321e-08
1.520221682603124056e-08
9.226925755034450330e-09
5.503397075018867305e-09
3.284208197959174636e-09
2.003733689355189308e-09
1.268592232796374914e-09
0.000000000000000000e+00
0.000000000000000000e+00
0.000000000000000000e+00
0.000000000000000000e+00
0.000000000000000000e+00
0.000000000000000000e+00
0.000000000000000000e+00
0.000000000000000000e+00
0.000000000000000000e+00
0.000000000000000000e+00
0.000000000000000000e+00
0.000000000000000000e+00
0.000000000000000000e+00
0.000000000000000000e+00
0.000000000000000000e+00
0.000000000000000000e+00
0.000000000000000000e+00
0.000000000000000000e+00
0.000000000000000000e+00
0.000000000000000000e+00
0.000000000000000000e+00
0.000000000000000000e+00
0.000000000000000000e+00
0.000000000000000000e+00
0.000000000000000000e+00
0.000000000000000000e+00
0.000000000000000000e+00
0.000000000000000000e+00
0.000000000000000000e+00
0.000000000000000000e+00
-5.152050826042192354e-13
-5.957398055706028307e-13
-6.365701236242158318e-13
-6.135313978801633954e-13
-5.218834907808482079e-13
-3.953641052998595661e-13
-2.985158434902193425e-13
-2.232992238253303740e-13
-1.336293077554036476e-13
-8.421980286379338029e-14
-5.109964381761516847e-14
-3.031682385259142656e-14
-1.795599663704953529e-14
-1.083336978997939219e-14
-6.765186772428489737e-15
-1.431960353394896259e-09
-1.672830036874237571e-09
-1.813430651312457092e-09
-1.782352563820389061e-09
-1.550999958274161837e-09
-1.191977268845377555e-09
-8.908202581035720728e-10
-6.862766539934195471e-10
-4.089993319550088566e-10
-2.663252758224978323e-10
-1.613277490006742424e-10
-9.407237902971845522e-11
-5.504873952762904018e-11
-3.272694754798223851e-11
-2.003620954566414263e-11
3.197771959947932636e-08
3.757856484611885496e-08
4.107924904493146826e-08
4.084577549804665617e-08
3.605772235584108397e-08
2.802507659679347646e-08
2.085189373910262873e-08
1.621070838168737108e-08
9.814969570156108440e-09
6.451180756222612445e-09
3.891947878348987671e-09
2.261293632561687775e-09
1.313680974447681431e-09
7.729739259683158019e-10
4.672264755013217663e-10
0.000000000000000000e+00
0.000000000000000000e+00
0.000000000000000000e+00
0.000000000000000000e+00
0.000000000000000000e+00
0.000000000000000000e+00
0.000000000000000000e+00
0.000000000000000000e+00
0.000000000000000000e+00
0.000000000000000000e+00
0.000000000000000000e+00
0.000000000000000000e+00
0.000000000000000000e+00
0.000000000000000000e+00
0.000000000000000000e+00
0.000000000000000000e+00
0.000000000000000000e+00
0.000000000000000000e+00
0.000000000000000000e+00
0.000000000000000000e+00
0.000000000000000000e+00
0.000000000000000000e+00
0.000000000000000000e+00
0.000000000000000000e+00
0.000000000000000000e+00
0.000000000000000000e+00
0.000000000000000000e+00
0.000000000000000000e+00
0.000000000000000000e+00
0.000000000000000000e+00
0.000000000000000000e+00
0.000000000000000000e+00
0.000000000000000000e+00
0.000000000000000000e+00
0.000000000000000000e+00
0.000000000000000000e+00
0.000000000000000000e+00
0.000000000000000000e+00
0.000000000000000000e+00
0.000000000000000000e+00
0.000000000000000000e+00
0.000000000000000000e+00
0.000000000000000000e+00
0.000000000000000000e+00
0.000000000000000000e+00
-1.354566763088605550e-12
-1.614584897252636093e-12
-1.800206803687713979e-12
-1.838889096569998997e-12
-1.678383554529365368e-12
-1.340925122695952053e-12
-9.907032227085712202e-13
-7.789181497249871036e-13
-4.959532744449544322e-13
-3.272852090559828052e-13
-1.950967513821043631e-13
-1.135723897597316748e-13
-6.512235997769516203e-14
-3.748340884370448453e-14
-2.202609912433924977e-14
3.717327575424342906e-09
4.474980430072696190e-09
5.058699888419869592e-09
5.267314038512452450e-09
4.930991227923334584e-09
4.043202518400126727e-09
3.001010210554088241e-09
2.332171175101353390e-09
1.585660836073993916e-09
1.009344102821618964e-09
5.994792490275648699e-10
3.532490180704918505e-10
2.034410018200439827e-10
1.157826582044644387e-10
6.652182792303791578e-11
2.051979037073755957e-04
1.487478962581632164e-04
1.047889431181094473e-04
7.043540640137958906e-05
4.572784224170380025e-05
2.969426661115722089e-05
1.932574565463279472e-05
1.287360340334144791e-05
8.850051145381641174e-06
6.222450617083885105e-06
4.375741047820139458e-06
2.995675706694496431e-06
1.956339871158657016e-06
1.206120689781565309e-06
7.038489156528830706e-07
2.961604215737078381e-05
2.271058969024968536e-05
1.689396270905242593e-05
1.243243240618919221e-05
8.185862720544543215e-06
5.361335154673908797e-06
3.370212280159993949e-06
2.143585061856795872e-06
1.394355099399269318e-06
9.425524598599862044e-07
6.609863240343836590e-07
4.711740848677751907e-07
3.305083647471741230e-07
2.206362106000728800e-07
1.378813282314976392e-07
1.942454953821946320e-07
1.591490557413373758e-07
1.193951917336991939e-07
8.964695758925006170e-08
6.454373532878922261e-08
4.037647816214499307e-08
2.624561290221238016e-08
1.653596078566771024e-08
1.049131865682696406e-08
6.864786338106798295e-09
4.670932240015205410e-09
3.283441392251723947e-09
2.330303794809170836e-09
1.610879218038690623e-09
1.052264049389748839e-09
5.504573342964623625e-11
4.804379149414616323e-11
3.706049877585647480e-11
2.773628981785606660e-11
2.089194154238884585e-11
1.345510135146921722e-11
8.963796844686380802e-12
5.528762775553273917e-12
3.454640742017244565e-12
2.206906796688279933e-12
1.462115469769446229e-12
1.006500973325801546e-12
7.108538658986239707e-13
4.992639729104845281e-13
3.365086663859206728e-13
0.000000000000000000e+00
0.000000000000000000e+00
0.000000000000000000e+00
0.000000000000000000e+00
0.000000000000000000e+00
0.000000000000000000e+00
0.000000000000000000e+00
0.000000000000000000e+00
0.000000000000000000e+00
0.000000000000000000e+00
0.000000000000000000e+00
0.000000000000000000e+00
0.000000000000000000e+00
0.000000000000000000e+00
0.000000000000000000e+00
0.000000000000000000e+00
0.000000000000000000e+00
0.000000000000000000e+00
0.000000000000000000e+00
0.000000000000000000e+00
0.000000000000000000e+00
0.000000000000000000e+00
0.000000000000000000e+00
0.000000000000000000e+00
0.000000000000000000e+00
0.000000000000000000e+00
0.000000000000000000e+00
0.000000000000000000e+00
0.000000000000000000e+00
0.000000000000000000e+00
0.000000000000000000e+00
0.000000000000000000e+00
0.000000000000000000e+00
0.000000000000000000e+00
0.000000000000000000e+00
0.000000000000000000e+00
0.000000000000000000e+00
0.000000000000000000e+00
0.000000000000000000e+00
0.000000000000000000e+00
0.000000000000000000e+00
0.000000000000000000e+00
0.000000000000000000e+00
0.000000000000000000e+00
0.000000000000000000e+00
0.000000000000000000e+00
0.000000000000000000e+00
0.000000000000000000e+00
0.000000000000000000e+00
0.000000000000000000e+00
0.000000000000000000e+00
0.000000000000000000e+00
0.000000000000000000e+00
0.000000000000000000e+00
0.000000000000000000e+00
0.000000000000000000e+00
0.000000000000000000e+00
0.000000000000000000e+00
0.000000000000000000e+00
0.000000000000000000e+00
0.000000000000000000e+00
0.000000000000000000e+00
0.000000000000000000e+00
0.000000000000000000e+00
0.000000000000000000e+00
0.000000000000000000e+00
0.000000000000000000e+00
0.000000000000000000e+00
0.000000000000000000e+00
0.000000000000000000e+00
0.000000000000000000e+00
0.000000000000000000e+00
0.000000000000000000e+00
0.000000000000000000e+00
0.000000000000000000e+00
0.000000000000000000e+00
0.000000000000000000e+00
0.000000000000000000e+00
0.000000000000000000e+00
0.000000000000000000e+00
0.000000000000000000e+00
0.000000000000000000e+00
0.000000000000000000e+00
0.000000000000000000e+00
0.000000000000000000e+00
0.000000000000000000e+00
0.000000000000000000e+00
0.000000000000000000e+00
0.000000000000000000e+00
0.000000000000000000e+00
1.190224941630815619e-04
9.675232833315871412e-05
7.257642312647654206e-05
5.439552811102668108e-05
3.871395048542546009e-05
2.446456500718975841e-05
1.581614833248092716e-05
9.966088368984431342e-06
6.337820296913611906e-06
4.160691021230156819e-06
2.839964188385153954e-06
1.999134725238181558e-06
1.416662683887684149e-06
9.753724232459561660e-07
6.341421244585033959e-07
2.524466983160283360e-05
2.190701876542109719e-05
1.687255392516373028e-05
1.263847958718007323e-05
9.472723555106314449e-06
6.101088705803710515e-06
4.036657692615616858e-06
2.499824664290171761e-06
1.565771380249222981e-06
1.002917121091597847e-06
6.658096810289043758e-07
4.589748963249148625e-07
3.241413364283358977e-07
2.272522811869735656e-07
1.527468629589862318e-07
4.063181047718930309e-07
3.725044255773103844e-07
2.985387323828761286e-07
2.240449344354143129e-07
1.697601418836815364e-07
1.178747586275349707e-07
7.473275949418440348e-08
4.670729722369779618e-08
2.931640239783295073e-08
1.852493811722036898e-08
1.201899927969617497e-08
8.098396842918707680e-09
5.646784305825435946e-09
3.976836897452704681e-09
2.731938123510434453e-09
2.609028911496991085e-10
2.510358463503008946e-10
2.108286960172076644e-10
1.604564905653605624e-10
1.208387681015904254e-10
8.958131355459966031e-11
5.476838425568172728e-11
3.605651645115886701e-11
2.234696387745441789e-11
1.385596137710263359e-11
8.806374336936760530e-12
5.795426529973418675e-12
3.965931878048213182e-12
2.779247323442487940e-12
1.934241210548293940e-12
7.925422678566221412e-17
7.875931918722711445e-17
6.858436941459510988e-17
5.318385161819517500e-17
3.980595716862274409e-17
3.031728690571722726e-17
1.891216735224228475e-17
1.278141166377965902e-17
7.804450311348743833e-18
4.771877406149987144e-18
2.984648765958529750e-18
1.928442725755245243e-18
1.297791586242210808e-18
9.014743506825153507e-19
6.299033782054840999e-19
0.000000000000000000e+00
0.000000000000000000e+00
0.000000000000000000e+00
0.000000000000000000e+00
0.000000000000000000e+00
0.000000000000000000e+00
0.000000000000000000e+00
0.000000000000000000e+00
0.000000000000000000e+00
0.000000000000000000e+00
0.000000000000000000e+00
0.000000000000000000e+00
0.000000000000000000e+00
0.000000000000000000e+00
0.000000000000000000e+00
0.000000000000000000e+00
0.000000000000000000e+00
0.000000000000000000e+00
0.000000000000000000e+00
0.000000000000000000e+00
0.000000000000000000e+00
0.000000000000000000e+00
0.000000000000000000e+00
0.000000000000000000e+00
0.000000000000000000e+00
0.000000000000000000e+00
0.000000000000000000e+00
0.000000000000000000e+00
0.000000000000000000e+00
0.000000000000000000e+00
0.000000000000000000e+00
0.000000000000000000e+00
0.000000000000000000e+00
0.000000000000000000e+00
0.000000000000000000e+00
0.000000000000000000e+00
0.000000000000000000e+00
0.000000000000000000e+00
0.000000000000000000e+00
0.000000000000000000e+00
0.000000000000000000e+00
0.000000000000000000e+00
0.000000000000000000e+00
0.000000000000000000e+00
0.000000000000000000e+00
0.000000000000000000e+00
0.000000000000000000e+00
0.000000000000000000e+00
0.000000000000000000e+00
0.000000000000000000e+00
0.000000000000000000e+00
0.000000000000000000e+00
0.000000000000000000e+00
0.000000000000000000e+00
0.000000000000000000e+00
0.000000000000000000e+00
0.000000000000000000e+00
0.000000000000000000e+00
0.000000000000000000e+00
0.000000000000000000e+00
6.914836627788402260e-05
6.298039280134683855e-05
5.023924458632764991e-05
3.770042223220089852e-05
2.854061600087148126e-05
1.963787770652839680e-05
1.252644378023621889e-05
7.825061286223780399e-06
4.906422646439456291e-06
3.103297272562869757e-06
2.018435474574080557e-06
1.363497395088740386e-06
9.521025236541060553e-07
6.701857111067268930e-07
4.592543800647620145e-07
1.651341963074942892e-05
1.571895176463576315e-05
1.306174526424091533e-05
9.905784226360543222e-06
7.473151528935385482e-06
5.466669355111268376e-06
3.364159367761851505e-06
2.185956132179335105e-06
1.359531775530822239e-06
8.473982880350997364e-07
5.409135061987644902e-07
3.577954208260722669e-07
2.459011742634158335e-07
1.725633207231696560e-07
1.197885058799003063e-07
2.885471395546861670e-07
2.856035497290578008e-07
2.477331683560306186e-07
1.918778103874800839e-07
1.437839536478626264e-07
1.090113633200709362e-07
6.816309893398364317e-08
4.567063082704087890e-08
2.794513321490479792e-08
1.715185408275489406e-08
1.074994376200609455e-08
6.959185753340875090e-09
4.690213529323882303e-09
3.259324017141963174e-09
2.275260724885564611e-09
2.113315254630668773e-10
2.163759708346163654e-10
1.956260839636243597e-10
1.560573016486550690e-10
1.167751053626292802e-10
8.930888011934347269e-11
5.965555028821099360e-11
3.890234342296674560e-11
2.362075644027540338e-11
1.458433292037193012e-11
9.031026213311524741e-12
5.731262554825919736e-12
3.780780564223999385e-12
2.587466076457069194e-12
1.802980989719792107e-12
0.000000000000000000e+00
0.000000000000000000e+00
0.000000000000000000e+00
0.000000000000000000e+00
0.000000000000000000e+00
0.000000000000000000e+00
0.000000000000000000e+00
0.000000000000000000e+00
0.000000000000000000e+00
0.000000000000000000e+00
0.000000000000000000e+00
0.000000000000000000e+00
0.000000000000000000e+00
0.000000000000000000e+00
0.000000000000000000e+00
0.000000000000000000e+00
0.000000000000000000e+00
0.000000000000000000e+00
0.000000000000000000e+00
0.000000000000000000e+00
0.000000000000000000e+00
0.000000000000000000e+00
0.000000000000000000e+00
0.000000000000000000e+00
0.000000000000000000e+00
0.000000000000000000e+00
0.000000000000000000e+00
0.000000000000000000e+00
0.000000000000000000e+00
0.000000000000000000e+00
0.000000000000000000e+00
0.000000000000000000e+00
0.000000000000000000e+00
0.000000000000000000e+00
0.000000000000000000e+00
0.000000000000000000e+00
0.000000000000000000e+00
0.000000000000000000e+00
0.000000000000000000e+00
0.000000000000000000e+00
0.000000000000000000e+00
0.000000000000000000e+00
0.000000000000000000e+00
0.000000000000000000e+00
0.000000000000000000e+00
0.000000000000000000e+00
0.000000000000000000e+00
0.000000000000000000e+00
0.000000000000000000e+00
0.000000000000000000e+00
0.000000000000000000e+00
0.000000000000000000e+00
0.000000000000000000e+00
0.000000000000000000e+00
0.000000000000000000e+00
0.000000000000000000e+00
0.000000000000000000e+00
0.000000000000000000e+00
0.000000000000000000e+00
0.000000000000000000e+00
4.066278015022306688e-05
4.005064916200207789e-05
3.455594948080499101e-05
2.669614719724922513e-05
2.002340898502937710e-05
1.511795338992971452e-05
9.434025769269882905e-06
6.294025598714276738e-06
3.859265282302425172e-06
2.373876544340601566e-06
1.491186629451275545e-06
9.678256197008667660e-07
6.538019197000163677e-07
4.548803346008563751e-07
3.173288187423540187e-07
1.005433342972949575e-05
1.021626699941895113e-05
9.150765339556843128e-06
7.249632892462482850e-06
5.425006659074435834e-06
4.145135041355279370e-06
2.725020775296993294e-06
1.791981624947250919e-06
1.089598280818394363e-06
6.711446885173260329e-07
4.164715602049563147e-07
2.654247580471783637e-07
1.759373869148294839e-07
1.208408188333988847e-07
8.425980231094888978e-08
1.835288034680293539e-07
1.916815782123079479e-07
1.778672641828388035e-07
1.452253668241813575e-07
1.091898417707098318e-07
8.309872250591246969e-08
5.843934345358144970e-08
3.663080594839668485e-08
2.259025899079782972e-08
1.398977876851914916e-08
8.642530684387215075e-09
5.418666864125751009e-09
3.520348732814760873e-09
2.378225033758745465e-09
1.647952287188226514e-09
9.592699431190682410e-11
1.027575715444481621e-10
9.865111920980920182e-11
8.333369577796678324e-11
6.346937253223894879e-11
4.777700008139555020e-11
3.562030311547893969e-11
2.144898573730899947e-11
1.385221679418678901e-11
8.525590169400160046e-12
5.191655207649507174e-12
3.203543804136924186e-12
2.039597477083899062e-12
1.350465941437002151e-12
9.244861256415734973e-13
0.000000000000000000e+00
0.000000000000000000e+00
0.000000000000000000e+00
0.000000000000000000e+00
0.000000000000000000e+00
0.000000000000000000e+00
0.000000000000000000e+00
0.000000000000000000e+00
0.000000000000000000e+00
0.000000000000000000e+00
0.000000000000000000e+00
0.000000000000000000e+00
0.000000000000000000e+00
0.000000000000000000e+00
0.000000000000000000e+00
0.000000000000000000e+00
0.000000000000000000e+00
0.000000000000000000e+00
0.000000000000000000e+00
0.000000000000000000e+00
0.000000000000000000e+00
0.000000000000000000e+00
0.000000000000000000e+00
0.000000000000000000e+00
0.000000000000000000e+00
0.000000000000000000e+00
0.000000000000000000e+00
0.000000000000000000e+00
0.000000000000000000e+00
0.000000000000000000e+00
0.000000000000000000e+00
0.000000000000000000e+00
0.000000000000000000e+00
0.000000000000000000e+00
0.000000000000000000e+00
0.000000000000000000e+00
0.000000000000000000e+00
0.000000000000000000e+00
0.000000000000000000e+00
0.000000000000000000e+00
0.000000000000000000e+00
0.000000000000000000e+00
0.000000000000000000e+00
0.000000000000000000e+00
0.000000000000000000e+00
2.505289063658327938e-05
2.607301232575591401e-05
2.408542798004768297e-05
1.959053533440609422e-05
1.472056886059439038e-05
1.121087297901955547e-05
7.817853962292318489e-06
4.932079881827452869e-06
3.036460941457421236e-06
1.878936658649167654e-06
1.160868004369784254e-06
7.292558180828031653e-07
4.749550765283358393e-07
3.215254378404568076e-07
2.229749883159109756e-07
6.140303610009474558e-06
6.534250717875251965e-06
6.217902184445665207e-06
5.205482851333282175e-06
3.949907878318287098e-06
2.982271165553191845e-06
2.192367622837670732e-06
1.332027387825687553e-06
8.489762537969666125e-07
5.235286349688396184e-07
3.203822394344830984e-07
1.984912602654018563e-07
1.270171487564291012e-07
8.455067343185689491e-08
5.807951154145103568e-08
8.808121837635916141e-08
9.571347494299818398e-08
9.372566258624428085e-08
8.094131827174619417e-08
6.242957019313645480e-08
4.668067311402325870e-08
3.561109348270280842e-08
2.149368734299438822e-08
1.426666597493543884e-08
8.723702354088433959e-09
5.238068122685280752e-09
3.196645193423492102e-09
2.008452386079848930e-09
1.311016138529033048e-09
8.879278132258823988e-10
1.665995334106549399e-11
1.847208863139729037e-11
1.860336579281776858e-11
1.660681437362968656e-11
1.311011744163265171e-11
9.738625962130529527e-12
7.553854044512361924e-12
4.747670151118320511e-12
3.178783370426278318e-12
1.920620837190134859e-12
1.147926167416453734e-12
6.895826371294229683e-13
4.245696446421757573e-13
2.710763682561615280e-13
1.800953485649000777e-13
0.000000000000000000e+00
0.000000000000000000e+00
0.000000000000000000e+00
0.000000000000000000e+00
0.000000000000000000e+00
0.000000000000000000e+00
0.000000000000000000e+00
0.000000000000000000e+00
0.000000000000000000e+00
0.000000000000000000e+00
0.000000000000000000e+00
0.000000000000000000e+00
0.000000000000000000e+00
0.000000000000000000e+00
0.000000000000000000e+00
0.000000000000000000e+00
0.000000000000000000e+00
0.000000000000000000e+00
0.000000000000000000e+00
0.000000000000000000e+00
0.000000000000000000e+00
0.000000000000000000e+00
0.000000000000000000e+00
0.000000000000000000e+00
0.000000000000000000e+00
0.000000000000000000e+00
0.000000000000000000e+00
0.000000000000000000e+00
0.000000000000000000e+00
0.000000000000000000e+00
1.556424022052476549e-05
1.686408834710803419e-05
1.644962430433473819e-05
1.414662318853405432e-05
1.088735299485765950e-05
8.151619992456200626e-06
6.189147332426704626e-06
3.738607245793235347e-06
2.467473809119973169e-06
1.510344525657522468e-06
9.095187892079582438e-07
5.561361202641289171e-07
3.502446945113963791e-07
2.292154293409980202e-07
1.555384654068517544e-07
3.543910971286225724e-06
3.906657773981767340e-06
3.902913200313637627e-06
3.450962054491199348e-06
2.705448851371605037e-06
2.012878407520650348e-06
1.555878984095166905e-06
9.643302193601931974e-07
6.457903678776562809e-07
3.915670417717543414e-07
2.340039068851754086e-07
1.411830976273069185e-07
8.742187844963819653e-08
5.616969617475169334e-08
3.753238942653520949e-08
2.856421616524766388e-08
3.202321529885076729e-08
3.275743020976599368e-08
2.981872751257272976e-08
2.393714461888945442e-08
1.778505411619461729e-08
1.377939373724163848e-08
9.042379556146541127e-09
5.926009037080261875e-09
3.561470293292332648e-09
2.144871465488838171e-09
1.283435091949471673e-09
7.819689773800497992e-10
4.924484980662637217e-10
3.227061723998632989e-10
1.452091750254187872e-13
1.658048874917529371e-13
1.740395261090760176e-13
1.637807695279368092e-13
1.357309230423022911e-13
1.015659159833279168e-13
7.772284436876064252e-14
5.526879008142781072e-14
3.420747944198402891e-14
2.076975382422122903e-14
1.262799495621955156e-14
7.578987140646820426e-15
4.544183065840273194e-15
2.789773982624217236e-15
1.780678682348502632e-15
0.000000000000000000e+00
0.000000000000000000e+00
0.000000000000000000e+00
0.000000000000000000e+00
0.000000000000000000e+00
0.000000000000000000e+00
0.000000000000000000e+00
0.000000000000000000e+00
0.000000000000000000e+00
0.000000000000000000e+00
0.000000000000000000e+00
0.000000000000000000e+00
0.000000000000000000e+00
0.000000000000000000e+00
0.000000000000000000e+00
9.624456776307864966e-06
1.076255515637601364e-05
1.097069519849154889e-05
9.943977560441138907e-06
7.955085543699644176e-06
5.911612326147496707e-06
4.579459563398833837e-06
2.980101942971401644e-06
1.959610402890183861e-06
1.179507241608198246e-06
7.093233825908743428e-07
4.249381358238320297e-07
2.594833330711840253e-07
1.638716528334938484e-07
1.076908693841829859e-07
1.735118094517627879e-06
1.967799280825433568e-06
2.045954122385404859e-06
1.901830452018779861e-06
1.557233109683189912e-06
1.161439180466749293e-06
8.936339181057371481e-07
6.170014962418427359e-07
3.904767312823855249e-07
2.355656260296815959e-07
1.428960504326408521e-07
8.559374854863733948e-08
5.161399625282176563e-08
3.199086028519344572e-08
2.062368409052580758e-08
2.105882373135964313e-09
2.426955330271361711e-09
2.581095612297613882e-09
2.471889956212052591e-09
2.087645353138564873e-09
1.575420793449187156e-09
1.193788450816590004e-09
8.822772253267657295e-10
5.313824055037155019e-10
3.311156236818112741e-10
2.009594031139031269e-10
1.198683748491850389e-10
7.124761664050549671e-11
4.317730548194035809e-11
2.712768349792519654e-11
0.000000000000000000e+00
0.000000000000000000e+00
0.000000000000000000e+00
0.000000000000000000e+00
0.000000000000000000e+00
0.000000000000000000e+00
0.000000000000000000e+00
0.000000000000000000e+00
0.000000000000000000e+00
0.000000000000000000e+00
0.000000000000000000e+00
0.000000000000000000e+00
0.000000000000000000e+00
0.000000000000000000e+00
0.000000000000000000e+00
5.285650730884048982e-06
6.072915113631237746e-06
6.431186332577819103e-06
6.125116181880496845e-06
5.143680609432147578e-06
3.873267838462570039e-06
2.943520923069382212e-06
2.149091028834531117e-06
1.306430406618420313e-06
8.089377625056971694e-07
4.911308638324309314e-07
2.930951681989883075e-07
1.746331836191557809e-07
1.062528138518376376e-07
6.706817144132019331e-08
6.152695112120901705e-07
7.164935913675483303e-07
7.732537882637159214e-07
7.553570939665888935e-07
6.524917970543876632e-07
4.988661185296796852e-07
3.739340652364493425e-07
2.859655102655957871e-07
1.699270371809511046e-07
1.096526820075250081e-07
6.649087773389561688e-08
3.895661025043891365e-08
2.289001529839602242e-08
1.367794886162734157e-08
8.429032769239390813e-09
5.504030989742865990e-12
6.518676366477229958e-12
7.203373085204016419e-12
7.267663946131647064e-12
6.528763968730660422e-12
5.140718332280148820e-12
3.802736294093391926e-12
2.991636138062228518e-12
1.839757768781104851e-12
1.225824535322196738e-12
7.365299196130484104e-13
4.257699981691618433e-13
2.450905979506083455e-13
1.424404412045384677e-13
8.481319023322142580e-14
2.383495286464271650e-06
2.809926351417218321e-06
3.085353747055537161e-06
3.086244933853974416e-06
2.743951120886184123e-06
2.143731644373005279e-06
1.591066711514294000e-06
1.243797006827454627e-06
7.569286057011829903e-07
5.006435536744057658e-07
3.016112188328425348e-07
1.747446743962639324e-07
1.011459634662854264e-07
5.922634365647160794e-08
3.558052838998935567e-08
1.227146233364277021e-07
1.467843936892047644e-07
1.644594277504301541e-07
1.691278151195122673e-07
1.557179537206120954e-07
1.254555108866244628e-07
9.271775924990861011e-08
7.273683127655781287e-08
4.729740491667999941e-08
3.093275368856416088e-08
1.836157646910557993e-08
1.074023958689176396e-08
6.157089190050245219e-09
3.528258425656938456e-09
2.058314179850082310e-09
5.494740562670400592e-07
6.650114885942861988e-07
7.573619981496604997e-07
7.968133659620540162e-07
7.565457175488468660e-07
6.303289510020195516e-07
4.710351024973800048e-07
3.626399530068318087e-07
2.551538182369086943e-07
1.595129128302432509e-07
9.580051281849278286e-08
5.667673011869122479e-08
3.262267720472409137e-08
1.845358198453952131e-08
1.047716127977095260e-08
