# cfhtlens_data
-1.458999999999999922e-05
1.618300000000000032e-06
1.985300000000000118e-05
1.298099999999999989e-05
4.094399999999999965e-05
4.530099999999999877e-05
1.163499999999999956e-05
4.080799999999999960e-05
3.818200000000000137e-05
1.766800000000000092e-05
3.601300000000000231e-05
2.582299999999999993e-05
4.866299999999999809e-05
2.423999999999999831e-05
2.807500000000000140e-05
2.702700000000000059e-05
7.080200000000000415e-05
7.069700000000000430e-05
9.965800000000000027e-05
8.402800000000000254e-05
8.538999999999999390e-05
3.418700000000000319e-05
2.052299999999999985e-05
4.080399999999999930e-06
-3.646100000000000124e-06
7.296100000000000330e-06
1.692300000000000043e-05
2.516700000000000146e-05
2.216999999999999949e-05
1.737000000000000141e-05
1.153500000000000052e-05
7.387600000000000216e-06
2.943799999999999835e-05
1.201400000000000051e-05
9.749999999999999823e-06
7.212099999999999948e-06
-3.377699999999999865e-06
3.207999999999999779e-05
2.692899999999999916e-05
2.494300000000000157e-05
3.245300000000000252e-05
4.581399999999999877e-05
1.150899999999999941e-05
8.693899999999999889e-06
5.330799999999999851e-06
-2.302000000000000152e-06
-5.210800000000000153e-06
1.101800000000000022e-05
8.901499999999999604e-07
8.060399999999999941e-06
-1.668700000000000007e-06
2.273600000000000136e-06
2.632199999999999972e-06
5.681499999999999729e-06
1.665699999999999993e-06
9.878799999999999336e-06
1.202100000000000061e-05
6.937699999999999661e-06
1.204599999999999952e-05
6.413700000000000104e-06
2.274700000000000092e-05
2.290800000000000158e-05
2.095600000000000061e-05
-3.267200000000000033e-07
1.951600000000000085e-06
2.121200000000000121e-06
2.475299999999999831e-06
-4.467399999999999888e-07
5.755900000000000236e-06
1.050399999999999930e-06
2.362799999999999955e-07
-6.532699999999999727e-07
-7.320000000000000431e-07
2.663000000000000169e-06
9.810099999999999468e-06
4.449599999999999716e-06
5.732099999999999718e-06
4.359400000000000139e-06
6.303399999999999653e-06
6.596299999999999847e-06
3.440200000000000113e-06
6.244399999999999879e-06
9.996900000000000797e-06
1.293800000000000047e-05
-2.337100000000000036e-05
1.364900000000000052e-06
2.417000000000000067e-05
2.567800000000000047e-05
-1.813000000000000091e-05
2.044399999999999942e-05
1.301900000000000020e-05
3.526999999999999943e-05
6.134599999999999676e-06
3.346799999999999873e-05
-5.912199999999999908e-06
1.144099999999999939e-05
2.951699999999999878e-05
-6.744900000000000423e-06
1.199899999999999981e-05
6.045599999999999851e-05
1.927099999999999896e-05
4.763699999999999808e-05
6.095900000000000369e-06
9.094400000000000544e-06
2.799100000000000017e-05
-1.512899999999999948e-06
9.504300000000000211e-07
-1.632800000000000020e-05
1.511900000000000043e-05
1.331399999999999992e-05
-1.776700000000000074e-06
1.681699999999999840e-05
-2.380000000000000083e-06
9.825599999999999574e-06
5.741200000000000190e-06
1.115199999999999928e-05
2.288300000000000097e-05
2.428399999999999992e-05
1.190700000000000094e-06
1.236700000000000035e-05
8.959200000000000551e-06
2.831100000000000050e-05
1.935500000000000019e-05
1.004700000000000054e-05
1.858700000000000093e-06
1.694800000000000104e-05
7.023500000000000390e-07
-9.856800000000000224e-07
-5.382599999999999931e-06
8.947400000000000300e-07
1.283000000000000040e-06
8.042200000000000691e-06
3.799100000000000184e-06
9.510800000000000487e-06
6.728699999999999630e-06
1.371099999999999968e-05
7.414799999999999718e-06
-7.507999999999999732e-07
7.813699999999999406e-06
2.466399999999999904e-07
2.088000000000000168e-06
5.827899999999999716e-06
1.417800000000000046e-05
6.478799999999999701e-06
1.460900000000000023e-05
1.441699999999999936e-05
1.072300000000000050e-05
7.375199999999999496e-07
2.620999999999999978e-06
2.076699999999999954e-06
1.367200000000000014e-06
5.404300000000000079e-06
5.268899999999999647e-06
5.410399999999999902e-06
3.832100000000000122e-06
-3.085600000000000154e-06
2.011399999999999919e-06
4.030600000000000000e-06
4.499099999999999835e-06
3.960000000000000202e-06
5.748100000000000074e-06
3.724100000000000055e-06
2.885500000000000156e-06
3.495499999999999821e-06
6.949799999999999935e-06
3.136800000000000189e-06
5.584599999999999860e-06
8.157800000000000058e-06
