# cfhtlens_angle
1.041379787023283396e-03
1.041379787023283396e-03
1.041379787023283396e-03
1.041379787023283396e-03
1.041379787023283396e-03
1.041379787023283396e-03
1.041379787023283396e-03
1.041379787023283396e-03
1.041379787023283396e-03
1.041379787023283396e-03
1.041379787023283396e-03
1.041379787023283396e-03
1.041379787023283396e-03
1.041379787023283396e-03
1.041379787023283396e-03
1.041379787023283396e-03
1.041379787023283396e-03
1.041379787023283396e-03
1.041379787023283396e-03
1.041379787023283396e-03
1.041379787023283396e-03
2.257292499245999295e-03
2.257292499245999295e-03
2.257292499245999295e-03
2.257292499245999295e-03
2.257292499245999295e-03
2.257292499245999295e-03
2.257292499245999295e-03
2.257292499245999295e-03
2.257292499245999295e-03
2.257292499245999295e-03
2.257292499245999295e-03
2.257292499245999295e-03
2.257292499245999295e-03
2.257292499245999295e-03
2.257292499245999295e-03
2.257292499245999295e-03
2.257292499245999295e-03
2.257292499245999295e-03
2.257292499245999295e-03
2.257292499245999295e-03
2.257292499245999295e-03
4.886921905584123114e-03
4.886921905584123114e-03
4.886921905584123114e-03
4.886921905584123114e-03
4.886921905584123114e-03
4.886921905584123114e-03
4.886921905584123114e-03
4.886921905584123114e-03
4.886921905584123114e-03
4.886921905584123114e-03
4.886921905584123114e-03
4.886921905584123114e-03
4.886921905584123114e-03
4.886921905584123114e-03
4.886921905584123114e-03
4.886921905584123114e-03
4.886921905584123114e-03
4.886921905584123114e-03
4.886921905584123114e-03
4.886921905584123114e-03
4.886921905584123114e-03
1.052433538952580669e-02
1.052433538952580669e-02
1.052433538952580669e-02
1.052433538952580669e-02
1.052433538952580669e-02
1.052433538952580669e-02
1.052433538952580669e-02
1.052433538952580669e-02
1.052433538952580669e-02
1.052433538952580669e-02
1.052433538952580669e-02
1.052433538952580669e-02
1.052433538952580669e-02
1.052433538952580669e-02
1.052433538952580669e-02
1.052433538952580669e-02
1.052433538952580669e-02
1.052433538952580669e-02
1.052433538952580669e-02
1.052433538952580669e-02
1.052433538952580669e-02
1.041379787023283396e-03
1.041379787023283396e-03
1.041379787023283396e-03
1.041379787023283396e-03
1.041379787023283396e-03
1.041379787023283396e-03
1.041379787023283396e-03
1.041379787023283396e-03
1.041379787023283396e-03
1.041379787023283396e-03
1.041379787023283396e-03
1.041379787023283396e-03
1.041379787023283396e-03
1.041379787023283396e-03
1.041379787023283396e-03
1.041379787023283396e-03
1.041379787023283396e-03
1.041379787023283396e-03
1.041379787023283396e-03
1.041379787023283396e-03
1.041379787023283396e-03
2.257292499245999295e-03
2.257292499245999295e-03
2.257292499245999295e-03
2.257292499245999295e-03
2.257292499245999295e-03
2.257292499245999295e-03
2.257292499245999295e-03
2.257292499245999295e-03
2.257292499245999295e-03
2.257292499245999295e-03
2.257292499245999295e-03
2.257292499245999295e-03
2.257292499245999295e-03
2.257292499245999295e-03
2.257292499245999295e-03
2.257292499245999295e-03
2.257292499245999295e-03
2.257292499245999295e-03
2.257292499245999295e-03
2.257292499245999295e-03
2.257292499245999295e-03
4.886921905584123114e-03
4.886921905584123114e-03
4.886921905584123114e-03
4.886921905584123114e-03
4.886921905584123114e-03
4.886921905584123114e-03
4.886921905584123114e-03
4.886921905584123114e-03
4.886921905584123114e-03
4.886921905584123114e-03
4.886921905584123114e-03
4.886921905584123114e-03
4.886921905584123114e-03
4.886921905584123114e-03
4.886921905584123114e-03
4.886921905584123114e-03
4.886921905584123114e-03
4.886921905584123114e-03
4.886921905584123114e-03
4.886921905584123114e-03
4.886921905584123114e-03
1.052433538952580669e-02
1.052433538952580669e-02
1.052433538952580669e-02
1.052433538952580669e-02
1.052433538952580669e-02
1.052433538952580669e-02
1.052433538952580669e-02
1.052433538952580669e-02
1.052433538952580669e-02
1.052433538952580669e-02
1.052433538952580669e-02
1.052433538952580669e-02
1.052433538952580669e-02
1.052433538952580669e-02
1.052433538952580669e-02
1.052433538952580669e-02
1.052433538952580669e-02
1.052433538952580669e-02
1.052433538952580669e-02
1.052433538952580669e-02
1.052433538952580669e-02
