# bin_5
0.000000000000000000e+00
3.927274772238182115e-90
0.000000000000000000e+00
0.000000000000000000e+00
0.000000000000000000e+00
-1.005382341692974621e-87
0.000000000000000000e+00
0.000000000000000000e+00
0.000000000000000000e+00
0.000000000000000000e+00
0.000000000000000000e+00
0.000000000000000000e+00
-8.236092143148848098e-84
3.294436857259539239e-83
0.000000000000000000e+00
0.000000000000000000e+00
-2.108439588646105113e-81
8.433758354584420452e-81
0.000000000000000000e+00
1.349401336733507272e-79
0.000000000000000000e+00
0.000000000000000000e+00
-4.318084277547223272e-78
0.000000000000000000e+00
6.908934844075557234e-77
2.763573937630222894e-76
-1.105429575052089158e-75
4.421718300208356630e-75
0.000000000000000000e+00
0.000000000000000000e+00
0.000000000000000000e+00
0.000000000000000000e+00
-4.527839539413357189e-72
7.244543263061371503e-71
9.273015376718555523e-69
1.223748247996326866e-66
1.389103499067049927e-64
1.366058896728982279e-62
1.169320488249015479e-60
8.752132313655575388e-59
5.753344162397535648e-57
3.335718869609495564e-55
1.712723975471045462e-53
7.818318554201874679e-52
3.184949525354604199e-50
1.162060959913638968e-48
3.810727349069785013e-47
1.126935177132907402e-45
3.015143819847179541e-44
7.321328159963847270e-43
1.618266742911601923e-41
3.265482873054860824e-40
6.032473781353716804e-39
1.022974352649298063e-37
1.596557321932103097e-36
2.299028281569372390e-35
3.061932988386157938e-34
3.780538710884942176e-33
4.337089716699227177e-32
4.633149402560334390e-31
4.618506960631621309e-30
4.304845179326992956e-29
3.759218664188072913e-28
3.081389818370551801e-27
2.375210523980821205e-26
1.724785036077911736e-25
1.181927491409300687e-24
7.655804730919187433e-24
4.694968474225018605e-23
2.730180671829221991e-22
1.507718512844486139e-21
7.918659589588626138e-21
3.960935749451822416e-20
1.889519657242670057e-19
8.607689611073276346e-19
3.749379574837478642e-18
1.563538395223404784e-17
6.249654352445648127e-17
2.397218430592798913e-16
8.833924664557570052e-16
3.130902732006503167e-15
1.068356353010856989e-14
3.513502873611151324e-14
1.114745162043873839e-13
3.415407327995190559e-13
1.011460771815476272e-12
2.897951621172448619e-12
8.039944064802289307e-12
2.161761290488025300e-11
5.637900301241688219e-11
1.427360371791077601e-10
3.510734379494074525e-10
8.395414064851945504e-10
1.953387226325077537e-09
4.425371868354276865e-09
9.768563611339787102e-09
2.102456113328217316e-08
4.414952192948548795e-08
9.051227715813187524e-08
1.812772437244302988e-07
3.548933466704486384e-07
6.795610371444279399e-07
1.273460443705819573e-06
2.336751044560994671e-06
4.200940832274189412e-06
7.403186430114749903e-06
1.279539276295065232e-05
2.170052943863820996e-05
3.613117743132029762e-05
5.908766319073498636e-05
9.495481470028135776e-05
1.500168709010380754e-04
2.331088093800551297e-04
3.564187322906412132e-04
5.364494393573743074e-04
7.951375556632108788e-04
1.161115474548571119e-03
1.671085190206425151e-03
2.371254533990205943e-03
3.318766562134159437e-03
4.583033478513752305e-03
6.246869469728457899e-03
8.407304327900492341e-03
1.117595386614586052e-02
1.467882575414099396e-02
1.905545185983391690e-02
2.445726107634377602e-02
3.104513962534810254e-02
3.898616764964229348e-02
4.844956925638523038e-02
5.960196493020004233e-02
7.260206668360021098e-02
8.759500345157411605e-02
1.047065031521928341e-01
1.240371850677193105e-01
1.456572290888175081e-01
1.696016853084870157e-01
1.958666680801408599e-01
2.244066438671954433e-01
2.551329741089999326e-01
2.879138160200912511e-01
3.225754195717934203e-01
3.589047921236931393e-01
3.966536375695799976e-01
4.355434184332093728e-01
4.752713404941996678e-01
5.155170228217810235e-01
5.559495931567569604e-01
5.962349400054771653e-01
6.360428582067694236e-01
6.750538428444737837e-01
7.129653152408929051e-01
7.494971019178245930e-01
7.843960301113881428e-01
8.174395488720710423e-01
8.484383303027044354e-01
8.772378487075667142e-01
9.037189743798769159e-01
9.277976519605070083e-01
9.494237597883747881e-01
9.685792659644540947e-01
9.852758089563873334e-01
9.995518358601062081e-01
1.011469430597303321e+00
1.021110958271317593e+00
1.028575641668576068e+00
1.033976172567410812e+00
1.037435445170560522e+00
1.039083482605227315e+00
1.039054610910807197e+00
1.037484918991799399e+00
1.034510028226747202e+00
1.030263182211190953e+00
1.024873655740986322e+00
1.018465472745309075e+00
1.011156415474305792e+00
1.003057301760080122e+00
9.942715034561687704e-01
9.848946770258809602e-01
9.750146764702924962e-01
9.647116191264032414e-01
9.540580760903356605e-01
9.431193609067393124e-01
9.319538925108856731e-01
9.206136110356227809e-01
9.091444278504167142e-01
8.975866939601863104e-01
8.859756735613010248e-01
8.743420120590391642e-01
8.627121901457237563e-01
8.511089575913022287e-01
8.395517421943360370e-01
8.280570308793431256e-01
8.166387212148609187e-01
8.053084426805501295e-01
7.940758478516067864e-01
7.829488743173700360e-01
7.719339786327931163e-01
7.610363439402604291e-01
7.502600631186264746e-01
7.396082994376924624e-01
7.290834267394413759e-01
7.186871511495691589e-01
7.084206162592765477e-01
6.982844936208393305e-01
6.882790602817169257e-01
6.784042649498410738e-01
6.686597842439386818e-01
6.590450703428394341e-01
6.495593912108187373e-01
6.402018644448749241e-01
6.309714856665805671e-01
6.218671522670951024e-01
6.128876832095234706e-01
6.040318354985400040e-01
5.952983178426940469e-01
5.866858019598475416e-01
5.781929319101370979e-01
5.698183317830617378e-01
5.615606120150875569e-01
5.534183745707760282e-01
5.453902171831156442e-01
5.374747368169070505e-01
5.296705324918645763e-01
5.219762075791481992e-01
5.143903716656195169e-01
5.069116420638214437e-01
4.995386450320297156e-01
4.922700167573356711e-01
4.851044041452193811e-01
4.780404654512606655e-01
4.710768707840907177e-01
4.642123025033656480e-01
4.574454555321259552e-01
4.507750375992946590e-01
4.441997694251073603e-01
4.377183848598766858e-01
4.313296309844957821e-01
4.250322681795071222e-01
4.188250701682771360e-01
4.127068240387253284e-01
4.066763302472652386e-01
4.007324026078688539e-01
3.948738682686631640e-01
3.890995676779842039e-01
3.834083545414804783e-01
3.777990957715528508e-01
3.722706714301994291e-01
3.668219746661285363e-01
3.614519116468813409e-01
3.561594014865521740e-01
3.509433761696270082e-01
3.458027804713636466e-01
3.407365718750829386e-01
3.357437204866824954e-01
3.308232089466541237e-01
3.259740323398387929e-01
3.211951981031382908e-01
3.164857259313653692e-01
3.118446476814166757e-01
3.072710072749042509e-01
3.027638605994145138e-01
2.983222754084991490e-01
2.939453312205395630e-01
2.896321192165803304e-01
2.853817421372593643e-01
2.811933141789115242e-01
2.770659608889531333e-01
2.729988190606296161e-01
2.689910366272119657e-01
2.650417725557253079e-01
2.611501967402714008e-01
2.573154898950311131e-01
2.535368434470047228e-01
2.498134594285601751e-01
2.461445503698435622e-01
2.425293391911158003e-01
2.389670590950670193e-01
2.354569534591593738e-01
2.319982757280444341e-01
2.285902893061113605e-01
2.252322674501879562e-01
2.219234931624483320e-01
2.186632590835574375e-01
2.154508673860766610e-01
2.122856296681575050e-01
2.091668668475470672e-01
2.060939090559078257e-01
2.030660955334679107e-01
2.000827745239853461e-01
1.971433031700277616e-01
1.942470474085243037e-01
1.913933818665722320e-01
1.885816897574227602e-01
1.858113627765962117e-01
1.830818009980223759e-01
1.803924127701040658e-01
1.777426146115654026e-01
1.751318311069327560e-01
1.725594948014563812e-01
1.700250460952692777e-01
1.675279331365359670e-01
1.650676117133331178e-01
1.626435451439604551e-01
1.602552041653800552e-01
1.579020668194359434e-01
1.555836183365197911e-01
1.532993510163241091e-01
1.510487641053355479e-01
1.488313636707458421e-01
1.466466624704631516e-01
1.444941798189801063e-01
1.423734414488959099e-01
1.402839793679833691e-01
1.382253317117829450e-01
1.361970425918366534e-01
1.341986619398106706e-01
1.322297453479190088e-01
1.302898539062423977e-01
1.283785540377303802e-01
1.264954173318814379e-01
1.246400203783177840e-01
1.228119446016819050e-01
1.210107760995017129e-01
1.192361054848682378e-01
1.174875277359609810e-01
1.157646420545975913e-01
1.140670517361197095e-01
1.123943640529865701e-01
1.107461901544744970e-01
1.091221449848407271e-01
1.075218472222036342e-01
1.059449192402120016e-01
1.043909870943320745e-01
1.028596805342479464e-01
1.013506330434917752e-01
9.986348190694521731e-02
9.839786830634765502e-02
9.695343744337697744e-02
9.552983868927303335e-02
9.412672575935726593e-02
9.274375691018517387e-02
9.138059515647027620e-02
9.003690850435482063e-02
8.871237019709872496e-02
8.740665896882275632e-02
8.611945930160612439e-02
8.485046168099379116e-02
8.359936284485240676e-02
8.236586602050839645e-02
8.114968114522586040e-02
7.995052506532865366e-02
7.876812170962994852e-02
7.760220223330753508e-02
7.645250512892011463e-02
7.531877630190235429e-02
7.420076910857217878e-02
7.309824435541628640e-02
7.201097025916432248e-02
7.093872236790887964e-02
6.988128344423603922e-02
6.883844331200106303e-02
6.780999866898999862e-02
6.679575286823455360e-02
6.579551567119686084e-02
6.480910297638457773e-02
6.383633652721880380e-02
6.287704360313238483e-02
6.193105669794250756e-02
6.099821318952142885e-02
6.007835500468205331e-02
5.917132828303044156e-02
5.827698304329392148e-02
5.739517285536156754e-02
5.652575452094438929e-02
5.566858776542541604e-02
5.482353494310147207e-02
5.399046075765516484e-02
5.316923199932883232e-02
5.235971729992243417e-02
5.156178690639556111e-02
5.077531247354704486e-02
5.000016687595019299e-02
4.923622403907064460e-02
4.848335878925972425e-02
4.774144672212027318e-02
4.701036408857912907e-02
4.628998769785715173e-02
4.558019483642803543e-02
4.488086320196826851e-02
4.419187085124817033e-02
4.351309616087895710e-02
4.284441779981297549e-02
4.218571471249902421e-02
4.153686611160792297e-02
4.089775147927523363e-02
4.026825057584293432e-02
3.964824345513043996e-02
3.903761048531777245e-02
3.843623237457714087e-02
3.784399020065268987e-02
