# lsst_theory
2.520141893006395265e-09
1.700529872855744863e-09
1.125722483884714368e-09
7.480585713841372823e-10
5.032418063689467814e-10
3.393824821560527343e-10
2.325903376836006461e-10
1.604604339411041065e-10
1.099682661048040195e-10
7.377056538959700597e-11
4.775947035525751924e-11
2.958702855327232990e-11
1.755724159555038478e-11
1.001138357376223341e-11
5.509673499059682536e-12
4.223501056633087784e-09
2.846169324957417256e-09
1.875266718044627075e-09
1.216635787407676045e-09
7.978138015335186473e-10
5.357126386179142461e-10
3.652650675256387427e-10
2.545867010640900300e-10
1.781253797816749622e-10
1.226553859052203063e-10
8.143516779966311876e-11
5.130127050530566555e-11
3.050757727487521648e-11
1.717168809599698789e-11
9.241909124120764813e-12
4.296641017059617516e-09
2.841146033504106391e-09
1.843040422135241729e-09
1.171133017700734730e-09
7.519203437304740198e-10
5.063929141054559743e-10
3.470193653325589400e-10
2.455615897209840985e-10
1.744253861671790934e-10
1.214888976180478358e-10
8.101832677075164190e-11
5.074235252794371367e-11
2.960420166162690275e-11
1.611497094220055771e-11
8.293555582149126068e-12
4.363757458735825341e-09
2.858433918041147502e-09
1.839374706313247862e-09
1.155656571024693704e-09
7.332927686797261593e-10
4.945144106021949110e-10
3.398280167985004475e-10
2.424571076276906268e-10
1.736470248225147747e-10
1.217094067682246248e-10
8.138018302635029401e-11
5.083232460882358554e-11
2.936552691059422940e-11
1.569456369304833277e-11
7.868107852719058244e-12
4.421964786852427570e-09
2.873638592555110599e-09
1.836418825743800797e-09
1.142426056736574559e-09
7.173403528506677058e-10
4.843557731350085723e-10
3.336785784794289956e-10
2.398171942879710664e-10
1.730000753052404721e-10
1.219157211390452442e-10
8.170310319190600632e-11
5.091670795921512632e-11
2.916306849718994144e-11
1.533290611445158293e-11
7.501086128012280875e-12
1.423254335903958522e-08
1.033141050710469745e-08
7.262174313640968566e-09
4.983700806450400648e-09
3.312867551721274348e-09
2.164463004192032555e-09
1.419368433073883668e-09
9.430476181580761001e-10
6.385980139986515415e-10
4.388025393594095349e-10
3.014202484381249152e-10
2.032091125332668682e-10
1.324556334875511680e-10
8.249755723452578016e-11
4.890551480494428918e-11
1.788639468458463289e-08
1.312990685993052332e-08
9.295551084260854146e-09
6.436056530444405114e-09
4.303881253309745895e-09
2.790477540619859234e-09
1.826310030069849615e-09
1.201940813806275908e-09
8.091700459708434827e-10
5.547564948195887596e-10
3.822200855344111145e-10
2.598545098401611684e-10
1.714625410095973194e-10
1.082274179911698015e-10
6.490508310689773686e-11
1.981229206826623270e-08
1.456054101938040310e-08
1.030692766233378754e-08
7.145260706677327824e-09
4.777865518113562152e-09
3.079505683271334338e-09
2.012941599139773080e-09
1.320406878143819270e-09
8.886978379656959384e-10
6.100290133596351547e-10
4.215931198102017860e-10
2.878786148293324001e-10
1.908371276678944868e-10
1.208937375821652053e-10
7.261075477075021308e-11
2.149561142571304294e-08
1.581609858783220542e-08
1.119798908080399697e-08
7.771575110997684138e-09
5.197540005429100920e-09
3.336962687314112511e-09
2.179225474412255435e-09
1.426081131965117440e-09
9.594255048762910024e-10
6.590267882056695979e-10
4.563842405991839900e-10
3.125847576896692231e-10
2.079048612360578650e-10
1.320641673019873716e-10
7.942729280550889860e-11
2.700935001725016966e-08
2.083449559026240565e-08
1.526675414907422330e-08
1.086083828503987963e-08
7.500603351385097974e-09
4.956193040448069181e-09
3.211176729566326763e-09
2.087299844760649966e-09
1.371610590632954597e-09
9.187405749898393796e-10
6.243420560697627944e-10
4.249670734764649160e-10
2.854754318396350946e-10
1.861364699579474116e-10
1.163509567795009141e-10
3.243255900159971935e-08
2.544865914233373788e-08
1.886371583261290071e-08
1.352496782432291670e-08
9.424300748179479331e-09
6.274970385117159228e-09
4.046438154296358077e-09
2.626486992436554924e-09
1.711319420985744665e-09
1.138037207042557076e-09
7.698885683862938282e-10
5.240081683511245837e-10
3.538047376970426099e-10
2.328963335378137715e-10
1.473577926812268818e-10
3.694007883366685697e-08
2.924827177638479972e-08
2.179518965309892564e-08
1.567820932296282039e-08
1.097154495606981025e-08
7.328308120680632951e-09
4.705845603138164924e-09
3.052580556976078556e-09
1.979148571110050920e-09
1.311857942904906711e-09
8.861318585602984852e-10
6.037214163350701869e-10
4.091198985054305259e-10
2.708434233588625736e-10
1.724819221458111007e-10
4.270682141748596867e-08
3.489383547477212305e-08
2.676871653066030998e-08
1.965319735855641572e-08
1.395978626430591114e-08
9.531790307785652140e-09
6.223045856842013117e-09
4.010066625281225017e-09
2.582899993855786621e-09
1.686780581101153522e-09
1.120230290771893946e-09
7.531392295683610566e-10
5.075549298219792652e-10
3.374768465500470437e-10
2.180534123578280880e-10
5.165936838922845194e-08
4.315918452476886842e-08
3.372617773055911482e-08
2.507319350869779030e-08
1.797522079253781648e-08
1.241501204175296168e-08
8.170023914167113131e-09
5.237569873851068567e-09
3.362835522601143303e-09
2.176247098748866279e-09
1.431579943247790128e-09
9.560739526702624799e-10
6.433237586167730769e-10
4.296352129371546668e-10
2.803273291500461742e-10
6.830218270327520056e-08
5.967034737984904567e-08
4.874380414536233500e-08
3.759130092596964689e-08
2.765102592065751617e-08
1.953358287954462000e-08
1.326004531437851547e-08
8.577431079122096750e-09
5.478262848359301049e-09
3.489111690565005760e-09
2.244168382118536869e-09
1.463677995260353151e-09
9.675035544738033581e-10
6.417304156444395653e-10
4.213650576430093639e-10
