# lsst_simulation
2.318165410239227348e-09
1.390455900285666318e-09
1.280383922382027219e-09
7.356986069941299453e-10
5.074346541659133903e-10
3.339496351803130146e-10
2.232608451080171506e-10
1.677412543531488852e-10
1.086796034570819798e-10
7.789119092313050432e-11
4.724037249676920863e-11
2.559050449527370590e-11
1.824854539404049528e-11
1.037075481807743448e-11
3.841681011982838061e-12
4.187520394770184651e-09
2.440415504961338271e-09
2.071102259983303101e-09
1.270816403382815553e-09
7.966411390454403590e-10
5.146259646575074455e-10
3.686552888255104998e-10
2.666345643151836393e-10
1.706438206321659070e-10
1.249546873696086382e-10
8.128871521922382551e-11
5.056337383169971327e-11
3.266381170931456433e-11
1.722375444711198344e-11
1.034930460281036973e-11
4.811426778316738663e-09
2.399784351250446761e-09
1.854222543504368425e-09
1.096399242636211981e-09
7.454938257664325268e-10
4.735417772612724787e-10
3.447129517097956657e-10
2.444474732036239510e-10
1.788222122966139072e-10
1.205861852252299413e-10
8.083251997215169904e-11
5.166016520170243872e-11
2.898538323434271227e-11
1.660223834375504891e-11
7.528366353819743236e-12
5.107944996582485085e-09
2.405513704503740189e-09
1.642346914627938119e-09
1.121371058446707003e-09
7.210164570768587002e-10
4.313225779454567881e-10
3.144631938096004853e-10
2.510719578027160261e-10
1.756676598821378189e-10
1.196347751326532246e-10
8.242184535070091155e-11
4.974816418580410358e-11
2.922952394397736611e-11
1.686812338729717935e-11
8.371236285531320704e-12
5.832261932279214281e-09
2.310416392437602228e-09
1.200436524528299192e-09
9.887274756668957350e-10
7.611539216151559572e-10
3.867371419329491710e-10
2.834561004744818825e-10
2.737106151432359685e-10
1.630720885851245357e-10
1.140757843243932538e-10
8.462709454225307959e-11
4.999748724701682853e-11
2.852801280882589489e-11
1.609045960327282719e-11
7.432641432536404734e-12
1.504799755664163020e-08
1.001798230035109524e-08
7.398535356393061136e-09
4.996936236626557816e-09
3.340121711820543266e-09
2.128424889772188302e-09
1.437672454429966199e-09
9.377828235705654303e-10
6.386505213258956645e-10
4.363237905440856241e-10
2.970833450666222464e-10
2.071932846789582411e-10
1.323868386169743651e-10
8.181434765628363279e-11
4.865987221553630054e-11
2.021412649493243730e-08
1.227706026566067788e-08
9.535328007831561761e-09
6.489676521516621257e-09
4.417315386566090115e-09
2.745261543533720875e-09
1.871596119353461275e-09
1.195908848918872773e-09
8.198747771345865700e-10
5.505000906042745652e-10
3.854637962491311616e-10
2.597410945618636179e-10
1.715229730359777521e-10
1.089167278635639462e-10
6.421029603749410036e-11
2.290831581313689253e-08
1.335234773499324488e-08
1.062000000250950564e-08
7.290532375808012338e-09
4.990025952490172986e-09
2.962945258062217713e-09
2.044204768782249500e-09
1.315755590565515275e-09
9.076864045832823381e-10
6.017352282912383959e-10
4.161673088711193022e-10
2.902023690025567193e-10
1.909589501894544299e-10
1.224112951939186636e-10
7.219804201011988346e-11
2.545865877509979590e-08
1.489393876204291962e-08
1.139962996042905826e-08
7.704062972136240010e-09
5.467606699540762647e-09
3.214935042747128331e-09
2.217585741747884785e-09
1.470374378724700526e-09
9.626034844139101514e-10
6.556772959119295059e-10
4.594821965491764278e-10
3.129531040662211049e-10
2.061387611960117688e-10
1.326385420408650151e-10
7.941368276533598198e-11
3.060372871112285135e-08
1.884329739450268757e-08
1.591174563329064355e-08
1.089251968762584730e-08
7.710409832101528777e-09
4.880632811253614795e-09
3.228659904578447032e-09
2.080966849986793162e-09
1.400378791543477523e-09
9.061666483490478466e-10
6.275016250322934985e-10
4.296956923705550921e-10
2.842767901267809850e-10
1.873739641429277453e-10
1.149323385777040544e-10
3.653394392163093358e-08
2.271633887148048692e-08
1.961849359410113275e-08
1.375219738522218812e-08
9.662666560168917384e-09
6.158438474089339507e-09
4.032835293907793338e-09
2.623360882635315663e-09
1.752428479848579799e-09
1.130826964515540516e-09
7.711953626873433338e-10
5.244941104489504395e-10
3.540908420036130960e-10
2.335297392888164746e-10
1.466888846665971596e-10
4.224441218364098799e-08
2.654027142538849762e-08
2.243077321241662088e-08
1.554135043488907123e-08
1.130541906065858422e-08
7.231364288724812598e-09
4.657988630248326504e-09
3.080913170764788158e-09
2.011455934300206222e-09
1.297799708628053907e-09
8.918512447666870290e-10
6.073373379089737831e-10
4.093096835231301231e-10
2.740213252333940860e-10
1.727166969868490420e-10
4.720148941968396120e-08
3.084824795024153820e-08
2.746059903568092351e-08
2.032159492542219158e-08
1.430010749817428685e-08
9.394426078419698018e-09
6.139333037395084207e-09
3.995958617852479874e-09
2.621467008309806721e-09
1.684138349253881256e-09
1.122186539454912918e-09
7.526334486022150832e-10
5.100235472647325626e-10
3.390921176575870960e-10
2.193957123036058835e-10
5.656708912676578437e-08
3.912057974530819277e-08
3.443978334411279571e-08
2.521478680342723692e-08
1.846833266325003514e-08
1.239700527268131981e-08
8.094805896378882890e-09
5.227410391548129443e-09
3.406472873842390315e-09
2.166227479291402157e-09
1.430333034831996658e-09
9.545839342984409073e-10
6.438278837147314447e-10
4.316545110254209954e-10
2.800015354274707879e-10
7.268532365352498730e-08
5.588133732987741223e-08
5.011480420700270216e-08
3.747735082485107781e-08
2.840318593989058088e-08
1.962471113410467081e-08
1.313021160299212112e-08
8.601494003958369293e-09
5.530234384243278871e-09
3.460619844018446413e-09
2.247221586776599029e-09
1.462024128737950146e-09
9.661187130455522621e-10
6.448385264540214553e-10
4.217463277445344354e-10
