# bin_7
0.000000000000000000e+00
-6.747006683667536362e-80
0.000000000000000000e+00
0.000000000000000000e+00
-4.318084277547223272e-78
1.727233711018889309e-77
-3.454467422037778617e-77
-1.381786968815111447e-76
0.000000000000000000e+00
-2.210859150104178315e-75
8.843436600416713260e-75
0.000000000000000000e+00
0.000000000000000000e+00
0.000000000000000000e+00
0.000000000000000000e+00
0.000000000000000000e+00
3.622271631530685751e-71
0.000000000000000000e+00
0.000000000000000000e+00
-1.159126922089819440e-69
0.000000000000000000e+00
1.854603075343711105e-68
7.418412301374844419e-68
0.000000000000000000e+00
-1.186945968219975107e-66
0.000000000000000000e+00
9.495567745759800856e-66
-3.798227098303920342e-65
0.000000000000000000e+00
0.000000000000000000e+00
2.430865342914509019e-63
0.000000000000000000e+00
0.000000000000000000e+00
0.000000000000000000e+00
0.000000000000000000e+00
0.000000000000000000e+00
0.000000000000000000e+00
1.393955422240895919e-58
4.675724759173748339e-56
1.254591741855029049e-53
2.752678023775186764e-51
4.961961521893560595e-49
7.397941562586346135e-47
9.181840490413139165e-45
9.545623960905330274e-43
8.362313036047183455e-41
6.208544142960915110e-39
3.928206946033086982e-37
2.129366893898946737e-35
9.939916421148740150e-34
4.015443590276928029e-32
1.410479530421352602e-30
4.327839936172584284e-29
1.165100488168928440e-27
2.763700767313893114e-26
5.800102080953274667e-25
1.081223389784849864e-23
1.797164704574022324e-22
2.673328046458182204e-21
3.571511232305674200e-20
4.300085897812297765e-19
4.681297270162933524e-18
4.622838268304318276e-17
4.153811333882661062e-16
3.406256366556117000e-15
2.556547456767993565e-14
1.761116733742866956e-13
1.116482729204437342e-12
6.530988896362296747e-12
3.533992975438464926e-11
1.773265270206597292e-10
8.270480446847671866e-10
3.593619828526317470e-09
1.457948739654266553e-08
5.534722225289422366e-08
1.970149656284468570e-07
6.589184797308171301e-07
2.074658670090929850e-06
6.161307613744764065e-06
1.729082534064339238e-05
4.593653260557049547e-05
1.157343616575203378e-04
2.769938335722914422e-04
6.308191228428558072e-04
1.369217057736773525e-03
2.837016207912870878e-03
5.620146185610818725e-03
1.066080496980602310e-02
1.939262804651151889e-02
3.387848773966537635e-02
5.692178541725242263e-02
9.211240562487323091e-02
1.437652013448265098e-01
2.167159522251534687e-01
3.159591073760946167e-01
4.461416947970815450e-01
6.109629418568882642e-01
8.125607408543735755e-01
1.050984717201709717e+00
1.323854198464274434e+00
1.626275606644662197e+00
1.951051538219083836e+00
2.289162199426732602e+00
2.630450882581142569e+00
2.964410187364755256e+00
3.280952398929227076e+00
3.571057935423087581e+00
3.827226403609151895e+00
4.043697504065086434e+00
4.216453745212445980e+00
4.343054145844074121e+00
4.422370941507789865e+00
4.454306676222928196e+00
4.439557856835293137e+00
4.379467786082403613e+00
4.275981557049735926e+00
4.131687349116679897e+00
3.949906113511985506e+00
3.734780479434614886e+00
3.491314621568694765e+00
3.225328599756005499e+00
2.943309844225469263e+00
2.652166328399939488e+00
2.358905765808543720e+00
2.070279052867370684e+00
1.792431980453420115e+00
1.530606696850886683e+00
1.288924975463345390e+00
1.070271626602448123e+00
8.762814242649993313e-01
7.074194607074376639e-01
5.631348866655537799e-01
4.420625241220344503e-01
3.422458435894017437e-01
2.613575036113205963e-01
1.968988377878259644e-01
1.463660124692778008e-01
1.073768876000390921e-01
7.775803181246895845e-02
5.559538275959773762e-02
3.925456294324326106e-02
2.737798248819730759e-02
1.886586801317755024e-02
1.284760066269176847e-02
8.648566000925648339e-03
5.756395566397966811e-03
3.789217133272076640e-03
2.467450867877121670e-03
1.589846404216110898e-03
1.013856155781523360e-03
6.400562197654554664e-04
4.001157313660312544e-04
2.477324281347264754e-04
1.519541569044198656e-04
9.235836407208991171e-05
5.563829393146721728e-05
3.322797082359992877e-05
1.967719790234776002e-05
1.155706331378427042e-05
6.733646428625950215e-06
3.892815602455958551e-06
2.233461839497333321e-06
1.271988627691683921e-06
7.192254461525434470e-07
4.038401095060396314e-07
2.252165239015089327e-07
1.247727052699152975e-07
6.868279728641902799e-08
3.757199655016806186e-08
2.042893603116899591e-08
1.104251667058919940e-08
5.934789348971794373e-09
3.171976925989860044e-09
1.686215978961235350e-09
8.917114588412627590e-10
4.691713371161609572e-10
2.456411519778320091e-10
1.279965970453742081e-10
6.638761584145755863e-11
3.427909854599868341e-11
1.762326395622301710e-11
9.022306159964860615e-12
4.600249154918319619e-12
2.336333110589243260e-12
1.182043793354727068e-12
5.958436403029081630e-13
2.992845683626549320e-13
1.498103325939748109e-13
7.474043702127537256e-14
3.716856347451840831e-14
1.842684337675159114e-14
9.108121058391074782e-15
4.489065242045476353e-15
2.206367550426886600e-15
1.081531453794071666e-15
5.287901095202106951e-16
2.579009364138092240e-16
1.254843409605197276e-16
6.091634334033009030e-17
2.950703250916938228e-17
1.426275779171181955e-17
6.880273621707952734e-18
3.312601961001890957e-18
1.591953626877660741e-18
7.637032444559309912e-19
3.657518840906198313e-19
1.748840029277407223e-19
8.349265495461588578e-20
3.980278625353380199e-20
1.894860770582483635e-20
9.008876917863534397e-21
4.277831849794617724e-21
2.028924910928759541e-21
9.612276989252059212e-22
4.549176522660953766e-22
2.150864440087130602e-22
1.016000514131262058e-22
4.795144935044014568e-23
2.261320680787621557e-23
1.065614866376717806e-23
5.018114953889723233e-24
2.361604218874288036e-24
1.110767608665484587e-24
5.221697932765208561e-25
2.453550893604110307e-25
1.152378135366707742e-25
5.410443698122368680e-26
2.539390651077112610e-26
1.191530760169496960e-26
5.589590375690523505e-27
2.621640281289771499e-27
1.229429349315131722e-27
5.764875440027745555e-28
2.703026130172827769e-28
1.267366402940340929e-28
5.942415548532911711e-29
2.786439236727507062e-29
1.306707301880013318e-29
6.128656868369538850e-30
2.874923083253210923e-30
1.348889591984230593e-30
6.330394592777534957e-31
2.971693150763497246e-31
1.395436891829029255e-31
6.554859781399526800e-32
3.080187543173346273e-32
1.447987186624621492e-32
6.809873102289509867e-33
3.204148883328735392e-33
1.508335824750466752e-33
7.104068139546226435e-34
3.347739345930520607e-34
1.578494408111560180e-34
7.447191463655396884e-35
3.515693016706349733e-35
1.660767950762893377e-35
7.850492657772346166e-36
3.713512797637857856e-36
1.757854210010475662e-36
8.327225214591388465e-37
3.947722978286834151e-37
1.872971066912706748e-37
8.893289213950275089e-38
4.226193668184523388e-38
2.010020415422119217e-38
9.568059860910618748e-39
4.558560016837391691e-39
2.173800467840243042e-39
1.037546366705177107e-39
4.956768254265505624e-40
2.370283077385546285e-40
1.134538828724659474e-40
5.435793114629693184e-41
2.606979167909342050e-41
1.251554568011690561e-41
6.014588683888275112e-42
2.893424448902939507e-42
1.393395556964345543e-42
6.717359366583342678e-43
3.241830455158061338e-43
1.566228334383876428e-43
7.575272768675603039e-44
3.667964313898500565e-44
1.778036267982088485e-44
8.628786684106701104e-45
4.192347072775125533e-45
2.039237193234935259e-45
9.930835269046684377e-46
4.841898752389757852e-46
2.363533503589056422e-46
1.155122572582247094e-46
5.652214285964965711e-47
2.769091308604406339e-47
1.358275278874203065e-47
6.670736923523003646e-48
3.280188860317000337e-48
1.614976897912925781e-48
7.961217868003112566e-49
3.929539226692660115e-49
1.942029230420472015e-49
9.610033430422966353e-50
4.761589196392227595e-50
2.362324907324243909e-50
1.173520569857329989e-50
5.837242772595667574e-51
2.907323010154456307e-51
1.449938935801009665e-51
7.240680190303653371e-52
3.620632864003451206e-52
1.812872416220969718e-52
9.089284501954472729e-53
4.563245701602030680e-53
2.294043373101693468e-53
1.154821470935221293e-53
5.821237133642997074e-54
2.938357517318310462e-54
1.485198497429952325e-54
7.517205617677701518e-55
3.809972984493252967e-55
1.933669767552320258e-55
9.827408345262094820e-56
5.001419178183240474e-56
2.548861729162690887e-56
1.300766111640202065e-56
6.647420526411054460e-57
3.401802709629950789e-57
1.743283776849531401e-57
8.946042600565883289e-58
4.597255035905832635e-58
2.365766044129426860e-58
1.219133593696636519e-58
6.291262474552103941e-59
3.251112177084508867e-59
1.682419689978155659e-59
8.718575096687864130e-60
4.524451781037034239e-60
2.351235611156528372e-60
1.223591592923579386e-60
6.376573009252946405e-61
3.327737360630299624e-61
1.739089388170808482e-61
9.101358031010010873e-62
4.769822068167934805e-62
2.503283775377835772e-62
1.315619056202827820e-62
6.924088975787380194e-63
3.649285268477102128e-63
1.926043095342605555e-63
1.017976129837251174e-63
5.387944278849185889e-64
2.855769452187892472e-64
1.515788347407539118e-64
8.056945412718080184e-65
4.288644820460806180e-65
2.286068702954287978e-65
1.220338201639057853e-65
6.523724367517314134e-66
3.492519613005019443e-66
1.872466694397913483e-66
1.005371038165383511e-66
5.406070281222559330e-67
2.911301715891702418e-67
1.570187041627534301e-67
8.481722062188881933e-68
4.588772418514305147e-68
2.486576586635521921e-68
1.349630097622431920e-68
7.337563273751485315e-69
3.996056861279532857e-69
2.180090964788253835e-69
1.191525002002509632e-69
6.524416674176479780e-70
3.579451810915024895e-70
1.967686108276550257e-70
1.083900712316774289e-70
5.983414604055305835e-71
3.310301840552928688e-71
1.835605139488919704e-71
1.020280184710470494e-71
5.684920118931054075e-72
3.175637019173528259e-72
1.778591342855467145e-72
9.988441927744935081e-73
5.625135053382060696e-73
3.177012220657252062e-73
1.799666999893124847e-73
1.022559723522951624e-73
5.828321970347509363e-74
3.332657968799302285e-74
1.911891193805429678e-74
1.100505936029320710e-74
6.356361139112938101e-75
3.684176114823038035e-75
2.142964532272402626e-75
1.251001716669019856e-75
7.329815802311170669e-76
4.310649527608864116e-76
2.544646637612294792e-76
1.507878475679673026e-76
8.969673792232031273e-77
5.356414398763597014e-77
