# k_h
1.047804016707231206e-05
1.232486811159400768e-05
1.449721241244587349e-05
1.705244760662939937e-05
2.005806089501739508e-05
2.359343457016779719e-05
2.775194260952049675e-05
3.264341680782427017e-05
3.839704758267218943e-05
4.516479606732245040e-05
5.312540760877085684e-05
6.248913267295884573e-05
7.350327984258090211e-05
8.645874756963449665e-05
1.016977071950931748e-04
1.196226401545898469e-04
1.407069680548797650e-04
1.655075563757091891e-04
1.946794220366868588e-04
2.289930332757959179e-04
2.693546587526235458e-04
3.168303033235154347e-04
3.726738626646938172e-04
4.383602403448355026e-04
5.156243020135639057e-04
6.065066955384240937e-04
7.134077472618062478e-04
8.391508578505424334e-04
9.870570721078558794e-04
1.161032792236815206e-03
1.365672951180597894e-03
1.606382370986389778e-03
1.889518511430641947e-03
2.222559379089026916e-03
2.614301031555637742e-03
3.075089893163707091e-03
3.617096017978728949e-03
4.254634517307447072e-03
5.004543641055874369e-03
5.886629498573910449e-03
6.924189164662664445e-03
8.144625986678246873e-03
9.580173343820885812e-03
1.126874597406629826e-02
1.325494135342960254e-02
1.559121757533590488e-02
1.833927883947723131e-02
2.157170514278140480e-02
2.537386921482493590e-02
2.984619132653443252e-02
3.510679152470933678e-02
4.129460934144968398e-02
4.857307337421407772e-02
5.713441765505651582e-02
6.720475881016355069e-02
7.905006810430903474e-02
9.298319609995910062e-02
1.093721354617299690e-01
1.286497401379844141e-01
1.513251576162392142e-01
1.779972761936303993e-01
2.093705424229579670e-01
2.462735664943406233e-01
2.896810069456650094e-01
3.407393127064760052e-01
4.007970023573514950e-01
4.714402803207453085e-01
5.545349306548419399e-01
6.522755949219203320e-01
7.672437356260332075e-01
9.024758161124464273e-01
1.061543497651711743e+00
1.248647971821359226e+00
1.468730919630325094e+00
1.727605027966013340e+00
2.032107510478953216e+00
2.390280687598354881e+00
2.811584395039726125e+00
3.307145830799273600e+00
3.890053439430352977e+00
4.575702595481467405e+00
5.382202216060494315e+00
6.330853041710504669e+00
7.446710217638679907e+00
8.759245033825878934e+00
1.030312330146404598e+01
1.211912092369048466e+01
1.425520084207499849e+01
1.676777980246557931e+01
1.972321839718447478e+01
2.319957373759374519e+01
2.728866104747298849e+01
3.209847862666398299e+01
3.775606023153770252e+01
4.441083020748934018e+01
5.223854998702877594e+01
6.144596018579065344e+01
7.227624090047065408e+01
8.501543442250401483e+01
1.000000000000000000e+02
