# k_h
1.047804016707231206e-05
1.131555469437965955e-05
1.222001213966274906e-05
1.319676328087347160e-05
1.425158658608474511e-05
1.539072239895688382e-05
1.662090985666373559e-05
1.794942675868580734e-05
1.938413262233387033e-05
2.093351517972036053e-05
2.260674059125486997e-05
2.441370767272721295e-05
2.636510645678598211e-05
2.847248143526283541e-05
3.074829985648427872e-05
3.320602548161933080e-05
3.586019823640508683e-05
3.872652022947129901e-05
4.182194864614881589e-05
4.516479606732245040e-05
4.877483880681553484e-05
5.267343390823095553e-05
5.688364549340320554e-05
6.143038120993918468e-05
6.634053958507431302e-05
7.164316915758837305e-05
7.736964032920855858e-05
8.355383095217329870e-05
9.023232675089478685e-05
9.744463776341622636e-05
1.052334320831337040e-04
1.136447882835998110e-04
1.227284680197576413e-04
1.325382104183155541e-04
1.431320499988783534e-04
1.545726600066596598e-04
1.669277231879347581e-04
1.802703322017440663e-04
1.946794220366868588e-04
2.102402369909857479e-04
2.270448349784824095e-04
2.451926321440385374e-04
2.647909910102974693e-04
2.859558556352817115e-04
3.088124375384286081e-04
3.334959564530055594e-04
3.601524402872048917e-04
3.889395890264910863e-04
4.200277076880605596e-04
4.536007138467734344e-04
4.898572256930916122e-04
5.290117370599888014e-04
5.712958863702914929e-04
6.169598270115627878e-04
6.662737072456741301e-04
7.195292684082247930e-04
7.770415708527661156e-04
8.391508578505424334e-04
9.062245684725758321e-04
9.786595113623472106e-04
1.056884212259107982e-03
1.141361449159804644e-03
1.232590990117654085e-03
1.331112549874198005e-03
1.437508982816319749e-03
1.552409731147757826e-03
1.676494548674547364e-03
1.810497522234329453e-03
1.955211414560329743e-03
2.111492354272452056e-03
2.280264900741481564e-03
2.462527513790203036e-03
2.659358460590208889e-03
2.871922194699688072e-03
3.101476244980586310e-03
3.349378655150073159e-03
3.617096017978728949e-03
3.906212151665892137e-03
4.218437469721603855e-03
4.555619099787515391e-03
4.919751811259733855e-03
5.312989816361592642e-03
5.737659514481496456e-03
6.196273255171531012e-03
6.691544201228823326e-03
7.226402379789735944e-03
7.804012016395409264e-03
8.427790254576994142e-03
9.101427371705914787e-03
9.828908610706189528e-03
1.061453775678559280e-02
1.146296259866555999e-02
1.237920242493889197e-02
1.336867771822377454e-02
1.443724222278520986e-02
1.559121757533590488e-02
1.683743070389293744e-02
1.818325421594208652e-02
1.963665001484644901e-02
2.120621640253468262e-02
2.290123894712840780e-02
2.473174541644233837e-02
2.670856510234404652e-02
2.884339288693701930e-02
3.114885842958274934e-02
3.363860088407317345e-02
3.632734958798054109e-02
3.923101120154422194e-02
4.236676381160803945e-02
4.575315855732848408e-02
4.941022937887180194e-02
5.335961153837501247e-02
5.762466961434081075e-02
6.223063572668312282e-02
6.720475881016355069e-02
7.257646581932125640e-02
7.837753581858719620e-02
8.464228798749970362e-02
9.140778465326324098e-02
9.871405055179147126e-02
1.066043096143865221e-01
1.151252406808843803e-01
1.243272536520692445e-01
1.342647877150759395e-01
1.449966334060851236e-01
1.565862804156350763e-01
1.691022931941735530e-01
1.826187165799295076e-01
1.972155138488074222e-01
2.129790397778085209e-01
2.300025515206274573e-01
2.483867603177679073e-01
2.682404273050995602e-01
2.896810069456650094e-01
3.128353418912814266e-01
3.378404133847528468e-01
3.648441516420675157e-01
3.940063110088161125e-01
4.254994150682618326e-01
4.595097772923283364e-01
4.962386032736872954e-01
5.359031810597597589e-01
5.787381666306516959e-01
6.249969721259376332e-01
6.749532650330332118e-01
7.289025872063836786e-01
7.871641032955921657e-01
8.500824889262063033e-01
9.180299698036549216e-01
9.914085238036931536e-01
1.070652259076942059e+00
1.156229982236397502e+00
1.248647971821359226e+00
1.348452973445574132e+00
1.456235434348948532e+00
1.572632996488447787e+00
1.698334268833347815e+00
1.834082901181763203e+00
1.980681983599193119e+00
2.138998797506173943e+00
2.309969946522576034e+00
2.494606897422583014e+00
2.694001963980749093e+00
2.909334769109594987e+00
3.141879223518807773e+00
3.393011062181854776e+00
3.664215983195804327e+00
3.957098437183935058e+00
4.273391119239261293e+00
4.614965219563512022e+00
4.983841493444272963e+00
5.382202216060494315e+00
5.812404092841041425e+00
6.276992201754086231e+00
6.778715050010055698e+00
7.320540834253716156e+00
7.905675000440751887e+00
8.537579207283439331e+00
9.219991805453018330e+00
9.956949953694129718e+00
1.075281350269034242e+01
1.161229078797794401e+01
1.254046648449908297e+01
1.354283168758204425e+01
1.462531639830803165e+01
1.579432460544795802e+01
1.705677217151475134e+01
1.842012774706478950e+01
1.989245695529824332e+01
2.148247010835465431e+01
2.319957373759374519e+01
2.505392624271510371e+01
2.705649798893733404e+01
2.921913620777222320e+01
3.155463508534704786e+01
3.407681145291907399e+01
3.680058652736675384e+01
3.974207418523592850e+01
4.291867629257080097e+01
4.634918565450168870e+01
5.005389719364028167e+01
5.405472801501482394e+01
5.837534706784975214e+01
6.304131517127161288e+01
6.808023623233235355e+01
7.352192055095869705e+01
7.939856117794050760e+01
8.574492436929354255e+01
9.259855526372619750e+01
1.000000000000000000e+02
