# lsst_theory
2.519722183992870975e-09
1.700373775142652421e-09
1.125653337773728917e-09
7.480126343697366984e-10
5.032193513008606737e-10
3.393652991230509167e-10
2.325779712580941399e-10
1.604520262496541908e-10
1.099628132798420410e-10
7.376689603184422968e-11
4.775733298831497216e-11
2.958597216715067985e-11
1.755678279774063960e-11
1.001122915331480499e-11
5.509651565593503775e-12
4.222613721601752318e-09
2.845808721754379980e-09
1.875241573725443214e-09
1.216591350385044975e-09
7.977774328855140365e-10
5.356871900921174506e-10
3.652447965438263004e-10
2.545722298316917909e-10
1.781151007500857152e-10
1.226490371299134110e-10
8.143118065234095177e-11
5.129930096522952465e-11
3.050678045025973557e-11
1.717143861263863211e-11
9.241896413108552070e-12
4.295724088592383391e-09
2.840772861769214659e-09
1.843087894813420647e-09
1.171167580589581226e-09
7.518806143659967101e-10
5.063734762472676483e-10
3.469995620402620176e-10
2.455464045322776054e-10
1.744148935943369691e-10
1.214826613748965629e-10
8.101437360152210715e-11
5.074046579703027436e-11
2.960355690376331773e-11
1.611485064578705293e-11
8.293636632373605373e-12
4.362816080843441687e-09
2.858051048621246249e-09
1.839461172326239727e-09
1.155729876179254593e-09
7.332514675143330740e-10
4.944978678724297587e-10
3.398083526043016748e-10
2.424415032634667834e-10
1.736363314683808268e-10
1.217031744479411661e-10
8.137621407524370222e-11
5.083046452234570310e-11
2.936495519600960335e-11
1.569450882819249435e-11
7.868238080112628180e-12
4.421003166020478112e-09
2.873247691697727437e-09
1.836539152519701423e-09
1.142532241471479071e-09
7.172973595740476040e-10
4.843415509092878860e-10
3.336589180203939540e-10
2.398011746836084319e-10
1.729891949130741962e-10
1.219094952736935611e-10
8.169912605765691770e-11
5.091487214567800548e-11
2.916255601953613986e-11
1.533290083275716761e-11
7.501252084346216560e-12
1.422922315861298212e-08
1.032899756411732054e-08
7.260852052465900305e-09
4.983363256580640995e-09
3.312661167755866913e-09
2.164366751438942963e-09
1.419301708488932117e-09
9.429954855766495239e-10
6.385605335104954784e-10
4.387753077239290538e-10
3.014023461890625315e-10
2.031977538097278209e-10
1.324490667218956256e-10
8.249416700207168592e-11
4.890396069991094476e-11
1.788219281367245461e-08
1.312679904781719310e-08
9.293592270857630722e-09
6.435393226079350178e-09
4.303687490758851192e-09
2.790317214254385639e-09
1.826221557286649324e-09
1.201877048250336691e-09
8.091224521349352205e-10
5.547217037803198800e-10
3.821975805274356987e-10
2.598398934262135614e-10
1.714537874548243633e-10
1.082228182048261405e-10
6.490292828563029981e-11
1.980762347149497411e-08
1.455707422169148783e-08
1.030463106319426297e-08
7.144462545691775718e-09
4.777760652039765819e-09
3.079314206553454915e-09
2.012850845120830070e-09
1.320338273249059318e-09
8.886453569765105560e-10
6.099910710411521672e-10
4.215687988542350687e-10
2.878626944375191351e-10
1.908274876582714998e-10
1.208887022021244996e-10
7.260843414292726750e-11
2.149056744523641799e-08
1.581234009687156699e-08
1.119541539740941960e-08
7.770667931878469362e-09
5.197507788015071815e-09
3.336748490760526580e-09
2.179134749567614047e-09
1.426010209658244152e-09
9.593700907409041802e-10
6.589869268667288543e-10
4.563588905833135318e-10
3.125681016382785606e-10
2.078947321665840006e-10
1.320589347264268596e-10
7.942493597603367116e-11
2.700285546201776110e-08
2.082958317212196664e-08
1.526317928331048136e-08
1.085874871484364603e-08
7.500085989084060036e-09
4.955910848696369521e-09
3.211037251031222557e-09
2.087200763202491019e-09
1.371534641535589162e-09
9.186865405735091880e-10
6.243039390751061750e-10
4.249422385438799327e-10
2.854595285853942214e-10
1.861270913509023352e-10
1.163460041746205135e-10
3.242470434085391862e-08
2.544262924972903220e-08
1.885924804203228283e-08
1.352206779771761052e-08
9.423310487944821081e-09
6.274635183017818528e-09
4.046226654343900691e-09
2.626358191689623540e-09
1.711227394830577250e-09
1.137969263167413700e-09
7.698392636883206096e-10
5.239760631771606242e-10
3.537838213943881298e-10
2.328835873630395000e-10
1.473508294313051230e-10
3.693116641047307442e-08
2.924139654453462920e-08
2.179004626288210811e-08
1.567467622644149904e-08
1.097021954371503337e-08
7.327998695361190900e-09
4.705576614692019684e-09
3.052432278874141216e-09
1.979046845695146470e-09
1.311781402369095137e-09
8.860760008587859135e-10
6.036851596580171256e-10
4.090960680422164483e-10
2.708287239876842600e-10
1.724738575442490386e-10
4.269659424345828412e-08
3.488545918641364298e-08
2.676241196209261606e-08
1.964862475536454895e-08
1.395715633267533723e-08
9.531287512240933141e-09
6.222644814685223422e-09
4.009862277747260734e-09
2.582754534210967342e-09
1.686675052282866997e-09
1.120157599985596353e-09
7.530902787106881977e-10
5.075226312513968312e-10
3.374561780328596926e-10
2.180411751854085184e-10
5.164728711704448306e-08
4.314888802182882866e-08
3.371833241714699550e-08
2.506732394583913785e-08
1.797141757539427194e-08
1.241422555603303133e-08
8.169561449460823525e-09
5.237355191215069666e-09
3.362671597080357278e-09
2.176125201150231174e-09
1.431494016103947991e-09
9.560132210745139880e-10
6.432837882969876344e-10
4.296094464904454989e-10
2.803117300206564475e-10
6.828750765740583585e-08
5.965666360490701546e-08
4.873266245855394697e-08
3.758290617400332104e-08
2.764493897391901262e-08
1.953024399471723273e-08
1.325953485444283082e-08
8.576999561084667213e-09
5.478060401618678852e-09
3.488975115574806914e-09
2.244069559686210886e-09
1.463609850266916324e-09
9.674573278645325227e-10
6.416998569783626414e-10
4.213459193094019715e-10
5.013322198638945732e-07
3.481796831864746737e-07
2.337976437150515975e-07
1.530552919656233963e-07
1.005440031343808518e-07
6.627186924238532100e-08
4.458853433538814836e-08
3.072731977468631498e-08
2.152052547200646493e-08
1.502514254734461671e-08
1.022029399288601937e-08
6.645343691075617512e-09
4.098666763877836271e-09
2.399091641953351551e-09
1.342269325431279512e-09
1.575889519679821457e-06
1.135895516756629584e-06
7.956809463233893234e-07
5.366626936698984171e-07
3.498650441774927008e-07
2.282188997070754877e-07
1.491208533331087281e-07
9.964766448235592710e-08
6.842333782904867246e-08
4.783253317519555235e-08
3.335051402395069295e-08
2.264405326599849236e-08
1.470658886652273858e-08
9.045101669792499175e-09
5.274555558833874380e-09
1.885041854692622811e-06
1.364698153400685979e-06
9.606979688652964672e-07
6.508137078212713297e-07
4.241574729431474128e-07
2.764702056065279368e-07
1.800741199154563844e-07
1.198815638753657137e-07
8.207012527816163270e-08
5.733037388479892463e-08
4.005819686679332268e-08
2.732308961716213952e-08
1.784861003423709949e-08
1.103997513136748815e-08
6.468306051934272892e-09
2.067847370754210438e-06
1.499946049912890708e-06
1.058220084056295394e-06
7.182456079703809707e-07
4.680296439602937641e-07
3.049661259513142267e-07
1.983559261048421407e-07
1.318346416719614911e-07
9.013429106557898659e-08
6.294433595482615691e-08
4.402339081018468648e-08
3.008872901335399912e-08
1.970516087387859588e-08
1.221819854802843011e-08
7.173071062364289908e-09
2.225788301022161511e-06
1.616797991774372704e-06
1.142476944883276722e-06
7.765060959793426490e-07
5.059347612134895626e-07
3.295862708807921839e-07
2.141512036920538616e-07
1.421619792013744625e-07
9.710164204305161745e-08
6.779474303493668129e-08
4.744927129062748022e-08
3.247819037400845904e-08
2.130917850410996409e-08
1.323615946861179100e-08
7.781976720372163770e-09
-7.569736936460433421e-08
-6.293200121815424973e-08
-4.743040498156316515e-08
-3.570026736459164508e-08
-2.601862065225103829e-08
-1.635723052001844036e-08
-1.067007288763093570e-08
-6.693187907471303200e-09
-4.226013288184309132e-09
-2.747376359092578728e-09
-1.857329058549753642e-09
-1.300593415652093118e-09
-9.239120832218789586e-10
-6.423017971988778631e-10
-4.230393339908803956e-10
6.210886197563416372e-07
4.970205001937812333e-07
3.720050671951049931e-07
2.774783527588994053e-07
1.936156375387180481e-07
1.235710433883354489e-07
7.929902558254023802e-08
5.007458274500559454e-08
3.202822444082383093e-08
2.118293006752536003e-08
1.456021183242628307e-08
1.028182855501943432e-08
7.265316442301338219e-09
4.961684684794085647e-09
3.193683131628773388e-09
1.090838198618981893e-06
8.842188741891343087e-07
6.644531983765687240e-07
4.963258371670114296e-07
3.509704189288401897e-07
2.238293119064638248e-07
1.444601081201922076e-07
9.094027850963745830e-08
5.793327829786490231e-08
3.809721634377459794e-08
2.603258499978077296e-08
1.831515271163427837e-08
1.294777283671193151e-08
8.886118789885666378e-09
5.763633201002481760e-09
1.347085697656646922e-06
1.094881280649175321e-06
8.234351814862492783e-07
6.152717796826578106e-07
4.362774120698879691e-07
2.781917760281750838e-07
1.797450657618067917e-07
1.130844242773805244e-07
7.198168625463441077e-08
4.727990077867209287e-08
3.226802991873706637e-08
2.268473802291380973e-08
1.603849634345406617e-08
1.101862043288424831e-08
7.158057194474253522e-09
1.568453160189452492e-06
1.276867176928777077e-06
9.607747516236751987e-07
7.180245455528577061e-07
5.099708801493322485e-07
3.251527657475886797e-07
2.102261059768960977e-07
1.322137253534611350e-07
8.411747552270510441e-08
5.521244851266960520e-08
3.765461287602607515e-08
2.645949408295045355e-08
1.870848755884343118e-08
1.286082197936993320e-08
8.362646602542936855e-09
-3.503737602409526708e-08
-3.099269396240432358e-08
-2.419211433472839472e-08
-1.812024284750157867e-08
-1.364974126765561849e-08
-9.026040718615622554e-09
-5.889526862678323661e-09
-3.654502105438476773e-09
-2.290109858157342546e-09
-1.459024962388670509e-09
-9.606636691244238220e-10
-6.570293289455739185e-10
-4.620751396204502257e-10
-3.245858696274568459e-10
-2.199082808450210458e-10
1.076278275871770269e-07
9.330973853068761733e-08
7.165433174609979706e-08
5.354552891715177418e-08
4.021015211731196171e-08
2.580426272903892319e-08
1.711885663830558265e-08
1.051945840429000546e-08
6.603503134569887384e-09
4.235563815559750162e-09
2.815780187458910452e-09
1.944424391204382112e-09
1.375518516068764629e-09
9.654508934296680896e-10
6.489099871848087026e-10
5.910615348441952340e-07
5.343303009303586725e-07
4.245340045769172865e-07
3.187278089958412161e-07
2.405944776484461788e-07
1.642831904646476958e-07
1.051529785190240855e-07
6.590807551272744382e-08
4.126987590720546124e-08
2.613217558932339957e-08
1.704139186304675935e-08
1.153992631303862377e-08
8.065101409205629164e-09
5.669018947905995184e-09
3.872166632139191179e-09
8.543788982373921314e-07
7.753825354889428696e-07
6.180838748164170577e-07
4.643286749471215733e-07
3.505711364481007976e-07
2.406798799384652236e-07
1.535971472772755730e-07
9.649206770491162457e-08
6.039549996470013327e-08
3.819622018478894999e-08
2.486592322220921161e-08
1.680799965341425886e-08
1.173262898196156230e-08
8.246862783049876722e-09
5.640506703702518095e-09
1.079960596669402126e-06
9.817941988713838610e-07
7.837462860122166380e-07
5.889335020897157890e-07
4.446908767188345586e-07
3.060198270386271817e-07
1.950418583677361990e-07
1.226460154591120009e-07
7.675270070402878120e-08
4.851590881389327248e-08
3.156056870063397803e-08
2.131643895136726062e-08
1.487189575343702456e-08
1.045349653153876438e-08
7.153998399392776860e-09
-2.789873333028789383e-09
-2.635283336625156053e-09
-2.173974607982234087e-09
-1.644859879695543073e-09
-1.241694159525369764e-09
-8.992400337823084951e-10
-5.569674499924701797e-10
-3.588938022672066333e-10
-2.236064697845909580e-10
-1.398018165875735175e-10
-8.952061300024399554e-11
-5.943067008537532167e-11
-4.096213439207547178e-11
-2.876570955544805179e-11
-1.992616109372025786e-11
-3.520535541902893337e-08
-3.507232287630716830e-08
-3.063612517256280691e-08
-2.381607787028798970e-08
-1.782942248263479330e-08
-1.358056588615886447e-08
-8.532403191650410163e-09
-5.712600110601179334e-09
-3.490969553144038910e-09
-2.141716137374815864e-09
-1.339340094920984563e-09
-8.643388289439452272e-10
-5.807580163066150296e-10
-4.029073681186663359e-10
-2.814418327719756485e-10
2.547053970647845350e-07
2.479437331045381304e-07
2.112985282981298160e-07
1.622858011226712232e-07
1.219105539718476513e-07
9.106999714558153449e-08
5.668186772158430212e-08
3.744736100141290093e-08
2.306394321935006635e-08
1.425028172200336231e-08
8.998158635024845296e-09
5.876081681269933044e-09
3.991608899902949063e-09
2.784634139439453164e-09
1.939114516861518568e-09
5.204056236496581673e-07
5.105379567623893298e-07
4.390503962835001386e-07
3.390489506096266700e-07
2.544557648059501054e-07
1.910711971334005464e-07
1.199721178930225860e-07
7.932476850702423041e-08
4.872757703709784491e-08
3.006792701026782756e-08
1.891922294596339795e-08
1.229755321198041599e-08
8.316314262040679130e-09
5.786138505584875316e-09
4.031252839743745595e-09
7.342327664611173837e-07
7.216157667917086919e-07
6.218736521247585915e-07
4.808293904682132466e-07
3.607850360270221866e-07
2.712343815750624579e-07
1.706408698746600655e-07
1.128463346485858174e-07
6.927933104543784248e-08
4.273702400106535090e-08
2.686958260301904150e-08
1.744692036956522452e-08
1.178654981722507708e-08
8.195564952682831797e-09
5.710574090525333184e-09
-5.226975306207371123e-11
-5.215646408097997866e-11
-4.570462248097682724e-11
-3.565412589483800657e-11
-2.669240164129326387e-11
-2.029200310208462575e-11
-1.290087479929385562e-11
-8.590801418192278640e-12
-5.244541787338535403e-12
-3.221923762158785391e-12
-2.012468499352601670e-12
-1.296306630004947200e-12
-8.691357947521302871e-13
-6.018088692930896021e-13
-4.199916582223353874e-13
-1.636168525173985956e-08
-1.677513837591588615e-08
-1.520397815083211773e-08
-1.216540601330601125e-08
-9.111586629781039551e-09
-6.955825777977123791e-09
-4.680228271787140283e-09
-3.027666797825141540e-09
-1.848607291030349420e-09
-1.141201645668117230e-09
-7.068057657699291850e-10
-4.479511134951897651e-10
-2.949725700047629455e-10
-2.015153155640474376e-10
-1.402466166158724316e-10
4.712304937601330777e-08
4.781734833025559417e-08
4.274566145957607460e-08
3.377839323010087027e-08
2.523031820064435430e-08
1.930013178134958166e-08
1.263436265767570484e-08
8.329572228367765463e-09
5.037906317317583733e-09
3.107973867606626562e-09
1.931192319572770129e-09
1.232546307806047304e-09
8.185340467833113335e-10
5.632069561187417641e-10
3.931630977735675089e-10
2.926997743871366149e-07
3.033722379011035182e-07
2.789314381982333428e-07
2.261153472317847409e-07
1.698614102581627183e-07
1.293143040617368765e-07
8.947940048294679190e-08
5.672455631393772455e-08
3.498977647237343234e-08
2.161659705117766932e-08
1.335317800359103359e-08
8.404883975465694888e-09
5.487222177496416893e-09
3.721014902972488075e-09
2.581088897800054315e-09
4.899164472988135414e-07
5.088827524677237767e-07
4.692244348168947799e-07
3.813815073135001337e-07
2.867020195286214682e-07
2.181319575681622124e-07
1.517393009495806150e-07
9.584276757201453968e-08
5.925961313815533034e-08
3.660960448753451018e-08
2.259876925889463620e-08
1.420487250429476594e-08
9.258004060889572749e-09
6.268556840768924865e-09
4.345010755253511237e-09
-2.300716691894251623e-13
-2.388314838736392389e-13
-2.198697009760708304e-13
-1.781753656622356026e-13
-1.336139606854603672e-13
-1.018892719933227787e-13
-7.057559234234542452e-14
-4.473974484208259501e-14
-2.740563313788024930e-14
-1.697461969710590655e-14
-1.049896124701847051e-14
-6.608304670297550903e-15
-4.314717972821737709e-15
-2.927594613496202608e-15
-2.032959027010279471e-15
-1.353350560745287765e-09
-1.434428495410262553e-09
-1.357958903385191155e-09
-1.131147426157565000e-09
-8.564487282468105473e-10
-6.473950320041791586e-10
-4.718764588133128138e-10
-2.885601539174025083e-10
-1.827107202617312521e-10
-1.127467708410306741e-10
-6.914811034700646374e-11
-4.294346367516644361e-11
-2.756228409783157178e-11
-1.840177137396830367e-11
-1.266297103510330345e-11
-1.507101520087544293e-08
-1.642819964790071309e-08
-1.615529425016853315e-08
-1.401673825968515421e-08
-1.083856901397623246e-08
-8.090580412026456388e-09
-6.200334741703334715e-09
-3.747833835931565940e-09
-2.492831570487040354e-09
-1.522332884408458519e-09
-9.131832889259276038e-10
-5.562008001245689015e-10
-3.486018907863077661e-10
-2.269425174421378013e-10
-1.533914464181322459e-10
1.338343026521649870e-07
1.441929478895893309e-07
1.396012341213651925e-07
1.191315157583267851e-07
9.132754195107811844e-08
6.851269712006947344e-08
5.151312403417746767e-08
3.123414278746632724e-08
2.038927973928894790e-08
1.250216076917096867e-08
7.565380255811747683e-09
4.643149246035844662e-09
2.937587248062225954e-09
1.931901981164287781e-09
1.315461373474091392e-09
3.183048547296690847e-07
3.442866501219197969e-07
3.351407555451935583e-07
2.877719096234152748e-07
2.214464035155857150e-07
1.658547602834931939e-07
1.254023725267999916e-07
7.623613139079648483e-08
5.003727580098793677e-08
3.062241792438906340e-08
1.847902178270415291e-08
1.130676702006199862e-08
7.126599176907761310e-09
4.667891861477299194e-09
3.168452132549976899e-09
-1.073379622722547911e-17
-1.132190005519755570e-17
-1.064328049410240086e-17
-8.793158196390040081e-18
-6.626112445689511074e-18
-5.022642904041327409e-18
-3.623383603829561769e-18
-2.223682567009854336e-18
-1.386871794069188532e-18
-8.584695250655007483e-19
-5.304695943592878265e-19
-3.308242418813720888e-19
-2.133329950366119832e-19
-1.431760990274796546e-19
-9.889778138583624519e-20
-2.151077013262059174e-11
-2.348080732202091797e-11
-2.314253550077769224e-11
-2.014342640094094528e-11
-1.562120919147743231e-11
-1.165466326911637680e-11
-8.931525835685248970e-12
-5.440299344065693377e-12
-3.621477208976868579e-12
-2.208263115572261788e-12
-1.322819030085124173e-12
-8.042440677931289787e-13
-5.029801521508342101e-13
-3.266542261244632279e-13
-2.202863696183569682e-13
-6.483180510231227937e-09
-7.182515565395473935e-09
-7.226956801856368910e-09
-6.447725885699936863e-09
-5.091778294794720162e-09
-3.784521367822171358e-09
-2.928732414927508975e-09
-1.847731035457407249e-09
-1.229848790586581519e-09
-7.435763437768549391e-10
-4.451480750342081213e-10
-2.677857451089730643e-10
-1.649695549352811126e-10
-1.053514909292715514e-10
-6.999064223094254994e-11
3.068813748100497421e-08
3.395064056791904931e-08
3.409244459137370853e-08
3.033983292054772265e-08
2.390750182247515708e-08
1.776867401217567557e-08
1.375020303465834909e-08
8.629209020727815543e-09
5.758014277434960165e-09
3.481844472313379640e-09
2.083456078915761505e-09
1.253933577079314649e-09
7.736011723931224724e-10
4.949620736592618791e-10
3.294221905906511815e-10
1.950975386802434077e-07
2.178007058724811468e-07
2.215310394488403329e-07
2.003519160215627914e-07
1.600775678937497823e-07
1.190000316618617513e-07
9.204868080631653321e-08
5.980646254877698437e-08
3.923471362173904266e-08
2.366456406490521030e-08
1.423251503660317394e-08
8.537937157941318425e-09
5.219976969700241685e-09
3.301041227717950041e-09
2.172030523204731615e-09
0.000000000000000000e+00
0.000000000000000000e+00
0.000000000000000000e+00
0.000000000000000000e+00
0.000000000000000000e+00
0.000000000000000000e+00
0.000000000000000000e+00
0.000000000000000000e+00
0.000000000000000000e+00
0.000000000000000000e+00
0.000000000000000000e+00
0.000000000000000000e+00
0.000000000000000000e+00
0.000000000000000000e+00
0.000000000000000000e+00
-3.549680358026373021e-14
-3.964694527184252933e-14
-4.034494392149303727e-14
-3.648861711314720378e-14
-2.912326958667301354e-14
-2.161925048328624260e-14
-1.676883081864228185e-14
-1.084058611514957159e-14
-7.166888098326681988e-15
-4.310932316261809443e-15
-2.590697780386551386e-15
-1.550498968652631331e-15
-9.476526390419128941e-16
-5.996864651353704380e-16
-3.949273795925758431e-16
-3.036582738711141326e-10
-3.434169621553211310e-10
-3.556775662523900306e-10
-3.290408901304792294e-10
-2.682023317470327534e-10
-1.997288954745466738e-10
-1.539572653445747717e-10
-1.050994293385322518e-10
-6.701062662203508627e-11
-4.040623777982077269e-11
-2.447880587751004283e-11
-1.465081967994638636e-11
-8.854766863070152462e-12
-5.509755316475229955e-12
-3.566024759879634504e-12
-4.628077004636165232e-09
-5.358921936124674853e-09
-5.736439464385619964e-09
-5.540182094600790763e-09
-4.719523092297879376e-09
-3.572409758382058543e-09
-2.694372145063811208e-09
-2.025483609405536801e-09
-1.207444708447847498e-09
-7.589158196048573648e-10
-4.607997945341429093e-10
-2.742527173445697301e-10
-1.624006891727259164e-10
-9.783283442519901791e-11
-6.102852452033099391e-11
1.009865808958716640e-07
1.157714790533795683e-07
1.222317199646435170e-07
1.159836517246156886e-07
9.705384618010531763e-08
7.297541141806760197e-08
5.553133582212224462e-08
4.021446442295089482e-08
2.460494659497725392e-08
1.520315092461482775e-08
9.226119829646862380e-09
5.503878531172826809e-09
3.284965591449932305e-09
2.004192959514228090e-09
1.268843404931060807e-09
0.000000000000000000e+00
0.000000000000000000e+00
0.000000000000000000e+00
0.000000000000000000e+00
0.000000000000000000e+00
0.000000000000000000e+00
0.000000000000000000e+00
0.000000000000000000e+00
0.000000000000000000e+00
0.000000000000000000e+00
0.000000000000000000e+00
0.000000000000000000e+00
0.000000000000000000e+00
0.000000000000000000e+00
0.000000000000000000e+00
0.000000000000000000e+00
0.000000000000000000e+00
0.000000000000000000e+00
0.000000000000000000e+00
0.000000000000000000e+00
0.000000000000000000e+00
0.000000000000000000e+00
0.000000000000000000e+00
0.000000000000000000e+00
0.000000000000000000e+00
0.000000000000000000e+00
0.000000000000000000e+00
0.000000000000000000e+00
0.000000000000000000e+00
0.000000000000000000e+00
-5.152404670529260859e-13
-5.957719917291697278e-13
-6.366046603588339968e-13
-6.136333296202334495e-13
-5.220838551229610006e-13
-3.954453407534333030e-13
-2.983423211147618426e-13
-2.232961272827092596e-13
-1.336289933835929733e-13
-8.424003505434073018e-14
-5.109608222770416054e-14
-3.033322496667935646e-14
-1.796705968259221959e-14
-1.083685093029844659e-14
-6.766386613975603871e-15
-1.432055708864508114e-09
-1.672919198015621837e-09
-1.813514164225532630e-09
-1.782584652728303353e-09
-1.551625673571851180e-09
-1.192737581745213917e-09
-8.907671667862555895e-10
-6.862878412589861690e-10
-4.093533985690090104e-10
-2.664100128442835488e-10
-1.613263592056681182e-10
-9.408238286506157324e-11
-5.505157018224646967e-11
-3.273075452214285500e-11
-2.003983014953916016e-11
3.198028236458521153e-08
3.758111119243598903e-08
4.108162220194656001e-08
4.085095442267430273e-08
3.607156709305898155e-08
2.804387767881498328e-08
2.085464784664615803e-08
1.621160483939087639e-08
9.825329035280157354e-09
6.453592824484246182e-09
3.892908557162762380e-09
2.261214572455630178e-09
1.313642923171268612e-09
7.730799758900677159e-10
4.673178079068555044e-10
0.000000000000000000e+00
0.000000000000000000e+00
0.000000000000000000e+00
0.000000000000000000e+00
0.000000000000000000e+00
0.000000000000000000e+00
0.000000000000000000e+00
0.000000000000000000e+00
0.000000000000000000e+00
0.000000000000000000e+00
0.000000000000000000e+00
0.000000000000000000e+00
0.000000000000000000e+00
0.000000000000000000e+00
0.000000000000000000e+00
0.000000000000000000e+00
0.000000000000000000e+00
0.000000000000000000e+00
0.000000000000000000e+00
0.000000000000000000e+00
0.000000000000000000e+00
0.000000000000000000e+00
0.000000000000000000e+00
0.000000000000000000e+00
0.000000000000000000e+00
0.000000000000000000e+00
0.000000000000000000e+00
0.000000000000000000e+00
0.000000000000000000e+00
0.000000000000000000e+00
0.000000000000000000e+00
0.000000000000000000e+00
0.000000000000000000e+00
0.000000000000000000e+00
0.000000000000000000e+00
0.000000000000000000e+00
0.000000000000000000e+00
0.000000000000000000e+00
0.000000000000000000e+00
0.000000000000000000e+00
0.000000000000000000e+00
0.000000000000000000e+00
0.000000000000000000e+00
0.000000000000000000e+00
0.000000000000000000e+00
-1.354656040214116652e-12
-1.614674942733362767e-12
-1.800280441921111474e-12
-1.839030759352260030e-12
-1.678849713373892584e-12
-1.341706181227312675e-12
-9.909862796893974306e-13
-7.789523934387204814e-13
-4.964519183590011221e-13
-3.274476867468234878e-13
-1.951407926016157936e-13
-1.136737121174273705e-13
-6.517128735735268069e-14
-3.749633364794703068e-14
-2.203038176600483694e-14
3.717634301925281734e-09
4.475312531912238324e-09
5.058997237762391361e-09
5.267717722811841943e-09
4.932134845657682186e-09
4.045097562352029661e-09
3.000678430452797280e-09
2.331836280744674369e-09
1.586311555381503841e-09
1.008949462290307388e-09
5.994495945818684599e-10
3.534522719024615226e-10
2.034979155924619229e-10
1.157819151988933813e-10
6.652800563242604957e-11
2.052507395169961171e-04
1.487630682492620347e-04
1.048008104990659462e-04
7.045297633746136739e-05
4.573707807763884958e-05
2.969990386726532690e-05
1.932923251369136273e-05
1.287603300261035766e-05
8.851884558294013608e-06
6.223847501017501252e-06
4.376674614488416545e-06
2.996268741564265412e-06
1.956673951322737231e-06
1.206250360118422962e-06
7.037843028864580505e-07
2.962734017510871309e-05
2.271952377776149625e-05
1.689434185792641844e-05
1.243422141657280526e-05
8.190061661264904784e-06
5.361640776358086721e-06
3.370935995974042585e-06
2.144012751774105441e-06
1.394582201560078171e-06
9.427290621151552514e-07
6.611360495392705311e-07
4.712790401439079138e-07
3.305775109894572028e-07
2.206785056082961731e-07
1.379051566079641975e-07
1.942886218741075896e-07
1.592103694391435923e-07
1.194102285471964809e-07
8.962953712835199160e-08
6.455172412771024049e-08
4.038659361662745437e-08
2.625052797821014993e-08
1.653752449758018359e-08
1.049324238616100819e-08
6.866176795293438450e-09
4.672022287472753361e-09
3.284163445584070475e-09
2.330801569062304356e-09
1.611208070279606431e-09
1.052459419233170489e-09
5.505288719381750922e-11
4.806322663423882937e-11
3.708091599329331168e-11
2.774233340696982600e-11
2.089695461273207381e-11
1.346693621718164012e-11
8.965723603302144534e-12
5.530318651166490902e-12
3.455602362679414272e-12
2.207375039857877724e-12
1.462403658265330040e-12
1.006726126257658123e-12
7.110134026555023637e-13
4.993700849384371943e-13
3.365746612764427726e-13
0.000000000000000000e+00
0.000000000000000000e+00
0.000000000000000000e+00
0.000000000000000000e+00
0.000000000000000000e+00
0.000000000000000000e+00
0.000000000000000000e+00
0.000000000000000000e+00
0.000000000000000000e+00
0.000000000000000000e+00
0.000000000000000000e+00
0.000000000000000000e+00
0.000000000000000000e+00
0.000000000000000000e+00
0.000000000000000000e+00
0.000000000000000000e+00
0.000000000000000000e+00
0.000000000000000000e+00
0.000000000000000000e+00
0.000000000000000000e+00
0.000000000000000000e+00
0.000000000000000000e+00
0.000000000000000000e+00
0.000000000000000000e+00
0.000000000000000000e+00
0.000000000000000000e+00
0.000000000000000000e+00
0.000000000000000000e+00
0.000000000000000000e+00
0.000000000000000000e+00
0.000000000000000000e+00
0.000000000000000000e+00
0.000000000000000000e+00
0.000000000000000000e+00
0.000000000000000000e+00
0.000000000000000000e+00
0.000000000000000000e+00
0.000000000000000000e+00
0.000000000000000000e+00
0.000000000000000000e+00
0.000000000000000000e+00
0.000000000000000000e+00
0.000000000000000000e+00
0.000000000000000000e+00
0.000000000000000000e+00
0.000000000000000000e+00
0.000000000000000000e+00
0.000000000000000000e+00
0.000000000000000000e+00
0.000000000000000000e+00
0.000000000000000000e+00
0.000000000000000000e+00
0.000000000000000000e+00
0.000000000000000000e+00
0.000000000000000000e+00
0.000000000000000000e+00
0.000000000000000000e+00
0.000000000000000000e+00
0.000000000000000000e+00
0.000000000000000000e+00
0.000000000000000000e+00
0.000000000000000000e+00
0.000000000000000000e+00
0.000000000000000000e+00
0.000000000000000000e+00
0.000000000000000000e+00
0.000000000000000000e+00
0.000000000000000000e+00
0.000000000000000000e+00
0.000000000000000000e+00
0.000000000000000000e+00
0.000000000000000000e+00
0.000000000000000000e+00
0.000000000000000000e+00
0.000000000000000000e+00
0.000000000000000000e+00
0.000000000000000000e+00
0.000000000000000000e+00
0.000000000000000000e+00
0.000000000000000000e+00
0.000000000000000000e+00
0.000000000000000000e+00
0.000000000000000000e+00
0.000000000000000000e+00
0.000000000000000000e+00
0.000000000000000000e+00
0.000000000000000000e+00
0.000000000000000000e+00
0.000000000000000000e+00
0.000000000000000000e+00
1.190516180760515575e-04
9.679018351617445183e-05
7.258611362168672484e-05
5.439017040790859498e-05
3.872158212419067255e-05
2.447032206468071521e-05
1.581926134871543735e-05
9.967533446437904445e-06
6.338837139131635193e-06
4.161455041382349567e-06
2.840613553685985615e-06
1.999577437186667092e-06
1.416965590811529620e-06
9.755701394134694135e-07
6.342589804258854879e-07
2.524819171088445120e-05
2.191587013523031363e-05
1.688073313932854719e-05
1.263981369651679450e-05
9.474496639176817990e-06
6.105650420841711017e-06
4.037158629293130817e-06
2.500445494877023723e-06
1.566107628794070158e-06
1.003087705724009621e-06
6.659321212184657841e-07
4.590754672161391173e-07
3.242134149947426413e-07
2.273002923356497798e-07
1.527766742554570644e-07
4.063546366421703175e-07
3.726092635430559299e-07
2.986365849772437512e-07
2.240137160653412983e-07
1.697211993803741694e-07
1.178969984981498762e-07
7.470761048133131403e-08
4.671487428081965001e-08
2.932040255668814794e-08
1.852666517549914870e-08
1.202074901386357847e-08
8.100181787002350351e-09
5.648044756428097192e-09
3.977682718638753097e-09
2.732493171116537281e-09
2.609205396446195216e-10
2.510829940551349322e-10
2.109227641100371482e-10
1.605205486946958613e-10
1.208200441591811658e-10
8.959136401171791480e-11
5.480235021359062305e-11
3.606352642467191169e-11
2.234806091314769748e-11
1.385861571610485929e-11
8.807985952351829980e-12
5.796707946862560354e-12
3.966789301918574247e-12
2.779835587557995009e-12
1.934647207897794110e-12
7.925913348234774168e-17
7.877008903041302576e-17
6.861292825895293029e-17
5.321819499886085731e-17
3.982063171156858882e-17
3.032504264941370988e-17
1.893705505054918024e-17
1.278687997928531522e-17
7.810653493600036132e-18
4.770250763079121717e-18
2.984636399486462874e-18
1.928776650631069707e-18
1.298058567305896595e-18
9.016692835195541810e-19
6.300372429452023206e-19
0.000000000000000000e+00
0.000000000000000000e+00
0.000000000000000000e+00
0.000000000000000000e+00
0.000000000000000000e+00
0.000000000000000000e+00
0.000000000000000000e+00
0.000000000000000000e+00
0.000000000000000000e+00
0.000000000000000000e+00
0.000000000000000000e+00
0.000000000000000000e+00
0.000000000000000000e+00
0.000000000000000000e+00
0.000000000000000000e+00
0.000000000000000000e+00
0.000000000000000000e+00
0.000000000000000000e+00
0.000000000000000000e+00
0.000000000000000000e+00
0.000000000000000000e+00
0.000000000000000000e+00
0.000000000000000000e+00
0.000000000000000000e+00
0.000000000000000000e+00
0.000000000000000000e+00
0.000000000000000000e+00
0.000000000000000000e+00
0.000000000000000000e+00
0.000000000000000000e+00
0.000000000000000000e+00
0.000000000000000000e+00
0.000000000000000000e+00
0.000000000000000000e+00
0.000000000000000000e+00
0.000000000000000000e+00
0.000000000000000000e+00
0.000000000000000000e+00
0.000000000000000000e+00
0.000000000000000000e+00
0.000000000000000000e+00
0.000000000000000000e+00
0.000000000000000000e+00
0.000000000000000000e+00
0.000000000000000000e+00
0.000000000000000000e+00
0.000000000000000000e+00
0.000000000000000000e+00
0.000000000000000000e+00
0.000000000000000000e+00
0.000000000000000000e+00
0.000000000000000000e+00
0.000000000000000000e+00
0.000000000000000000e+00
0.000000000000000000e+00
0.000000000000000000e+00
0.000000000000000000e+00
0.000000000000000000e+00
0.000000000000000000e+00
0.000000000000000000e+00
6.915497741273035084e-05
6.299912013621858430e-05
5.025761836543435443e-05
3.769801244131459086e-05
2.853629085441336809e-05
1.964348539515834742e-05
1.252373258940704719e-05
7.826504605842110864e-06
4.907235606427878683e-06
3.103698615450199901e-06
2.018757133341954277e-06
1.363799526643695856e-06
9.523151062896110751e-07
6.703282583864516635e-07
4.593473100788238570e-07
1.651460590502956395e-05
1.572221228272278537e-05
1.306696257524462129e-05
9.907841862563602014e-06
7.471214847761640912e-06
5.467145751469749413e-06
3.365197888911913500e-06
2.186386101335452387e-06
1.359592209199773865e-06
8.475696468807374983e-07
5.410303875444650450e-07
3.578772950572940568e-07
2.459543790546932400e-07
1.725998912312049209e-07
1.198134916346919484e-07
2.885652789573077095e-07
2.856445949017972776e-07
2.478390966465773898e-07
1.919943303399034934e-07
1.438158067236219739e-07
1.090330196923557152e-07
6.823506669721301839e-08
4.568281340293035970e-08
2.795468906790257950e-08
1.715262714201226513e-08
1.075127033593247758e-08
6.960567739648568127e-09
4.691230668179005751e-09
3.260037430310212760e-09
2.275748878326914817e-09
2.113446803241453579e-10
2.163978235528819774e-10
1.956875412130388099e-10
1.561235081654259979e-10
1.167731682263060119e-10
8.931773814428941282e-11
5.968811866728485731e-11
3.889384097783054012e-11
2.362482786241123277e-11
1.459154456825734271e-11
9.032740088049432700e-12
5.731765504038025694e-12
3.781503807493060982e-12
2.588059500995745213e-12
1.803372442645488524e-12
0.000000000000000000e+00
0.000000000000000000e+00
0.000000000000000000e+00
0.000000000000000000e+00
0.000000000000000000e+00
0.000000000000000000e+00
0.000000000000000000e+00
0.000000000000000000e+00
0.000000000000000000e+00
0.000000000000000000e+00
0.000000000000000000e+00
0.000000000000000000e+00
0.000000000000000000e+00
0.000000000000000000e+00
0.000000000000000000e+00
0.000000000000000000e+00
0.000000000000000000e+00
0.000000000000000000e+00
0.000000000000000000e+00
0.000000000000000000e+00
0.000000000000000000e+00
0.000000000000000000e+00
0.000000000000000000e+00
0.000000000000000000e+00
0.000000000000000000e+00
0.000000000000000000e+00
0.000000000000000000e+00
0.000000000000000000e+00
0.000000000000000000e+00
0.000000000000000000e+00
0.000000000000000000e+00
0.000000000000000000e+00
0.000000000000000000e+00
0.000000000000000000e+00
0.000000000000000000e+00
0.000000000000000000e+00
0.000000000000000000e+00
0.000000000000000000e+00
0.000000000000000000e+00
0.000000000000000000e+00
0.000000000000000000e+00
0.000000000000000000e+00
0.000000000000000000e+00
0.000000000000000000e+00
0.000000000000000000e+00
0.000000000000000000e+00
0.000000000000000000e+00
0.000000000000000000e+00
0.000000000000000000e+00
0.000000000000000000e+00
0.000000000000000000e+00
0.000000000000000000e+00
0.000000000000000000e+00
0.000000000000000000e+00
0.000000000000000000e+00
0.000000000000000000e+00
0.000000000000000000e+00
0.000000000000000000e+00
0.000000000000000000e+00
0.000000000000000000e+00
4.066537655161326590e-05
4.005671504401145237e-05
3.457073269209712805e-05
2.671110889463418735e-05
2.002623955222906070e-05
1.512064992755446699e-05
9.443020190690493447e-06
6.295563317535851825e-06
3.860303585477769674e-06
2.374138942762856801e-06
1.491407251776854328e-06
9.680214371556446666e-07
6.539435447534984699e-07
4.549794836452915557e-07
3.173966700875188990e-07
1.005495820810536782e-05
1.021739041813318192e-05
9.153872171611860699e-06
7.253138284692803943e-06
5.425491560291662097e-06
4.145597541030804932e-06
2.726954161749489430e-06
1.791936684587530248e-06
1.089835384268506223e-06
6.714256815268100511e-07
4.165624510995046293e-07
2.654620787224909568e-07
1.759732864977421184e-07
1.208683046467673180e-07
8.427811078443878476e-08
1.835405515228917303e-07
1.916974989515497513e-07
1.779126825788895512e-07
1.452723738237834366e-07
1.091642020253015513e-07
8.306604033107482849e-08
5.844700240770970840e-08
3.660816074427637348e-08
2.259162509957571194e-08
1.399005029966800546e-08
8.642159933829951871e-09
5.419147921416596518e-09
3.521062346490400215e-09
2.378743455264228974e-09
1.648299451652984813e-09
9.593349617325336748e-11
1.027644813569828838e-10
9.866975494636206868e-11
8.336865784118890229e-11
6.349029904851660186e-11
4.775966368700547220e-11
3.562140415982194263e-11
2.145674070989325957e-11
1.385636485762943385e-11
8.524944991066996949e-12
5.194155062886027714e-12
3.204828537583231162e-12
2.040109430864294074e-12
1.350742895929353749e-12
9.246750659527173396e-13
0.000000000000000000e+00
0.000000000000000000e+00
0.000000000000000000e+00
0.000000000000000000e+00
0.000000000000000000e+00
0.000000000000000000e+00
0.000000000000000000e+00
0.000000000000000000e+00
0.000000000000000000e+00
0.000000000000000000e+00
0.000000000000000000e+00
0.000000000000000000e+00
0.000000000000000000e+00
0.000000000000000000e+00
0.000000000000000000e+00
0.000000000000000000e+00
0.000000000000000000e+00
0.000000000000000000e+00
0.000000000000000000e+00
0.000000000000000000e+00
0.000000000000000000e+00
0.000000000000000000e+00
0.000000000000000000e+00
0.000000000000000000e+00
0.000000000000000000e+00
0.000000000000000000e+00
0.000000000000000000e+00
0.000000000000000000e+00
0.000000000000000000e+00
0.000000000000000000e+00
0.000000000000000000e+00
0.000000000000000000e+00
0.000000000000000000e+00
0.000000000000000000e+00
0.000000000000000000e+00
0.000000000000000000e+00
0.000000000000000000e+00
0.000000000000000000e+00
0.000000000000000000e+00
0.000000000000000000e+00
0.000000000000000000e+00
0.000000000000000000e+00
0.000000000000000000e+00
0.000000000000000000e+00
0.000000000000000000e+00
2.505448733570254512e-05
2.607526396743141620e-05
2.409182522255931671e-05
1.959733762372786999e-05
1.471800450224811794e-05
1.120754247679295940e-05
7.819478881208524472e-06
4.929566516160956877e-06
3.036737567640298551e-06
1.879158630113526774e-06
1.160901988779137947e-06
7.293333269090446808e-07
4.750520223074573276e-07
3.215960877440654132e-07
2.230222156840232921e-07
6.140713182043596034e-06
6.534713790289530822e-06
6.219179640401567672e-06
5.207462553815277379e-06
3.950363390410980260e-06
2.980831456447532483e-06
2.192430005941112331e-06
1.332027917797350506e-06
8.491356743129830907e-07
5.235014536822250312e-07
3.204804544299816917e-07
1.985577480554351922e-07
1.270487465181746753e-07
8.456814210071721250e-08
5.809146849341414609e-08
8.808740043304766723e-08
9.571944072553732690e-08
9.374027617397075992e-08
8.097740799268497926e-08
6.247018683367649758e-08
4.668401956701587129e-08
3.561499273695964170e-08
2.151605468547843552e-08
1.426981853877716976e-08
8.724927843553514842e-09
5.237670817214630692e-09
3.196538714956696650e-09
2.008759293653424266e-09
1.311289949801405631e-09
8.881094490504583617e-10
1.666117574772720077e-11
1.847318272869652456e-11
1.860551550031024796e-11
1.661268771127309391e-11
1.311831061390691226e-11
9.742176290155617991e-12
7.554879465820168388e-12
4.753412423379199593e-12
3.180506616705248312e-12
1.921478042734651034e-12
1.148225757958794818e-12
6.898008955161312387e-13
4.246760052668503841e-13
2.711325263373955708e-13
1.801335857376311071e-13
0.000000000000000000e+00
0.000000000000000000e+00
0.000000000000000000e+00
0.000000000000000000e+00
0.000000000000000000e+00
0.000000000000000000e+00
0.000000000000000000e+00
0.000000000000000000e+00
0.000000000000000000e+00
0.000000000000000000e+00
0.000000000000000000e+00
0.000000000000000000e+00
0.000000000000000000e+00
0.000000000000000000e+00
0.000000000000000000e+00
0.000000000000000000e+00
0.000000000000000000e+00
0.000000000000000000e+00
0.000000000000000000e+00
0.000000000000000000e+00
0.000000000000000000e+00
0.000000000000000000e+00
0.000000000000000000e+00
0.000000000000000000e+00
0.000000000000000000e+00
0.000000000000000000e+00
0.000000000000000000e+00
0.000000000000000000e+00
0.000000000000000000e+00
0.000000000000000000e+00
1.556532501710763277e-05
1.686515794537160365e-05
1.645229702418933327e-05
1.415279531937524397e-05
1.089360453560669774e-05
8.151497305431891591e-06
6.189733369830139329e-06
3.741962802062037412e-06
2.468096989308784711e-06
1.510530084593470088e-06
9.095541964690903561e-07
5.561727239812022392e-07
3.503066519556590921e-07
2.292629983122487423e-07
1.555703232977707432e-07
3.544167931409230539e-06
3.906891611324055304e-06
3.903407102139234753e-06
3.452290681365425195e-06
2.707219313138775933e-06
2.013498892210152343e-06
1.556105469959531262e-06
9.655186572641515968e-07
6.460444102691850486e-07
3.917540504728956072e-07
2.339881721001942890e-07
1.411916405749212860e-07
8.743831766544413506e-08
5.618119423381852924e-08
3.754026460912619664e-08
2.856635381898456214e-08
3.202511428961477944e-08
3.276062235643480927e-08
2.982766257806866508e-08
2.394924029302088899e-08
1.778658782389761518e-08
1.378079798419296520e-08
9.049159190619927322e-09
5.926150293207575324e-09
3.561822685074738537e-09
2.146711801726811988e-09
1.284050580404098228e-09
7.820953192365054240e-10
4.925358136210939584e-10
3.227756529671123202e-10
1.452203506447111643e-13
1.658150013235470764e-13
1.740524089159579547e-13
1.638170703081049243e-13
1.357766869802973848e-13
1.015270250057669738e-13
7.766931213737591997e-14
5.527313106964378858e-14
3.417454490598365517e-14
2.076610356104795171e-14
1.262210526120333511e-14
7.574709385250502473e-15
4.543364545233373162e-15
2.790152240027568499e-15
1.781044099495660611e-15
0.000000000000000000e+00
0.000000000000000000e+00
0.000000000000000000e+00
0.000000000000000000e+00
0.000000000000000000e+00
0.000000000000000000e+00
0.000000000000000000e+00
0.000000000000000000e+00
0.000000000000000000e+00
0.000000000000000000e+00
0.000000000000000000e+00
0.000000000000000000e+00
0.000000000000000000e+00
0.000000000000000000e+00
0.000000000000000000e+00
9.625173660731609816e-06
1.076319371953643646e-05
1.097181029618459368e-05
9.947078458568902495e-06
7.959297562203836380e-06
5.912406591362902170e-06
4.579935033204303820e-06
2.982594785591043571e-06
1.959820988778478938e-06
1.179731038207456841e-06
7.097875152824963839e-07
4.251040888573711641e-07
2.595251570073278970e-07
1.639009958625122773e-07
1.077139466051860854e-07
1.735250265032397990e-06
1.967917719102043587e-06
2.046121561866374050e-06
1.902304536584206165e-06
1.557833503141598520e-06
1.161154599063146463e-06
8.934888313329323716e-07
6.171860013599639444e-07
3.902223628061245396e-07
2.355739249997854177e-07
1.429202155765123003e-07
8.558315706697238700e-08
5.160864219810373563e-08
3.199466400173439432e-08
2.062803259301389224e-08
2.106045982643103510e-09
2.427107348737922863e-09
2.581265534037810880e-09
2.472352384134267211e-09
2.088425459844592651e-09
1.575437595870079263e-09
1.192877428470940350e-09
8.822729607407354274e-10
5.311965723841946824e-10
3.311340686803654312e-10
2.009416547452875004e-10
1.199091592835394083e-10
7.128644000563337798e-11
4.319200507604726542e-11
2.713278505061799875e-11
0.000000000000000000e+00
0.000000000000000000e+00
0.000000000000000000e+00
0.000000000000000000e+00
0.000000000000000000e+00
0.000000000000000000e+00
0.000000000000000000e+00
0.000000000000000000e+00
0.000000000000000000e+00
0.000000000000000000e+00
0.000000000000000000e+00
0.000000000000000000e+00
0.000000000000000000e+00
0.000000000000000000e+00
0.000000000000000000e+00
5.286059914590723477e-06
6.073292403949490494e-06
6.431628174928610156e-06
6.126330635673227253e-06
5.145581817878914337e-06
3.873025144034501095e-06
2.941626978474797284e-06
2.149172967729545649e-06
1.305846359706201846e-06
8.089693973018114513e-07
4.910530089780481381e-07
2.931292347198210980e-07
1.746889121363636838e-07
1.062810005692838928e-07
6.708120214183849447e-08
6.153176789440108358e-07
7.165398277410988681e-07
7.732995633764004502e-07
7.554717217393156851e-07
6.527666352558225954e-07
4.991547455407435836e-07
3.738634558543492210e-07
2.859677754999673790e-07
1.700420615936713550e-07
1.096944248927120500e-07
6.648338967009330543e-08
3.897416022612782006e-08
2.289819180421764428e-08
1.368067955125668403e-08
8.430645738834057582e-09
5.504461874544976372e-12
6.519113296467637441e-12
7.203758065441031868e-12
7.268415770234204784e-12
6.530954865506647778e-12
5.144176217958805820e-12
3.804311140045233355e-12
2.991920066270249725e-12
1.842257304669009178e-12
1.226594949172158165e-12
7.371668561214278206e-13
4.255734063484561725e-13
2.450349258481107282e-13
1.424658862354783566e-13
8.482921362898498951e-14
2.383681872487352300e-06
2.810112835055056793e-06
3.085522643964885739e-06
3.086602626805309177e-06
2.744963821099883741e-06
2.145230245642244245e-06
1.591458047082699315e-06
1.243882600018985026e-06
7.578265451022634698e-07
5.008409865328671103e-07
3.017265876219883600e-07
1.747066218698842606e-07
1.011295905908084863e-07
5.923351397215118142e-08
3.558749231592279275e-08
1.227241058897963764e-07
1.467943344830465097e-07
1.644680436451989037e-07
1.691415891552211283e-07
1.557593137798244125e-07
1.255237503203901322e-07
9.273015642835108023e-08
7.274063173767138606e-08
4.733472371128482105e-08
3.093830631085595693e-08
1.836146825498176073e-08
1.075461852320462989e-08
6.162890155472355670e-09
3.529234713979969089e-09
2.058661585567349876e-09
5.495149840348856102e-07
6.650561919559029400e-07
7.574013936502863742e-07
7.968627238239724035e-07
7.566925697447825542e-07
6.305933550090705364e-07
4.709875044104033011e-07
3.625416076167865970e-07
2.552059354219854002e-07
1.594415434656929597e-07
9.579841502052558548e-08
5.668790665999610909e-08
3.262353401281167626e-08
1.845291564836737074e-08
1.047822131251047876e-08
