# bin_3_2
1.513833385797095492e-08
1.467013524729927774e-08
1.420355519947640608e-08
1.373970737042704106e-08
1.327961795687462721e-08
1.282431022530762807e-08
1.237461953926643683e-08
1.193131594926310290e-08
1.149519209262895689e-08
1.106690336922140325e-08
1.064696758314271316e-08
1.023587458204826119e-08
9.834009223917293991e-09
9.441689255333108512e-09
9.059091892508105848e-09
8.686435580228728052e-09
8.323738955315150892e-09
7.971103279251523182e-09
7.628467440058633865e-09
7.295838386759879329e-09
6.973112700122791815e-09
6.660235155001442784e-09
6.357103255279206567e-09
6.063633372200839748e-09
5.779734809601102881e-09
5.505330826534302067e-09
5.240361364849582238e-09
4.984789479537892933e-09
4.738602310583584097e-09
4.501809192907805480e-09
4.274433662555914331e-09
4.056499968420239995e-09
3.848022451941763960e-09
3.648988945183832604e-09
3.459343723733918716e-09
3.278979966528386097e-09
3.107732730320851305e-09
2.945376615482030334e-09
2.791626925340369165e-09
2.646150200993472938e-09
2.508572912543463017e-09
2.378496803609867706e-09
2.255511226319579081e-09
2.139209610952844463e-09
2.029204708896111420e-09
1.925137968322536537e-09
1.826688466493788421e-09
1.733571259538468032e-09
1.645533923683404757e-09
1.562347122170853502e-09
1.483793843849975723e-09
1.409660224885194299e-09
1.339727998993586169e-09
1.273771400128229816e-09
1.211559111247818567e-09
1.152858168426168947e-09
1.097440330591014249e-09
1.045088007288681846e-09
9.955984471383420740e-10
9.487862590554646634e-10
9.044827266852166164e-10
8.625331199420444798e-10
8.227923028327294505e-10
7.851211562218389776e-10
7.493855522764295445e-10
7.154571691289497975e-10
6.832152322714991669e-10
6.525479809570625301e-10
6.233529348160699471e-10
5.955360241248288163e-10
5.690100143582739500e-10
5.436935594119946795e-10
5.195108098466234343e-10
4.963916910146029478e-10
4.742715821202336517e-10
4.530914064779730110e-10
4.327968408281677289e-10
4.133381360696358906e-10
3.946696362011313076e-10
3.767495460528335775e-10
3.595397365329327547e-10
3.430053217965938712e-10
3.271143520020769991e-10
3.118375929137468071e-10
2.971483091335434784e-10
2.830220339440818605e-10
2.694362615442970785e-10
2.563702210476283430e-10
2.438048029702636723e-10
2.317222976757051050e-10
2.201062875806277069e-10
2.089415483406257316e-10
1.982139321137902234e-10
1.879102415817253937e-10
1.780180787033774063e-10
1.685257075960374711e-10
1.594220381810279899e-10
1.506964277377073737e-10
1.423386251785328708e-10
1.343387034159122338e-10
1.266870058623800433e-10
1.193740821303396130e-10
1.123906351766671905e-10
1.057276137977782884e-10
9.937592151557159563e-11
9.332640205592752278e-11
8.757007477686341478e-11
8.209799511569289794e-11
7.690125426640381806e-11
7.197096268165605627e-11
6.729824998427960122e-11
6.287425086272539974e-11
5.869014768529996429e-11
5.473713902282321141e-11
5.100646290458082647e-11
4.748940917018586823e-11
4.417759908281672165e-11
4.106221635209676695e-11
3.813477985031920762e-11
3.538692228871573512e-11
3.281041499659979149e-11
3.039716329336829309e-11
2.813922856835285155e-11
2.602884072324679877e-11
2.405861572257759540e-11
2.222103078904621819e-11
2.050883855077689269e-11
1.891507541498512157e-11
1.743301003389863118e-11
1.605614181651372360e-11
1.477838144560274089e-11
1.359364181615147417e-11
1.249606621553387788e-11
1.148014163681281984e-11
1.054060512451926213e-11
9.672641647007556614e-12
8.871337089093674094e-12
8.132109389796124356e-12
7.450673275471526139e-12
6.823163471022927091e-12
6.245633361576605759e-12
5.714414533484477441e-12
5.226190159208285706e-12
4.777887055310468295e-12
4.366344080211981516e-12
3.988835339021640671e-12
3.642868126693096880e-12
3.325826682616337258e-12
3.035581714980578196e-12
2.769981334043570720e-12
