# bin_4_3
2.355725113670626483e-08
2.295654999514538669e-08
2.234885823201694372e-08
2.173564648779486241e-08
2.111858463256697618e-08
2.049927223428503286e-08
1.987935001263682624e-08
1.926029150651803138e-08
1.864358518522599990e-08
1.803071349402799498e-08
1.742308108046313969e-08
1.682190135026726620e-08
1.622841975054150098e-08
1.564368761301742468e-08
1.506872496633472431e-08
1.450431041959210208e-08
1.395124850720564158e-08
1.341007718169152224e-08
1.288132579309111551e-08
1.236531124359654772e-08
1.186233361862683295e-08
1.137250491296191160e-08
1.089593031893497788e-08
1.043259604386828147e-08
9.982481551579298020e-09
9.545502584191994682e-09
9.121559151780745967e-09
8.710510814515698524e-09
8.312202902725009623e-09
7.926469740261039495e-09
7.553161881832495089e-09
7.192157491626396621e-09
6.843389946929012428e-09
6.506852500228343306e-09
6.182589975846777598e-09
5.870689147028004019e-09
5.571254482395267178e-09
5.284380070774279524e-09
5.010127177973226550e-09
4.748505724191670064e-09
4.499456429431118642e-09
4.262839311109261363e-09
4.038418272543098288e-09
3.825861098811988521e-09
3.624739188009750451e-09
3.434543135060615400e-09
3.254706835186911269e-09
3.084635222973785457e-09
2.923738297380008759e-09
2.771457513494388654e-09
2.627287755163048011e-09
2.490789875346346519e-09
2.361590708595586667e-09
2.239375063304372816e-09
2.123868512272897738e-09
2.014814389991773180e-09
1.911950966925532802e-09
1.814993984947907705e-09
1.723629482231182734e-09
1.637520085908423411e-09
1.556320962305322790e-09
1.479698138395378753e-09
1.407343817996115964e-09
1.338983730158242890e-09
1.274375284019376851e-09
1.213299201966722296e-09
1.155548929033086037e-09
1.100922578683536549e-09
1.049221193445205544e-09
1.000251570782400051e-09
9.538311283512012252e-10
9.097914265894046526e-10
8.679782101034923128e-10
8.282488740391080837e-10
7.904694474492815559e-10
7.545138856909114480e-10
7.202645098917450978e-10
6.876128400987159433e-10
6.564592557407724116e-10
6.267119019291848344e-10
5.982856773139196582e-10
5.711018679958860075e-10
5.450878080877477358e-10
5.201767669003229867e-10
4.963076341194971810e-10
4.734245144221468823e-10
4.514763229715528499e-10
4.304162497917753158e-10
4.102013730153652679e-10
3.907922959736872645e-10
3.721527018434082199e-10
3.542491260913051953e-10
3.370507003471456330e-10
3.205289256447205413e-10
3.046574739635973195e-10
2.894119560491068731e-10
2.747698142967285889e-10
2.607101717966770857e-10
2.472135874295527220e-10
2.342619407496010321e-10
2.218382608757746660e-10
2.099265739519545765e-10
1.985117391294821197e-10
1.875792794928229813e-10
1.771155456834374939e-10
1.671068289603321435e-10
1.575400673560869843e-10
1.484025332589478902e-10
1.396817703758155818e-10
1.313655563139420563e-10
1.234418557291068807e-10
1.158987657454541208e-10
1.087245120444064487e-10
1.019074319712087162e-10
9.543593845566654432e-11
8.929852954069124918e-11
8.348387842867773972e-11
7.798070678589338402e-11
7.277754829269915169e-11
6.786318461196500788e-11
6.322648225770606093e-11
5.885640542436640491e-11
5.474201892348607653e-11
5.087251319001273550e-11
4.723724618463480661e-11
4.382592029863461490e-11
4.062794690536455728e-11
3.763317574919354067e-11
3.483166434769729429e-11
3.221369230209641812e-11
2.976977334174113574e-11
2.749094881597644930e-11
2.536798241817589212e-11
2.339218605444393379e-11
2.155516568977398177e-11
1.984885447827955781e-11
1.826567020301398137e-11
1.679788658365688947e-11
1.543833201226526656e-11
1.418016239311755822e-11
1.301705944615212983e-11
1.194252949045217662e-11
1.095063997301497521e-11
1.003591977507630517e-11
9.192983999949814774e-12
8.416689936287006799e-12
7.702435145131444400e-12
7.045703357275457862e-12
6.442175288588639991e-12
5.888126757223766286e-12
