# bin_5_4
3.183016574597305337e-08
3.114858858065720963e-08
3.045038656881927346e-08
2.973717793405111391e-08
2.901082402091763512e-08
2.827329405856704315e-08
2.752659738713581910e-08
2.677272490947422324e-08
2.601363196940063272e-08
2.525139453762343065e-08
2.448799564468344558e-08
2.372541482159358189e-08
2.296551612885903281e-08
2.221018160791172118e-08
2.146112514538426147e-08
2.072000201971364652e-08
1.998831743594883794e-08
1.926743944920556089e-08
1.855862593105215752e-08
1.786291782067937914e-08
1.718124663191824887e-08
1.651434872697235650e-08
1.586281774692853129e-08
1.522708303134877999e-08
1.460742535435459519e-08
1.400401193905036095e-08
1.341690776651744837e-08
1.284610868876531689e-08
1.229155137101083944e-08
1.175312391342088224e-08
1.123066420883860214e-08
1.072396588268464444e-08
1.023279673724766613e-08
9.756918683690163724e-09
9.296120115230904309e-09
8.850251763384271854e-09
8.419245502129548021e-09
8.003125253102059632e-09
7.601998108823013049e-09
7.216030840003968780e-09
6.845412574430428902e-09
6.490324258390670005e-09
6.150900551761452677e-09
5.827204393180292540e-09
5.519199083205331247e-09
5.226728024171233676e-09
4.949499810779581022e-09
4.687081105648723190e-09
4.438905335339410331e-09
4.204294401084766643e-09
3.982493621422143878e-09
3.772718327976144620e-09
3.574200531285560274e-09
3.386231192270795580e-09
3.208190846503882806e-09
3.039564809590452042e-09
2.879936600552480585e-09
2.728964346594795818e-09
2.586346528474022911e-09
2.451784903497850573e-09
2.324954607263156705e-09
2.205486166297037583e-09
2.092964200388319807e-09
1.986944417447482353e-09
1.886981454477327733e-09
1.792658136099949371e-09
1.703604540594242158e-09
1.619500943520698536e-09
1.540066664051853083e-09
1.465040980742181561e-09
1.394167076725444012e-09
1.327185904583632954e-09
1.263840899787989813e-09
1.203886665946218932e-09
1.147096516824927506e-09
1.093264132862207254e-09
1.042200521475187721e-09
9.937293006970477566e-10
9.476840292883942428e-10
9.039078894555150244e-10
8.622546869703181419e-10
8.225891890380537365e-10
7.847863023610370238e-10
7.487300932045443731e-10
7.143134049972717072e-10
6.814374985144982934e-10
6.500115661616874422e-10
6.199519966995221945e-10
5.911818366636172989e-10
5.636305793923430360e-10
5.372337070743796316e-10
5.119321209540041952e-10
4.876715680817337243e-10
4.644020687918438689e-10
4.420774770986621720e-10
4.206551344873385956e-10
4.000955233862697978e-10
3.803621521918079010e-10
3.614212527349244381e-10
3.432415902402679429e-10
3.257943136778020516e-10
3.090527416215529027e-10
2.929921410133125957e-10
2.775895060941349959e-10
2.628234589683067719e-10
2.486736989628045074e-10
2.351209312564283285e-10
2.221468714731967990e-10
2.097340110688751721e-10
1.978654949008378480e-10
1.865250215499619025e-10
1.756967711822559373e-10
1.653652990536243876e-10
1.555155286933993737e-10
1.461326542241558236e-10
1.372021045245407671e-10
1.287095217178121769e-10
1.206409807127220091e-10
1.129822553385666759e-10
1.057194376456231430e-10
9.883878058440891710e-11
9.232667662438107767e-11
8.616962788081281529e-11
8.035425096031949070e-11
7.486728684353195002e-11
6.969577603297978819e-11
6.482669761125641984e-11
6.024712054887153721e-11
5.594441240110597005e-11
5.190614492169412908e-11
4.812009745581403992e-11
4.457440086509837915e-11
4.125735138859876695e-11
3.815730903552798704e-11
3.526308142551295582e-11
3.256378056763920805e-11
3.004898634425274294e-11
2.770843367207428985e-11
2.553209684846626338e-11
2.351042999102897828e-11
2.163437630297385974e-11
1.989510848967853803e-11
1.828401229113273034e-11
1.679298617357877459e-11
1.541455226727920934e-11
1.414106000681967312e-11
1.296549431541509554e-11
1.188146511418381082e-11
1.088239984537484512e-11
9.962414798278634016e-12
