# bin_3_1
8.765052495704918863e-09
8.465414182261487020e-09
8.169863257325791045e-09
7.878704474847051282e-09
7.592370875472857574e-09
7.311199126952753678e-09
7.035532726648314992e-09
6.765552114885976546e-09
6.501450746316895969e-09
6.243430732489915762e-09
5.991659072722694931e-09
5.746186786160622944e-09
5.507148988837063262e-09
5.274584430447411534e-09
5.048583322393090026e-09
4.829122887676179398e-09
4.616291918399124130e-09
4.410050066821633137e-09
4.210444526686324296e-09
4.017437961441380566e-09
3.831065679582341903e-09
3.651279182719782155e-09
3.478083682582616590e-09
3.311430911575121179e-09
3.151298616586775811e-09
2.997631363486621679e-09
2.850369478726407497e-09
2.709424739055968089e-09
2.574693781747787774e-09
2.446048429553401136e-09
2.323341364893203273e-09
2.206404062796106261e-09
2.095058717514314904e-09
1.989119384925747205e-09
1.888393542239243660e-09
1.792688084467173665e-09
1.701809078702862488e-09
1.615561679106121737e-09
1.533753244575960214e-09
1.456197183789355794e-09
1.382713986536610145e-09
1.313130601837349891e-09
1.247275162470288052e-09
1.184977334846220088e-09
1.126064546692998023e-09
1.070362562141202141e-09
1.017698439309213809e-09
9.679033623572693381e-10
9.208147737101533031e-10
8.762744965660488176e-10
8.341303224769838366e-10
7.942388731254423576e-10
7.564662376153687563e-10
7.206890124853642960e-10
6.867933366614725294e-10
6.546717490879084849e-10
6.242216773348127745e-10
5.953451530832953861e-10
5.679482119352847647e-10
5.419398230509978039e-10
5.172313487590824611e-10
4.937380151723549104e-10
4.713810819825043249e-10
4.500885424582236200e-10
4.297943966450560187e-10
4.104379187112689631e-10
3.919634111397355118e-10
3.743194315025580215e-10
3.574578086683345350e-10
3.413332250228388117e-10
3.259036040613811118e-10
3.111302022632565787e-10
2.969772955967181555e-10
2.834119831210234201e-10
2.704038093372838638e-10
2.579246403593851247e-10
2.459483561581368437e-10
2.344509952318253166e-10
2.234107198683378003e-10
2.128074892641288551e-10
2.026228645353253327e-10
1.928398130089274164e-10
1.834424421425185824e-10
1.744159460752272715e-10
1.657465940320993200e-10
1.574216622202775516e-10
1.494293506796995770e-10
1.417585842251964001e-10
1.343989550273951041e-10
1.273406627828371699e-10
1.205743481465418241e-10
1.140910903785985884e-10
1.078823619382798539e-10
1.019399789703689362e-10
9.625605039457782485e-11
9.082288079331215275e-11
8.563298764290486160e-11
8.067908936208594130e-11
7.595401359843048644e-11
7.145072084473240117e-11
6.716228310911112972e-11
6.308188000533229360e-11
5.920278135302531400e-11
5.551831200836735911e-11
5.202211599946475456e-11
4.870737892758923424e-11
4.556759706436591524e-11
4.259633217350603442e-11
3.978720840195192970e-11
3.713392641391860973e-11
3.463026521419624702e-11
3.227007082405166985e-11
3.004728310667448255e-11
2.795594597158248668e-11
2.599019498203967778e-11
2.414428158328192040e-11
2.241267506450294935e-11
2.078995103696552629e-11
1.927057103575751712e-11
1.784930530451198723e-11
1.652107285143034273e-11
1.528094791897424919e-11
1.412415424996724335e-11
1.304607679320049444e-11
1.204228992487867015e-11
1.110871090998297134e-11
1.024098418136449912e-11
9.435157231442197691e-12
8.687446550350550634e-12
7.994235575614551113e-12
7.352070259048580760e-12
6.757916269675941871e-12
6.208394391751138523e-12
5.700534350336594889e-12
5.231524688473439097e-12
4.798731639889977454e-12
4.399833479551438365e-12
4.032236617682821555e-12
3.693709040034695330e-12
3.382166331128456572e-12
3.095845921558265101e-12
2.832670291504781253e-12
2.590907957964081954e-12
2.369079631137054937e-12
2.165623090063568408e-12
1.979032518188959034e-12
1.808123865633339342e-12
1.651636902913300275e-12
1.508335932373759483e-12
1.377360757769119146e-12
