# bin_5_3
2.541934349175476241e-08
2.479553862878551902e-08
2.416270294265820609e-08
2.352238200395550801e-08
2.287633471993800578e-08
2.222626198066284408e-08
2.157391887335029615e-08
2.092090415035790542e-08
2.026884241335070214e-08
1.961936214047817903e-08
1.897402204518890872e-08
1.833419496739635509e-08
1.770129099609630401e-08
1.707652729895425297e-08
1.646109011916885015e-08
1.585592023419555475e-08
1.526198040306083130e-08
1.467995757468414842e-08
1.411052075954505549e-08
1.355411277553429343e-08
1.301114534856975246e-08
1.248182475883528165e-08
1.196633479788262304e-08
1.146472481330031024e-08
1.097702520166824567e-08
1.050319124168993221e-08
1.004315155059369946e-08
9.596781275285755350e-09
9.163926938150397091e-09
8.744409714071659408e-09
8.338055802694843134e-09
7.944712987261476970e-09
7.564284766542152821e-09
7.196740937106643147e-09
6.842113426060257277e-09
6.500489071891548183e-09
6.171985526339789943e-09
5.856722097537892630e-09
5.554795990578717489e-09
5.266262561947999382e-09
4.991115691739708540e-09
4.729273358534966171e-09
4.480557329840233767e-09
4.244687372952968013e-09
4.021274648073055409e-09
3.809832465536151161e-09
3.609797843132548260e-09
3.420559486831157128e-09
3.241494767057959779e-09
3.072000447133728476e-09
2.911519841024356485e-09
2.759560538564200012e-09
2.615699148272775446e-09
2.479576894142726304e-09
2.350884132335486604e-09
2.229336833092047265e-09
2.114651150261138735e-09
2.006522330906808795e-09
1.904614155544310179e-09
1.808563469342681296e-09
1.717996404035803820e-09
1.632548550479091085e-09
1.551882801139010213e-09
1.475698597130586297e-09
1.403730333978557690e-09
1.335737581414818358e-09
1.271492229813828867e-09
1.210768682511416148e-09
1.153342022237130205e-09
1.098992421470905979e-09
1.047512410487652561e-09
9.987122167787871808e-10
9.524198407300441892e-10
9.084770058511295040e-10
8.667341523873772963e-10
8.270488506906303591e-10
7.892866926669331863e-10
7.533233452796245301e-10
7.190449627007834738e-10
6.863470146321674149e-10
6.551326215662221103e-10
6.253117680131047347e-10
5.968009804925697893e-10
5.695234846316664287e-10
5.434089828763496574e-10
5.183931415016979435e-10
4.944170438665428448e-10
4.714266259721933914e-10
4.493723180169267797e-10
4.282086646368549532e-10
4.078938026916033164e-10
3.883891579700799283e-10
3.696591550836457473e-10
3.516709823732623534e-10
3.343943781949570115e-10
3.178013661146462028e-10
3.018661119941457762e-10
2.865647471912499711e-10
2.718751062372499283e-10
2.577765962651448227e-10
2.442500080666284303e-10
2.312773450095337095e-10
2.188416401701904017e-10
2.069267678323995062e-10
1.955175885477441035e-10
1.845990436910749553e-10
1.741568462133540471e-10
1.641771532638110067e-10
1.546464884024540179e-10
1.455516896633753186e-10
1.368798489033133204e-10
1.286182450926111728e-10
1.207543307520948451e-10
1.132757072839088384e-10
1.061700824322600205e-10
9.942527456075942287e-11
9.302929765962446705e-11
8.697022929981222786e-11
8.123596889818712202e-11
7.581467009252916216e-11
7.069457387966256019e-11
6.586401889876533849e-11
6.131144249448501414e-11
5.702540467123040871e-11
5.299462919144337180e-11
4.920818028438157333e-11
4.565482521653796952e-11
4.232376537305853164e-11
3.920440537095549910e-11
3.628636805832547622e-11
3.355950757496842099e-11
3.101420515637290701e-11
2.864056281478332596e-11
2.642923373787673896e-11
2.437116924413313448e-11
2.245765392121925265e-11
2.068046547878396158e-11
1.903124516533040743e-11
1.750220078700165633e-11
1.608587999799606380e-11
1.477537079385738215e-11
1.356359825711597539e-11
1.244406575732494996e-11
1.141075599780579786e-11
1.045775472050491379e-11
9.579408337914376009e-12
8.770624454230356130e-12
8.026415507029399294e-12
7.342010609720071421e-12
6.713256555905509409e-12
