# bin_6_6
4.270285158891637632e-08
4.198179643906406726e-08
4.123112113411351507e-08
4.045263531377485631e-08
3.964799317823127630e-08
3.881914128423073346e-08
3.796821807201248753e-08
3.709744663452897187e-08
3.620911758096260491e-08
3.530553136916201009e-08
3.438918083220273267e-08
3.346253894776103157e-08
3.252814920070211728e-08
3.158847860076998113e-08
3.064609588405165775e-08
2.970343788168842847e-08
2.876295844226270644e-08
2.782696686216784847e-08
2.689770768591475018e-08
2.597730548989810116e-08
2.506770416908859953e-08
2.417071597542952037e-08
2.328796216358473773e-08
2.242087471608296942e-08
2.157068908585607863e-08
2.073842021369195185e-08
1.992489578953836352e-08
1.913073582334306951e-08
1.835637784495966881e-08
1.760208221440154943e-08
1.686796280176513456e-08
1.615401363430452132e-08
1.546014288291060242e-08
1.478620954477236145e-08
1.413203283769728002e-08
1.349739330464226299e-08
1.288203880877890417e-08
1.228568893018644277e-08
1.170805611560021048e-08
1.114888781452919593e-08
1.060800725641573485e-08
1.008534607486522882e-08
9.580959299727672449e-09
9.095009461305145507e-09
8.627736695233887891e-09
8.179402904202748559e-09
7.750244244570393923e-09
7.340423080100936963e-09
6.949993681055862303e-09
6.578876459037025986e-09
6.226835502732702604e-09
5.893464168629500485e-09
5.578181013181871011e-09
5.280238176431456931e-09
4.998752179214419668e-09
4.732752177376734010e-09
4.481238478403954984e-09
4.243243341498741576e-09
4.017882504173259941e-09
3.804392858567814372e-09
3.602150726235525186e-09
3.410664442519583684e-09
3.229544619706930633e-09
3.058460156980853726e-09
2.897087605608073241e-09
2.745067374795423246e-09
2.601974757527939274e-09
2.467314044315614708e-09
2.340537160800293965e-09
2.221079487023657279e-09
2.108403611514993732e-09
2.002035053776194805e-09
1.901577087979165944e-09
1.806699320569795968e-09
1.717109324878507300e-09
1.632521720204853216e-09
1.552639559384412220e-09
1.477154194799690134e-09
1.405760305628842065e-09
1.338173924836301941e-09
1.274142499236128356e-09
1.213442453280159753e-09
1.155868786062329786e-09
1.101225625569617024e-09
1.049323829110484868e-09
9.999845211053504591e-10
9.530431672380403224e-10
9.083498333388082901e-10
8.657665374937246274e-10
8.251647448512536061e-10
7.864249364849257060e-10
7.494368137642644678e-10
7.140990441363140776e-10
6.803185675383442285e-10
6.480098676364816970e-10
6.170944913006105399e-10
5.875005430644411409e-10
5.591618964469123147e-10
5.320175284603470617e-10
5.060107688840189033e-10
4.810888738782019449e-10
4.572028172083770839e-10
4.343070878068759677e-10
4.123595102355021975e-10
3.913210604858322966e-10
3.711558584387629772e-10
3.518302924072711654e-10
3.333133348535695184e-10
3.155761568803924061e-10
2.985918222619712324e-10
2.823349996520821863e-10
2.667817051301900896e-10
2.519090924603449117e-10
2.376952399702879398e-10
2.241190740730237816e-10
2.111602250720744100e-10
1.987989502128814988e-10
1.870160712800534777e-10
1.757931937349290066e-10
1.651117719336480958e-10
1.549539105767698159e-10
1.453020467571449718e-10
1.361389364018479484e-10
1.274476069514349902e-10
1.192113419266274063e-10
1.114136672086297461e-10
1.040385217101871491e-10
9.706979354077541040e-11
9.049154047070768288e-11
8.428813529609371071e-11
7.844417071482061741e-11
7.294445835744539354e-11
6.777418296002455175e-11
6.291868366598537715e-11
5.836337465526420387e-11
5.409412505825027259e-11
5.009711069501660151e-11
4.635898721939859276e-11
4.286656618891619803e-11
3.960690659832443315e-11
3.656757769378591254e-11
3.373667200399867773e-11
3.110255325309374601e-11
2.865381777868095080e-11
2.637962513967736956e-11
2.426983271350513001e-11
2.231413458340158116e-11
2.050292916909370312e-11
1.882730898803630778e-11
1.727824658770817028e-11
