# bin_4_1
9.877479252146925219e-09
9.555038639205460204e-09
9.236176309474343833e-09
8.921258788252515660e-09
8.610658219224059971e-09
8.304828385698893063e-09
8.004138790632854191e-09
7.708930481511900293e-09
7.419396415695302893e-09
7.135781117848324936e-09
6.858290277202525945e-09
6.587121003341283800e-09
6.322351161565497613e-09
6.064147036848896443e-09
5.812570302512226941e-09
5.567744726700643535e-09
5.329689468797686718e-09
5.098501280273987072e-09
4.874202998597173342e-09
4.656849974778543582e-09
4.446458689564351810e-09
4.243076917676883643e-09
4.046700184989769008e-09
3.857352744628752499e-09
3.675012469242192286e-09
3.499670710290903945e-09
3.331280250384672667e-09
3.169784217428761559e-09
3.015094667117075901e-09
2.867104328601911953e-09
2.725677313328449314e-09
2.590654817783391197e-09
2.461856950481608412e-09
2.339089541667145770e-09
2.222144198981800260e-09
2.110805006866917746e-09
2.004854435719221721e-09
1.904074044942688532e-09
1.808251580855853632e-09
1.717184742042134480e-09
1.630684914364898453e-09
1.548572861351264134e-09
1.470676120838997938e-09
1.396825669910255835e-09
1.326853455729782172e-09
1.260591288653698872e-09
1.197870703022590891e-09
1.138526148426138968e-09
1.082392780627501693e-09
1.029303458096148135e-09
9.790898526491748804e-10
9.315849227934060921e-10
8.866264297725515813e-10
8.440599114700873993e-10
8.037402950631252841e-10
7.655319958000794226e-10
7.293095137362485022e-10
6.949581755582370891e-10
6.623731177204362299e-10
6.314565402241491980e-10
6.021141243184502975e-10
5.742538214526481816e-10
5.477861998412931531e-10
5.226245325466813981e-10
4.986852135257865593e-10
4.758890992340553823e-10
4.541637924921284980e-10
4.334446234503439485e-10
4.136735574844557834e-10
3.947976853979776835e-10
3.767679918477336388e-10
3.595380738756795551e-10
3.430633846019976392e-10
3.273015054924310937e-10
3.122128579350691482e-10
2.977611996113114837e-10
2.839133350383411376e-10
2.706390443756349681e-10
2.579106985987145876e-10
2.457028057294347725e-10
2.339917391301267162e-10
2.227555717777196038e-10
2.119739092993747006e-10
2.016276637071086332e-10
1.916990770966235083e-10
1.821717290260461459e-10
1.730304609192132992e-10
1.642611912357623519e-10
1.558506658927156246e-10
1.477864383967308271e-10
1.400567856537129065e-10
1.326505882917595322e-10
1.255573250163896315e-10
1.187669891839034540e-10
1.122700069364779069e-10
1.060571708783745635e-10
1.001195300790339789e-10
9.444844566573667839e-11
8.903552224197887680e-11
8.387254054945003950e-11
7.895148241923418412e-11
7.426450399915670183e-11
6.980392326883609359e-11
6.556220374892741657e-11
6.153202227492352929e-11
5.770608670866374741e-11
5.407701447284925142e-11
5.063766004473276969e-11
4.738097862029458383e-11
4.430001778655222310e-11
4.138792418739370528e-11
3.863795095466552151e-11
3.604343461497028672e-11
3.359783954645138294e-11
3.129474317447342665e-11
2.912783525751627649e-11
2.709094006999938393e-11
2.517820681403032350e-11
2.338364001506540042e-11
2.170140032209941019e-11
2.012588516669300601e-11
1.865166058585053971e-11
1.727345389477765246e-11
1.598615453951083234e-11
1.478482388557015635e-11
1.366479716693368573e-11
1.262154881519305551e-11
1.165049432432590116e-11
1.074739400590024518e-11
9.908188898096621244e-12
9.128992642537625823e-12
8.406151436453241813e-12
7.736269566879797208e-12
7.115767819739738803e-12
6.541441269447924119e-12
6.010248666322658285e-12
5.519392190972685987e-12
5.066225585574381078e-12
4.647997870959918189e-12
4.262276796659434388e-12
3.906839409557603052e-12
3.579637615472088332e-12
3.278461357335456775e-12
3.001408091015814405e-12
2.746890675394038276e-12
2.513086259688018502e-12
2.298386017925076149e-12
2.101515984573756719e-12
1.920981895023016263e-12
1.755482250167949566e-12
