# bin_5_1
1.043108738224461676e-08
1.009930266955222993e-08
9.770766965290104011e-09
9.445828380150804189e-09
9.124939851040165228e-09
8.808559735814328074e-09
8.497101399408803246e-09
8.190887031313450560e-09
7.890144678161086481e-09
7.595170760752567287e-09
7.306173185375374802e-09
7.023352989744687013e-09
6.746834230562726401e-09
6.476792860264308864e-09
6.213322322900104120e-09
5.956540306984159586e-09
5.706531087711699792e-09
5.463365512922861286e-09
5.227136789398565429e-09
4.997884719126693778e-09
4.775685526813057788e-09
4.560581523603212533e-09
4.352620195653861406e-09
4.151835810880654690e-09
3.958245659257988548e-09
3.771859612631385151e-09
3.592658359936012217e-09
3.420601749537321586e-09
3.255620513118991175e-09
3.097619198235875686e-09
2.946471622693487679e-09
2.802026606488965804e-09
2.664114274624899580e-09
2.532545447281563255e-09
2.407115090549287324e-09
2.287606876711298920e-09
2.173792697463302824e-09
2.065438585152152075e-09
1.962312010900732354e-09
1.864190466338298258e-09
1.770863718010953280e-09
1.682136577061720471e-09
1.597823925979677335e-09
1.517750363212026698e-09
1.441745535809076497e-09
1.369642534506114919e-09
1.301279074555587903e-09
1.236498958687937837e-09
1.175150601518987540e-09
1.117081485431348769e-09
1.062135951510134599e-09
1.010156497294688307e-09
9.609840952515521042e-10
9.144599974892812935e-10
8.704274770372017989e-10
8.287327495929198523e-10
7.892275832896780095e-10
7.517730381239465926e-10
7.162417942101209248e-10
6.825180739206707930e-10
6.504960041858693671e-10
6.200789185916113113e-10
5.911783710050943380e-10
5.637115705286937028e-10
5.375983200203483811e-10
5.127594161386128467e-10
4.891175846246783341e-10
4.665988769209576848e-10
4.451336791318225553e-10
4.246578608261206736e-10
4.051137440875805394e-10
3.864495128366464765e-10
3.686176643159323920e-10
3.515735670192275078e-10
3.352746765837799327e-10
3.196805255262475372e-10
3.047529940351039076e-10
2.904571535191265089e-10
2.767614899921761153e-10
2.636373386478685175e-10
2.510581950974412382e-10
2.389992101387731944e-10
2.274370100433110327e-10
2.163497302210724396e-10
2.057171692628921405e-10
1.955207079540116099e-10
1.857431095135627101e-10
1.763682685581883688e-10
1.673810278381920663e-10
1.587672117379761214e-10
1.505134788150733091e-10
1.426072174178395090e-10
1.350365219571025962e-10
1.277901184189100946e-10
1.208572930964128808e-10
1.142278080913018734e-10
1.078917719642096433e-10
1.018396898946467708e-10
9.606234064102474904e-11
9.055073939480345146e-11
8.529614597854628597e-11
8.029003519280179263e-11
7.552407645278176377e-11
7.099011974135027400e-11
6.668031102922217262e-11
6.258674446219807069e-11
5.870158707929983428e-11
5.501723996184837264e-11
5.152623768810201972e-11
4.822123836540165233e-11
4.509501768008822555e-11
4.214047576018394494e-11
3.935060951241865458e-11
3.671856429046767913e-11
3.423760176684156170e-11
3.190111053643142429e-11
2.970262280591065149e-11
2.763605737573894429e-11
2.569503889476741832e-11
2.387351231355353431e-11
2.216561197357349516e-11
2.056565198668818933e-11
1.906811021562737698e-11
1.766763527165761975e-11
1.635905314951450966e-11
1.513752486481920228e-11
1.399819321138638426e-11
1.293631076515359083e-11
1.194742336126442796e-11
1.102726394017028509e-11
1.017174096880596635e-11
9.377054826635884839e-12
8.639506402203972407e-12
7.955382594638986976e-12
7.321292732269819950e-12
6.734014944862041064e-12
6.190627607992859331e-12
5.688206569013596664e-12
5.223888574580675828e-12
4.795079492299788113e-12
4.399451259931917745e-12
4.034699499107706256e-12
3.698521123315441957e-12
3.388876635814164384e-12
3.104080876517517296e-12
2.842090274012582847e-12
2.601217352102744596e-12
2.380116727163069111e-12
2.177077060574358036e-12
1.990785741153292658e-12
