# bin_6_2
1.927615696613321777e-08
1.872635898816130540e-08
1.817485621544312400e-08
1.762310251525950663e-08
1.707248032522446731e-08
1.652438456506770260e-08
1.598002831370374462e-08
1.544056371980749885e-08
1.490716732293952608e-08
1.438087003899549416e-08
1.386255157995198659e-08
1.335304817127607813e-08
1.285306671719854319e-08
1.236322010289220420e-08
1.188394686745988634e-08
1.141569636925647955e-08
1.095867673499524255e-08
1.051314757731669786e-08
1.007916720439814825e-08
9.656833161395624560e-09
9.246102478110741437e-09
8.846959620761864554e-09
8.459322291425245606e-09
8.083111070987474802e-09
7.718223495275457148e-09
7.364556606421049273e-09
7.022013477739594584e-09
6.690517423908281834e-09
6.370023594138853159e-09
6.060529018983824888e-09
5.762074117647527173e-09
5.474734347276222369e-09
5.198609192103362731e-09
4.933799365725947795e-09
4.680379060359224143e-09
4.438376593663678927e-09
4.207755341422577234e-09
3.988401293629802280e-09
3.780114728261432891e-09
3.582613808846705615e-09
3.395537460481919042e-09
3.218458372621247728e-09
3.050896238571442209e-09
2.892340005599315808e-09
2.742273540702808562e-09
2.600198063067331107e-09
2.465655612008816834e-09
2.338239178337941911e-09
2.217597929996094007e-09
2.103430885402123264e-09
1.995474267371917051e-09
1.893485387025097641e-09
1.797224946532898984e-09
1.706442837881315195e-09
1.620870890331584077e-09
1.540221026423005630e-09
1.464191471214942018e-09
1.392477374168227009e-09
1.324783331303407512e-09
1.260835651466605516e-09
1.200388955210743933e-09
1.143226610069602891e-09
1.089154194245987112e-09
1.037990476700050957e-09
9.895607979744599726e-10
9.436938319210657365e-10
9.002226368310848183e-10
8.589877772669653574e-10
8.198404824115299964e-10
7.826436695895831821e-10
7.472707305143907325e-10
7.136038689655119715e-10
6.815328168126767191e-10
6.509550623450123802e-10
6.217756550568634743e-10
5.939078482294038791e-10
5.672719384265901899e-10
5.417945778433739620e-10
5.174076266168404601e-10
4.940479994986446400e-10
4.716578057420522980e-10
4.501841824810473379e-10
4.295789235705288636e-10
4.097979876545607664e-10
3.908010851722337990e-10
3.725513046983682723e-10
3.550147328765869879e-10
3.381601557331790492e-10
3.219589266553232479e-10
3.063846245018833191e-10
2.914128701249592744e-10
2.770211688819767713e-10
2.631887607050804365e-10
2.498964699736349902e-10
2.371265193174353162e-10
2.248623440896956096e-10
2.130885274824653130e-10
2.017905481634359367e-10
1.909546731392461367e-10
1.805678315054376479e-10
1.706175066308253279e-10
1.610916238083880217e-10
1.519784607470423639e-10
1.432667111353392154e-10
1.349451713033207402e-10
1.270027038124066666e-10
1.194284554100264646e-10
1.122116978703787081e-10
1.053418103027464816e-10
9.880824503353511120e-11
9.260051266691710279e-11
8.670815430983472624e-11
8.112077435636146115e-11
7.582799823337597454e-11
7.081948736625909813e-11
6.608494429878054896e-11
6.161438888838207192e-11
5.739737933415417070e-11
5.342378881832226162e-11
4.968358235408172109e-11
4.616684369043325325e-11
4.286377273045515959e-11
3.976471060212543942e-11
3.686015538315489505e-11
3.414098521656624780e-11
3.159793154193918564e-11
2.922200163743322720e-11
2.700449141980518074e-11
2.493693834175085574e-11
2.301112495728834798e-11
2.121926703353783982e-11
1.955360426057484925e-11
1.800663609947927796e-11
1.657124084366680924e-11
1.524058448183292487e-11
1.400832482553114385e-11
1.286805833136511548e-11
1.181376061555467611e-11
1.083975299095739831e-11
9.940830265401873092e-12
9.111751558957024602e-12
8.347608262026415691e-12
7.643900038000698114e-12
6.996425152031578540e-12
6.400941421020450230e-12
5.853700827825862290e-12
5.351242365995227320e-12
4.890025914830118893e-12
4.467056700500982932e-12
4.079361480125327540e-12
