# bin_3_3
1.975961445261956183e-08
1.921373537703707003e-08
1.866489559798717031e-08
1.811436697842741464e-08
1.756359138182239478e-08
1.701391603384294238e-08
1.646670380360788657e-08
1.592313040324027648e-08
1.538436684520275210e-08
1.485156143434562303e-08
1.432577287134824775e-08
1.380786326287307493e-08
1.329872186732609237e-08
1.279904840850374910e-08
1.230951809277470072e-08
1.183058183604415785e-08
1.136273314386830438e-08
1.090622696866743543e-08
1.046133694953512371e-08
1.002816003639858425e-08
9.606811714570213215e-09
9.197259711058593790e-09
8.799499944602522060e-09
8.413442005079622742e-09
8.039012524544231251e-09
7.676094557233097143e-09
7.324572927818953122e-09
6.984313044412894153e-09
6.655189780977713735e-09
6.337091424903059108e-09
6.029941398390744515e-09
5.733699327792468228e-09
5.448373021566909711e-09
5.174007192016047289e-09
4.910662623839336237e-09
4.658399608291227746e-09
4.417254241402855398e-09
4.187216860900984162e-09
3.968218833466112724e-09
3.760124504701077758e-09
3.562724422120555379e-09
3.375734999970414879e-09
3.198795655487728372e-09
3.031480982461701271e-09
2.873312276711071671e-09
2.723780703459280171e-09
2.582373068145250004e-09
2.448594276148016093e-09
2.321989174872711698e-09
2.202152930118768985e-09
2.088735371942603703e-09
1.981437125786396936e-09
1.879997101571915748e-09
1.784177776994688402e-09
1.693748551900343255e-09
1.608470432873689949e-09
1.528086475516192297e-09
1.452319498689363185e-09
1.380877903170819287e-09
1.313468990369837480e-09
1.249814225176339554e-09
1.189660284537129719e-09
1.132783179891772507e-09
1.078984760578434000e-09
1.028084419377863888e-09
9.799103687166168454e-10
9.342940803708332004e-10
8.910693652107228851e-10
8.500759634547749593e-10
8.111637819528032382e-10
7.741953078166351304e-10
7.390452602558001506e-10
7.055981662305743852e-10
6.737460050714773625e-10
6.433869038532181545e-10
6.144258058851857676e-10
5.867749395303618114e-10
5.603539468270728455e-10
5.350891001663040236e-10
5.109124406828206994e-10
4.877612662106862865e-10
4.655779677711100510e-10
4.443096095035206738e-10
4.239076849153784034e-10
4.043278352031909320e-10
3.855295526120027711e-10
3.674758485236778494e-10
3.501327773356217132e-10
3.334691347640428638e-10
3.174562055180933144e-10
3.020674306328946015e-10
2.872782806161490066e-10
2.730660906503449316e-10
2.594099034566825788e-10
2.462903161013941822e-10
2.336892748556765490e-10
2.215899883507890225e-10
2.099768008094165947e-10
1.988349757671521762e-10
1.881506099413540006e-10
1.779104983475398820e-10
1.681020265323149835e-10
1.587130583321056568e-10
1.497318195515021291e-10
1.411471081339854066e-10
1.329474491192558547e-10
1.251218313991828173e-10
1.176594209569424631e-10
1.105495198231211937e-10
1.037815485450953163e-10
9.734501861026141334e-11
9.122949607061993520e-11
8.542461318114864561e-11
7.992006500042589371e-11
7.470558494043885726e-11
6.977096343247887410e-11
6.510614646705067274e-11
6.070111791694654953e-11
5.654567223933554387e-11
5.262985613846127582e-11
4.894381195937088314e-11
4.547779456973474180e-11
4.222217667600598838e-11
3.916747408992298009e-11
3.630438697060057209e-11
3.362397450094303066e-11
3.111702163556415014e-11
2.877476262995406543e-11
2.658864979030221658e-11
2.455036531372943015e-11
2.265183029858222272e-11
2.088549229226355483e-11
1.924352185377980366e-11
1.771862735919857040e-11
1.630379788052840391e-11
1.499233149319945400e-11
1.377798727369131342e-11
1.265435911103549299e-11
1.161556511953463752e-11
1.065602009752780607e-11
9.770629347059211735e-12
8.954092687899841462e-12
8.201630485725874836e-12
7.508882521164006912e-12
6.871535587110543635e-12
6.285475985423539674e-12
5.747082547641846652e-12
5.252778428509418822e-12
4.799140294315624784e-12
4.383290510288024014e-12
