# bin_1_1
4.840244146342552996e-09
4.653896473955149643e-09
4.471201897333888332e-09
4.292664418137814800e-09
4.118934671732277381e-09
3.950077768716528637e-09
3.785845136121207391e-09
3.626134634611472271e-09
3.470805224191301145e-09
3.320000492095273744e-09
3.174071931315684216e-09
3.032908688676626184e-09
2.896231634374521156e-09
2.763932989007790930e-09
2.636198022283837736e-09
2.513096615150662525e-09
2.394590373198602680e-09
2.280417342761285232e-09
2.170659566256184659e-09
2.065328415086207122e-09
1.964425194450239022e-09
1.867804422416800422e-09
1.775378739257165440e-09
1.687155624148083424e-09
1.603035436848962610e-09
1.522888307508476594e-09
1.446616603761402899e-09
1.374123312867680777e-09
1.305272955740417444e-09
1.239904666396460814e-09
1.177916970979321614e-09
1.119109680448747444e-09
1.063393003930225131e-09
1.010567263929177756e-09
9.605446797771178764e-10
9.131516366056527354e-10
8.682881713132875921e-10
8.258092417664014853e-10
7.855992107772654870e-10
7.475359012107310498e-10
7.115076448054281058e-10
6.774068200190431869e-10
6.451304266790620329e-10
6.145773032206127524e-10
5.856480836536342944e-10
5.582441993472444015e-10
5.322732528210148640e-10
5.076491948495871642e-10
4.842921045584298531e-10
4.621266705993941890e-10
4.410801237983077087e-10
4.210833302850398261e-10
4.020720722605665406e-10
3.839872571827848885e-10
3.667736366484340901e-10
3.503793168598226866e-10
3.347544401095222140e-10
3.198527622123342299e-10
3.056313478076686539e-10
2.920500835189928313e-10
2.790710652685933900e-10
2.666587172647159835e-10
2.547800728342094902e-10
2.434049344391487130e-10
2.325052124163191062e-10
2.220547900040700751e-10
2.120295814601932233e-10
2.024076648909725982e-10
1.931690955747558420e-10
1.842956914956432885e-10
1.757706767905591104e-10
1.675785845932999356e-10
1.597052170001086791e-10
1.521374020024460671e-10
1.448629424433252099e-10
1.378707923692158949e-10
1.311504295947549737e-10
1.246920885161499244e-10
1.184866881023957287e-10
1.125256176391739053e-10
1.068008538546715500e-10
1.013047789771140590e-10
9.603031192239855745e-11
9.097085904781053070e-11
8.612015727646886284e-11
8.147216012513852987e-11
7.702105874442920501e-11
7.276117861634835033e-11
6.868694280934463691e-11
6.479285642584676819e-11
6.107365354014959683e-11
5.752426952399672093e-11
5.413972440981616119e-11
5.091500678607013968e-11
4.784517093689734351e-11
4.492533236765735493e-11
4.215056094169785337e-11
3.951596860363222327e-11
3.701677969954398836e-11
3.464830950539619788e-11
3.240589575620556575e-11
3.028484063397606922e-11
2.828050735002109503e-11
2.638835462787473837e-11
2.460380174615988836e-11
2.292234029599634609e-11
2.133956388291995570e-11
1.985117000580239222e-11
1.845291529879384890e-11
1.714059185201251026e-11
1.591008666098041207e-11
1.475742456405482020e-11
1.367866257856150456e-11
1.266998108400773142e-11
1.172768882478302888e-11
1.084871446887248380e-11
1.002913151508117405e-11
9.265588949948493974e-12
8.554866373769875200e-12
7.893896819722879612e-12
7.279695421203235288e-12
6.709414785997556998e-12
6.180335799765398872e-12
5.689874495025940471e-12
5.235562039384671575e-12
4.815039571441095204e-12
4.426067131328837927e-12
4.066538568043368784e-12
3.734437820817673794e-12
3.428218961811574406e-12
3.145844354422065892e-12
2.885539539588595884e-12
2.645725814925601206e-12
2.424915656248611653e-12
2.221713955593983870e-12
2.034823711961530190e-12
1.863019814487105698e-12
1.705159142319486134e-12
1.560552792038814584e-12
1.427862525676023231e-12
1.306132261043635140e-12
1.194503391294644557e-12
1.092176794172842435e-12
9.984130407447826817e-13
9.126978947440848336e-13
8.344217497898751150e-13
7.627879390593935247e-13
6.972522096421757490e-13
6.373101509245469230e-13
5.826310019600569519e-13
