# bin_6_1
1.095378393570396797e-08
1.061462127131382417e-08
1.027828361677920539e-08
9.945393183209686413e-09
9.616269608787730049e-09
9.291330482057666446e-09
8.971018813872344065e-09
8.655712921888407704e-09
8.345715649565124953e-09
8.041224552216131294e-09
7.742516896561656799e-09
7.449791546184875360e-09
7.163243487609400265e-09
6.882975590746008704e-09
6.609167612415883695e-09
6.341908971757772280e-09
6.081333079983551305e-09
5.827514454625615536e-09
5.580550851417357839e-09
5.340539769488018064e-09
5.107547337542629979e-09
4.881656441911066944e-09
4.662934136932704255e-09
4.451440646083088337e-09
4.247232950689535829e-09
4.050337508874124228e-09
3.860772843689387176e-09
3.678522063550225591e-09
3.503546667545180457e-09
3.335771964751469776e-09
3.175092955406409214e-09
3.021372911591024644e-09
2.874449270880446898e-09
2.734139835080942125e-09
2.600245763927283691e-09
2.472553513158687841e-09
2.350839991495373263e-09
2.234873731384592840e-09
2.124417640254402110e-09
2.019237156929773069e-09
1.919105547112284597e-09
1.823804701066514050e-09
1.733127037687603402e-09
1.646874323457483576e-09
1.564860212104237480e-09
1.486906931603314421e-09
1.412848064983737319e-09
1.342528405279766487e-09
1.275801198460372706e-09
1.212523024270021794e-09
1.152551126534293542e-09
1.095743505586796326e-09
1.041958330234947411e-09
9.910525438218754702e-10
9.428809515283700868e-10
8.972939917035144688e-10
8.541390285402554826e-10
8.132644466685045580e-10
7.745230183217422925e-10
7.377745156820590936e-10
7.028876919936756624e-10
6.697429131700390469e-10
6.382343044518135783e-10
6.082692758389758834e-10
5.797655580571958556e-10
5.526481434994402478e-10
5.268467158674028310e-10
5.022932771208253702e-10
4.789197451409528563e-10
4.566573067635524181e-10
4.354380940580118784e-10
4.151973405174933556e-10
3.958750498687848624e-10
3.774174838571091978e-10
3.597773026203206587e-10
3.429127248595610666e-10
3.267853412795637136e-10
3.113587480016747555e-10
2.965978246518077498e-10
2.824688064703581127e-10
2.689398940500948924e-10
2.559818518568111462e-10
2.435682336466389569e-10
2.316749408904971993e-10
2.202795380476610280e-10
2.093608725452602964e-10
1.988989975254560301e-10
1.888752660768176969e-10
1.792723315756179793e-10
1.700739894675972736e-10
1.612651078016185364e-10
1.528313748183258335e-10
1.447591770650590826e-10
1.370356335947564882e-10
1.296485511144606099e-10
1.225863472847682007e-10
1.158379580717897983e-10
1.093927184888734760e-10
1.032404323573034324e-10
9.737123697190229552e-11
9.177553610780837526e-11
8.644399730503321759e-11
8.136751546077542134e-11
7.653719709096828853e-11
7.194434981547319811e-11
6.758067967727273668e-11
6.343764946703006038e-11
5.950704100856789905e-11
5.578083906809997024e-11
5.225120163746139704e-11
4.891044614542843414e-11
4.575104370482177334e-11
4.276562230773160004e-11
3.994693287873531112e-11
3.728789790374036803e-11
3.478157706375304012e-11
3.242117578843321986e-11
3.020006266998726730e-11
2.811205092745353168e-11
2.615056818858220617e-11
2.430947630081855279e-11
2.258281263991135093e-11
2.096480742849197520e-11
1.944986686677886153e-11
1.803257925944091834e-11
1.670772143061138510e-11
1.547043526098260316e-11
1.431580474150637413e-11
1.323906843520044593e-11
1.223575572796786700e-11
1.130158783954392460e-11
1.043246487733958842e-11
9.624591325859600444e-12
8.874257052189475296e-12
8.177746258556146858e-12
7.531669025206504548e-12
6.932804842988789741e-12
6.378239449365891519e-12
5.865050466728952197e-12
5.390370593279264278e-12
4.951606285679608943e-12
4.546430915827280464e-12
4.172547016636505595e-12
3.827640593628084337e-12
3.509664995538319719e-12
3.216948159443401725e-12
2.947430213485381949e-12
2.699415617881284175e-12
2.471553314084763144e-12
2.262128720008814243e-12
