# bin_6_3
2.710375645017558893e-08
2.646072349535245335e-08
2.580680501290363849e-08
2.514360666079770920e-08
2.447295993479274747e-08
2.379664938715849945e-08
2.311652551729806757e-08
2.243429241806624147e-08
2.175168999313503183e-08
2.107047114030252150e-08
2.039232656127240935e-08
1.971876642092042776e-08
1.905134328695000648e-08
1.839141857979042929e-08
1.774032383298011059e-08
1.709914239097761566e-08
1.646897683260845169e-08
1.585064665946563767e-08
1.524494596611251252e-08
1.465243139690847167e-08
1.407361669811740251e-08
1.350879572012841926e-08
1.295822677637956690e-08
1.242202101456457973e-08
1.190026097573080819e-08
1.139294563937346533e-08
1.090003969611360877e-08
1.042144480907890840e-08
9.957021978268544035e-09
9.506592578314002283e-09
9.069969127086867487e-09
8.646975580822780438e-09
8.237488730929791731e-09
7.841457326745454805e-09
7.458904966070399888e-09
7.089926684155068255e-09
6.734664201813407461e-09
6.393272800547112821e-09
6.065892400856575270e-09
5.752623302611300162e-09
5.453503579332790804e-09
5.168493176852188897e-09
4.897452143795979289e-09
4.640132896928340768e-09
4.396170148604492307e-09
4.165088065015605693e-09
3.946319227559513368e-09
3.739232381572431027e-09
3.543172321477472242e-09
3.357495745069737121e-09
3.181604803705331291e-09
3.014970611985594545e-09
2.857141794856163790e-09
2.707741223939063499e-09
2.566448872302105782e-09
2.432974378195527616e-09
2.307026329788717426e-09
2.188285993218517807e-09
2.076393099454818346e-09
1.970949661653948708e-09
1.871538844053777401e-09
1.777750514761101871e-09
1.689205676572626338e-09
1.605571216483090794e-09
1.526560590575883857e-09
1.451922283642958952e-09
1.381421863132189892e-09
1.314825852589513328e-09
1.251895077830591036e-09
1.192387684211368259e-09
1.136068777451596668e-09
1.082720366444579984e-09
1.032145739433305433e-09
9.841675943981080891e-10
9.386223599871338040e-10
8.953562583763249884e-10
8.542236006733798017e-10
8.150874523574608566e-10
7.778201067894790695e-10
7.423030301529686134e-10
7.084263944208950631e-10
6.760889240022111709e-10
6.451973758936860330e-10
6.156660838503626069e-10
5.874162112282655979e-10
5.603751370175508196e-10
5.344761162198481723e-10
5.096579276315092031e-10
4.858645549910012465e-10
4.630447004362856965e-10
4.411511096363197596e-10
4.201401769261993608e-10
3.999716384051558477e-10
3.806083550919879691e-10
3.620160938888881771e-10
3.441632388882266957e-10
3.270206377755014680e-10
3.105614217585894240e-10
2.947607258034962573e-10
2.795955216401307666e-10
2.650443901982968135e-10
2.510873223720001312e-10
2.377055154713423779e-10
2.248811667097827109e-10
2.125976026515476213e-10
2.008383598028452085e-10
1.895878653358728523e-10
1.788311010092246408e-10
1.685535168627770275e-10
1.587409697657829471e-10
1.493796512988474994e-10
1.404560082168738269e-10
1.319567163548635783e-10
1.238686447744842447e-10
1.161788042702288434e-10
1.088743453771160248e-10
1.019426386447573248e-10
9.537113814009818482e-11
8.914713498283561867e-11
8.325818574120167388e-11
7.769194114348033983e-11
7.243615302076799112e-11
6.747867308761994548e-11
6.280747593307506976e-11
5.841069980811294078e-11
5.427682358375005041e-11
5.039402777501998423e-11
4.675092651935094228e-11
4.333633565390523460e-11
4.013928741588204752e-11
3.714904369906035788e-11
3.435539346587379614e-11
3.174784566364677625e-11
2.931646350687839380e-11
2.705161252224358128e-11
2.494399735161943751e-11
2.298482345931376145e-11
2.116516666604371370e-11
1.947667947277076144e-11
1.791136464355023728e-11
1.646177750765642811e-11
1.512032120728886658e-11
1.387999187587708689e-11
1.273428047846003754e-11
1.167679575161193798e-11
1.070142322269425757e-11
9.802627677330300340e-12
8.974994867081346173e-12
8.213344109657839090e-12
7.513131632828331542e-12
