# lsst_theory
2.519340203173603500e-09
1.700074606221939990e-09
1.125430874642524158e-09
7.478879642521119096e-10
5.031382072854482802e-10
3.393001915364895650e-10
2.325319861756790677e-10
1.604182327748156731e-10
1.099385654060335615e-10
7.374973079095262509e-11
4.774463353521203571e-11
2.957550943027986591e-11
1.754663462580725252e-11
9.999959979141363463e-12
5.496296590648496157e-12
4.221966272815924824e-09
2.845480502993636259e-09
1.874876016399021089e-09
1.216305592722323476e-09
7.976627941850302852e-10
5.356047588098647342e-10
3.651769067610733560e-10
2.545159177628637064e-10
1.780745702923980328e-10
1.226204740152994950e-10
8.141150606732984910e-11
5.128469314229508346e-11
3.049423212228300474e-11
1.715842488144007110e-11
9.226640584060219393e-12
4.295062739310677369e-09
2.840542693274586345e-09
1.842758134078450507e-09
1.170841241705315969e-09
7.517673783075141161e-10
5.063225283441780411e-10
3.469292286217559471e-10
2.454894507047262707e-10
1.743727346010164593e-10
1.214533225462655235e-10
8.099459474957187671e-11
5.072605693227182220e-11
2.959127635446324022e-11
1.610197389744864231e-11
8.278221022903852461e-12
4.362143294419504384e-09
2.857871171599265431e-09
1.839146297980913607e-09
1.155379808018361226e-09
7.331380369681670256e-10
4.944621335279505863e-10
3.397366942703111203e-10
2.423838526645165998e-10
1.735930694787836409e-10
1.216732401085442825e-10
8.135625923546428598e-11
5.081608568066722293e-11
2.935277265892254873e-11
1.568167188654108971e-11
7.852693743336140775e-12
4.420320872556070233e-09
2.873111286269584157e-09
1.836236687609354350e-09
1.142161721887573967e-09
7.171837633766340798e-10
4.843189579523430946e-10
3.335860795772038398e-10
2.397429137170052332e-10
1.729449780064876459e-10
1.218790442901742746e-10
8.167901754275126691e-11
5.090051816744228929e-11
2.915045731997495113e-11
1.532009466727063602e-11
7.485581711298885158e-12
1.422589082307096666e-08
1.032711118103520476e-08
7.259904509723755749e-09
4.982514992012737320e-09
3.311943749824525624e-09
2.164024601543601696e-09
1.419063002161840029e-09
9.428377296580160758e-10
6.384359384675464079e-10
4.386830502015245332e-10
3.013359522670380509e-10
2.031516240788925559e-10
1.324163846919366082e-10
8.246898621965363384e-11
4.888111027580987976e-11
1.787785032428160558e-08
1.312409877643280940e-08
9.292375206069798643e-09
6.434488669686203914e-09
4.302728483498809734e-09
2.789793571081163235e-09
1.825975013311716262e-09
1.201684118931558597e-09
8.089696998379978731e-10
5.546060623142918487e-10
3.821134752840466964e-10
2.597814940500715720e-10
1.714130168368125769e-10
1.081926790324629928e-10
6.487722617935355378e-11
1.980270740031727811e-08
1.455394162566517646e-08
1.030332046030908920e-08
7.143571287227396601e-09
4.776665969650560286e-09
3.078694719296917759e-09
2.012624231760603112e-09
1.320121652548634349e-09
8.884790708763613700e-10
6.098631548083640626e-10
4.214754341852839746e-10
2.877980118185996473e-10
1.907827012094468755e-10
1.208561627953670178e-10
7.258137991632801033e-11
2.148515506072121773e-08
1.580883166791762832e-08
1.119401762992519741e-08
7.769781902625394554e-09
5.196295543112633414e-09
3.336045644923279630e-09
2.178921566026628749e-09
1.425773611499851830e-09
9.591918276098502026e-10
6.588482660987705598e-10
4.562574402082414836e-10
3.124979110541033468e-10
2.078464079675828750e-10
1.320242730947867344e-10
7.939668188926446792e-11
2.699674361790739598e-08
2.082472180943872655e-08
1.526033157080043056e-08
1.085733764299302762e-08
7.498878037488170133e-09
4.954815801374082203e-09
3.210525637104352618e-09
2.086859380104689733e-09
1.371310186677586172e-09
9.185128593803143221e-10
6.241749332982693340e-10
4.248495547025557457e-10
2.853948872105096268e-10
1.860811228712520268e-10
1.163105140140632300e-10
3.241758135840951274e-08
2.543652813602419364e-08
1.885536715654963214e-08
1.352023422571863989e-08
9.421998891032150747e-09
6.273218479792848980e-09
4.045461091755493881e-09
2.625972619673633686e-09
1.710960368873177603e-09
1.137760691123256245e-09
7.696828923196830898e-10
5.238626013141808097e-10
3.537046126497939828e-10
2.328279081488576327e-10
1.473092536959285382e-10
3.692318178617592024e-08
2.923424248819915200e-08
2.178531350301779165e-08
1.567253853919898833e-08
1.096886570699719759e-08
7.326318916935106546e-09
4.704611925021671868e-09
3.052037240032117612e-09
1.978747696327177157e-09
1.311544861483240655e-09
8.858966712575038155e-10
6.035544999819986232e-10
4.090049576957405485e-10
2.707651406678425672e-10
1.724273503501363521e-10
4.268805775974470630e-08
3.487739049867587141e-08
2.675625358542963995e-08
1.964514875091135963e-08
1.395546320448377583e-08
9.529660128349612872e-09
6.221264476790482336e-09
4.009326519810129020e-09
2.582348872493102113e-09
1.686397903547807261e-09
1.119946546031166929e-09
7.529345958663434797e-10
5.074121312730972251e-10
3.373789335005497881e-10
2.179853816706584250e-10
5.163750600780979292e-08
4.313916719951265204e-08
3.371024669132089642e-08
2.506235650947166718e-08
1.796920037325778151e-08
1.241236615360188915e-08
8.167629868462467170e-09
5.236534279899678656e-09
3.362124976932075847e-09
2.175785640720716270e-09
1.431234835582674874e-09
9.558211832979988782e-10
6.431458413515294459e-10
4.295130733659318382e-10
2.802432730755297864e-10
6.827585402564042367e-08
5.964454811947151293e-08
4.872135800874437602e-08
3.757433976650638691e-08
2.764018884001859302e-08
1.952794881159784126e-08
1.325715814799167907e-08
8.575099620423027459e-09
5.477341891247639797e-09
3.488455786786278653e-09
2.243709189750325262e-09
1.463341203631419881e-09
9.672615981827171996e-10
6.415621221114288050e-10
4.212492623092736996e-10
5.012515309065610561e-07
3.481399112129155889e-07
2.337521971050517402e-07
1.530223212401024260e-07
1.005311698140317029e-07
6.626075013360048838e-08
4.458083971119261808e-08
3.072100850243846095e-08
2.151590088460581021e-08
1.502192003325133855e-08
1.021820315908596558e-08
6.644040440890348713e-09
4.097843438282489746e-09
2.398466239189380465e-09
1.341623588768883346e-09
1.575502126574140613e-06
1.135746976477892314e-06
7.955848643364745173e-07
5.365405371146994326e-07
3.497920263503960383e-07
2.281853223682974477e-07
1.490988672083247337e-07
9.962999300853686178e-08
6.840966893187281464e-08
4.782223954614786863e-08
3.334345389231454610e-08
2.263944981495023364e-08
1.470375084876046787e-08
9.043340304428704746e-09
5.273243843391325972e-09
1.884557937111040636e-06
1.364511321491727516e-06
9.605909888138788980e-07
6.506664282857407963e-07
4.240637632285767562e-07
2.764305556391639641e-07
1.800479136222109220e-07
1.198607693470319127e-07
8.205389869945936192e-08
5.731805001265876201e-08
4.004968080515041903e-08
2.731750286573673199e-08
1.784515992215321533e-08
1.103786835477399468e-08
6.466796932584982651e-09
2.067306402817786407e-06
1.499736723339493696e-06
1.058106614484955098e-06
7.180833783457042221e-07
4.679237288811317353e-07
3.049228570482864838e-07
1.983272331280031669e-07
1.318119970344555054e-07
9.011655212134292414e-08
6.293081086696411738e-08
4.401401414316009311e-08
3.008256118144508604e-08
1.970134925897695296e-08
1.221588784127821571e-08
7.171445324621589109e-09
2.225198045834855468e-06
1.616569219818032394e-06
1.142357870098635209e-06
7.763309493069911226e-07
5.058183009718063926e-07
3.295398752107693206e-07
2.141203622691885832e-07
1.421377360911038931e-07
9.708259642186610946e-08
6.778018010656409667e-08
4.743915107636561588e-08
3.247152049977901262e-08
2.130505454903792398e-08
1.323367254337560870e-08
7.780250193718489227e-09
-7.568283443228930983e-08
-6.290699012490765951e-08
-4.742045911527113340e-08
-3.570469632337541793e-08
-2.601495663716083863e-08
-1.635142152658126270e-08
-1.066805583046929007e-08
-6.692578396873682010e-09
-4.225447019131275569e-09
-2.746953309248364109e-09
-1.856956717522647248e-09
-1.300324259758485043e-09
-9.237184186407020443e-10
-6.421702449922479961e-10
-4.229656731500975226e-10
6.209129485505348007e-07
4.968266507658100647e-07
3.719669758551573168e-07
2.774866540375278649e-07
1.935618864363810047e-07
1.235487831707522837e-07
7.928441341174111397e-08
5.006975985719620140e-08
3.202325558361657991e-08
2.117919983613713348e-08
1.455708541830209898e-08
1.027959810302166365e-08
7.263759690064909910e-09
4.960692499991885493e-09
3.193127035117037206e-09
1.090556549959973589e-06
8.838708382720199808e-07
6.643472136617707396e-07
4.963395856666008869e-07
3.508829933026999098e-07
2.237680243951600109e-07
1.444352251979508635e-07
9.093087860222433477e-08
5.792487353933776708e-08
3.809070486209368112e-08
2.602708524086100446e-08
1.831119038865693724e-08
1.294498992599684855e-08
8.884317494864036211e-09
5.762618023632090068e-09
1.346744847269272734e-06
1.094449634755860338e-06
8.232945609350881433e-07
6.152888805121990890e-07
4.361714483509685574e-07
2.781106176175860238e-07
1.797145587538590878e-07
1.130725746341677965e-07
7.197137769894036114e-08
4.727186786591951418e-08
3.226123466626300250e-08
2.267983218747923644e-08
1.603504620954275506e-08
1.101638003712360570e-08
7.156793044866109520e-09
1.568061159483031651e-06
1.276363310256369204e-06
9.606042146198074643e-07
7.180445332399701732e-07
5.098488963269381954e-07
3.250544395868570610e-07
2.101907385566071162e-07
1.321997597637357853e-07
8.410552229224871923e-08
5.520310129092802129e-08
3.764669845347855276e-08
2.645377316721722462e-08
1.870446102837930749e-08
1.285820226217834773e-08
8.361167376285271144e-09
-3.503327393171463381e-08
-3.098155694755175315e-08
-2.418156735307894952e-08
-1.811965409556201062e-08
-1.364882528161966055e-08
-9.020849710478760639e-09
-5.889864736198479105e-09
-3.653874105346349108e-09
-2.289895357339844362e-09
-1.458814638421544426e-09
-9.604895803621198712e-10
-6.568875860898544926e-10
-4.619744488076811132e-10
-3.245173956660304841e-10
-2.198667784841088756e-10
1.076126269705100937e-07
9.327159306244781735e-08
7.162145464735696942e-08
5.354421755706296298e-08
4.020271605131166267e-08
2.578500566584685313e-08
1.712000505370271807e-08
1.051774692760247342e-08
6.602776786484492108e-09
4.234945303459081027e-09
2.815227196573003899e-09
1.943979622499702282e-09
1.375203069794354001e-09
9.652385799205012746e-10
6.487860242003850415e-10
5.909998047244254197e-07
5.341625497736222911e-07
4.243647587143231843e-07
3.187248207595918823e-07
2.406137591529126468e-07
1.642224153331977968e-07
1.051617535698459181e-07
6.589542218203326092e-08
4.126609192877045500e-08
2.612797361236422823e-08
1.703839085461049276e-08
1.153746072316142008e-08
8.063342662549231529e-09
5.667806332127217040e-09
3.871395056551417446e-09
8.542920440146240884e-07
7.751454999130586168e-07
6.178391548101460195e-07
4.643209603152672574e-07
3.506051436727056765e-07
2.405973068615454195e-07
1.536075906275659726e-07
9.647331168911730891e-08
6.039003118949883969e-08
3.819007132693710132e-08
2.486157974466210301e-08
1.680442926959431206e-08
1.173008031092339705e-08
8.245100479137528204e-09
5.639376806132835589e-09
1.079852151414721723e-06
9.814976297474866933e-07
7.834370283484092665e-07
5.889221749338231791e-07
4.447375195278192610e-07
3.059184955917306218e-07
1.950540118345462069e-07
1.226220429875132735e-07
7.674579124361080559e-08
4.850808691247282773e-08
3.155507456808211866e-08
2.131192197524177038e-08
1.486867040617702068e-08
1.045126356492253269e-08
7.152561934805901239e-09
-2.789674728414696488e-09
-2.634709931912797876e-09
-2.173165724772435722e-09
-1.644677056885588774e-09
-1.242034193710719358e-09
-8.991591558745416497e-10
-5.568876889481866789e-10
-3.588178712764057882e-10
-2.235917348278230794e-10
-1.397782600987296782e-10
-8.950612152761946690e-11
-5.941916466855758468e-11
-4.095383782656989779e-11
-2.875976107199250179e-11
-1.992204028875992003e-11
-3.520354911292715443e-08
-3.506799280012392268e-08
-3.062330260592208660e-08
-2.380118533765429415e-08
-1.782593581436270060e-08
-1.357823646217495809e-08
-8.523186407999013025e-09
-5.711611483855225651e-09
-3.490467649335802422e-09
-2.141641167888888356e-09
-1.339170289655368524e-09
-8.641809555147714754e-10
-5.806415771360972121e-10
-4.028233663198963363e-10
-2.813829410737729042e-10
2.546882857272554861e-07
2.479014332925962024e-07
2.112103905128326654e-07
1.622143014062554303e-07
1.219099885429445133e-07
9.105677797458666378e-08
5.663939823223782220e-08
3.743974994664685327e-08
2.306125647324708760e-08
1.424898827467210881e-08
8.996828619806556262e-09
5.874944961308153207e-09
3.990781456825417744e-09
2.784035949663470858e-09
1.938695103572074862e-09
5.203714826328270197e-07
5.104570177567974272e-07
4.388712247630729287e-07
3.388901485836882798e-07
2.544454617004714760e-07
1.910435357644631769e-07
1.198778647321081981e-07
7.931164603901637777e-08
4.872129031045115726e-08
3.006518169488600374e-08
1.891648600179792158e-08
1.229518756205634071e-08
8.314571275182413752e-09
5.784886911339059367e-09
4.030379681434208878e-09
7.341847967962934575e-07
7.215033071479933061e-07
6.216210397994809286e-07
4.806009596297727949e-07
3.607674675561718822e-07
2.711951884920411292e-07
1.705053564215439703e-07
1.128286446108320955e-07
6.927019572930221351e-08
4.273312152196330649e-08
2.686571510193066668e-08
1.744356879556669118e-08
1.178407293656882265e-08
8.193788711005390817e-09
5.709336231030017719e-09
-5.226673848056252731e-11
-5.214979612410535245e-11
-4.568659163946052473e-11
-3.563390204198971162e-11
-2.668745120565884519e-11
-2.028856338313825570e-11
-1.288842321576217008e-11
-8.589552843166415307e-12
-5.243717271626970556e-12
-3.221689161575141897e-12
-2.012190287780108373e-12
-1.296059127885602737e-12
-8.689527268352842709e-13
-6.016790657535268054e-13
-4.199019192471640784e-13
-1.636076461546379857e-08
-1.677355614743700252e-08
-1.519934462720022307e-08
-1.216033500745184708e-08
-9.111975878126427694e-09
-6.956050934648636332e-09
-4.677864010638953277e-09
-3.028462025121716658e-09
-1.848316402297906266e-09
-1.141042575006270458e-09
-7.067281867775663436e-10
-4.478835889073688312e-10
-2.949113172132996073e-10
-2.014716368042069806e-10
-1.402170721237049619e-10
4.711986861404698483e-08
4.781178713601068084e-08
4.273069991756968272e-08
3.376270501282255473e-08
2.523051699538560038e-08
1.929768284370757832e-08
1.262537887264972029e-08
8.331276256666974659e-09
5.037099243255916308e-09
3.107412719503530998e-09
1.931011938372817337e-09
1.232350489319442218e-09
8.183475708251585724e-10
5.630744949453714065e-10
3.930741458111015926e-10
2.926811352209379949e-07
3.033446180459076884e-07
2.788538640069404554e-07
2.260279539185910109e-07
1.698736948966584947e-07
1.293416270159049672e-07
8.945138577392569741e-08
5.674334781227153108e-08
3.498386619504439188e-08
2.161425170613085757e-08
1.335121326888404127e-08
8.403565771346125337e-09
5.486112182648644711e-09
3.720212202428141329e-09
2.580538560928906519e-09
4.898851545523691357e-07
5.088373648487511692e-07
4.690969476842501833e-07
3.812356741940294884e-07
2.867213902714973288e-07
2.181837755535779273e-07
1.516965279269370226e-07
9.587380743754253532e-08
5.924942058632010863e-08
3.660587698750138782e-08
2.259529999576180233e-08
1.420261755335159311e-08
9.256146083352522535e-09
6.267214123750509753e-09
4.344087550570899052e-09
-2.300583366326845485e-13
-2.388117566172478692e-13
-2.198109319585792067e-13
-1.781169071980357276e-13
-1.336469292980801503e-13
-1.019169084023930987e-13
-7.055949943442000791e-14
-4.476804919774134523e-14
-2.740215172986043576e-14
-1.697150896030911567e-14
-1.049864036733623728e-14
-6.607897262516728634e-15
-4.313930629602725068e-15
-2.926967204878524119e-15
-2.032535984078127308e-15
-1.353269814932174834e-09
-1.434332472950532969e-09
-1.357675553517327514e-09
-1.130741768861183219e-09
-8.564254548060570907e-10
-6.477069039567411954e-10
-4.718599967411202090e-10
-2.886076397448648581e-10
-1.826737527824318688e-10
-1.127454944490540287e-10
-6.913198744989981410e-11
-4.293519691675549215e-11
-2.755726036043578155e-11
-1.839823690280286515e-11
-1.266045128926510546e-11
-1.507016652292329608e-08
-1.642743187119534677e-08
-1.615312739081495673e-08
-1.401073012018278725e-08
-1.083136221886667207e-08
-8.089944923935543665e-09
-6.199821532944995203e-09
-3.743542688938495941e-09
-2.492203593524087818e-09
-1.522166253190757159e-09
-9.132490846118628506e-10
-5.561739106724143951e-10
-3.485520192609105076e-10
-2.269041020762642584e-10
-1.533627754972789154e-10
1.338250369066621283e-07
1.441833869703182076e-07
1.395767425630561753e-07
1.190820297243260038e-07
9.128843221395615031e-08
6.852310184128096487e-08
5.150955426904419945e-08
3.121406359963971772e-08
2.038418799781031011e-08
1.250118352748062359e-08
7.564782618714783113e-09
4.642546080020341376e-09
2.937079977678664713e-09
1.931536156394975237e-09
1.315194408624557754e-09
3.182827612270720352e-07
3.442644103043400462e-07
3.350850807736103958e-07
2.876524462891695742e-07
2.213384472732492554e-07
1.658652153922677563e-07
1.253920905053506802e-07
7.617624099768179727e-08
5.002441034654908793e-08
3.061951592527399582e-08
1.847810359718073854e-08
1.130546265788795501e-08
7.125388684208974805e-09
4.667010919321855372e-09
3.167809619126540293e-09
-1.073315836049953567e-17
-1.132111580103688796e-17
-1.064092686950692570e-17
-8.790463199350376090e-18
-6.628069833792989409e-18
-5.027529871386976488e-18
-3.623489887132840334e-18
-2.225285905835681635e-18
-1.386837953449030195e-18
-8.586584915381150219e-19
-5.303608649927979246e-19
-3.307711413802135222e-19
-2.132964744466189095e-19
-1.431477671865450030e-19
-9.887781747290511406e-20
-2.150939422913138943e-11
-2.347952827631067983e-11
-2.313932308372885063e-11
-2.013497887739465723e-11
-1.561099924174134313e-11
-1.165278985113380894e-11
-8.930543831027553465e-12
-5.433902531015976293e-12
-3.620582865022278003e-12
-2.207992367516353941e-12
-1.322959162343193506e-12
-8.042233377111977172e-13
-5.029077388807493577e-13
-3.265959419744490127e-13
-2.202432796615354737e-13
-6.482763278134422536e-09
-7.182151191049357794e-09
-7.226172855352410454e-09
-6.445467099856579269e-09
-5.088676098950767970e-09
-3.783529319140100603e-09
-2.928374888624870091e-09
-1.845674216439696437e-09
-1.229528678192122641e-09
-7.434487424749347569e-10
-4.450994234911480298e-10
-2.677422874097128257e-10
-1.649374722403497500e-10
-1.053306924071514792e-10
-6.997661919572624242e-11
3.068574518124993885e-08
3.394844657429973071e-08
3.408818991840294873e-08
3.032857327459066373e-08
2.389235088648543463e-08
1.776349350934433690e-08
1.374809183249755514e-08
8.619150600760040993e-09
5.756197337695462174e-09
3.481186563252564776e-09
2.083232863120189349e-09
1.253703394702007408e-09
7.734300179974372740e-10
4.948555155749972967e-10
3.293515460622261150e-10
1.950830629890717836e-07
2.177877372055747275e-07
2.215078301722359634e-07
2.002877203871258371e-07
1.599915652335989594e-07
1.189871684262860920e-07
9.204138860970522235e-08
5.975556228203900414e-08
3.923379667209167937e-08
2.366093764744505752e-08
1.423016617922349684e-08
8.536779844308695379e-09
5.219085123516233727e-09
3.300363603998348588e-09
2.171573177799863641e-09
0.000000000000000000e+00
0.000000000000000000e+00
0.000000000000000000e+00
0.000000000000000000e+00
0.000000000000000000e+00
0.000000000000000000e+00
0.000000000000000000e+00
0.000000000000000000e+00
0.000000000000000000e+00
0.000000000000000000e+00
0.000000000000000000e+00
0.000000000000000000e+00
0.000000000000000000e+00
0.000000000000000000e+00
0.000000000000000000e+00
-3.549442955441354549e-14
-3.964489687356515188e-14
-4.034108439443870295e-14
-3.647732224210718835e-14
-2.910763933476764409e-14
-2.161565984774406993e-14
-1.676717302746261638e-14
-1.083074297860955693e-14
-7.165489287586819798e-15
-4.310154362866371104e-15
-2.590353925052732254e-15
-1.550109526881031280e-15
-9.473767920463696872e-16
-5.995421568337869302e-16
-3.948459009006568875e-16
-3.036378745972477685e-10
-3.433993439888910232e-10
-3.556502202182623632e-10
-3.289578748235663192e-10
-2.680945704745343791e-10
-1.997670364279413926e-10
-1.539705667486825582e-10
-1.050569967421147361e-10
-6.704324564484030565e-11
-4.040328695164972434e-11
-2.447395087667827276e-11
-1.465092862289302040e-11
-8.854442928962365230e-12
-5.508839599316234605e-12
-3.565310536807818847e-12
-4.627833753949151415e-09
-5.358718339950592427e-09
-5.736230241010529316e-09
-5.539379660456318413e-09
-4.717912610159444585e-09
-3.572202509020310799e-09
-2.696577712699419704e-09
-2.025710264253351075e-09
-1.207825373072331610e-09
-7.587764057610031149e-10
-4.608706685854744358e-10
-2.741463191834849766e-10
-1.623482253364850435e-10
-9.781754172778104566e-11
-6.101964386830602323e-11
1.009787698744037346e-07
1.157642990855855618e-07
1.222230091147819921e-07
1.159597233561162639e-07
9.701722582910501522e-08
7.297925290467450097e-08
5.555945992971799951e-08
4.021086007156463275e-08
2.461531685296561618e-08
1.520092568154472644e-08
9.225746859786381005e-09
5.502816328544619777e-09
3.284396182806548021e-09
2.003860117482544320e-09
1.268606276126860991e-09
0.000000000000000000e+00
0.000000000000000000e+00
0.000000000000000000e+00
0.000000000000000000e+00
0.000000000000000000e+00
0.000000000000000000e+00
0.000000000000000000e+00
0.000000000000000000e+00
0.000000000000000000e+00
0.000000000000000000e+00
0.000000000000000000e+00
0.000000000000000000e+00
0.000000000000000000e+00
0.000000000000000000e+00
0.000000000000000000e+00
0.000000000000000000e+00
0.000000000000000000e+00
0.000000000000000000e+00
0.000000000000000000e+00
0.000000000000000000e+00
0.000000000000000000e+00
0.000000000000000000e+00
0.000000000000000000e+00
0.000000000000000000e+00
0.000000000000000000e+00
0.000000000000000000e+00
0.000000000000000000e+00
0.000000000000000000e+00
0.000000000000000000e+00
0.000000000000000000e+00
-5.152050913889613513e-13
-5.957398211897919767e-13
-6.365701594111959916e-13
-6.135319125426632187e-13
-5.218849308746053168e-13
-3.953659566665609154e-13
-2.985170843636080482e-13
-2.233024037355409717e-13
-1.336341118869207135e-13
-8.421712314024951070e-14
-5.110233900489156851e-14
-3.031785630905395367e-14
-1.795907234282781365e-14
-1.083461300435907241e-14
-6.765300564447518505e-15
-1.431960312456776072e-09
-1.672830012260993923e-09
-1.813430814606246750e-09
-1.782353718118438916e-09
-1.551003108613050673e-09
-1.191980705345867779e-09
-8.908254126248643605e-10
-6.862811255099294254e-10
-4.089873218078183815e-10
-2.663283106899430446e-10
-1.613014821003274091e-10
-9.409339697395510487e-11
-5.505193170915714165e-11
-3.272673596956723935e-11
-2.003692270575678625e-11
3.197771865199627867e-08
3.757856496839689518e-08
4.107925308146548286e-08
4.084579545839740763e-08
3.605774882874457626e-08
2.802498467421016409e-08
2.085179632824981268e-08
1.621084731108612405e-08
9.814574206158232737e-09
6.451397941904945457e-09
3.892277683329712706e-09
2.261433736314467653e-09
1.313633984269221508e-09
7.729753310925343966e-10
4.672438720591034954e-10
0.000000000000000000e+00
0.000000000000000000e+00
0.000000000000000000e+00
0.000000000000000000e+00
0.000000000000000000e+00
0.000000000000000000e+00
0.000000000000000000e+00
0.000000000000000000e+00
0.000000000000000000e+00
0.000000000000000000e+00
0.000000000000000000e+00
0.000000000000000000e+00
0.000000000000000000e+00
0.000000000000000000e+00
0.000000000000000000e+00
0.000000000000000000e+00
0.000000000000000000e+00
0.000000000000000000e+00
0.000000000000000000e+00
0.000000000000000000e+00
0.000000000000000000e+00
0.000000000000000000e+00
0.000000000000000000e+00
0.000000000000000000e+00
0.000000000000000000e+00
0.000000000000000000e+00
0.000000000000000000e+00
0.000000000000000000e+00
0.000000000000000000e+00
0.000000000000000000e+00
0.000000000000000000e+00
0.000000000000000000e+00
0.000000000000000000e+00
0.000000000000000000e+00
0.000000000000000000e+00
0.000000000000000000e+00
0.000000000000000000e+00
0.000000000000000000e+00
0.000000000000000000e+00
0.000000000000000000e+00
0.000000000000000000e+00
0.000000000000000000e+00
0.000000000000000000e+00
0.000000000000000000e+00
0.000000000000000000e+00
-1.354566640733187724e-12
-1.614584981907234397e-12
-1.800207011560889241e-12
-1.838889302744019466e-12
-1.678384149831675749e-12
-1.340926355981755323e-12
-9.907239665167427161e-13
-7.789117529377835034e-13
-4.959600474972512262e-13
-3.273209634042114163e-13
-1.950926734333961645e-13
-1.136292609708222737e-13
-6.514325910941563942e-14
-3.748349299463191263e-14
-2.202567671423367684e-14
3.717327369555369424e-09
4.474980647963129769e-09
5.058700241637270587e-09
5.267314001479382038e-09
4.930992695523920338e-09
4.043213649542613443e-09
3.001084250251662517e-09
2.332168779496162806e-09
1.585653620818054117e-09
1.009349428510001195e-09
5.994431087131378007e-10
3.534031323338737870e-10
2.034966380776368261e-10
1.157803147363330721e-10
6.652199309000362280e-11
2.051979260773378964e-04
1.487479608573784079e-04
1.047890636645679369e-04
7.043583142915990744e-05
4.572865438524278400e-05
2.969521521607194615e-05
1.932657931460995593e-05
1.287372524410804135e-05
8.850113853860128437e-06
6.222489985595342739e-06
4.375743922766632757e-06
2.995662013312738244e-06
1.956311095340618128e-06
1.206044077040235002e-06
7.036568384816574044e-07
2.961603080059353694e-05
2.271057002887153506e-05
1.689399969151647346e-05
1.243240101312455274e-05
8.185798647456514661e-06
5.361466844740031343e-06
3.370399316342187346e-06
2.143799145419381141e-06
1.394354652225380832e-06
9.425424295215184418e-07
6.609880564800881967e-07
4.711744462536483415e-07
3.305071424793123024e-07
2.206376586138020516e-07
1.378821761273775491e-07
1.942456030832584884e-07
1.591491176706238757e-07
1.193950628985667540e-07
8.964694801112105815e-08
6.454388852355796288e-08
4.037632601742238418e-08
2.624522580654563597e-08
1.653621621565499469e-08
1.049145895013806901e-08
6.865021578622334356e-09
4.671061434632721965e-09
3.283473719709885903e-09
2.330305200023805132e-09
1.610872185545366128e-09
1.052273218085198477e-09
5.504575185326255063e-11
4.804372902953151465e-11
3.706043309637428684e-11
2.773641464261041674e-11
2.089189012651435750e-11
1.345494287267982509e-11
8.964242783281715901e-12
5.529399769014617334e-12
3.455436413529305523e-12
2.207028506053725433e-12
1.462075555699599984e-12
1.006494168150642486e-12
7.108539262248233463e-13
4.992623051976054844e-13
3.365113182379866118e-13
0.000000000000000000e+00
0.000000000000000000e+00
0.000000000000000000e+00
0.000000000000000000e+00
0.000000000000000000e+00
0.000000000000000000e+00
0.000000000000000000e+00
0.000000000000000000e+00
0.000000000000000000e+00
0.000000000000000000e+00
0.000000000000000000e+00
0.000000000000000000e+00
0.000000000000000000e+00
0.000000000000000000e+00
0.000000000000000000e+00
0.000000000000000000e+00
0.000000000000000000e+00
0.000000000000000000e+00
0.000000000000000000e+00
0.000000000000000000e+00
0.000000000000000000e+00
0.000000000000000000e+00
0.000000000000000000e+00
0.000000000000000000e+00
0.000000000000000000e+00
0.000000000000000000e+00
0.000000000000000000e+00
0.000000000000000000e+00
0.000000000000000000e+00
0.000000000000000000e+00
0.000000000000000000e+00
0.000000000000000000e+00
0.000000000000000000e+00
0.000000000000000000e+00
0.000000000000000000e+00
0.000000000000000000e+00
0.000000000000000000e+00
0.000000000000000000e+00
0.000000000000000000e+00
0.000000000000000000e+00
0.000000000000000000e+00
0.000000000000000000e+00
0.000000000000000000e+00
0.000000000000000000e+00
0.000000000000000000e+00
0.000000000000000000e+00
0.000000000000000000e+00
0.000000000000000000e+00
0.000000000000000000e+00
0.000000000000000000e+00
0.000000000000000000e+00
0.000000000000000000e+00
0.000000000000000000e+00
0.000000000000000000e+00
0.000000000000000000e+00
0.000000000000000000e+00
0.000000000000000000e+00
0.000000000000000000e+00
0.000000000000000000e+00
0.000000000000000000e+00
0.000000000000000000e+00
0.000000000000000000e+00
0.000000000000000000e+00
0.000000000000000000e+00
0.000000000000000000e+00
0.000000000000000000e+00
0.000000000000000000e+00
0.000000000000000000e+00
0.000000000000000000e+00
0.000000000000000000e+00
0.000000000000000000e+00
0.000000000000000000e+00
0.000000000000000000e+00
0.000000000000000000e+00
0.000000000000000000e+00
0.000000000000000000e+00
0.000000000000000000e+00
0.000000000000000000e+00
0.000000000000000000e+00
0.000000000000000000e+00
0.000000000000000000e+00
0.000000000000000000e+00
0.000000000000000000e+00
0.000000000000000000e+00
0.000000000000000000e+00
0.000000000000000000e+00
0.000000000000000000e+00
0.000000000000000000e+00
0.000000000000000000e+00
0.000000000000000000e+00
1.190225307940794930e-04
9.675237198450156262e-05
7.257640698087580299e-05
5.439543882154483303e-05
3.871394864765978234e-05
2.446453428896380153e-05
1.581617193675008423e-05
9.966614533986726144e-06
6.337872534960643380e-06
4.160754445249157139e-06
2.840015671487691616e-06
1.999149516198870732e-06
1.416662144435469197e-06
9.753702440996746715e-07
6.341472042048228562e-07
2.524467985800455649e-05
2.190700341868329044e-05
1.687251789473188785e-05
1.263850201933882420e-05
9.472711556227561276e-06
6.101005694004011779e-06
4.036801529276983986e-06
2.500050702069392858e-06
1.565969281794462243e-06
1.002938503210535520e-06
6.658000790147654932e-07
4.589744040722960892e-07
3.241415449038980065e-07
2.272514585984565919e-07
1.527480072142178199e-07
4.063180834635361160e-07
3.725044234772547162e-07
2.985389872827778233e-07
2.240453709812545666e-07
1.697594684512411410e-07
1.178740917006264785e-07
7.473317765493489282e-08
4.670556709520719058e-08
2.931728829768902743e-08
1.852372826031145273e-08
1.201891480825264789e-08
8.098470114050035023e-09
5.646806683518599637e-09
3.976831426680264641e-09
2.731938916481989817e-09
2.609029105909020394e-10
2.510360572011832352e-10
2.108290626759899864e-10
1.604567411707127401e-10
1.208392672377090024e-10
8.958190503238497104e-11
5.476718741975896055e-11
3.605617552754724877e-11
2.234645068826379220e-11
1.385729754086962415e-11
8.806668731695267881e-12
5.795617661400695707e-12
3.966000702961503961e-12
2.779254216890669749e-12
1.934231410441506051e-12
7.925423417598924770e-17
7.875935108367062842e-17
6.858415036279142526e-17
5.318259523350300991e-17
3.980400061098686140e-17
3.031755797439370297e-17
1.891298202192174558e-17
1.278235798339232202e-17
7.809558207315584980e-18
4.769537631425027336e-18
2.984252633329630253e-18
1.928507011727677526e-18
1.297817050652216308e-18
9.014756942323527474e-19
6.299014569094984703e-19
0.000000000000000000e+00
0.000000000000000000e+00
0.000000000000000000e+00
0.000000000000000000e+00
0.000000000000000000e+00
0.000000000000000000e+00
0.000000000000000000e+00
0.000000000000000000e+00
0.000000000000000000e+00
0.000000000000000000e+00
0.000000000000000000e+00
0.000000000000000000e+00
0.000000000000000000e+00
0.000000000000000000e+00
0.000000000000000000e+00
0.000000000000000000e+00
0.000000000000000000e+00
0.000000000000000000e+00
0.000000000000000000e+00
0.000000000000000000e+00
0.000000000000000000e+00
0.000000000000000000e+00
0.000000000000000000e+00
0.000000000000000000e+00
0.000000000000000000e+00
0.000000000000000000e+00
0.000000000000000000e+00
0.000000000000000000e+00
0.000000000000000000e+00
0.000000000000000000e+00
0.000000000000000000e+00
0.000000000000000000e+00
0.000000000000000000e+00
0.000000000000000000e+00
0.000000000000000000e+00
0.000000000000000000e+00
0.000000000000000000e+00
0.000000000000000000e+00
0.000000000000000000e+00
0.000000000000000000e+00
0.000000000000000000e+00
0.000000000000000000e+00
0.000000000000000000e+00
0.000000000000000000e+00
0.000000000000000000e+00
0.000000000000000000e+00
0.000000000000000000e+00
0.000000000000000000e+00
0.000000000000000000e+00
0.000000000000000000e+00
0.000000000000000000e+00
0.000000000000000000e+00
0.000000000000000000e+00
0.000000000000000000e+00
0.000000000000000000e+00
0.000000000000000000e+00
0.000000000000000000e+00
0.000000000000000000e+00
0.000000000000000000e+00
0.000000000000000000e+00
6.914836705122839671e-05
6.298038485014285297e-05
5.023929955365343913e-05
3.770055429660024539e-05
2.854052423960311806e-05
1.963778947873127530e-05
1.252660992861466901e-05
7.824948497152623783e-06
4.906753702044714184e-06
3.103191345688463342e-06
2.018417461772507752e-06
1.363506632509479594e-06
9.521060696577057853e-07
6.701846542419042231e-07
4.592549759758620335e-07
1.651342023965663390e-05
1.571896267773377088e-05
1.306175514388150851e-05
9.905777861140748224e-06
7.473162271668853548e-06
5.466697128398899433e-06
3.364148185512269743e-06
2.185904942846968612e-06
1.359504578935580449e-06
8.474268574086419855e-07
5.409385766690614199e-07
3.578076496131103406e-07
2.459044075124896584e-07
1.725636211642451785e-07
1.197879560538971957e-07
2.885471425211253032e-07
2.856036791829798900e-07
2.477328837301721903e-07
1.918762488767179217e-07
1.437825594929619781e-07
1.090116220652567969e-07
6.816083767466583373e-08
4.567278902638114256e-08
2.795053838380933749e-08
1.715203438471116255e-08
1.074984852609994879e-08
6.959248492625389815e-09
4.690256579770308032e-09
3.259329176779378717e-09
2.275253499783660274e-09
2.113315202277890558e-10
2.163759648005640891e-10
1.956260462752880143e-10
1.560583789054199393e-10
1.167780213426599284e-10
8.930850788323151851e-11
5.965508235940268202e-11
3.890276018008612419e-11
2.362086584518669309e-11
1.458899917331202453e-11
9.031866042163171027e-12
5.730821852693567725e-12
3.780646627528655308e-12
2.587468875305642264e-12
1.802977124373616889e-12
0.000000000000000000e+00
0.000000000000000000e+00
0.000000000000000000e+00
0.000000000000000000e+00
0.000000000000000000e+00
0.000000000000000000e+00
0.000000000000000000e+00
0.000000000000000000e+00
0.000000000000000000e+00
0.000000000000000000e+00
0.000000000000000000e+00
0.000000000000000000e+00
0.000000000000000000e+00
0.000000000000000000e+00
0.000000000000000000e+00
0.000000000000000000e+00
0.000000000000000000e+00
0.000000000000000000e+00
0.000000000000000000e+00
0.000000000000000000e+00
0.000000000000000000e+00
0.000000000000000000e+00
0.000000000000000000e+00
0.000000000000000000e+00
0.000000000000000000e+00
0.000000000000000000e+00
0.000000000000000000e+00
0.000000000000000000e+00
0.000000000000000000e+00
0.000000000000000000e+00
0.000000000000000000e+00
0.000000000000000000e+00
0.000000000000000000e+00
0.000000000000000000e+00
0.000000000000000000e+00
0.000000000000000000e+00
0.000000000000000000e+00
0.000000000000000000e+00
0.000000000000000000e+00
0.000000000000000000e+00
0.000000000000000000e+00
0.000000000000000000e+00
0.000000000000000000e+00
0.000000000000000000e+00
0.000000000000000000e+00
0.000000000000000000e+00
0.000000000000000000e+00
0.000000000000000000e+00
0.000000000000000000e+00
0.000000000000000000e+00
0.000000000000000000e+00
0.000000000000000000e+00
0.000000000000000000e+00
0.000000000000000000e+00
0.000000000000000000e+00
0.000000000000000000e+00
0.000000000000000000e+00
0.000000000000000000e+00
0.000000000000000000e+00
0.000000000000000000e+00
4.066278108670420447e-05
4.005066975056217053e-05
3.455593437426107944e-05
2.669601206178268756e-05
2.002331567523001307e-05
1.511799159066096196e-05
9.433758867023556168e-06
6.294255159344111050e-06
3.859764456309594465e-06
2.374017456363243153e-06
1.491201155340056696e-06
9.678354036264520847e-07
6.538076357863413954e-07
4.548811166790988510e-07
3.173277007578284315e-07
1.005433325925962076e-05
1.021626777822956936e-05
9.150760871883865071e-06
7.249652896156274654e-06
5.425087592889720697e-06
4.145120843379930524e-06
2.725004611011452792e-06
1.792041243676975791e-06
1.089644748351194498e-06
6.713313389813378559e-07
4.165058375719030952e-07
2.654114694802543675e-07
1.759334177854503384e-07
1.208409531287429777e-07
8.425960780960475027e-08
1.835287920155624454e-07
1.916815680681324749e-07
1.778672914913560411e-07
1.452250961821905228e-07
1.091891637040314269e-07
8.309829422067892489e-08
5.843888785553297426e-08
3.663082264809472789e-08
2.258838104760634118e-08
1.398823487179944392e-08
8.641246761518924624e-09
5.418613137334838639e-09
3.520415881644236512e-09
2.378235531659557565e-09
1.647951773176152806e-09
9.592699293352807727e-11
1.027575785588872693e-10
9.865120965852136451e-11
8.333400312318788752e-11
6.346990047892792839e-11
4.777744034727003199e-11
3.562059638679578439e-11
2.144976389335207897e-11
1.385218983068618904e-11
8.524599962118331096e-12
5.192513275878021855e-12
3.203956287780974321e-12
2.039697839786373506e-12
1.350486891573481678e-12
9.244885952692676746e-13
0.000000000000000000e+00
0.000000000000000000e+00
0.000000000000000000e+00
0.000000000000000000e+00
0.000000000000000000e+00
0.000000000000000000e+00
0.000000000000000000e+00
0.000000000000000000e+00
0.000000000000000000e+00
0.000000000000000000e+00
0.000000000000000000e+00
0.000000000000000000e+00
0.000000000000000000e+00
0.000000000000000000e+00
0.000000000000000000e+00
0.000000000000000000e+00
0.000000000000000000e+00
0.000000000000000000e+00
0.000000000000000000e+00
0.000000000000000000e+00
0.000000000000000000e+00
0.000000000000000000e+00
0.000000000000000000e+00
0.000000000000000000e+00
0.000000000000000000e+00
0.000000000000000000e+00
0.000000000000000000e+00
0.000000000000000000e+00
0.000000000000000000e+00
0.000000000000000000e+00
0.000000000000000000e+00
0.000000000000000000e+00
0.000000000000000000e+00
0.000000000000000000e+00
0.000000000000000000e+00
0.000000000000000000e+00
0.000000000000000000e+00
0.000000000000000000e+00
0.000000000000000000e+00
0.000000000000000000e+00
0.000000000000000000e+00
0.000000000000000000e+00
0.000000000000000000e+00
0.000000000000000000e+00
0.000000000000000000e+00
2.505288939309211594e-05
2.607301115280519024e-05
2.408543075141509113e-05
1.959054130143021025e-05
1.472058562148529352e-05
1.121082236951653893e-05
7.817798965162694154e-06
4.932091930243231355e-06
3.036277036305029875e-06
1.878929330951928881e-06
1.160763149765088029e-06
7.292425075787992906e-07
4.749598744728246757e-07
3.215267390175306412e-07
2.229748527553307407e-07
6.140303485268490956e-06
6.534250889892496909e-06
6.217907013344060688e-06
5.205487721951817910e-06
3.949904140629013716e-06
2.982278439194995504e-06
2.192384715853123643e-06
1.332054412154531351e-06
8.489340323344826506e-07
5.235054266126121703e-07
3.203860124056263552e-07
1.985100889762455970e-07
1.270241480247376706e-07
8.455170142907441497e-08
5.807962163735440420e-08
8.808121454895485510e-08
9.571347780316397406e-08
9.372572427265887969e-08
8.094136404985795428e-08
6.242937115411156185e-08
4.668058204163275992e-08
3.561137019507181270e-08
2.149215422339783363e-08
1.426668686945873229e-08
8.723825453161020098e-09
5.238473361335877335e-09
3.196526505201668252e-09
2.008462785525549418e-09
1.311048057537415672e-09
8.879311988175933151e-10
1.665995382104088306e-11
1.847208932633587277e-11
1.860336891361312005e-11
1.660680455193808426e-11
1.311003248115123395e-11
9.738504691116711554e-12
7.553818788889153231e-12
4.747762415765017724e-12
3.179149723386701832e-12
1.920995473035831571e-12
1.147912007220260291e-12
6.896055934884810816e-13
4.245770291859721210e-13
2.710764777604364813e-13
1.800957255099884182e-13
0.000000000000000000e+00
0.000000000000000000e+00
0.000000000000000000e+00
0.000000000000000000e+00
0.000000000000000000e+00
0.000000000000000000e+00
0.000000000000000000e+00
0.000000000000000000e+00
0.000000000000000000e+00
0.000000000000000000e+00
0.000000000000000000e+00
0.000000000000000000e+00
0.000000000000000000e+00
0.000000000000000000e+00
0.000000000000000000e+00
0.000000000000000000e+00
0.000000000000000000e+00
0.000000000000000000e+00
0.000000000000000000e+00
0.000000000000000000e+00
0.000000000000000000e+00
0.000000000000000000e+00
0.000000000000000000e+00
0.000000000000000000e+00
0.000000000000000000e+00
0.000000000000000000e+00
0.000000000000000000e+00
0.000000000000000000e+00
0.000000000000000000e+00
0.000000000000000000e+00
1.556423972541434649e-05
1.686408903223063696e-05
1.644963571762208290e-05
1.414663966827966202e-05
1.088734107227053708e-05
8.151610710712900313e-06
6.189197580787600963e-06
3.738446425910129937e-06
2.467486459169477523e-06
1.510365756070824503e-06
9.095830946815208264e-07
5.561326337194283468e-07
3.502505267308066913e-07
2.292204764572587358e-07
1.555390101009974133e-07
3.543910998547619025e-06
3.906657865464466442e-06
3.902914341539577534e-06
3.450957988757231083e-06
2.705421265581496084e-06
2.012841635578777155e-06
1.555886673673878283e-06
9.643008737507493516e-07
6.458329131106519230e-07
3.916886082254893970e-07
2.339765052770937881e-07
1.411741147316191039e-07
8.742297540504696325e-08
5.617036883688828269e-08
3.753250137776871292e-08
2.856421686185100077e-08
3.202321585429099456e-08
3.275742891272214983e-08
2.981872715096706553e-08
2.393731070899844391e-08
1.778572893859366908e-08
1.377932677027507323e-08
9.042294774943367989e-09
5.926140602737608578e-09
3.561299150444855494e-09
2.146396121069412220e-09
1.283822277932286119e-09
7.819114428495108021e-10
4.924199605897371450e-10
3.227066138015760050e-10
1.452091747615407250e-13
1.658048761735004932e-13
1.740395212610031883e-13
1.637807669065814047e-13
1.357299211399166879e-13
1.015626999612780160e-13
7.772222684186188109e-14
5.526790538020456349e-14
3.420794491176535648e-14
2.076495889359392711e-14
1.261824520186977662e-14
7.575958390929776352e-15
4.544153304366102624e-15
2.789895290360479353e-15
1.780689730930154767e-15
0.000000000000000000e+00
0.000000000000000000e+00
0.000000000000000000e+00
0.000000000000000000e+00
0.000000000000000000e+00
0.000000000000000000e+00
0.000000000000000000e+00
0.000000000000000000e+00
0.000000000000000000e+00
0.000000000000000000e+00
0.000000000000000000e+00
0.000000000000000000e+00
0.000000000000000000e+00
0.000000000000000000e+00
0.000000000000000000e+00
9.624457011731931276e-06
1.076255536053307166e-05
1.097069532899668487e-05
9.943975783527009426e-06
7.955109084331324343e-06
5.911747407812043920e-06
4.579439315626377622e-06
2.980091359568304638e-06
1.959692679387071052e-06
1.179533849266526078e-06
7.096562214159811292e-07
4.250266353349015386e-07
2.594699387966311717e-07
1.638646971204585982e-07
1.076910504874748634e-07
1.735118105881356254e-06
1.967799232201863408e-06
2.045953877189633162e-06
1.901830332001498683e-06
1.557234024787459493e-06
1.161447031243358327e-06
8.936306855317560996e-07
6.169944711937323570e-07
3.904721657879909859e-07
2.355577255779756372e-07
1.428837066105298768e-07
8.558826579558656843e-08
5.161028773115096440e-08
3.198989216071237451e-08
2.062376086953542919e-08
2.105882448836456034e-09
2.426955416876095683e-09
2.581095654660560945e-09
2.471891989318611010e-09
2.087647349405965109e-09
1.575411754671832328e-09
1.193784712764822742e-09
8.822918220799983845e-10
5.313887563034806168e-10
3.310806158951749704e-10
2.009906885758204110e-10
1.198514283004625028e-10
7.125658391396126133e-11
4.318349668071595659e-11
2.712805535074788877e-11
0.000000000000000000e+00
0.000000000000000000e+00
0.000000000000000000e+00
0.000000000000000000e+00
0.000000000000000000e+00
0.000000000000000000e+00
0.000000000000000000e+00
0.000000000000000000e+00
0.000000000000000000e+00
0.000000000000000000e+00
0.000000000000000000e+00
0.000000000000000000e+00
0.000000000000000000e+00
0.000000000000000000e+00
0.000000000000000000e+00
5.285650837656334832e-06
6.072915132614075339e-06
6.431186319074930618e-06
6.125119549475103847e-06
5.143676860555030942e-06
3.873233015503138887e-06
2.943513098879078043e-06
2.149102199676062235e-06
1.306448845830409444e-06
8.088492022874482114e-07
4.910712762398931102e-07
2.930487456721999411e-07
1.746479791939977755e-07
1.062629949205062872e-07
6.706896251181943110e-08
6.152695129064296567e-07
7.164935954430844137e-07
7.732538790506998531e-07
7.553576655313291124e-07
6.524939402801733396e-07
4.988708464228966752e-07
3.739390675972835646e-07
2.859659415489314596e-07
1.699301065774228641e-07
1.096550295915859265e-07
6.647214694461919105e-08
3.896865366595322633e-08
2.289389636128247119e-08
1.367818074346165243e-08
8.429261759554594972e-09
5.504031076591330849e-12
6.518676312212495909e-12
7.203373831404522651e-12
7.267666011750798922e-12
6.528759652817406591e-12
5.140653938508540126e-12
3.802564846193073976e-12
2.991642484461778318e-12
1.839802116642093492e-12
1.225952791680247936e-12
7.370337994287710139e-13
4.254857483215850127e-13
2.449986747091121316e-13
1.424526860416579117e-13
8.481894927170215355e-14
2.383495189036318172e-06
2.809926351968976430e-06
3.085354029521361200e-06
3.086246158838527602e-06
2.743950861145419308e-06
2.143715147958582851e-06
1.591046054317726799e-06
1.243810044940834295e-06
7.568874160109489531e-07
5.006650845664803923e-07
3.016773438843719418e-07
1.747327851688856853e-07
1.011334988396843968e-07
5.922661726752694419e-08
3.558211596032493490e-08
1.227146090950991767e-07
1.467843998481479511e-07
1.644594429419588898e-07
1.691278216482146111e-07
1.557179957473451634e-07
1.254562123593799958e-07
9.272244731174516402e-08
7.273654106110944413e-08
4.729691373081975425e-08
3.093396625879271245e-08
1.835898459634988112e-08
1.075246260807475796e-08
6.160923499793656631e-09
3.527933258431923517e-09
2.058131609491277039e-09
5.494740362202027704e-07
6.650115268027462272e-07
7.573620709364739007e-07
7.968134352651837473e-07
7.565461325476093740e-07
6.303301390164371854e-07
4.710403549418165974e-07
3.626405020203657868e-07
2.551552286681075776e-07
1.595141653263986384e-07
9.579948734168806445e-08
5.668609016242379979e-08
3.262846399378920544e-08
1.845636318411273565e-08
1.047944599786440557e-08
