# bin_3
0.000000000000000000e+00
2.384959142184154418e-02
2.964064791528831649e-02
2.905851111048343358e-02
5.466591693469963209e-02
1.049169945367141726e-01
1.767288980965923961e-01
1.907106988646636858e-01
2.949334942838094942e-01
5.964930298864398184e-01
8.673269430694184878e-01
1.402603536096161507e+00
2.703913368355683300e+00
3.793781385762378555e+00
3.668058711808622085e+00
2.427158275587865344e+00
1.291314277423825096e+00
6.348461903844038190e-01
2.833129532504031767e-01
1.956217064332207156e-01
1.334478691558182717e-01
9.344047659113759174e-02
6.521455510564742875e-02
5.011121932869973261e-02
4.244378255775341224e-02
3.646415098209315059e-02
4.377218615016405245e-02
5.921440533798089795e-02
7.588717168245062705e-02
8.609896852654796984e-02
8.920821857925140264e-02
8.389013063429454076e-02
7.375077160835008527e-02
6.212494823066973954e-02
5.144451297787616673e-02
4.160704309544820817e-02
3.267229762318848985e-02
2.600123944064590756e-02
2.070190468193133099e-02
1.646643406001066165e-02
1.311343463753507702e-02
1.037170613589538486e-02
8.067066564920788441e-03
6.150081938109434702e-03
4.716411362731267980e-03
3.481654863187038165e-03
2.366370820383662931e-03
1.460920098440045929e-03
8.099000841858691128e-04
5.020299444401024862e-04
3.456792015021151730e-04
2.317234592197542950e-04
1.629603266149423657e-04
1.224977538105157741e-04
9.741352530352127338e-05
7.406854753188121289e-05
5.567984938101647603e-05
4.572386892390533112e-05
4.105617523414213275e-05
4.196487497224436368e-05
4.700201247946635515e-05
5.690451280109190280e-05
6.726118412940247215e-05
7.778260584234414213e-05
8.986883995988035083e-05
9.751641868784309596e-05
9.881980401480485148e-05
9.190342385617951524e-05
8.039846650637064098e-05
6.409612671429226153e-05
4.677734925067917465e-05
0.000000000000000000e+00
