# lsst_simulation
2.132635723948984801e-09
1.823901197750243733e-09
1.160128040258604536e-09
7.680559435826206052e-10
5.389355797357920597e-10
3.504464023860417729e-10
2.496682952470769687e-10
1.453219723282235058e-10
1.134995048849384539e-10
7.938937542314111889e-11
5.270758193946877566e-11
2.581792196125246607e-11
1.841843048577645306e-11
1.122940579423548566e-11
5.522233689552722700e-12
4.244034925518942297e-09
3.490335186728224443e-09
2.032498729647735717e-09
1.277846688897518404e-09
8.136489461210735749e-10
5.440682604771383198e-10
3.702583038450226711e-10
2.454513887840327161e-10
1.807983119921146359e-10
1.240260582879306850e-10
7.890877573479912939e-11
5.446949924260429493e-11
2.950958433906999490e-11
1.663587450963092208e-11
9.609995099119887952e-12
4.682934699625202322e-09
3.194545510054826722e-09
1.822860922345567214e-09
1.215936199749846179e-09
6.989233362621586765e-10
5.109398144924187102e-10
3.707807179320197630e-10
2.574733153535185095e-10
1.813462669467644099e-10
1.192957458074795586e-10
7.925844057063425222e-11
5.169944107897944425e-11
2.962882564175783444e-11
1.704002534631180540e-11
7.966282669489277309e-12
4.724457061110562530e-09
2.875325046202534483e-09
1.531603850779336229e-09
1.273931230085429211e-09
7.407223746073248877e-10
5.061150073469269670e-10
3.602600178278788130e-10
2.374092942805712146e-10
1.893220461773811053e-10
1.240764523430802870e-10
7.701130742334354040e-11
5.381795544768403850e-11
3.000387858721922870e-11
1.733671710818778591e-11
7.974109465214660893e-12
4.727694964660745446e-09
2.887839656123737312e-09
1.264281261544561819e-09
1.326095605643179834e-09
8.049905180685855566e-10
4.994315993264899972e-10
3.634383981493136034e-10
2.449776085266677369e-10
1.863517118981135154e-10
1.238483444638516013e-10
8.383411278066151785e-11
4.951748039140328010e-11
3.021678970414264810e-11
1.671855253655693326e-11
7.163454149889840089e-12
1.438574019980191884e-08
1.155056022339884752e-08
7.324146886640010328e-09
5.122963418583833904e-09
3.602879977218133889e-09
2.109784421541173935e-09
1.435297366361273292e-09
9.444705433109695620e-10
6.324393702358741970e-10
4.485161651709426077e-10
2.983463923949767203e-10
2.061622599163491388e-10
1.339020356430268819e-10
8.432197944211380526e-11
4.962989553807171978e-11
1.843540701686586859e-08
1.332693364934415200e-08
9.284029781784151338e-09
6.672801403788633602e-09
4.709403465592883689e-09
2.790762435035104489e-09
1.846144760860727236e-09
1.237353994082259844e-09
8.062302129010663595e-10
5.575371125804366245e-10
3.739434939384846110e-10
2.557185654515944366e-10
1.700257878881530367e-10
1.077758003527570857e-10
6.551012962646261836e-11
1.994225449389933211e-08
1.439202174546207914e-08
9.948737675591952572e-09
7.382791510286672062e-09
5.296882879139960073e-09
3.051413701254251743e-09
2.025786238922186239e-09
1.366802097159503056e-09
8.852614424818379739e-10
6.177165246852469632e-10
4.219540904480940225e-10
2.878422970952280687e-10
1.942058731296358583e-10
1.216264156034624065e-10
7.376435193701869188e-11
2.178537766444879221e-08
1.602572420692793753e-08
1.119103108818863418e-08
7.733274132877415287e-09
5.812174478994327771e-09
3.241114007930007881e-09
2.176472742164828274e-09
1.486627296255905956e-09
9.364143753807421622e-10
6.696571613554908464e-10
4.574706310214897715e-10
3.109590563915099114e-10
2.126217772835739250e-10
1.301438127124354421e-10
7.986177035476111458e-11
2.787723728202964342e-08
1.952363464166106999e-08
1.510550208301894636e-08
1.131905717598048688e-08
8.133203977775339044e-09
5.022107400487982525e-09
3.297599280336582650e-09
2.141556151353522883e-09
1.368167528884387298e-09
9.214373027436282681e-10
6.209959454219968972e-10
4.199860864126068316e-10
2.852657615031598171e-10
1.867073969195339741e-10
1.173278903882569246e-10
3.282635819545088114e-08
2.375950493256090107e-08
1.873323536069750779e-08
1.390441356547716495e-08
1.007621717294979780e-08
6.267831833282329536e-09
4.147213475433569679e-09
2.696894342779393527e-09
1.714093197719849354e-09
1.148850048493807537e-09
7.715787479001231762e-10
5.221464529540531565e-10
3.575634004179467068e-10
2.334544375918261712e-10
1.485500221263480322e-10
3.744038452975761895e-08
2.787766017027041817e-08
2.222938982732903687e-08
1.592386742664093148e-08
1.161402139967129250e-08
7.292243873699530249e-09
4.747759711583132601e-09
3.144287656691318520e-09
1.973932483477254618e-09
1.335070829540290030e-09
8.826092943496091614e-10
6.006922292200602185e-10
4.120136181420541713e-10
2.703007865367312505e-10
1.732974170871556401e-10
4.214694836264790198e-08
3.248397273632641528e-08
2.682183271590289618e-08
1.991539188099860338e-08
1.474931249377865610e-08
9.386079356181333895e-09
6.304784129573327223e-09
4.124464307167163668e-09
2.562756082030559101e-09
1.700029488862551978e-09
1.127744114159457840e-09
7.497782619741185134e-10
5.106060970011232310e-10
3.351461489226397886e-10
2.193418774160472717e-10
5.051043115469922757e-08
4.104504884699849355e-08
3.457705988076727330e-08
2.492549880740794174e-08
1.893554058448567912e-08
1.215716257994441526e-08
8.282661590494660899e-09
5.378236277109805094e-09
3.337780823813341046e-09
2.200299152353697020e-09
1.437354643259122007e-09
9.557446338982288412e-10
6.484647563697067024e-10
4.298962852522585805e-10
2.810985880500122992e-10
6.574995077183125164e-08
5.752587290947392713e-08
5.070371685105708571e-08
3.708169571464552199e-08
2.902252784697049113e-08
1.896862340203119002e-08
1.336325178253881232e-08
8.727188820997055021e-09
5.424621950572855693e-09
3.539820855717298010e-09
2.263471627192250662e-09
1.461762622712858568e-09
9.696865422617565179e-10
6.408470366913883529e-10
4.231377005310767226e-10
