# lsst_theory
2.520033186180070808e-09
1.700476561488702885e-09
1.125709169785462909e-09
7.480536456671483787e-10
5.032398054763784548e-10
3.393840172982991205e-10
2.325876860618743669e-10
1.604577224369662730e-10
1.099681308309016222e-10
7.377218151684850914e-11
4.776348617053377267e-11
2.959424170420157415e-11
1.756879152418621258e-11
1.002916260752078705e-11
5.536007786852231844e-12
4.223294513796677361e-09
2.846024855303211613e-09
1.875223985071607301e-09
1.216651654653086616e-09
7.978138871382893833e-10
5.357168384122649396e-10
3.652581600484225439e-10
2.545793152937370701e-10
1.781235680492939603e-10
1.226581061121126982e-10
8.143955405420817613e-11
5.130861251672773632e-11
3.051936222848340397e-11
1.718997788608753076e-11
9.269246503337338041e-12
4.296414862921900321e-09
2.840980625807526014e-09
1.842992545537812286e-09
1.171165087107925370e-09
7.519335745250051919e-10
5.063916021241085534e-10
3.470212902783077758e-10
2.455547316362009123e-10
1.744231841502763380e-10
1.214910855000243325e-10
8.102311221282820303e-11
5.074982947334650327e-11
2.961608515202104831e-11
1.613349657570269630e-11
8.321361561969058786e-12
4.363519529036910736e-09
2.858255888641664491e-09
1.839323691714421890e-09
1.155697560097549552e-09
7.333128064807604253e-10
4.945106273305394731e-10
3.398337129148547538e-10
2.424500205899092940e-10
1.736444752640541065e-10
1.217113972082281249e-10
8.138519657280640087e-11
5.083987410187550671e-11
2.937746502901616138e-11
1.571322630582175003e-11
7.896205868263009303e-12
4.421716651668187214e-09
2.873449641859340187e-09
1.836365179396032392e-09
1.142474792013897059e-09
7.173662671966052933e-10
4.843498436960584554e-10
3.336875518221506839e-10
2.398099197586893166e-10
1.729972239314548228e-10
1.219175364874811905e-10
8.170831138464917818e-11
5.092431945222935609e-11
2.917505435494219682e-11
1.535169272770017394e-11
7.529462466039302192e-12
1.423212486094579377e-08
1.033097247610806045e-08
7.261799306826439187e-09
4.983502753840744810e-09
3.312847945168123671e-09
2.164441650980680655e-09
1.419397807187856865e-09
9.430441561166291863e-10
6.385846528541139271e-10
4.387922346306910713e-10
3.014215051019679637e-10
2.032159299034491913e-10
1.324673940510299519e-10
8.251601127495976727e-11
4.893320743658552255e-11
1.788592512545428282e-08
1.312939233051658435e-08
9.295062333272717959e-09
6.435742574150250532e-09
4.303823415146117883e-09
2.790471106740003413e-09
1.826303471210268365e-09
1.201944280246027427e-09
8.091606344357897836e-10
5.547512080826882793e-10
3.822212114975290864e-10
2.598612607139917493e-10
1.714743060669107895e-10
1.082458676359436796e-10
6.493284376140476962e-11
1.981179229063373859e-08
1.455998160492089757e-08
1.030637347550887089e-08
7.144882411144861007e-09
4.777792339872651390e-09
3.079518646422821577e-09
2.012914748310993654e-09
1.320432200344677308e-09
8.886950800378277399e-10
6.100255218457960587e-10
4.215916894128408038e-10
2.878851217951414728e-10
1.908490058230676698e-10
1.209122112716500059e-10
7.263859509001521984e-11
2.149508555435819781e-08
1.581550036262087646e-08
1.119737824693868057e-08
7.771141073326231918e-09
5.197453017032891033e-09
3.336990650296752567e-09
2.179181961286942859e-09
1.426122704675295407e-09
9.594273775127228818e-10
6.590246266706680475e-10
4.563809205630934758e-10
3.125910978705215775e-10
2.079168289764355269e-10
1.320826621274442563e-10
7.945519971053442376e-11
2.700879388710758878e-08
2.083387173968622686e-08
1.526611017637922687e-08
1.086027308849096167e-08
7.500273169559360111e-09
4.956165683655632121e-09
3.211146090040100243e-09
2.087348163015024019e-09
1.371613404975378506e-09
9.187212633249696590e-10
6.243270057688200741e-10
4.249698395059843624e-10
2.854867788817474968e-10
1.861547733399602270e-10
1.163784584318938145e-10
3.243196488761584154e-08
2.544797256756496953e-08
1.886297723285556851e-08
1.352426331811331362e-08
9.423816576317923271e-09
6.274888923492118088e-09
4.046432788770781770e-09
2.626488748974699818e-09
1.711295267394455616e-09
1.138009255313659002e-09
7.698758264013566048e-10
5.240118055360971089e-10
3.538160673578880774e-10
2.329145723652680203e-10
1.473852596536732536e-10
3.693945170728416322e-08
2.924753110352372919e-08
2.179437009464417460e-08
1.567738661862826573e-08
1.097093217423210564e-08
7.328185725840556521e-09
4.705857900861576720e-09
3.052543683937601547e-09
1.979125364010148427e-09
1.311832732148679364e-09
8.861274829091928315e-10
6.037271028243516934e-10
4.091313904090274758e-10
2.708616726836246238e-10
1.725093888500993215e-10
4.270618849647607916e-08
3.489306914468631570e-08
2.676785070447020870e-08
1.965231497868730841e-08
1.395904081747911802e-08
9.531396436070676455e-09
6.223027257949868380e-09
4.009993582694757513e-09
2.582983921111754934e-09
1.686801769538300489e-09
1.120234371532117160e-09
7.531295228801869504e-10
5.075612678580625647e-10
3.374950740891942239e-10
2.180807937512837382e-10
5.165869996784449507e-08
4.315835276909348336e-08
3.372520638534667298e-08
2.507215408958772732e-08
1.797425006780221435e-08
1.241437207664167584e-08
8.169992545256784051e-09
5.237512547699238100e-09
3.362930140387231670e-09
2.176235174080099923e-09
1.431537131551291663e-09
9.560412620199289069e-10
6.433256443892635278e-10
4.296532510981215667e-10
2.803546222799506567e-10
6.830146526856081214e-08
5.966945722372917469e-08
4.874269151045339346e-08
3.759004877249830607e-08
2.764974431903859973e-08
1.953250410386478240e-08
1.325951592998530265e-08
8.577406895950549203e-09
5.478166414896663811e-09
3.489177974354513245e-09
2.244200210912761204e-09
1.463706594255895964e-09
9.675036525129254258e-10
6.417410993437479250e-10
4.213920704750527187e-10
