# k_h
1.047804016707231206e-05
1.135936431897865041e-05
1.231481800735826192e-05
1.335063638208858585e-05
1.447357904113946599e-05
1.569097414271271364e-05
1.701076622772188069e-05
1.844156806469488121e-05
1.999271685543114302e-05
2.167433516820381205e-05
2.349739699614756354e-05
2.547379937191957401e-05
2.761644000598026418e-05
2.993930145514985336e-05
3.245754237071228425e-05
3.518759642153816117e-05
3.814727953778446646e-05
4.135590617502761323e-05
4.483441535755236653e-05
4.860550732333654514e-05
5.269379166245699613e-05
5.712594791564495032e-05
6.193089968103495139e-05
6.714000336530103667e-05
7.278725281094293562e-05
7.890950113508926307e-05
8.554670122750562431e-05
9.274216647726159658e-05
1.005428534295207114e-04
1.089996682170301886e-04
1.181677987660360570e-04
1.281070749445518920e-04
1.388823590032553490e-04
1.505639688569705508e-04
1.632281369690115076e-04
1.769575078329963511e-04
1.918416772986255995e-04
2.079777772609854233e-04
2.254711095289717586e-04
2.444358330093670921e-04
2.649957086910318771e-04
2.872849072908686919e-04
3.114488848321344053e-04
3.376453318689992111e-04
3.660452025518508984e-04
3.968338302488692479e-04
4.302121370042583277e-04
4.663979447258783783e-04
5.056273966588961883e-04
5.481564984217807916e-04
5.942627886612186034e-04
6.442471502283946385e-04
6.984357736961134327e-04
7.571822860303722546e-04
8.208700583077969785e-04
8.899147075387576220e-04
9.647668089226860361e-04
1.045914836235387795e-03
1.133888349536870581e-03
1.229261451002207090e-03
1.332656531427670087e-03
1.444748331861290657e-03
1.566268346863438146e-03
1.698009598132458383e-03
1.840831809647328586e-03
1.995667018099573937e-03
2.163525655227273824e-03
2.345503141743583535e-03
2.542787035890784180e-03
2.756664783270238849e-03
2.988532118522547586e-03
3.239902173685989869e-03
3.512415352673080478e-03
3.807850036304599728e-03
4.128134187760601655e-03
4.475357934183805952e-03
4.851787206541129452e-03
5.259878526755035373e-03
5.702295038603357076e-03
6.181923887002871952e-03
6.701895059091310218e-03
7.265601810061828383e-03
7.876722807046043773e-03
8.539246135553268599e-03
9.257495325128456409e-03
1.003615756406843994e-02
1.088031428732162166e-02
1.179547433718306816e-02
1.278760991318701919e-02
1.386319554580037368e-02
1.502925034825376704e-02
1.629338382223944476e-02
1.766384551639726616e-02
1.914957886165252754e-02
2.076027953472744936e-02
2.250645873069768294e-02
2.439951175750139367e-02
2.645179240003845897e-02
2.867669353914911387e-02
3.108873455157922655e-02
3.370365606129199776e-02
3.653852266045876096e-02
3.961183427047109545e-02
4.294364686969992517e-02
4.655570337585268614e-02
5.047157553704815364e-02
5.471681775756870314e-02
5.931913386213436695e-02
6.430855788697763253e-02
6.971765007753527588e-02
7.558170937180830329e-02
8.193900375602637676e-02
8.883101999588277620e-02
9.630273437304966155e-02
1.044029061937597896e-01
1.131843959848493897e-01
1.227045104537606429e-01
1.330253764636643854e-01
1.442143464642077211e-01
1.563444380236684583e-01
1.694948103308384357e-01
1.837512807762166078e-01
1.992068849836445832e-01
2.159624839470683233e-01
2.341274222345130773e-01
2.538202415546076951e-01
2.751694543422963934e-01
2.983143824120381704e-01
3.234060661514232549e-01
3.506082501884699165e-01
3.800984519649206472e-01
4.120691201888901367e-01
4.467288907267556453e-01
4.843039481300547844e-01
5.250395016825146755e-01
5.692013855996823635e-01
6.170777938238092286e-01
6.689811607350241163e-01
7.252502000520255621e-01
7.862521152278619807e-01
8.523849957655184051e-01
9.240804150913095594e-01
1.001806246939419553e+00
1.086069718626897274e+00
1.177420721144331939e+00
1.276455397663368352e+00
1.383820033879134437e+00
1.500215275575396801e+00
1.626400700935609844e+00
1.763199777438143823e+00
1.911505235683615078e+00
2.072284895223142964e+00
2.246587980406023366e+00
2.435551967463112089e+00
2.640410007508973145e+00
2.862498973904208377e+00
3.103268186493873593e+00
3.364288869655065906e+00
3.647264405875506377e+00
3.954041451776500349e+00
4.286621989121693233e+00
4.647176389454873657e+00
5.038057577624611483e+00
5.461816386624858133e+00
5.921218203954908610e+00
6.419261018130437257e+00
6.959194983114461053e+00
7.544543628342827546e+00
8.179126852757729438e+00
8.867085852904889265e+00
9.612910147771628999e+00
1.042146687672563310e+01
1.129803256174881909e+01
1.224832754124168943e+01
1.327855330010820012e+01
1.439543293973176397e+01
1.560625505194347440e+01
1.691892128329761036e+01
1.834199790005185449e+01
1.988477169035769521e+01
2.155731056847046290e+01
2.337052927647306433e+01
2.533626061227351656e+01
2.746733264869891045e+01
2.977765244760723107e+01
3.228229681532221917e+01
3.499761069164820526e+01
3.794131381453700413e+01
4.113261635648480308e+01
4.459234428728511546e+01
4.834307528123662223e+01
5.240928605571627941e+01
5.681751210262755336e+01
6.159652085510749231e+01
6.677749941955376300e+01
7.239425809808135170e+01
7.848345102956896824e+01
8.508481538916409193e+01
9.224143070722834636e+01
1.000000000000000000e+02
