# d_c
0.000000000000000000e+00
2.316528235818965982e+02
4.573358886848035354e+02
6.769439273805935500e+02
8.904182316639296459e+02
1.097742999188969407e+03
1.298941003142128238e+03
1.494068885453000121e+03
1.683212329520490584e+03
1.866481317724182645e+03
2.044005626974704001e+03
2.215930667228346010e+03
2.382413726127719201e+03
2.543620649009405497e+03
2.699722957544664951e+03
2.850895391598634433e+03
2.997313846450805613e+03
3.139153670114367742e+03
3.276588281951022964e+03
3.409788073053390690e+03
