# d_z
1.000000000000000000e+00
9.679516646036139260e-01
9.367759826049233407e-01
9.065761235743091673e-01
8.774246346077618774e-01
8.493678994562753326e-01
8.224299873375886527e-01
7.966169655470658473e-01
7.719200576933670233e-01
7.483193460036424716e-01
7.257860005433151018e-01
7.042853785809338740e-01
6.837781267383790107e-01
6.642224593784318287e-01
6.455749960229842932e-01
6.277919028761365094e-01
6.108296691165832071e-01
5.946455924044425911e-01
5.791981369572826166e-01
5.644474127845687805e-01
5.503550929510663270e-01
5.368846951576976556e-01
5.240016651819808802e-01
5.116732262871848125e-01
4.998685562946312833e-01
4.885584575953099140e-01
4.777156015126460820e-01
4.673142826873983857e-01
4.573303073630703985e-01
4.477410677530224148e-01
4.385253969656400796e-01
4.296632984930051080e-01
4.211361204819474846e-01
4.129264294194093798e-01
4.050178048044506540e-01
3.973948166874414767e-01
3.900431329021185056e-01
3.829491197051285711e-01
3.761001337208632611e-01
3.694841255677228098e-01
3.630899957186936033e-01
3.569071105850274983e-01
3.509255931094386050e-01
3.451360941124451132e-01
3.395297515920882581e-01
3.340983306676459930e-01
3.288340136634945177e-01
3.237293610840178415e-01
3.187774814402866697e-01
3.139717192885522756e-01
