# da
0.000000000000000000e+00
2.541239549049456912e+02
4.731464372730334276e+02
6.624064880089898679e+02
8.262579055493350779e+02
9.682940785019602572e+02
1.091511316178554353e+03
1.198429740021552789e+03
1.291184403508813375e+03
1.371595182960234979e+03
1.441221277759957729e+03
1.501404362899698526e+03
1.553303231097247590e+03
1.597921944055751283e+03
1.636132952320545201e+03
1.668696255434158047e+03
1.696275402476133650e+03
1.719450940291502548e+03
1.738731777869958478e+03
1.754564833758022587e+03
1.767343257836162593e+03
1.777413461662846203e+03
1.785081147684333700e+03
1.790616493354763861e+03
1.794258619113265013e+03
1.796219447463684673e+03
1.796687042837445233e+03
1.795828507572993658e+03
1.793792497536956716e+03
1.790711411130703482e+03
1.786703297280464994e+03
1.781873521195292142e+03
1.776316220955931840e+03
1.770115583178337147e+03
1.763346961924727793e+03
1.756077861588073802e+03
1.748368801550748458e+03
1.740274077930885369e+03
1.731842434547053927e+03
1.723117660663369406e+03
1.714139110411033698e+03
1.704942171715704035e+03
1.695558678067560550e+03
1.686017274999790061e+03
1.676343745965397829e+03
1.666561302464452183e+03
1.656690842651948969e+03
1.646751182119374334e+03
1.636759260078605848e+03
1.626730323774514773e+03
