# lsst_theory
2.519687476807280072e-09
1.700360303322222453e-09
1.125652633012936174e-09
7.480135782317983621e-10
5.032211089501597659e-10
3.393684288454988735e-10
2.325802621814045299e-10
1.604524769187336674e-10
1.099629767134866146e-10
7.376691774394152279e-11
4.775731819314246722e-11
2.958594638759670208e-11
1.755674665723760051e-11
1.001118058916793508e-11
5.509588202511423257e-12
4.222542478877103212e-09
2.845765735994967905e-09
1.875236131553975988e-09
1.216602488368846407e-09
7.977797567679676105e-10
5.356897157252190319e-10
3.652494559643702823e-10
2.545756800914345306e-10
1.781143550416048385e-10
1.226488245362274616e-10
8.143113459893098459e-11
5.129927318946347717e-11
3.050674479115280703e-11
1.717138739422739743e-11
9.241825216007491441e-12
4.295645044719345374e-09
2.840722903534455679e-09
1.843082367513692174e-09
1.171185055481042089e-09
7.518872166562960804e-10
5.063747994405120526e-10
3.470051879043078823e-10
2.455510982846474748e-10
1.744139894888369272e-10
1.214820350117681132e-10
8.101424732093107446e-11
5.074043513805022399e-11
2.960352259027868036e-11
1.611479945439634827e-11
8.293563458724330493e-12
4.362732369770819167e-09
2.857996907126764508e-09
1.839455581558458869e-09
1.155750915889519329e-09
7.332602745258511744e-10
4.944985653847065201e-10
3.398144612124925120e-10
2.424468817389969323e-10
1.736353094392220298e-10
1.217023280874456862e-10
8.137604610678265782e-11
5.083043252425201282e-11
2.936492161409414967e-11
1.569445760653291171e-11
7.868163677619060584e-12
4.420915410418211450e-09
2.873189935098615957e-09
1.836533535351551135e-09
1.142556365897015616e-09
7.173080694641548418e-10
4.843417064368997331e-10
3.336654454590340296e-10
2.398071453212179325e-10
1.729880718451485198e-10
1.219084598981869252e-10
8.169892218182300761e-11
5.091483900744282595e-11
2.916252306848703449e-11
1.533284956511821424e-11
7.501176537117008280e-12
1.422906820266501857e-08
1.032884266678412793e-08
7.260731154659115443e-09
4.983309640529841731e-09
3.312668058483159143e-09
2.164369840645700653e-09
1.419307125735331559e-09
9.430042621449997906e-10
6.385690608810172993e-10
4.387765837908293407e-10
3.014024053769888306e-10
2.031977151362958285e-10
1.324490209176889786e-10
8.249411258001215637e-11
4.890388499028794387e-11
1.788201897403085692e-08
1.312661328619113106e-08
9.293428624899091211e-09
6.435302775268196308e-09
4.303685506236255948e-09
2.790324712441790876e-09
1.826222670592396180e-09
1.201885754467046171e-09
8.091349159000084392e-10
5.547240800472769922e-10
3.821976896137621075e-10
2.598398103958841802e-10
1.714537283522765709e-10
1.082227619250942787e-10
6.490285313585414288e-11
1.980743837501455042e-08
1.455687025304929057e-08
1.030444248563937819e-08
7.144351040941615803e-09
4.777755604719656513e-09
3.079328783606554102e-09
2.012849528006131910e-09
1.320348145150046844e-09
8.886606478906198623e-10
6.099946975147093062e-10
4.215687186131730854e-10
2.878625037884464641e-10
1.908274179827638025e-10
1.208886454485253701e-10
7.260835958256107296e-11
2.149037263063573465e-08
1.581212039575228022e-08
1.119520529438135543e-08
7.770538283982908688e-09
5.197499993876332182e-09
3.336768623540992183e-09
2.179131376163553738e-09
1.426020907221035989e-09
9.593877086851170761e-10
6.589915090066446150e-10
4.563586700928748919e-10
3.125678294862473633e-10
2.078946540665612113e-10
1.320588775135157909e-10
7.942486187977844627e-11
2.700265008276782569e-08
2.082937189079205888e-08
1.526295989464289831e-08
1.085856047024349303e-08
7.499993526008355661e-09
4.955921664337993560e-09
3.211042755130510155e-09
2.087209388824341269e-09
1.371547519886392119e-09
9.186989276272001858e-10
6.243062917417750916e-10
4.249423183592574538e-10
2.854594545856219248e-10
1.861270196682773292e-10
1.163459228730551856e-10
3.242448586965673947e-08
2.544239512204589096e-08
1.885899119128396894e-08
1.352182749421188954e-08
9.423169897107925745e-09
6.274634162425036919e-09
4.046237648404602643e-09
2.626361615632723142e-09
1.711238270557449343e-09
1.137984665271813443e-09
7.698426093783527237e-10
5.239762887799687741e-10
3.537837597036803730e-10
2.328835111014029780e-10
1.473507439308767330e-10
3.693093659996401890e-08
2.924114266700805454e-08
2.178975708591561116e-08
1.567439092221681308e-08
1.097003753025441248e-08
7.327988745470138168e-09
4.705592326553236325e-09
3.052431149886585607e-09
1.979057502283487107e-09
1.311800682239141200e-09
8.860800854672231161e-10
6.036854396317887859e-10
4.090959942829858439e-10
2.708286355091610520e-10
1.724737689348307026e-10
4.269637278699087130e-08
3.488517327845614218e-08
2.676209232794099609e-08
1.964830713365614801e-08
1.395690955822783383e-08
9.531178780461691382e-09
6.222660653108935064e-09
4.009865757584072674e-09
2.582770492891430176e-09
1.686695034572886000e-09
1.120170438865014486e-09
7.530925837571989409e-10
5.075225225539843283e-10
3.374560589426332378e-10
2.180410751458205013e-10
5.164705409079130087e-08
4.314857934791267477e-08
3.371797302497561272e-08
2.506694310711913536e-08
1.797108410278248463e-08
1.241403768204918640e-08
8.169584569837257300e-09
5.237364377720354614e-09
3.362686703401756156e-09
2.176144182047939037e-09
1.431512864167904275e-09
9.560173092519534652e-10
6.432838347431179212e-10
4.296093253595541849e-10
2.803116168019241922e-10
6.828725221194640606e-08
5.965632481577806579e-08
4.873227022253355726e-08
3.758246195031210135e-08
2.764449431634775539e-08
1.952988867101516395e-08
1.325939001733971078e-08
8.577019650876536942e-09
5.478065747984499759e-09
3.488997958166322002e-09
2.244096418615082428e-09
1.463622552778566208e-09
9.674596524228891271e-10
6.416997456890596154e-10
4.213457607944568622e-10
5.013234521278575260e-07
3.481732066829864979e-07
2.337957191949516185e-07
1.530558725190595962e-07
1.005439703526652122e-07
6.627222176606638511e-08
4.458915803831574102e-08
3.072779247493664975e-08
2.152053153047746221e-08
1.502513620641195102e-08
1.022029222414577302e-08
6.645343236270516091e-09
4.098666299711105033e-09
2.399090391838779193e-09
1.342266855415982625e-09
1.575870182186160121e-06
1.135872382108738468e-06
7.956658623686369988e-07
5.366618206167529325e-07
3.498660521179493588e-07
2.282185348212565343e-07
1.491213570475931405e-07
9.964992540214870586e-08
6.842382876131498900e-08
4.783258624048075608e-08
3.335051141125324142e-08
2.264405006600238571e-08
1.470658789256958704e-08
9.045100965603338693e-09
5.274553129502829125e-09
1.885020134340442801e-06
1.364670620703625798e-06
9.606786830362299656e-07
6.508118802922346049e-07
4.241588964993647534e-07
2.764695534150354568e-07
1.800744765533513592e-07
1.198842850064773055e-07
8.207081311011174613e-08
5.733045312766784321e-08
4.005819443937946453e-08
2.732308547089376915e-08
1.784860881157963613e-08
1.103997459454799478e-08
6.468303714383142665e-09
2.067824233851946638e-06
1.499915903689806494e-06
1.058198319780062317e-06
7.182432420808574599e-07
4.680313142553045627e-07
3.049653038940840579e-07
1.983561959058590402e-07
1.318376397128294770e-07
9.013509329940804084e-08
6.294443044562289116e-08
4.402338849863098594e-08
3.008872431012534129e-08
1.970515950574243636e-08
1.221819811111017803e-08
7.173068778273371178e-09
2.225763940284135924e-06
1.616765588128060609e-06
1.142453039636842862e-06
7.765032649858777208e-07
5.059366446771266531e-07
3.295853020384902159e-07
2.141513984836860256e-07
1.421652164916459993e-07
9.710254312469008163e-08
6.779485069856680335e-08
4.744926907980923096e-08
3.247818518962906180e-08
2.130917701017246462e-08
1.323615911781646087e-08
7.781974482282098937e-09
-7.569735398208027005e-08
-6.293190919084777078e-08
-4.742941321810245075e-08
-3.569865201766652233e-08
-2.601849253574706837e-08
-1.635763209883186892e-08
-1.067018003634525077e-08
-6.693076626621733882e-09
-4.226261095470230528e-09
-2.747414126892378930e-09
-1.857331305487953387e-09
-1.300593217878688935e-09
-9.239117986036682775e-10
-6.423016026779351306e-10
-4.230393170347789708e-10
6.210882519001430975e-07
4.970194845539254749e-07
3.719964750516230786e-07
2.774652793940422513e-07
1.936157816498735130e-07
1.235719728390989955e-07
7.929908860226720215e-08
5.007357514577760857e-08
3.202989564235059792e-08
2.118316646900181050e-08
1.456021970048235539e-08
1.028182569071767832e-08
7.265314573230955786e-09
4.961683869425876112e-09
3.193683318282681626e-09
1.090837603855596801e-06
8.842171058378784728e-07
6.644398150707058138e-07
4.963051908866295113e-07
3.509695055977109994e-07
2.238317319703843097e-07
1.444598572862699735e-07
9.093847146119301993e-08
5.793592135238726047e-08
3.809772144399723579e-08
2.603263773278848746e-08
1.831515244539430667e-08
1.294776934110343061e-08
8.886117129439528632e-09
5.763633442318083815e-09
1.347084978282883085e-06
1.094879105634434881e-06
8.234190671888586493e-07
6.152468145277881787e-07
4.362759473335526822e-07
2.781949714838824584e-07
1.797446785395490247e-07
1.130821841208188329e-07
7.198487441058575989e-08
4.728054881479628263e-08
3.226810469191696984e-08
2.268473879876126437e-08
1.603849197245797835e-08
1.101861831844939836e-08
7.158057467716175103e-09
1.568452333159270661e-06
1.276864650567377072e-06
9.607562781049179277e-07
7.179958508940186368e-07
5.099689402717134252e-07
3.251566312083227136e-07
2.102256009018384117e-07
1.322111109294572937e-07
8.412113472111416655e-08
5.521322000078732718e-08
3.765470668176199710e-08
2.645949575966051392e-08
1.870848243153801721e-08
1.286081947276417226e-08
8.362646903411637067e-09
-3.503736408850335078e-08
-3.099268549850942946e-08
-2.419215099388127321e-08
-1.811995371106921475e-08
-1.364895652708130400e-08
-9.026097559974213030e-09
-5.889352959736686582e-09
-3.654402153739709583e-09
-2.289997085142446181e-09
-1.459082833402993829e-09
-9.606779302956594945e-10
-6.570301485121594355e-10
-4.620750268617985671e-10
-3.245857937989591828e-10
-2.199082759732282282e-10
1.076277844477819161e-07
9.330969042186329713e-08
7.165446257957286691e-08
5.354485137409812586e-08
4.020813400274862339e-08
2.580458344873847232e-08
1.711809607777900121e-08
1.051895163965250331e-08
6.603099041223514216e-09
4.235710759160343975e-09
2.815819461162797954e-09
1.944427865109268053e-09
1.375518531019355854e-09
9.654506850290572645e-10
6.489100402357951315e-10
5.910613719589445254e-07
5.343300933146610013e-07
4.245341065914796882e-07
3.187205334127087161e-07
2.405766079221313397e-07
1.642833595629690347e-07
1.051520773187738639e-07
6.590818106831390046e-08
4.126845261249405827e-08
2.613334391958724508e-08
1.704160644579877857e-08
1.153992591630566942e-08
8.065098468016487275e-09
5.669017477202755041e-09
3.872165987586828779e-09
8.543786729508945969e-07
7.753822351486796468e-07
6.180838697824207369e-07
4.643178889574181550e-07
3.505451477733062967e-07
2.406799319485532570e-07
1.535963382541553092e-07
9.649257980940647054e-08
6.039363956731343758e-08
3.819796590867659824e-08
2.486624026294809348e-08
1.680799701487789191e-08
1.173262399129982764e-08
8.246860617019081851e-09
5.640505657223743737e-09
1.079960317594405982e-06
9.817938193666068597e-07
7.837461976888611735e-07
5.889197013848330970e-07
4.446578857678729704e-07
3.060197841621432759e-07
1.950411132925279028e-07
1.226468733716111306e-07
7.675045944427168567e-08
4.851814520576898065e-08
3.156097261700023089e-08
2.131643444048846267e-08
1.487188904973945395e-08
1.045349377033076812e-08
7.153997009948654031e-09
-2.789872949243034317e-09
-2.635281956893875244e-09
-2.173967333083902191e-09
-1.644821946190165449e-09
-1.241625979149876771e-09
-8.992350490165185056e-10
-5.569857417132151292e-10
-3.589113604870859382e-10
-2.236137593851464302e-10
-1.398085530075191669e-10
-8.952178957176377998e-11
-5.943060991572440788e-11
-4.096208936205739742e-11
-2.876570094395286972e-11
-1.992615286354938958e-11
-3.520535525576424599e-08
-3.507230967768504847e-08
-3.063607700656503993e-08
-2.381613709262715590e-08
-1.782968582200880178e-08
-1.358056082540014567e-08
-8.532631545227611451e-09
-5.712335064886945899e-09
-3.490796678218746454e-09
-2.141807393123969412e-09
-1.339361348028474186e-09
-8.643458221520749824e-10
-5.807597388438010075e-10
-4.029072482453920943e-10
-2.814417637295538383e-10
2.547053821162206092e-07
2.479436240373302235e-07
2.112978535888329395e-07
1.622844357542112013e-07
1.219094887860046271e-07
9.106973429130731831e-08
5.668367986543535359e-08
3.744718195796181722e-08
2.306373934028291683e-08
1.425104936027514794e-08
8.998314639829194763e-09
5.876099933863112859e-09
3.991611398029241843e-09
2.784633328653239819e-09
1.939113924265015229e-09
5.204056008552535208e-07
5.105377445800731892e-07
4.390493843205351008e-07
3.390471450228303719e-07
2.544541322893990360e-07
1.910695268302607196e-07
1.199753745358119401e-07
7.932334694736217287e-08
4.872648865445420228e-08
3.006876075294451329e-08
1.891957867860460921e-08
1.229764720931402925e-08
8.316327224829979962e-09
5.786136635360196253e-09
4.031251610199040798e-09
7.342327369057914668e-07
7.216154709144084933e-07
6.218723362258492117e-07
4.808271620377364562e-07
3.607829220248567016e-07
2.712316091462455728e-07
1.706453240511666542e-07
1.128439899054817950e-07
6.927758246204632070e-08
4.273797395006627643e-08
2.687009759901879810e-08
1.744707042224146716e-08
1.178657042446492902e-08
8.195562251835940264e-09
5.710572352071538169e-09
-5.226975240878540458e-11
-5.215644537147354621e-11
-4.570466777604031381e-11
-3.565429114009510488e-11
-2.669247418324697904e-11
-2.029195163651684527e-11
-1.290112271018705136e-11
-8.590326004921493943e-12
-5.244207902484789497e-12
-3.221922920812834499e-12
-2.012487372918661047e-12
-1.296324691139978956e-12
-8.691402029627946342e-13
-6.018086567994532771e-13
-4.199915335911204425e-13
-1.636168591433356631e-08
-1.677513378366492590e-08
-1.520397563706759827e-08
-1.216542634801990116e-08
-9.111403486650824516e-09
-6.955026035447354514e-09
-4.680225670616156936e-09
-3.027550741653579066e-09
-1.848546823256904849e-09
-1.141053579665898367e-09
-7.068398316033074091e-10
-4.479632316734428733e-10
-2.949726252861932476e-10
-2.015152457365559527e-10
-1.402465708393356223e-10
4.712305065322996321e-08
4.781733341231188299e-08
4.274566969069563425e-08
3.377849520580602586e-08
2.522987523345981463e-08
1.929803407859557117e-08
1.263439799674242575e-08
8.329061711017474493e-09
5.037534266187165841e-09
3.107398134525381039e-09
1.931291913033980909e-09
1.232590390803312379e-09
8.185352859764962615e-10
5.632066445524119581e-10
3.931629683005778118e-10
2.926997903097648189e-07
3.033721677825557094e-07
2.789313182522240052e-07
2.261155428459377246e-07
1.698576261178994999e-07
1.292982168521113996e-07
8.947919347972824225e-08
5.672396871770137446e-08
3.499034511493222485e-08
2.161541903906110623e-08
1.335374173182945540e-08
8.404981038523689137e-09
5.487207078100451623e-09
3.721015379957095108e-09
2.581088085501778799e-09
4.899164750058330993e-07
5.088826390614217790e-07
4.692242169927591519e-07
3.813817321902849200e-07
2.866956080518303125e-07
2.181053098382671513e-07
1.517388751420833741e-07
9.584222072093840439e-08
5.926103023958502279e-08
3.660811248494726874e-08
2.259968831475600756e-08
1.420501640209171055e-08
9.257978846133868618e-09
6.268557557524688487e-09
4.345009393542507725e-09
-2.300716846898933421e-13
-2.388314309449370335e-13
-2.198694987448782400e-13
-1.781754396480029103e-13
-1.336086307807895884e-13
-1.018668112967407065e-13
-7.057541236782459131e-14
-4.473964002807208448e-14
-2.740577528573464984e-14
-1.697200411107751746e-14
-1.049961614302821842e-14
-6.608380507367795410e-15
-4.314672771059476338e-15
-2.927593600498779052e-15
-2.032958507841139030e-15
-1.353350655315743739e-09
-1.434428286724328597e-09
-1.357958329402684130e-09
-1.131145973610750292e-09
-8.564354164402554892e-10
-6.473548789888925393e-10
-4.718735484233012525e-10
-2.885708157119487992e-10
-1.827283056096099029e-10
-1.127594091429291922e-10
-6.914952411734800170e-11
-4.294328029428630094e-11
-2.756225715077131573e-11
-1.840177307676963257e-11
-1.266296701052340144e-11
-1.507101620838562779e-08
-1.642819895689291886e-08
-1.615528647829719782e-08
-1.401663224715026364e-08
-1.083838004823104652e-08
-8.090726060480015043e-09
-6.200194828662544570e-09
-3.747999502324490564e-09
-2.492819591176529295e-09
-1.522302957311298593e-09
-9.133155297894892008e-10
-5.562355452182297266e-10
-3.486005535175646534e-10
-2.269412033505565814e-10
-1.533914208418122408e-10
1.338343117912057426e-07
1.441929356875881554e-07
1.396011692893285461e-07
1.191308498313070573e-07
9.132598444075658670e-08
6.851217145645380960e-08
5.151231786004351569e-08
3.123545477852635903e-08
2.039006521272477765e-08
1.250273778898838341e-08
7.566008931884117676e-09
4.643322786069681376e-09
2.937587637970924115e-09
1.931895045620404971e-09
1.315461067474437610e-09
3.183048761933883064e-07
3.442866256775713609e-07
3.351406033773948801e-07
2.877705619354324411e-07
2.214434293152843515e-07
1.658541127842582304e-07
1.254006972807030511e-07
7.623928341115599265e-08
5.003815531320093503e-08
3.062289593601513340e-08
1.848080634664338594e-08
1.130713559448178398e-08
7.126576175527637041e-09
4.667880626367859369e-09
3.168451405059601368e-09
-1.073379699495182693e-17
-1.132189950551466088e-17
-1.064328194982736073e-17
-8.793221773811891333e-18
-6.626364774238008917e-18
-5.023054731771391248e-18
-3.623395179083094742e-18
-2.223822132924709306e-18
-1.387218825804882562e-18
-8.585958396689325468e-19
-5.305418128336827618e-19
-3.308033968178424793e-19
-2.133243546065495619e-19
-1.431765548884974255e-19
-9.889774505993483993e-20
-2.151077154282641803e-11
-2.348080640857003011e-11
-2.314252564078709443e-11
-2.014335320420992404e-11
-1.562107671325439118e-11
-1.165469810633239325e-11
-8.931357518091458011e-12
-5.440526873949938495e-12
-3.621379393979897966e-12
-2.208113441787216868e-12
-1.323065778636812574e-12
-8.042766541190574032e-13
-5.029717221753669417e-13
-3.266533827044631241e-13
-2.202863297835780481e-13
-6.483180937997758033e-09
-7.182515587450462394e-09
-7.226954260554829847e-09
-6.447744982439487317e-09
-5.091838340971789273e-09
-3.784546567166798401e-09
-2.928805099463106048e-09
-1.847773656944603151e-09
-1.229752338888722448e-09
-7.434985234665227554e-10
-4.451269619428149195e-10
-2.677793452809283801e-10
-1.649714283191030906e-10
-1.053526468118821454e-10
-6.999061261077726539e-11
3.068813949598455399e-08
3.395064056697546784e-08
3.409243229752674550e-08
3.033991340564389424e-08
2.390776112484865749e-08
1.776882494545004815e-08
1.375075033606613845e-08
8.629419553135988555e-09
5.757560507182017871e-09
3.481468073215169004e-09
2.083367930205041215e-09
1.253909532144919695e-09
7.736112455843198089e-10
4.949676467175747314e-10
3.294220566999681274e-10
1.950975527777776613e-07
2.178007077215812551e-07
2.215309701012344105e-07
2.003520883451747615e-07
1.600783392273527731e-07
1.189996673640887776e-07
9.204410279480546446e-08
5.980698677961324364e-08
3.923213175899196114e-08
2.366273771160687821e-08
1.423047035105353950e-08
8.538079519764477155e-09
5.220191429859107881e-09
3.301067093641604454e-09
2.172029035037527879e-09
0.000000000000000000e+00
0.000000000000000000e+00
0.000000000000000000e+00
0.000000000000000000e+00
0.000000000000000000e+00
0.000000000000000000e+00
0.000000000000000000e+00
0.000000000000000000e+00
0.000000000000000000e+00
0.000000000000000000e+00
0.000000000000000000e+00
0.000000000000000000e+00
0.000000000000000000e+00
0.000000000000000000e+00
0.000000000000000000e+00
-3.549680606004102487e-14
-3.964694544300635630e-14
-4.034492943702302583e-14
-3.648859593036437453e-14
-2.912328121221794946e-14
-2.161959043665628196e-14
-1.677062057390169129e-14
-1.084059585140913379e-14
-7.166446122270755278e-15
-4.310557092898679758e-15
-2.589916367781745567e-15
-1.550590893944046623e-15
-9.477289274410838397e-16
-5.996899814014428459e-16
-3.949271695143793041e-16
-3.036582985357012944e-10
-3.434169681504442456e-10
-3.556774841374899046e-10
-3.290404335303293431e-10
-2.682016196487290610e-10
-1.997235475539423530e-10
-1.539198574569027351e-10
-1.050988339134188145e-10
-6.700804590245369828e-11
-4.040563674870227239e-11
-2.447499075685824910e-11
-1.465166127444424057e-11
-8.855199274455685326e-12
-5.509746210197381064e-12
-3.566021488495202721e-12
-4.628077560122619491e-09
-5.358922358102146691e-09
-5.736438826808078402e-09
-5.540182007088503174e-09
-4.719527992004874540e-09
-3.572415691425753305e-09
-2.694380753494567793e-09
-2.025466546563149106e-09
-1.207519300195864134e-09
-7.590539678663441517e-10
-4.609505929327694175e-10
-2.742495241316182580e-10
-1.623888591158226709e-10
-9.783192124780471651e-11
-6.102873503660767435e-11
1.009865912478860994e-07
1.157714851550140808e-07
1.222317004902839277e-07
1.159835962629196010e-07
9.705381832635655847e-08
7.297434890400221997e-08
5.552410036827442761e-08
4.021415284280528748e-08
2.460556167140073293e-08
1.520466180426526838e-08
9.227130626818766221e-09
5.503930090955685008e-09
3.284886392112518434e-09
2.004177687338494524e-09
1.268844595263018858e-09
0.000000000000000000e+00
0.000000000000000000e+00
0.000000000000000000e+00
0.000000000000000000e+00
0.000000000000000000e+00
0.000000000000000000e+00
0.000000000000000000e+00
0.000000000000000000e+00
0.000000000000000000e+00
0.000000000000000000e+00
0.000000000000000000e+00
0.000000000000000000e+00
0.000000000000000000e+00
0.000000000000000000e+00
0.000000000000000000e+00
0.000000000000000000e+00
0.000000000000000000e+00
0.000000000000000000e+00
0.000000000000000000e+00
0.000000000000000000e+00
0.000000000000000000e+00
0.000000000000000000e+00
0.000000000000000000e+00
0.000000000000000000e+00
0.000000000000000000e+00
0.000000000000000000e+00
0.000000000000000000e+00
0.000000000000000000e+00
0.000000000000000000e+00
0.000000000000000000e+00
-5.152405224880412346e-13
-5.957720253711304071e-13
-6.366045810192238315e-13
-6.136330252902645744e-13
-5.220827140928793333e-13
-3.954428483227467217e-13
-2.983447917569813786e-13
-2.232941706285111758e-13
-1.336340599351691976e-13
-8.425172555416405049e-14
-5.111384870317076086e-14
-3.033231797105871383e-14
-1.796649387172535859e-14
-1.083710042828473639e-14
-6.766406693301968263e-15
-1.432055840401336032e-09
-1.672919303403504975e-09
-1.813514076623042029e-09
-1.782583809195164095e-09
-1.551611795317848094e-09
-1.192691839454986898e-09
-8.907712937549165702e-10
-6.862704053653515048e-10
-4.093691989068782947e-10
-2.664154798758802284e-10
-1.613230294212662084e-10
-9.408988201302522990e-11
-5.505974551824299681e-11
-3.273228359050338456e-11
-2.003953271010476190e-11
3.198028487265826515e-08
3.758111368830872418e-08
4.108162096507606908e-08
4.085093851652773194e-08
3.607143709197186597e-08
2.804350340861260789e-08
2.085475803965793312e-08
1.621147544052982645e-08
9.825687863099159749e-09
6.453412753173689349e-09
3.892547709867134216e-09
2.261464286538447296e-09
1.313714001829465268e-09
7.730725656393844021e-10
4.673163474908769311e-10
0.000000000000000000e+00
0.000000000000000000e+00
0.000000000000000000e+00
0.000000000000000000e+00
0.000000000000000000e+00
0.000000000000000000e+00
0.000000000000000000e+00
0.000000000000000000e+00
0.000000000000000000e+00
0.000000000000000000e+00
0.000000000000000000e+00
0.000000000000000000e+00
0.000000000000000000e+00
0.000000000000000000e+00
0.000000000000000000e+00
0.000000000000000000e+00
0.000000000000000000e+00
0.000000000000000000e+00
0.000000000000000000e+00
0.000000000000000000e+00
0.000000000000000000e+00
0.000000000000000000e+00
0.000000000000000000e+00
0.000000000000000000e+00
0.000000000000000000e+00
0.000000000000000000e+00
0.000000000000000000e+00
0.000000000000000000e+00
0.000000000000000000e+00
0.000000000000000000e+00
0.000000000000000000e+00
0.000000000000000000e+00
0.000000000000000000e+00
0.000000000000000000e+00
0.000000000000000000e+00
0.000000000000000000e+00
0.000000000000000000e+00
0.000000000000000000e+00
0.000000000000000000e+00
0.000000000000000000e+00
0.000000000000000000e+00
0.000000000000000000e+00
0.000000000000000000e+00
0.000000000000000000e+00
0.000000000000000000e+00
-1.354656153512806855e-12
-1.614675068208188947e-12
-1.800280455360967987e-12
-1.839030269813129080e-12
-1.678850616985534103e-12
-1.341713660758529991e-12
-9.909961182084522636e-13
-7.790427174364295484e-13
-4.964561492053146870e-13
-3.274231595251248887e-13
-1.951091792060780761e-13
-1.136167583698227282e-13
-6.516486531088228080e-14
-3.749978502036218380e-14
-2.203084071992996367e-14
3.717634662131304663e-09
4.475312934454040397e-09
5.058997394107860978e-09
5.267716749060788817e-09
4.932128631408028394e-09
4.045082898835382584e-09
3.000660045457236854e-09
2.331427229286042989e-09
1.586283801505445345e-09
1.008912911845892953e-09
5.994571388750317760e-10
3.534009850783636102e-10
2.035158429412851916e-10
1.157929781239615016e-10
6.652800164546882436e-11
2.052482810133873618e-04
1.487595768344400667e-04
1.047984854559891099e-04
7.045309859197571359e-05
4.573720403697171155e-05
2.969987066733742619e-05
1.932930172015679771e-05
1.287644096644624642e-05
8.851932468760579200e-06
6.223850349802190200e-06
4.376673892324245600e-06
2.996268321915243001e-06
1.956673910148985743e-06
1.206250433331738416e-06
7.037842274091367132e-07
2.962730788512427221e-05
2.271946860297581683e-05
1.689400988164369518e-05
1.243377296541029720e-05
8.190138034840494969e-06
5.361541995709421661e-06
3.370869539257939244e-06
2.143966315161122210e-06
1.394635754026519810e-06
9.427382510903674486e-07
6.611365723266512767e-07
4.712789109142453148e-07
3.305774504509845880e-07
2.206785188196935681e-07
1.379051856250408575e-07
1.942885223514278156e-07
1.592097238048293539e-07
1.194073494732923124e-07
8.962569783614608309e-08
6.455156285527892609e-08
4.038791296046822405e-08
2.625143180327162169e-08
1.653781359416499755e-08
1.049383710859273621e-08
6.866271487210523562e-09
4.672015970609506587e-09
3.284159851390836282e-09
2.330800799621664651e-09
1.611207471811294719e-09
1.052459336787031212e-09
5.505286747009569302e-11
4.806331863374981841e-11
3.708114183265201389e-11
2.774270168140204743e-11
2.089768201430976235e-11
1.346704785531014898e-11
8.965216758798040603e-12
5.530025706555855040e-12
3.455544436851648094e-12
2.207442190925185061e-12
1.462435238320582407e-12
1.006730780842224736e-12
7.110132018527621369e-13
4.993699639644150305e-13
3.365746737316089241e-13
0.000000000000000000e+00
0.000000000000000000e+00
0.000000000000000000e+00
0.000000000000000000e+00
0.000000000000000000e+00
0.000000000000000000e+00
0.000000000000000000e+00
0.000000000000000000e+00
0.000000000000000000e+00
0.000000000000000000e+00
0.000000000000000000e+00
0.000000000000000000e+00
0.000000000000000000e+00
0.000000000000000000e+00
0.000000000000000000e+00
0.000000000000000000e+00
0.000000000000000000e+00
0.000000000000000000e+00
0.000000000000000000e+00
0.000000000000000000e+00
0.000000000000000000e+00
0.000000000000000000e+00
0.000000000000000000e+00
0.000000000000000000e+00
0.000000000000000000e+00
0.000000000000000000e+00
0.000000000000000000e+00
0.000000000000000000e+00
0.000000000000000000e+00
0.000000000000000000e+00
0.000000000000000000e+00
0.000000000000000000e+00
0.000000000000000000e+00
0.000000000000000000e+00
0.000000000000000000e+00
0.000000000000000000e+00
0.000000000000000000e+00
0.000000000000000000e+00
0.000000000000000000e+00
0.000000000000000000e+00
0.000000000000000000e+00
0.000000000000000000e+00
0.000000000000000000e+00
0.000000000000000000e+00
0.000000000000000000e+00
0.000000000000000000e+00
0.000000000000000000e+00
0.000000000000000000e+00
0.000000000000000000e+00
0.000000000000000000e+00
0.000000000000000000e+00
0.000000000000000000e+00
0.000000000000000000e+00
0.000000000000000000e+00
0.000000000000000000e+00
0.000000000000000000e+00
0.000000000000000000e+00
0.000000000000000000e+00
0.000000000000000000e+00
0.000000000000000000e+00
0.000000000000000000e+00
0.000000000000000000e+00
0.000000000000000000e+00
0.000000000000000000e+00
0.000000000000000000e+00
0.000000000000000000e+00
0.000000000000000000e+00
0.000000000000000000e+00
0.000000000000000000e+00
0.000000000000000000e+00
0.000000000000000000e+00
0.000000000000000000e+00
0.000000000000000000e+00
0.000000000000000000e+00
0.000000000000000000e+00
0.000000000000000000e+00
0.000000000000000000e+00
0.000000000000000000e+00
0.000000000000000000e+00
0.000000000000000000e+00
0.000000000000000000e+00
0.000000000000000000e+00
0.000000000000000000e+00
0.000000000000000000e+00
0.000000000000000000e+00
0.000000000000000000e+00
0.000000000000000000e+00
0.000000000000000000e+00
0.000000000000000000e+00
0.000000000000000000e+00
1.190515681018821151e-04
9.678996939847090385e-05
7.258435195776334365e-05
5.438747697286181419e-05
3.872151233940832933e-05
2.447075942321235228e-05
1.581942592580963858e-05
9.967381536763503217e-06
6.339219145963506441e-06
4.161503677982661966e-06
2.840612933032684217e-06
1.999576504809074211e-06
1.416965188862737656e-06
9.755698992017283055e-07
6.342589800287286796e-07
2.524818174356400143e-05
2.191585874190268030e-05
1.688074776110649400e-05
1.263975058937674660e-05
9.474319829758264642e-06
6.105735917798204460e-06
4.037012973090220868e-06
2.500352853085570013e-06
1.566087753410980245e-06
1.003113327823064600e-06
6.659418687130415393e-07
4.590766486795100753e-07
3.242133088690333559e-07
2.273002436846238411e-07
1.527766801137441595e-07
4.063545379663829363e-07
3.726089960536689177e-07
2.986368496957678290e-07
2.240048660680382822e-07
1.696976763020958404e-07
1.178966650202594292e-07
7.470761548620964637e-08
4.671553476466466750e-08
2.931825705972845623e-08
1.852775680288788350e-08
1.202080090072525539e-08
8.100155502855445350e-09
5.648045847698422133e-09
3.977681695958025347e-09
2.732492462667029376e-09
2.609205229045547702e-10
2.510828638218043833e-10
2.109206360069603233e-10
1.605173948702131459e-10
1.208203873230120903e-10
8.958999514636347145e-11
5.480476005946244260e-11
3.606529489387730534e-11
2.234941639662134993e-11
1.385963018192484275e-11
8.808401043910621982e-12
5.796704243887023957e-12
3.966768063892616078e-12
2.779834756440144912e-12
1.934646668929457335e-12
7.925912913052928299e-17
7.877005203880220823e-17
6.861413124533769924e-17
5.322048252234241256e-17
3.982051166474326306e-17
3.032457773438451620e-17
1.893808448604030359e-17
1.278466726790322024e-17
7.810349274439884774e-18
4.771529845492014049e-18
2.984325085825638379e-18
1.928739760861797145e-18
1.298080909382680844e-18
9.016691284260502962e-19
6.300369805506415665e-19
0.000000000000000000e+00
0.000000000000000000e+00
0.000000000000000000e+00
0.000000000000000000e+00
0.000000000000000000e+00
0.000000000000000000e+00
0.000000000000000000e+00
0.000000000000000000e+00
0.000000000000000000e+00
0.000000000000000000e+00
0.000000000000000000e+00
0.000000000000000000e+00
0.000000000000000000e+00
0.000000000000000000e+00
0.000000000000000000e+00
0.000000000000000000e+00
0.000000000000000000e+00
0.000000000000000000e+00
0.000000000000000000e+00
0.000000000000000000e+00
0.000000000000000000e+00
0.000000000000000000e+00
0.000000000000000000e+00
0.000000000000000000e+00
0.000000000000000000e+00
0.000000000000000000e+00
0.000000000000000000e+00
0.000000000000000000e+00
0.000000000000000000e+00
0.000000000000000000e+00
0.000000000000000000e+00
0.000000000000000000e+00
0.000000000000000000e+00
0.000000000000000000e+00
0.000000000000000000e+00
0.000000000000000000e+00
0.000000000000000000e+00
0.000000000000000000e+00
0.000000000000000000e+00
0.000000000000000000e+00
0.000000000000000000e+00
0.000000000000000000e+00
0.000000000000000000e+00
0.000000000000000000e+00
0.000000000000000000e+00
0.000000000000000000e+00
0.000000000000000000e+00
0.000000000000000000e+00
0.000000000000000000e+00
0.000000000000000000e+00
0.000000000000000000e+00
0.000000000000000000e+00
0.000000000000000000e+00
0.000000000000000000e+00
0.000000000000000000e+00
0.000000000000000000e+00
0.000000000000000000e+00
0.000000000000000000e+00
0.000000000000000000e+00
0.000000000000000000e+00
6.915495974140148665e-05
6.299910116858175625e-05
5.025768184467955732e-05
3.769687008525468553e-05
2.853328430348335296e-05
1.964344989374450668e-05
1.252363133713441513e-05
7.826540797092626463e-06
4.906930559591721947e-06
3.103860239551245993e-06
2.018776749287559521e-06
1.363797941519608992e-06
9.523150906921567549e-07
6.703280804853941010e-07
4.593472183354079613e-07
1.651460414808437511e-05
1.572220459224205633e-05
1.306689002704263088e-05
9.907645836270205684e-06
7.471000950826085374e-06
5.467104282364436562e-06
3.365332537972389553e-06
2.186508203493411041e-06
1.359672049567664348e-06
8.476084758759674650e-07
5.410421642472654818e-07
3.578773254404807536e-07
2.459538494441433553e-07
1.725998371417688454e-07
1.198134428163255719e-07
2.885652716138213715e-07
2.856444859250867942e-07
2.478392899455454096e-07
1.919951717401386644e-07
1.438164900300818188e-07
1.090336623060473772e-07
6.823701285944308639e-08
4.568042061414518667e-08
2.795299607913977482e-08
1.715414762759860984e-08
1.075124432753963175e-08
6.960571992875245541e-09
4.691250228907665296e-09
3.260036688715531387e-09
2.275748302943758370e-09
2.113446896130969930e-10
2.163977612445945836e-10
1.956872637753824609e-10
1.561232269643240956e-10
1.167701783803298525e-10
8.930586072983824454e-11
5.968785985974014865e-11
3.889166532199911652e-11
2.362335910870945122e-11
1.458866089373464391e-11
9.033316772669579658e-12
5.732036994883517704e-12
3.781518485011106596e-12
2.588057129982998348e-12
1.803371830895325982e-12
0.000000000000000000e+00
0.000000000000000000e+00
0.000000000000000000e+00
0.000000000000000000e+00
0.000000000000000000e+00
0.000000000000000000e+00
0.000000000000000000e+00
0.000000000000000000e+00
0.000000000000000000e+00
0.000000000000000000e+00
0.000000000000000000e+00
0.000000000000000000e+00
0.000000000000000000e+00
0.000000000000000000e+00
0.000000000000000000e+00
0.000000000000000000e+00
0.000000000000000000e+00
0.000000000000000000e+00
0.000000000000000000e+00
0.000000000000000000e+00
0.000000000000000000e+00
0.000000000000000000e+00
0.000000000000000000e+00
0.000000000000000000e+00
0.000000000000000000e+00
0.000000000000000000e+00
0.000000000000000000e+00
0.000000000000000000e+00
0.000000000000000000e+00
0.000000000000000000e+00
0.000000000000000000e+00
0.000000000000000000e+00
0.000000000000000000e+00
0.000000000000000000e+00
0.000000000000000000e+00
0.000000000000000000e+00
0.000000000000000000e+00
0.000000000000000000e+00
0.000000000000000000e+00
0.000000000000000000e+00
0.000000000000000000e+00
0.000000000000000000e+00
0.000000000000000000e+00
0.000000000000000000e+00
0.000000000000000000e+00
0.000000000000000000e+00
0.000000000000000000e+00
0.000000000000000000e+00
0.000000000000000000e+00
0.000000000000000000e+00
0.000000000000000000e+00
0.000000000000000000e+00
0.000000000000000000e+00
0.000000000000000000e+00
0.000000000000000000e+00
0.000000000000000000e+00
0.000000000000000000e+00
0.000000000000000000e+00
0.000000000000000000e+00
0.000000000000000000e+00
4.066537524321647493e-05
4.005669861039094250e-05
3.457066847467772782e-05
2.671105895791498874e-05
2.002630807458720419e-05
1.512068943859860405e-05
9.443299387294189229e-06
6.295355975458106728e-06
3.860150792643785824e-06
2.374294339924283388e-06
1.491425317914942187e-06
9.680246279853900199e-07
6.539449574815746792e-07
4.549793640841665778e-07
3.173965888905296583e-07
1.005495842016171449e-05
1.021738727653595481e-05
9.153877532449685513e-06
7.253161606776710712e-06
5.425446071390655528e-06
4.145375863281359306e-06
2.726960322513410133e-06
1.791832451555785137e-06
1.089766094567287150e-06
6.713298489345709383e-07
4.165795772477507739e-07
2.654717168023110753e-07
1.759741443426590568e-07
1.208682315019410952e-07
8.427808070845877501e-08
1.835405649154074011e-07
1.916974605639473103e-07
1.779125641385837683e-07
1.452725819577418429e-07
1.091604703534392049e-07
8.304939282775889513e-08
5.844682763409695907e-08
3.660862316285479230e-08
2.259262119733950018e-08
1.398917082166610215e-08
8.642596076002413765e-09
5.419119470150590830e-09
3.521022063505046305e-09
2.378745057018813566e-09
1.648299005962469516e-09
9.593350291608704851e-11
1.027644708346773095e-10
9.866969882144142704e-11
8.336793626848107740e-11
6.348883591349825188e-11
4.776008561807459047e-11
3.562117378096229072e-11
2.145766251926455250e-11
1.385756213659597863e-11
8.526500275082424253e-12
5.193833210934906558e-12
3.204922158257004993e-12
2.040159627677669116e-12
1.350738708346550875e-12
9.246747985847035454e-13
0.000000000000000000e+00
0.000000000000000000e+00
0.000000000000000000e+00
0.000000000000000000e+00
0.000000000000000000e+00
0.000000000000000000e+00
0.000000000000000000e+00
0.000000000000000000e+00
0.000000000000000000e+00
0.000000000000000000e+00
0.000000000000000000e+00
0.000000000000000000e+00
0.000000000000000000e+00
0.000000000000000000e+00
0.000000000000000000e+00
0.000000000000000000e+00
0.000000000000000000e+00
0.000000000000000000e+00
0.000000000000000000e+00
0.000000000000000000e+00
0.000000000000000000e+00
0.000000000000000000e+00
0.000000000000000000e+00
0.000000000000000000e+00
0.000000000000000000e+00
0.000000000000000000e+00
0.000000000000000000e+00
0.000000000000000000e+00
0.000000000000000000e+00
0.000000000000000000e+00
0.000000000000000000e+00
0.000000000000000000e+00
0.000000000000000000e+00
0.000000000000000000e+00
0.000000000000000000e+00
0.000000000000000000e+00
0.000000000000000000e+00
0.000000000000000000e+00
0.000000000000000000e+00
0.000000000000000000e+00
0.000000000000000000e+00
0.000000000000000000e+00
0.000000000000000000e+00
0.000000000000000000e+00
0.000000000000000000e+00
2.505448902029103203e-05
2.607525834232044687e-05
2.409180468428117337e-05
1.959734955246522241e-05
1.471755737679448206e-05
1.120557513516339353e-05
7.819452558118286786e-06
4.929559363884711795e-06
3.036825680803067559e-06
1.879028335364325077e-06
1.160962648887406996e-06
7.293366884945762326e-07
4.750484040634234345e-07
3.215962375395217413e-07
2.230221502426934004e-07
6.140713603669299846e-06
6.534712927499548134e-06
6.219177028836848852e-06
5.207448720502401521e-06
3.950315863011257650e-06
2.980759131156464762e-06
2.192415789150772670e-06
1.332083104052931338e-06
8.492263515788967664e-07
5.235886760522887800e-07
3.204800118274579714e-07
1.985573965796889174e-07
1.270494151862535039e-07
8.456813421699484893e-08
5.809144910653260569e-08
8.808740672513323657e-08
9.571943599744012585e-08
9.374023366561555217e-08
8.097669587704555117e-08
6.246864821196501413e-08
4.668412602586028990e-08
3.561392519275915849e-08
2.151695753447463607e-08
1.426990096801970986e-08
8.724487873219356910e-09
5.238625875648321067e-09
3.196812496786681477e-09
2.008746841644931885e-09
1.311277677563128655e-09
8.881093365614641707e-10
1.666117690877815832e-11
1.847318323392766674e-11
1.860550908422707758e-11
1.661277921735853032e-11
1.311857138488227255e-11
9.742303522041468394e-12
7.555446943724479110e-12
4.753517364626005854e-12
3.180209846172866083e-12
1.921210701385043708e-12
1.148044108447412134e-12
6.897273696347577410e-13
4.246772059146753147e-13
2.711377174766059236e-13
1.801335218666366853e-13
0.000000000000000000e+00
0.000000000000000000e+00
0.000000000000000000e+00
0.000000000000000000e+00
0.000000000000000000e+00
0.000000000000000000e+00
0.000000000000000000e+00
0.000000000000000000e+00
0.000000000000000000e+00
0.000000000000000000e+00
0.000000000000000000e+00
0.000000000000000000e+00
0.000000000000000000e+00
0.000000000000000000e+00
0.000000000000000000e+00
0.000000000000000000e+00
0.000000000000000000e+00
0.000000000000000000e+00
0.000000000000000000e+00
0.000000000000000000e+00
0.000000000000000000e+00
0.000000000000000000e+00
0.000000000000000000e+00
0.000000000000000000e+00
0.000000000000000000e+00
0.000000000000000000e+00
0.000000000000000000e+00
0.000000000000000000e+00
0.000000000000000000e+00
0.000000000000000000e+00
1.556532608081872979e-05
1.686515687787424903e-05
1.645228904612668847e-05
1.415268625289256153e-05
1.089337325369847102e-05
8.151516233873189879e-06
6.189590112037550368e-06
3.742124007781941513e-06
2.468135464815504297e-06
1.510530417358895157e-06
9.096717215969610427e-07
5.562079446672210696e-07
3.503061264726064740e-07
2.292615168204578937e-07
1.555702957562348211e-07
3.544168145982977764e-06
3.906891588679558655e-06
3.903405663205387359e-06
3.452304869908998222e-06
2.707261658282007274e-06
2.013511008326510011e-06
1.556129907471976055e-06
9.655534641725438732e-07
6.459916914636700400e-07
3.917119999589244679e-07
2.340112696172582269e-07
1.411858003450481556e-07
8.743650969904524986e-08
5.618176785490724505e-08
3.754025370348562706e-08
2.856635601798696978e-08
3.202511443894563587e-08
3.276061202250936463e-08
2.982761588547439325e-08
2.394916686621592564e-08
1.778660844294352153e-08
1.378068690003982600e-08
9.049132367681275604e-09
5.925774770001571075e-09
3.561586885847633875e-09
2.146138397485196921e-09
1.284158204489952996e-09
7.821652352597868968e-10
4.925391258480814682e-10
3.227753880356953210e-10
1.452203682970453296e-13
1.658150097046531746e-13
1.740523695781600923e-13
1.638170668306024901e-13
1.357770665338001255e-13
1.015246511842385604e-13
7.765000817841751750e-14
5.527276066548095423e-14
3.417677946230377209e-14
2.076695019615838259e-14
1.261983885405039980e-14
7.574510577423711222e-15
4.543126046179617681e-15
2.790033080951596536e-15
1.781043017591466149e-15
0.000000000000000000e+00
0.000000000000000000e+00
0.000000000000000000e+00
0.000000000000000000e+00
0.000000000000000000e+00
0.000000000000000000e+00
0.000000000000000000e+00
0.000000000000000000e+00
0.000000000000000000e+00
0.000000000000000000e+00
0.000000000000000000e+00
0.000000000000000000e+00
0.000000000000000000e+00
0.000000000000000000e+00
0.000000000000000000e+00
9.625174381413953371e-06
1.076319384386686996e-05
1.097180686393910346e-05
9.947080958891979670e-06
7.959319654258555649e-06
5.912410956718953798e-06
4.579865474872783478e-06
2.982604421031402776e-06
1.959683803675868619e-06
1.179633451368658604e-06
7.096282714440470803e-07
4.251178103787394345e-07
2.595417402418875350e-07
1.639026180473313798e-07
1.077138658916818216e-07
1.735250405527116985e-06
1.967917759854748126e-06
2.046121125985791409e-06
1.902302534518757137e-06
1.557831039724570384e-06
1.161112977331154041e-06
8.932030574463949950e-07
6.171820245305686350e-07
3.902131934246128389e-07
2.355724155800537308e-07
1.428998851025098022e-07
8.558575194648665198e-08
5.161013879873276739e-08
3.199449490940373571e-08
2.062801144077878806e-08
2.106046208488876320e-09
2.427107526097213252e-09
2.581265201943364318e-09
2.472351646232769430e-09
2.088430724091300963e-09
1.575460878774720776e-09
1.192896657406943976e-09
8.822660593920042790e-10
5.312160792273740823e-10
3.312023506983681995e-10
2.010176735001726082e-10
1.199149012558144268e-10
7.128001304341750779e-11
4.319079101947527540e-11
2.713296173730081277e-11
0.000000000000000000e+00
0.000000000000000000e+00
0.000000000000000000e+00
0.000000000000000000e+00
0.000000000000000000e+00
0.000000000000000000e+00
0.000000000000000000e+00
0.000000000000000000e+00
0.000000000000000000e+00
0.000000000000000000e+00
0.000000000000000000e+00
0.000000000000000000e+00
0.000000000000000000e+00
0.000000000000000000e+00
0.000000000000000000e+00
5.286060489594493695e-06
6.073292781462023345e-06
6.431627205925003892e-06
6.126328790053069729e-06
5.145587598483812120e-06
3.873005973348883110e-06
2.941373926761461849e-06
2.149157153960647599e-06
1.305895839360922123e-06
8.090798463147828145e-07
4.911458742613309615e-07
2.931324152271988043e-07
1.746792561145216347e-07
1.062791268872420004e-07
6.708139909771662759e-08
6.153177464632974385e-07
7.165398704877263762e-07
7.732995143252779166e-07
7.554713076045682880e-07
6.527596011257307237e-07
4.991315120533908977e-07
3.738648908734845067e-07
2.859633766189687093e-07
1.700488826455370820e-07
1.096988051331417630e-07
6.648860681636344013e-08
3.897157011552897608e-08
2.290120457935293012e-08
1.368188589616510768e-08
8.430536255515961033e-09
5.504462345496917903e-12
6.519113872440165489e-12
7.203758300863145017e-12
7.268414170381685155e-12
6.531001725921351294e-12
5.144370120593900785e-12
3.804327472765841270e-12
2.991938745098952001e-12
1.842354499779951270e-12
1.226403923274277230e-12
7.370619789559030491e-13
4.256656439961933176e-13
2.449730113413029144e-13
1.424399035095920485e-13
8.483184915459851622e-14
2.383682031825683352e-06
2.810113027840990138e-06
3.085522588976598629e-06
3.086601589673419951e-06
2.744961328268203120e-06
2.145228517814090797e-06
1.591467219157956735e-06
1.243877725836176365e-06
7.578543058146824553e-07
5.008146677824500579e-07
3.016822205144289881e-07
1.747358264206694515e-07
1.011305087272294371e-07
5.923047511012044815e-08
3.558754145036852651e-08
1.227241189089659968e-07
1.467943466995140021e-07
1.644680440654778056e-07
1.691415421902620226e-07
1.557590273365821510e-07
1.255230297590319459e-07
9.273075732973228786e-08
7.274653820494974743e-08
4.733464803184773105e-08
3.093652880964276505e-08
1.835993333474296600e-08
1.074942963233471560e-08
6.163721401193554128e-09
3.530034168707205030e-09
2.058690735647570459e-09
5.495150343271700742e-07
6.650562535366705604e-07
7.574014264165383289e-07
7.968626119339627194e-07
7.566918966910444486e-07
6.305918306557130380e-07
4.709826855842610908e-07
3.624621941651583973e-07
2.552004405561334743e-07
1.594395456296749963e-07
9.580383791838203281e-08
5.668843412266216023e-08
3.262559335614641421e-08
1.845347073990885003e-08
1.047811960294144896e-08
