# lsst_simulation
2.139373812247089116e-09
1.697937496029923965e-09
1.162029872248042408e-09
7.734567754666383715e-10
5.521816693572945655e-10
3.348781550380478647e-10
2.513376272173482603e-10
1.592840549047533187e-10
1.167536244233176229e-10
7.646406273691918673e-11
4.624432656406629511e-11
3.003272568934259060e-11
1.689803962215299251e-11
9.034915164716067017e-12
7.334494453509356083e-12
4.350396432336537293e-09
2.693554083430961595e-09
2.127523477062249343e-09
1.262836778111543437e-09
8.191382298888917566e-10
5.477869402308652240e-10
3.841255750711628464e-10
2.582456067262282045e-10
1.844561768966439234e-10
1.227387162807249531e-10
7.885495124772063725e-11
5.196350358663119794e-11
3.032021047965301815e-11
1.639310504835812583e-11
9.808392563422957704e-12
5.046257170187534989e-09
2.792885683521881567e-09
2.158388051966773515e-09
1.218656779975810690e-09
7.591021055978741152e-10
4.808079925426293922e-10
4.009055817385914463e-10
2.459280757974328239e-10
1.802489406418583766e-10
1.308549855274352204e-10
7.786305657130857168e-11
4.832834883033539440e-11
3.052199830303466235e-11
1.723410092597730377e-11
8.133571399107016974e-12
5.496839146172461962e-09
3.038357342383613973e-09
2.394308387555325437e-09
1.268325995543784966e-09
7.453390111477021062e-10
4.168774418586678907e-10
4.002717880723973571e-10
2.458159145599725729e-10
1.830689670834169504e-10
1.260349791586127242e-10
7.884501945658376001e-11
4.832286695435067590e-11
3.163415633238886118e-11
1.583199551908455945e-11
6.957044285993202122e-12
5.798203266402405383e-09
3.504814385973347986e-09
2.324438749069038313e-09
1.399683545391476504e-09
8.009047472996151852e-10
3.606565680428423799e-10
4.026372312279473790e-10
2.486488937412463855e-10
1.847755424888718903e-10
1.298306942248180801e-10
7.931686804714995925e-11
4.985722472103732280e-11
3.301079489585244627e-11
1.497373627191064544e-11
7.225224616914210182e-12
1.423317009862040047e-08
1.079262213218541705e-08
7.575487214103515268e-09
4.827686004568650325e-09
3.384202187425901607e-09
2.141384197054446232e-09
1.463860378826895957e-09
9.902689092814468524e-10
6.207924865339254752e-10
4.331309207280337580e-10
3.049442343313543723e-10
1.995988615356763447e-10
1.336797677988422306e-10
8.242195791654146101e-11
4.882148647669220978e-11
1.836669746728546617e-08
1.456119456730607472e-08
9.898475369730258241e-09
6.202056611673275102e-09
4.343261608626998562e-09
2.743839177455125053e-09
1.847989179661236671e-09
1.232124889287606154e-09
7.908830003991985915e-10
5.588892198957408734e-10
3.914980290924997934e-10
2.583991471981455447e-10
1.727039138837400036e-10
1.072640255130848732e-10
6.354402441259724119e-11
2.049834329925290162e-08
1.635950167749819312e-08
1.152947934826691266e-08
6.986473397265086967e-09
4.827460753048224691e-09
3.000563094988617644e-09
2.032431823231497718e-09
1.371201101045493759e-09
8.638721444486398440e-10
6.121198180594037560e-10
4.301892297003466606e-10
2.855878686477338371e-10
1.912231499897029285e-10
1.187708876788633504e-10
6.999230295677793918e-11
2.284896363278114779e-08
1.820609644092729727e-08
1.261780434049532805e-08
7.531383073095926854e-09
5.319146512880249246e-09
3.278818948829297206e-09
2.192218233196384994e-09
1.478616861674279403e-09
9.549679172613765288e-10
6.561138835014965176e-10
4.714243916426911801e-10
3.110500430564716012e-10
2.089339115017373720e-10
1.316776195863012819e-10
7.910864031900020198e-11
2.684953792160133414e-08
2.322105491503543956e-08
1.638980142344603352e-08
1.033080705579604515e-08
7.475169418366405813e-09
4.801984536071492578e-09
3.215497954206451725e-09
2.129632534261211120e-09
1.360430994661689553e-09
9.171048906062150642e-10
6.410076763970590704e-10
4.216531619086817829e-10
2.878813441080228530e-10
1.864852166378127573e-10
1.158771176233493134e-10
3.197278673154748503e-08
2.762318977334343594e-08
2.065092534056128948e-08
1.295638773925580631e-08
9.405152720052753498e-09
6.115806039668495310e-09
4.086328787639104190e-09
2.671238228352952442e-09
1.672740695071627275e-09
1.139628613409537294e-09
7.718836808489450586e-10
5.256252971885486775e-10
3.575518876063370174e-10
2.324645589554583849e-10
1.472811373443586863e-10
3.670352584037912603e-08
3.105887868960629008e-08
2.391766957066699102e-08
1.470881062606675279e-08
1.111998470081028601e-08
7.184593465387921579e-09
4.684272167688277872e-09
3.079490679591796927e-09
1.968249001477688881e-09
1.306423629790083235e-09
8.946816341813489638e-10
6.026151960906043767e-10
4.131543521956013262e-10
2.699241575801892112e-10
1.727123898212640675e-10
4.163255017409638105e-08
3.660955806034395692e-08
2.919283976519808035e-08
1.911485050580593085e-08
1.405172153191889766e-08
9.425089754016125338e-09
6.245841773011904236e-09
4.077833810463070580e-09
2.502232109315935740e-09
1.682322240711121060e-09
1.120171304446326235e-09
7.464924879630861480e-10
5.086617636784053497e-10
3.381437895055721874e-10
2.185167414180968488e-10
5.105101092121098564e-08
4.417141847718518246e-08
3.644911683690620673e-08
2.379683905978332360e-08
1.833272979874093781e-08
1.231445524209875986e-08
8.238187625945128018e-09
5.249752353549957595e-09
3.311952824420275425e-09
2.169085047664843981e-09
1.423363786525154519e-09
9.572033487028941482e-10
6.484881929186121859e-10
4.306837565621327409e-10
2.806774650015165168e-10
6.816080669618906669e-08
5.919982303530298382e-08
5.113945356455694314e-08
3.533151967880823068e-08
2.823646936718726340e-08
1.953799438878182701e-08
1.329546686331329001e-08
8.539014035906761331e-09
5.435382967277191598e-09
3.464415715965305252e-09
2.237141528257011317e-09
1.469602609331168450e-09
9.723378557675266560e-10
6.409241655566561972e-10
4.237864986120249630e-10
5.231367522060864329e-07
3.735282373213805468e-07
2.652497706164621970e-07
1.612128203916635990e-07
9.847051402346291128e-08
6.340815779580405860e-08
4.736534153356615773e-08
3.088428058582676371e-08
2.193139047728067719e-08
1.541150107188718236e-08
9.917578813544003496e-09
6.658978303905502626e-09
4.111211913038496546e-09
2.356146491429456869e-09
1.327181135086414888e-09
1.607416760541180867e-06
1.232455546220948706e-06
8.468164705319345881e-07
5.349787764742588793e-07
3.493389142303531061e-07
2.247095937457118036e-07
1.493100556199728941e-07
1.022046638118837826e-07
6.748832768263957216e-08
4.750873238359178019e-08
3.374390561996198969e-08
2.256584935358311727e-08
1.483370204376103076e-08
9.043425791762530526e-09
5.274180273023675849e-09
2.019388787607534990e-06
1.558231833365201567e-06
1.019021081825519401e-06
6.350600591696946063e-07
4.161494703673960019e-07
2.694725967205604832e-07
1.783621171758079816e-07
1.218359130803446570e-07
8.138419464330243708e-08
5.764672431417043415e-08
4.043075224874695485e-08
2.725122929907449303e-08
1.803064153961170522e-08
1.102863264508469615e-08
6.487769509349455445e-09
2.209207190786469236e-06
1.724380331070025560e-06
1.167741593434316628e-06
6.856255910742245706e-07
4.642348525467996244e-07
2.947426411340180846e-07
1.929840081883608099e-07
1.354569499131287481e-07
8.826385229363541396e-08
6.286452991485956001e-08
4.407868881384495261e-08
3.004887974227642320e-08
1.979665813367654476e-08
1.218319445387517631e-08
7.189411419209326187e-09
2.420078292837376719e-06
1.874645404977762079e-06
1.239105083553123143e-06
7.166255171187093075e-07
5.123496856905713249e-07
3.207872930240664062e-07
2.029805075386932820e-07
1.470424384080121457e-07
9.708618931114454061e-08
6.753160215292674058e-08
4.775511315660612772e-08
3.240240130887575892e-08
2.133440099834329266e-08
1.323905388035942116e-08
7.805981753531775532e-09
3.572786642966358132e-09
-9.559652165534427120e-08
-4.373966751260319328e-08
-3.837384721790633703e-08
-2.951418624669107515e-08
-1.823138360254500259e-08
-8.606397127850039934e-09
-7.475608241927359379e-09
-4.901545406478929864e-09
-2.706334652235979143e-09
-2.083062757734276131e-09
-1.433550768620782409e-09
-9.183022452829511857e-10
-5.975918146944403304e-10
-4.399460723248670923e-10
6.480180668412596508e-07
5.186451131125908580e-07
3.631589657263396280e-07
2.440853612839219673e-07
1.980585909335553067e-07
1.188642077221430557e-07
8.099605899185320577e-08
5.197957789564280531e-08
3.117005565241064507e-08
2.103518822278511335e-08
1.481799113255623035e-08
1.021849920242641643e-08
7.276345025641035682e-09
4.887586229230958223e-09
3.172985857941070924e-09
1.034559363075878362e-06
9.187638322654271776e-07
6.993187506048302915e-07
4.480502500410146576e-07
3.583005246201627101e-07
2.165326055648967750e-07
1.438665504259768488e-07
9.333281286647251121e-08
5.712263689394745306e-08
3.730933919409074317e-08
2.647395953835144627e-08
1.818073284823036042e-08
1.301703661908855263e-08
8.907549964352216318e-09
5.759686761195523345e-09
1.254524372709992457e-06
1.083587337642490166e-06
8.862440712277430960e-07
5.803938101468728409e-07
4.462426613895518508e-07
2.714488448879424689e-07
1.818475075849640899e-07
1.161448823143146642e-07
7.015668092685297931e-08
4.678720288310350009e-08
3.235981131103417345e-08
2.267174976232263028e-08
1.595492192724189598e-08
1.101149631348833746e-08
7.178895989019811052e-09
1.464081525414571479e-06
1.203977019130474624e-06
1.105689365714145041e-06
6.720854406517447439e-07
5.368238153141607950e-07
3.178223871628616714e-07
2.100277162409798497e-07
1.355293209068583730e-07
8.394231415708435021e-08
5.427176644688557270e-08
3.770336239985299337e-08
2.636930928979949033e-08
1.881242755656667895e-08
1.288033896135697131e-08
8.390183727732530378e-09
1.260107819921571690e-08
-4.516182875210062038e-08
-9.582566588134853133e-09
-1.706183708647751294e-08
-1.732682486932546515e-08
-1.154286965031108956e-08
-4.386853851754902951e-09
-3.914246795028381078e-09
-2.189805595275148635e-09
-1.357422402415166376e-09
-1.011256396437662910e-09
-6.983843198342459645e-10
-4.596757382381037499e-10
-3.452855542625474461e-10
-2.304382520436345336e-10
1.266162541350187676e-07
1.465888435216261057e-07
8.530387713237792004e-08
3.043289023526206763e-08
3.187279955084028486e-08
1.997441003988658864e-08
1.653762450711402789e-08
1.252903961304543759e-08
6.721174590852830490e-09
4.447924445013017684e-09
3.054817524331977251e-09
1.957579311797033134e-09
1.373523822536212155e-09
9.058347355797504843e-10
6.423831015144489643e-10
5.261847026201815634e-07
5.772824510528674974e-07
4.629760971441600947e-07
2.853273221419701348e-07
2.365191138473413614e-07
1.518858839385205127e-07
1.067017469336442928e-07
6.847969384049501741e-08
4.061752641930198966e-08
2.639411417402609993e-08
1.737674725984979908e-08
1.162385794175318857e-08
8.132090153065451356e-09
5.688888669860568221e-09
3.885275396041676722e-09
7.734392411738252647e-07
8.048057311928850100e-07
6.861395693841289651e-07
4.462864540444646332e-07
3.425330801202208021e-07
2.291653125716453518e-07
1.571684752469376566e-07
9.948099737394357088e-08
5.970839356169672090e-08
3.860625647184008438e-08
2.473961964773062059e-08
1.693449618223561539e-08
1.182285708777463467e-08
8.238970683626288114e-09
5.662607379344471011e-09
1.002247077760794090e-06
9.817791286877600026e-07
8.758057966972548660e-07
5.735997274251895392e-07
4.478405036013329788e-07
2.923002805907653526e-07
1.992370578689521425e-07
1.247130181188299334e-07
7.577984877850337489e-08
4.864477307037575915e-08
3.170286119149183676e-08
2.164013595468094565e-08
1.495201174021101237e-08
1.044029152009736194e-08
7.147803883687899959e-09
3.017701532532217510e-08
4.154078074564405032e-09
1.054328979501308880e-08
8.481843701242498574e-10
4.887291184375743945e-09
-2.401107046522768952e-10
4.463433389152782764e-10
-5.480143376107198724e-10
-1.146860282864670198e-10
-3.898029709115640301e-11
9.068409625844339597e-11
-9.774892858250317234e-11
-4.876131184065893471e-12
-2.954335471883068588e-11
3.062780428221582774e-12
-1.097413395360744223e-08
-3.497493446370707457e-08
7.124327626574417955e-09
-7.268649816367758262e-09
-1.812842274038010805e-08
-1.091868100886467717e-08
-8.603238241270923489e-09
-5.816529016789426822e-09
-3.634707248651227113e-09
-1.942323258046407857e-09
-1.099602387315217305e-09
-8.928340419741765600e-10
-5.747700891632668567e-10
-4.038241585633272038e-10
-2.814560396542002646e-10
2.122969003038159411e-07
2.073822505921360676e-07
2.556224123433234406e-07
1.681258895393030722e-07
1.093736119746201195e-07
9.250171063901744159e-08
5.765443521709551483e-08
3.773642484430736469e-08
2.311075164524833909e-08
1.461115452952610168e-08
9.229546160115860393e-09
5.885695937474866325e-09
3.990903555349329702e-09
2.768782326143506828e-09
1.930538454464257532e-09
4.232830619858926191e-07
4.420323334237906352e-07
4.738635434735919205e-07
3.377021076685712378e-07
2.523022183213098800e-07
1.958335129853506566e-07
1.202573461655233939e-07
7.831089621449016839e-08
4.844323969473168441e-08
3.022830250453869029e-08
1.883814452730121961e-08
1.220574145047183181e-08
8.407693085054508657e-09
5.795006826159469043e-09
4.031376954797198445e-09
6.406027353319466275e-07
6.132814440976056647e-07
6.296650419348520630e-07
4.525286109432533787e-07
3.593722217390481888e-07
2.777073217526398996e-07
1.716069660719705020e-07
1.090992550202299939e-07
6.906342758206095233e-08
4.291106248227429501e-08
2.667396533939384307e-08
1.742349824937744807e-08
1.183036984840471138e-08
8.176028725488166791e-09
5.721788951001697135e-09
7.561943389382196432e-10
3.235500587126492452e-08
-2.434489815596869582e-09
2.853099745274437437e-09
2.766321385020048257e-09
-3.644368693102526544e-10
-6.637499339492053035e-10
2.439615691874088550e-10
2.157600064266474332e-10
-2.374767195560971532e-10
-7.863476393393960614e-12
9.129904753128557038e-12
4.467233757126770501e-11
2.677071544115733530e-11
-1.317639767047370701e-11
-3.910801417732284657e-09
2.883826119311047928e-08
3.438557149540728319e-09
1.319032151474343156e-09
-3.812870136776324218e-09
-6.316161591296554825e-09
-3.880178961109276141e-09
-3.964685282570665121e-09
-2.035304469054131430e-09
-1.174225449368605578e-09
-7.940001131898867078e-10
-4.647706672138235439e-10
-2.528639464838592311e-10
-2.002944848314954622e-10
-1.528627568453088611e-10
2.641769203893174172e-08
5.963066345598817799e-08
4.665399627574881728e-08
4.449345707287834772e-08
2.882323929917275778e-08
2.234043118360040519e-08
1.560179914468939559e-08
5.898205957658572879e-09
5.350667581842045678e-09
3.221644182348612736e-09
1.616524796018656872e-09
1.219608926925363749e-09
8.247848256642243847e-10
5.593899256442160631e-10
3.776424664648256822e-10
2.541532422605812594e-07
3.032797336083374059e-07
2.794897945356781054e-07
2.306730880048951013e-07
1.780751268086606262e-07
1.370751502361948360e-07
9.324373046169984306e-08
5.445205878965594335e-08
3.432783472498825279e-08
2.144704012017671320e-08
1.308114745493634059e-08
8.431679334300548915e-09
5.544285226570687996e-09
3.704347107649420791e-09
2.581046149926824199e-09
4.234438840144435455e-07
4.899047477621872721e-07
4.666714685592880868e-07
3.627586050527116238e-07
2.936813982564567037e-07
2.275770797908953843e-07
1.623404830867799432e-07
9.094623693287423904e-08
5.822899297782180472e-08
3.628116974135042986e-08
2.210063548966848283e-08
1.419857089925393353e-08
9.280139787720645365e-09
6.236365573179707046e-09
4.371096451210922972e-09
-1.557446067056643290e-08
1.554762921968544166e-08
1.164282339866924131e-09
6.372504648653542180e-09
-1.123897938248566795e-09
-1.655070167980482671e-09
6.196261041951117796e-10
6.507190993574726995e-10
3.444373172960459482e-10
3.283069487682043643e-11
4.284210233978990727e-11
-1.607089809628842507e-11
-1.029488149931228768e-11
1.334796164080700280e-12
-1.581907950768070984e-11
-2.113248941857411639e-08
-6.429502806390767469e-09
2.648736563677902913e-08
5.757142590067191047e-09
1.472592548778864865e-09
-3.975292717633888269e-10
-2.463076258791082385e-10
-4.974641278619499263e-10
-6.033590138346703614e-10
-2.943597266433033921e-11
-9.920681081308811037e-11
-5.744559863985523395e-11
1.497672036828104194e-11
-3.330499728149977280e-11
-1.937804577727597029e-11
-2.814740460179023105e-08
-4.588815240025332502e-08
-3.408604067532014961e-09
-1.287409027177943043e-08
-6.233578299208860651e-09
-7.048058360266088177e-09
-6.141062667622558006e-09
-4.241742482435994957e-09
-3.189966564851197444e-09
-1.417183221694727157e-09
-1.136369564082677279e-09
-5.513270137589966821e-10
-3.495273904970533336e-10
-2.175819988645284793e-10
-1.342143328719013448e-10
1.245415726099937551e-07
1.089217796935717463e-07
1.311056696353276764e-07
1.089008048371111546e-07
9.256470106011207143e-08
6.833367589234252030e-08
5.260910315768173559e-08
3.109085253630311536e-08
1.893085951981122957e-08
1.244194396789350584e-08
7.487743229186460579e-09
4.561110162999948820e-09
2.960405762699447524e-09
1.942856509806574581e-09
1.326810507159280096e-09
2.902156113570921247e-07
2.838019893992884749e-07
3.059619925690977678e-07
2.710828588820320382e-07
2.174961925406965857e-07
1.687761843186677520e-07
1.295210855313802725e-07
7.504718159669084271e-08
4.822060537835720515e-08
3.051126516529220911e-08
1.825831472994726328e-08
1.138219614773563387e-08
7.146106199290943131e-09
4.654535582628725077e-09
3.193157838074537833e-09
-1.197466515590097215e-08
-5.489208150932026314e-09
-6.608183730219430848e-09
-1.186265259368393895e-09
2.000294854005564029e-09
-1.270833014108721301e-09
5.168514637566432531e-10
4.158687155386971304e-10
-1.060955752257053280e-10
1.967332512199273415e-10
3.822384054439417148e-11
2.390524357395360489e-12
-1.254954161441357045e-11
-9.232144678097051204e-12
7.943746958719926789e-13
1.857088228646686629e-09
3.604934968236264293e-09
-3.713388815644996492e-09
-8.587482963160002155e-09
1.276118587552876692e-10
2.292000817093031603e-09
8.433357655718632099e-10
-3.378182820261539580e-10
-5.792173537524288253e-10
-1.701926154123042729e-10
-7.313265343274664312e-12
8.119597458404047827e-11
1.374080187889905884e-11
-6.469069547012534388e-12
-3.233610545076742876e-12
-3.083105634197546515e-09
2.563473467955752559e-09
-6.017242215787393472e-09
-2.192213972482781539e-08
8.476200988401513809e-10
-1.098549041579813186e-09
-3.754804858478306177e-09
-2.530180064346049024e-09
-2.203382849200024090e-09
-1.021950262423905022e-09
-5.228080251822964085e-10
-2.890338942510372393e-10
-1.665389168614871743e-10
-1.037070405972893040e-10
-5.465900286637411098e-11
5.466019757555028600e-08
4.883685298280217254e-08
2.862957115863305282e-08
1.353489809160812435e-08
3.483004854880935255e-08
2.061730107587717692e-08
1.491986838330713955e-08
7.308765823935810319e-09
5.080210907736621152e-09
3.222752091489138377e-09
2.126724046175203207e-09
1.135018914685106507e-09
8.127061938618966560e-10
5.047123511130595385e-10
3.351359574701663110e-10
2.577782850205971897e-07
2.389944633555603317e-07
1.830685064866020228e-07
1.815740365219418676e-07
1.718131781759196526e-07
1.246545175621840208e-07
9.274300599847759787e-08
5.935955313704667172e-08
3.838346311723405069e-08
2.343276125098765989e-08
1.430961080062906798e-08
8.527466829040611383e-09
5.242054138536963111e-09
3.305569415167134915e-09
2.173616163147491758e-09
1.396144577539286065e-08
3.068298249431375474e-09
-5.120706281565043259e-09
4.884908146765310285e-09
1.784080859065467485e-09
-3.151296870109188441e-10
-5.089852138194711996e-10
3.209251209491065413e-10
2.076845812274098141e-10
3.224460338146452198e-11
2.055352671502018758e-11
1.166993479066873190e-11
1.864475441718291079e-11
-9.380509369495610649e-12
3.178131199320651058e-12
4.371760909738764542e-08
7.679941243384780462e-09
-3.187567042127196722e-09
1.722722427024525966e-09
1.923590024344481265e-09
6.432847945562116393e-10
-5.774328171945322595e-10
4.793030303776611021e-11
6.263219033985362219e-11
-1.207723187039451193e-10
1.496610215475306915e-10
7.753750881007500269e-11
-1.813944080736401272e-11
-1.503897085797676051e-11
-1.019362960826401680e-12
4.306232929201494710e-08
-3.975502080850839564e-09
2.129880137988745800e-09
1.561059870586570134e-09
4.584790261632355910e-09
-2.094421845999575847e-10
-2.600566761195802369e-09
-4.551837319812871401e-10
1.927197434153742972e-10
-1.703310313205867732e-10
7.694837784454205118e-11
4.595079467027827960e-11
3.701982341401019070e-11
-6.038420330176155605e-12
4.212900237540273445e-12
5.358743399588851669e-08
-7.651052728611368814e-09
-2.327321349085415141e-09
-6.683077351190090418e-09
2.612853291464091179e-09
-2.858242733672945178e-09
-3.371338090523613221e-09
-2.356398053010738543e-09
-8.095915101647605214e-10
-6.098259448179388729e-10
-3.375880137072738851e-10
-2.328795760548560224e-10
-1.076961976078411190e-10
-8.168843107386392976e-11
-5.914268336591748994e-11
1.611042781501788758e-07
1.048016829072210825e-07
1.142780568109661030e-07
1.227438518149860837e-07
1.048975765638976804e-07
7.238174647225019429e-08
5.328890662478484737e-08
4.110958038403692372e-08
2.486305625637325250e-08
1.543066044386536004e-08
9.412358120524721870e-09
5.561208456881998345e-09
3.311883349711657014e-09
1.998685697519679625e-09
1.271172647537444318e-09
1.937831333804700821e-09
2.280313036609735175e-09
3.421943851432912010e-09
1.013122978021527440e-09
1.126117900894474431e-09
-5.692839667216593009e-10
-9.429956294053362629e-10
-2.259021965416590012e-10
-1.595289454834139876e-11
1.126174699527748577e-10
2.839528952014524548e-11
-8.695995039438874265e-12
6.340822645110724374e-12
-4.370652294820420657e-12
-1.040478927598518071e-11
-9.386909709469203943e-09
7.444875478057481482e-09
-4.099611256760569952e-09
1.329157594034967182e-09
1.346612462285202831e-09
-1.490458864527902227e-10
-2.867117809123471328e-10
-5.574754354776648071e-10
4.728890969653282048e-11
-1.406381288961987763e-10
6.060965666747750415e-11
-1.715778514063603896e-11
-1.512205893240760966e-11
4.075103476642814079e-12
2.306641667371811186e-12
-1.891334800111402412e-08
6.794138403886187346e-10
-2.075702205938584447e-09
-6.426413871102103616e-10
3.991585217616905138e-09
1.086312196607022404e-09
-9.377044587981644657e-10
-6.325914059549443838e-10
1.944570965892474573e-10
4.788263397406047124e-11
2.492556593779479423e-11
-3.177696120633952779e-11
-1.500938902726450746e-11
5.686503682149906629e-12
3.512813118924512326e-12
-2.459339089569224632e-08
-1.249945544899127017e-08
-4.445538170956205331e-09
-2.723657310240994411e-09
3.716768025143329275e-09
-2.491571852238757380e-09
-1.166699979705365532e-09
-1.601271786617702011e-09
5.470540369440072764e-11
-3.567730171720327096e-10
-1.399379478615959993e-10
-1.233366397905778341e-10
-5.423303766669269577e-11
-2.778452883129185187e-11
-1.139920315937166830e-11
7.942229427263604568e-10
2.072393748748643063e-08
2.050742397601758469e-08
4.291469672400750618e-08
4.089538205453648027e-08
2.879464294208466100e-08
1.988771294131409349e-08
1.468923561376801006e-08
1.006066380369457930e-08
6.283402825637259640e-09
4.047589006744217537e-09
2.305482682336184005e-09
1.302727753850986299e-09
7.611563873002380247e-10
4.721417765796167015e-10
1.021114960026417638e-09
-1.248052342969502431e-09
1.278878598334512370e-09
-1.995741046371565523e-09
7.316065260679673553e-10
-9.844003887236499881e-11
-9.125722278658265505e-11
2.379253240953755803e-11
6.653052491215856418e-11
-2.043009021704713053e-11
2.207791520937676731e-12
8.618333066146590433e-12
-1.578416394375449630e-11
-4.182231244069234518e-12
-1.725847609726612441e-12
3.848957156140388991e-09
1.727737412001185145e-09
2.710974711616753757e-09
-5.918346695792112911e-10
8.277545033021179795e-10
-4.269599148362459243e-10
1.205125989532012102e-10
-3.954902367325761628e-11
-8.033777111919431244e-11
-6.675143775565629342e-11
8.064199779519194992e-11
-1.561987741738714624e-11
-1.315037137709178934e-13
1.037306560576760429e-12
3.171746099963277160e-12
1.980475419989446869e-09
-2.390050576711986153e-09
4.583575117018589383e-09
-9.002281523758737869e-10
1.074769076075422184e-09
8.558689808612728285e-10
5.603285648384119840e-11
2.801968433589680476e-10
-2.429404917134307631e-11
4.720466164080804942e-12
4.431554876281088806e-11
-3.498824972585350531e-11
-1.907163535569087725e-11
-7.609898952091816900e-12
-9.468718303230745829e-14
4.987244513286973666e-09
-3.416050201699087778e-09
-6.479419434524890216e-10
3.297321140791584193e-09
8.817953925871739741e-10
3.797393205236631726e-10
-1.791070217163298754e-10
-2.757871780022762955e-10
1.540509420496143592e-10
5.566861012004559353e-11
3.498839207842789795e-11
-2.102219830484915697e-12
-1.120710804706006639e-11
3.459389624991893842e-12
-3.985391604805112736e-12
3.162487348603927460e-09
-1.821375693317879549e-09
3.195785848378879549e-10
8.243880451435942540e-09
3.639869059915581374e-09
4.008275480347552201e-09
2.050792336845311597e-09
2.295713037200638024e-09
1.794863614356597638e-09
1.082566788325951965e-09
5.900747432766634439e-10
3.526282691396746718e-10
1.995582949818973703e-10
1.148188952086513975e-10
6.563348743603103164e-11
2.135816797046591613e-04
1.682695285191191737e-04
1.119931551026959150e-04
7.306341079109391885e-05
4.473012777009343564e-05
2.936207706435851376e-05
1.913695314751893080e-05
1.309654731050186763e-05
8.774653390749741620e-06
6.211626940342336684e-06
4.391424653684866334e-06
2.997643856574954271e-06
1.956252258755332362e-06
1.206962400937779637e-06
7.049853909452921255e-07
3.750890089250327096e-05
2.232209798682372368e-05
1.585274217441738200e-05
8.455193727062323590e-06
8.521031952918801304e-06
4.980506903785764675e-06
3.296974404360984534e-06
2.271416635966565670e-06
1.333895779499546033e-06
9.073944435962963167e-07
6.682940511042324218e-07
4.628794214122024333e-07
3.314611711929698723e-07
2.200913202232945390e-07
1.387349428275010351e-07
4.059237920145943296e-06
1.843617202736394723e-06
-1.074611584839415303e-06
-2.644551303116504844e-06
-7.046958368979796893e-07
-6.941819284294432082e-07
-1.661173779125038251e-07
2.523934829531908755e-07
5.013829025547753980e-09
2.222658539947246520e-08
1.166258231706679155e-08
5.967050815406386388e-09
6.600473830710536108e-09
2.109131825024633333e-09
1.059774727389531445e-09
3.315783269185181581e-06
-7.792076883008858276e-07
2.960226003000516304e-06
1.208059468695884214e-07
-6.546465397635841025e-07
2.370261945822944242e-07
-2.658823680145837464e-07
-8.827526455235504156e-09
6.145254888621386172e-09
2.766811507915214214e-08
9.548177534263358736e-09
-4.638899367215741556e-09
1.075344802854502077e-09
1.131507138592851040e-09
2.071072058737615616e-10
-9.629160131944877500e-07
6.308344112793362558e-06
7.299681402234206567e-07
-1.799471538963093957e-07
2.910800241810562745e-07
9.677851334842644982e-08
3.829258859175808030e-08
-1.147818220265810631e-07
1.492129964517220549e-08
-4.267202993968258978e-09
-1.486351178382754022e-08
-5.405806552628924025e-10
-5.176848575373658086e-10
-2.335316708575202676e-10
3.066510778762295700e-10
-4.709061265134497753e-06
-2.520580007769128423e-06
2.279016141906051780e-06
-4.405331002357013273e-07
7.722553217205806976e-07
-2.128775536147452277e-08
-6.731128952294820471e-08
2.000569911709734910e-08
5.461445463022247093e-09
-1.281306342628108135e-09
-6.570900310489121058e-09
-7.418791806735694438e-10
-1.359943565250130131e-09
1.908454095041959206e-10
1.456869501949398973e-10
-6.793531876249977907e-07
4.913857799036188205e-07
-9.906682156437334988e-07
-8.593502871160845529e-07
3.827744583856687162e-08
1.555511451453581173e-07
-4.612700135110678055e-08
-1.481140720023297064e-08
-4.407788461484081031e-08
-1.184959866597694110e-08
-2.772700514432807702e-09
1.340818534593537423e-09
6.447343589416977727e-10
4.335312373802045321e-10
1.388685856318558809e-10
4.744427567212393084e-06
-2.933980416452023677e-07
-5.821280911548441301e-07
7.802359475914293658e-08
4.105474844522951713e-07
-2.667072958308984837e-08
-1.367235389631123993e-07
-2.452226144843724169e-08
3.942861705741700404e-09
-7.603873132904616194e-10
4.305520808668205223e-09
4.618369775327368698e-09
-5.212650200624919906e-10
2.874594218241573744e-10
1.452788423143377109e-10
-1.959305884502824788e-06
1.444299393158432541e-07
-2.141287392392887704e-07
2.675513616999235975e-08
2.875398528705667370e-07
2.142466207720837636e-09
-1.013352049408867382e-07
-2.414227647505628510e-09
2.670584432949347816e-08
1.180777813431528760e-08
-1.414332272612272766e-09
3.937490095457433697e-11
-7.970742010431574848e-10
-1.598038651202921025e-10
5.322011211546370363e-11
5.490614748580112035e-07
1.410791953911777167e-07
1.630762964551620073e-07
-2.813318269380449417e-07
1.967325966299969895e-07
-4.576695237956107531e-08
2.702259235979321438e-08
1.630151115785386634e-08
-5.150553117719369172e-09
-2.472648922719378064e-09
3.029544677800973457e-09
3.418731399488122101e-10
-2.816121635344543819e-10
-4.058002175627536661e-10
8.508737747435131535e-11
1.028192599848437453e-04
1.000616898965128591e-04
7.705649946108112497e-05
5.210599145735418040e-05
3.987450843077479487e-05
2.392443948274108933e-05
1.554049768259365021e-05
9.945833234444531137e-06
6.359204884336129317e-06
4.135613427630585909e-06
2.852567628529444618e-06
1.993712447373147248e-06
1.413577582814953797e-06
9.764976053743550883e-07
6.344649759975683036e-07
2.153012923396265503e-05
2.454773719729513569e-05
1.771694548131836735e-05
1.093963001113172883e-05
9.510476689151932590e-06
5.753220122264958863e-06
4.078069166454396893e-06
2.606077810041395027e-06
1.550045409682047296e-06
1.004438994581775756e-06
6.771079444840988766e-07
4.590903207709489667e-07
3.249630350807299864e-07
2.269309302944288045e-07
1.529106357660329448e-07
-3.428226449286155017e-06
-4.485327777381053368e-06
1.623728819347392828e-06
1.054125795780310120e-06
-1.560634144982433669e-07
1.314126414368849117e-07
3.253828171293063232e-07
1.930297657099273999e-07
1.875164368556864507e-08
1.487584020904523556e-08
1.175326915354131905e-08
9.214188686280977520e-09
7.282828278308147595e-09
3.806136744306526647e-09
3.129786753829941778e-09
-9.761742531407882392e-08
-3.353641792805133133e-06
2.268641325349651025e-06
2.116720684735650719e-06
3.246823818135980431e-07
6.848269069397448309e-08
1.953171010830577714e-07
-2.443373272947495467e-08
-1.268318313070481922e-08
7.624337522193548024e-09
-5.706804107514211921e-09
2.323670929433101597e-09
1.767954244807084802e-09
-3.142210881545581639e-10
6.654616422821951989e-10
1.913002033899484463e-07
-1.895128893838418792e-06
1.616487796711914347e-06
6.108637785395273223e-07
2.061724469734559545e-07
6.529396479290960423e-11
4.347050570083176208e-08
-4.250463291066411127e-08
-2.815142426575763069e-08
-1.526140335388026712e-09
6.112836445415981004e-10
1.118373435447454083e-09
1.276799216739518119e-09
-6.794726322029655666e-10
4.128318070874743760e-10
1.155975112575689499e-06
4.651714913237411122e-07
2.066146415530165467e-06
-1.193041550972013723e-06
7.063130759808278501e-07
1.336047094833230753e-07
-4.744465321331375085e-08
7.686598453132271416e-09
-2.683079583372944912e-08
-4.314492131901724453e-09
4.489782161436676120e-09
-5.564522763547304317e-10
5.745308464094325502e-10
-3.656889787630714501e-10
8.779999305526746425e-12
6.322767763824329396e-07
-1.855713075316084290e-07
6.900552274268004967e-07
3.312842372629224181e-08
-2.898291388307696947e-09
8.279157873451241121e-09
-7.387634698998153982e-08
6.021941595215035942e-08
6.076920370181518514e-09
1.392863912899295273e-10
1.938116045891052174e-09
-7.378489783850049168e-10
1.087120189572745997e-09
-1.333795005434412009e-12
8.823883446232921881e-11
-4.519422195728756047e-07
6.580325684248362252e-07
-5.046704461427115076e-08
-1.737716232451153056e-07
2.181807622653513848e-07
6.390165963566071185e-08
1.840022737828724579e-08
-3.573899235382465152e-08
-3.601023677779972031e-09
-3.626928157446982394e-09
-1.078083874349646261e-09
-1.297500476610679537e-09
-1.059215361366077302e-11
1.386138168539111536e-11
1.292473159497630155e-10
-2.509731814476766342e-08
1.028107802682602339e-07
1.535877601370068793e-07
-6.787262893525438230e-09
-2.452682341910231860e-08
1.136097579360648333e-07
2.798146244489700723e-08
1.516840944150345839e-08
-1.939996582766529533e-09
-4.428879050992815072e-10
-2.950895186758804431e-10
-1.174101685093764095e-09
-3.730106841066396532e-10
1.124067869515755442e-12
-1.502151628057532078e-11
6.339950731803139583e-05
6.557232096184376080e-05
5.515677611116087149e-05
3.675844779725271136e-05
2.872508747480590922e-05
1.908314143970499352e-05
1.298751801752149975e-05
7.766528787037219915e-06
4.934382244967037291e-06
3.114130835793886406e-06
2.023078603072980513e-06
1.371826233365881298e-06
9.533352810513553098e-07
6.711155067910262225e-07
4.595311711472914580e-07
8.952204465729649450e-06
1.386785526409096643e-05
1.573828526231841647e-05
1.059843484764695436e-05
7.686845895845664114e-06
5.293081476982330705e-06
3.482333718259758551e-06
2.133594845009678233e-06
1.333623070515850548e-06
8.526220068814293589e-07
5.435672701382753091e-07
3.603918046456139047e-07
2.476123510027851337e-07
1.722930166591476705e-07
1.202497778445003649e-07
-1.494120073036080733e-06
-2.341426262021243920e-06
7.145156494615547259e-07
1.487645283941205010e-06
2.859352925348295197e-07
4.042342132312382445e-07
1.248661690009246478e-07
4.999199191630655319e-08
-4.918770138209246377e-09
2.079841331768556131e-08
5.528659137325980791e-09
7.104225127299745406e-09
6.210499709165771146e-09
2.693303075235582634e-09
2.417587509366102540e-09
2.808923846165634974e-06
7.799390095844789780e-07
-5.999691404672925613e-07
8.694282851551314338e-07
-4.045675028496784099e-07
5.940596369764849696e-08
7.013134368694863660e-09
-3.660304665575119762e-08
-4.169900386570963265e-08
-2.226872886703904498e-09
-2.017973798227876155e-09
-2.320568103712783838e-09
-4.733970841958597592e-10
-7.814446999835672467e-11
3.030957734330023498e-10
2.530465409191091846e-06
-2.084214522194850657e-07
-3.228512441253981145e-07
-9.467634618561762678e-08
1.768142618936271756e-07
3.786813825543353495e-09
1.021637442326807169e-08
2.999423784860461016e-09
-2.022791564121884546e-09
-1.192177233584596385e-08
-7.547881650092735533e-10
-6.829872499573435243e-10
-9.291726350286602161e-10
-1.274543240878389797e-10
-1.329287119317265088e-10
1.620268119994681214e-07
-3.305481876191868479e-07
1.119971582839351957e-06
4.684741192797687074e-07
4.180123919243377401e-07
6.008044592673761491e-09
-3.145970417928502194e-08
3.851201317123029956e-08
-3.743002266470753245e-09
4.061333561652461411e-09
4.456014142785891402e-09
3.001655217353705249e-09
2.082619530745151661e-10
2.480621276874161575e-10
-1.170992938286497246e-10
4.121013275506062371e-07
-3.340480059546233562e-07
2.276231401850011851e-07
7.739238075380339022e-08
1.476350200729722635e-07
8.328865742466872835e-08
8.537319928128121233e-09
-1.854415760007188309e-08
5.151771384352557207e-09
-3.633567288192953662e-09
3.836947330975322836e-09
8.393508295087463033e-11
4.977053301923579160e-11
-4.373783906540448157e-11
7.701059945396608176e-11
-3.074985856260654204e-07
-4.810967613346727130e-07
4.128438927004190279e-07
5.046737326152694239e-08
-7.177329477300417146e-08
-9.808465141076801806e-09
-2.643401892636439818e-08
-6.916621561773870592e-09
1.830064183838551686e-09
5.874626503064808115e-09
-1.591387661495983994e-09
-6.566903320882194784e-11
-2.316303241238316636e-10
9.367514071423140599e-11
-1.634426046038167060e-10
3.629569418350576021e-05
3.825881223189235889e-05
3.385339040768766008e-05
2.575530739610007002e-05
1.967565803941010230e-05
1.524431571428180864e-05
9.340943487130607922e-06
6.220779367329600871e-06
3.862916736974361946e-06
2.378081694927457482e-06
1.494434670635385270e-06
9.688157497477505221e-07
6.546849844538659922e-07
4.552502062919965128e-07
3.178501197727834277e-07
9.789898722189437527e-06
9.216827895207968261e-06
7.885066993459824669e-06
6.361831556343893184e-06
5.369514845644290916e-06
4.335500089975330529e-06
2.829017650301555808e-06
1.636379979227174471e-06
1.082292601462456428e-06
6.674845117042526242e-07
4.066046223930892889e-07
2.657591126956602983e-07
1.765714805545448679e-07
1.207145173246010786e-07
8.419397067554955519e-08
2.133039364772235084e-06
-2.824839940202268373e-07
-2.013981171019027005e-06
-2.744560446295089375e-07
4.531314782948262250e-07
8.329413526849342142e-08
9.082750833966231596e-08
-1.364144341875330474e-08
1.281616252263332346e-08
1.330044860957687946e-08
-1.971316396189135762e-09
3.101865730426489738e-09
3.989628900490789900e-09
2.046806473159843256e-09
1.710218551626204480e-09
-8.126376866973602929e-07
1.460021324019629412e-06
-4.559826713108110623e-08
-3.206840543671704379e-07
4.771656046297725090e-07
-1.107109810850028153e-07
-9.486145544439651175e-08
-2.766162995984867059e-08
-5.852105519075120534e-09
-7.928983050686440581e-09
-2.000552617519176332e-09
-3.292036299598295242e-09
4.509984938632324226e-10
1.422979311716207874e-10
2.718655365429230603e-11
-1.639183760647300856e-07
2.675907741600007960e-07
-1.888219287546429065e-07
-4.056691657553153668e-07
-1.663478487923288393e-07
2.029084721876243336e-07
1.261085723693250961e-08
-2.269398993084149500e-08
1.096525781654790238e-08
7.313803512706038900e-09
2.718466900441814398e-09
4.159825461342599475e-10
3.883248992490932669e-10
2.252436795041394932e-10
-1.340095487260894048e-10
2.628748830938480499e-08
-1.259762156950764557e-06
-6.023859227571120486e-07
-1.452653658247979069e-07
4.485579567073717310e-08
5.725997446724289139e-08
8.393282028301063189e-10
-5.057251513506059445e-08
-9.059825963442523387e-10
-2.575214199096394865e-09
2.736034624095224404e-09
5.787016468288390153e-10
-1.110134791123246631e-10
1.496000330528873551e-11
9.436324311516970956e-12
3.662082644069238897e-07
-6.052257658612892831e-09
-3.792398867967202058e-07
1.730008428266197554e-07
3.580338592507494991e-08
5.106102578692016823e-09
-2.756070253258456063e-08
-2.097651438679539880e-08
1.024433172715010138e-08
7.172916998670338552e-10
7.035936904090199729e-10
2.677325667414538989e-10
-2.309117382410957633e-10
1.112262727275756913e-10
-4.151285935995672629e-11
2.170382127702671080e-05
2.670398831709846368e-05
2.429538410610206501e-05
1.786935484320680410e-05
1.485543320833939877e-05
1.133823552286511374e-05
7.990633155591180168e-06
4.850350586771661706e-06
3.030260601541759878e-06
1.883414668456732124e-06
1.159986171868282284e-06
7.305573336459740719e-07
4.733660940770636683e-07
3.212644748741084973e-07
2.228668241648333559e-07
4.673108380280274415e-06
6.048644986298099182e-06
5.025461059186391168e-06
4.049167463365414615e-06
3.507380696004805153e-06
3.099342737709586222e-06
2.322241082058556369e-06
1.376107863443993795e-06
8.224235389827136474e-07
5.168833655888856648e-07
3.192160049465982084e-07
1.970425427910880680e-07
1.267168522950579995e-07
8.439104606237116440e-08
5.832591345458225171e-08
5.382219771603343202e-07
6.387715109963017717e-07
-4.512358503141780097e-07
-9.939653611713257076e-08
1.171351471043331512e-07
5.419032651854717343e-08
1.333766980149900812e-07
-1.092608256920097335e-09
9.583987546742673749e-09
-2.086294371879923107e-09
8.600092148208556426e-09
1.273645056949014578e-09
2.621851920290456894e-09
1.412531085175134253e-09
9.480468907720664471e-10
8.117270538715868246e-07
-2.363503374787787828e-07
-4.582626682637699960e-07
-6.158078144618593436e-08
1.295330267511056331e-07
-8.750181256789286023e-08
4.684386461225267466e-08
-2.572871647882798690e-08
-4.754195359379571519e-09
-5.971781373460969108e-09
1.189745172064735600e-09
-1.420018022193049254e-09
3.820138153225023077e-10
-9.107992838835939210e-11
1.735802780588537475e-10
-9.475827127140195616e-07
-2.841719614480009165e-07
-2.606340895254346360e-07
-3.379545272303476611e-08
6.522283612484843626e-08
-3.901025816295808736e-08
1.057856207293425762e-08
-1.621146208344754563e-08
-4.067654161562267932e-09
-2.787300989531870518e-09
-2.552152681731397659e-10
-4.761521944667156370e-10
-1.471388885932919337e-10
-1.536623308441533538e-10
2.652005832669520633e-11
-3.473195486711331793e-07
1.926817499172891228e-08
-2.790159612073179637e-07
2.730419651153178145e-07
-5.711264948490552453e-08
4.789661055408114647e-08
-4.054420794245316630e-08
-9.403082374021009506e-09
3.780400002519967577e-09
1.929214037116598110e-09
-7.293615651302841462e-12
-1.295649938748244029e-10
-9.317922115816218483e-11
1.462103755537510931e-10
-1.440408956722656982e-11
1.500391197989421943e-05
1.670309482629604551e-05
1.578899925060050271e-05
1.341663360133453039e-05
1.043504138597052667e-05
8.164806932901062957e-06
6.253950234557826533e-06
3.801975701577443567e-06
2.427455426305113057e-06
1.506220702196704982e-06
9.136194537518269458e-07
5.574261877387431414e-07
3.506869122516314597e-07
2.287746734672395075e-07
1.559234591046760504e-07
4.154216744643997177e-06
3.175640086604405092e-06
2.986083926686186065e-06
3.821335606722030300e-06
2.735605950936071246e-06
2.176973403179221426e-06
1.641924142702914121e-06
9.595445154809132208e-07
6.562388732649361763e-07
3.939029453070691261e-07
2.359835336961330523e-07
1.419577186595074388e-07
8.748061103960360055e-08
5.627683705319011479e-08
3.759926095953956400e-08
6.510102374527763436e-09
-9.264711084129703373e-07
-3.492609087119687299e-07
9.120462165320907474e-08
1.762058422988817882e-07
-5.702702608567305487e-08
4.819974887926247866e-08
-1.918131087036304146e-08
1.431761266798408707e-09
8.990541545147074793e-09
3.654126239223876569e-09
9.317689452183592765e-10
1.012254633255843732e-09
4.372027783854352892e-10
3.926012558063080289e-10
-3.126635610928276597e-07
-3.451509602526528074e-07
1.144697336537979210e-07
1.753716891930245088e-08
-1.039344985938461332e-07
-9.802131641336320503e-08
3.570671280027703055e-08
-6.273616824194789630e-09
6.794402154095333463e-09
-9.606543030509744110e-09
-3.228240316007299778e-10
-7.950138414172904310e-11
-7.675099921753880581e-12
-3.203842598769942620e-11
1.413091279211213252e-11
-1.950740754837222762e-07
-4.436134314590945491e-08
-2.208699274867840297e-07
7.536771757910435193e-08
-6.042681886279340204e-08
-1.231994477048354653e-08
-1.972990022407823164e-08
-8.195747365611780817e-10
1.179255821760501847e-09
1.452692367750774615e-09
6.033359971335582783e-10
-4.732048067823686460e-10
-1.108936861335589335e-10
1.884835147728962943e-10
-3.553301349589919100e-11
1.127537556401293965e-05
1.010567806299278181e-05
9.512395292397137373e-06
1.052416761413436866e-05
7.771367006316507199e-06
6.130895875350026624e-06
4.619627591881674501e-06
2.989369310363992476e-06
1.944279890410939584e-06
1.184041465377201745e-06
7.118223014629492584e-07
4.263008013952943346e-07
2.596313392821965334e-07
1.643571269697889335e-07
1.077895534615399621e-07
2.047606799338185830e-06
2.608574523138089572e-06
1.824792283691272846e-06
1.774314562432332805e-06
1.624833488792970671e-06
1.124465037451979010e-06
9.231757036768030042e-07
6.473165770647397071e-07
3.889160947629844984e-07
2.453181955215568772e-07
1.427281262488628457e-07
8.512736591219760635e-08
5.179527195741051730e-08
3.185840054411680124e-08
2.053765585633885244e-08
6.836278188425742588e-08
-9.291911848952050125e-08
-3.207595146301221616e-07
1.215639455013857757e-07
4.742444906717399011e-08
1.876489179114767673e-08
4.013957771103070012e-09
-4.217759605953637834e-09
-8.130193596598785041e-09
-1.381575842853547063e-09
-7.740624005524136532e-11
5.670271174775831847e-10
1.843749526428090798e-11
-7.030640286642109604e-11
-1.513952220819732206e-12
1.172373722733474506e-07
-2.506407946436328557e-07
-9.278566219089866011e-08
-4.578420246180678967e-08
-2.926261938218002473e-08
-1.943265544813211655e-08
-3.605864530744845693e-08
9.224186223180813739e-09
6.425236560352954465e-10
-1.281843333317473336e-09
-1.121447665336872954e-09
-2.048277162430009310e-10
-2.726475281270686596e-11
-9.883797324599461317e-11
8.162712552138019060e-12
4.683961448418800493e-06
6.176332159492432697e-06
6.135250928626840189e-06
6.582271078083287027e-06
5.149565366100996548e-06
3.799923528318243449e-06
2.921268068460069848e-06
2.178163920225490067e-06
1.317756359654019222e-06
8.126280020165878662e-07
4.929500966956583205e-07
2.943627328810169224e-07
1.743213334754337765e-07
1.061539559325260814e-07
6.710998155391176357e-08
1.403978826143369623e-07
6.113449569210777073e-07
6.650771980501886846e-07
9.903623030507529685e-07
6.212631196862485484e-07
5.549512797310675296e-07
3.602809833933560786e-07
3.058308730089418852e-07
1.831988214023792006e-07
1.142120839488533623e-07
6.737132380872489816e-08
4.068260855275951541e-08
2.278143224132422562e-08
1.372114590758412731e-08
8.354629543710735273e-09
-1.630280533424451001e-07
-1.275908547103622429e-07
-9.746678185940916554e-08
-1.645437690553440972e-08
-3.606961799984352924e-09
-1.588657198769174883e-08
-1.157294492801312767e-08
7.067200446776400945e-09
2.299830280479770043e-09
-4.375572778632836705e-10
3.145480565894878121e-10
1.669792363111475286e-10
2.341354774685429890e-10
-7.381227618988140049e-11
1.962540948797759602e-11
2.523754846260860929e-06
2.782972036857746715e-06
2.662425718507850068e-06
2.970094462340651004e-06
2.615608585389724209e-06
2.064902915083274781e-06
1.576663456671008358e-06
1.251579502729398475e-06
7.546912053687885305e-07
5.057789914405701181e-07
3.013060629641919486e-07
1.746490215583571452e-07
1.010856339921532772e-07
5.917398289300247605e-08
3.560916388869871675e-08
7.414572415002096895e-08
2.374805540637250457e-07
1.497992157629589609e-07
1.542054370416291485e-07
1.460227765910434884e-07
9.235167093802483898e-08
9.967065653562744087e-08
7.158424633356736486e-08
4.506873329820437034e-08
3.150638802601544134e-08
1.785870439083123864e-08
1.022654673599983559e-08
5.985497555607575767e-09
3.523895630401627593e-09
2.076800553432447446e-09
5.252583598720454160e-07
6.953069069417226514e-07
7.245467068713495973e-07
8.160114601709938910e-07
7.342673989812249965e-07
6.137159017823272792e-07
4.685595400844779117e-07
3.702316161523311856e-07
2.535725774908816833e-07
1.591538084938098737e-07
9.563667860410733370e-08
5.668059761492535636e-08
3.258023097579298497e-08
1.840078930923880124e-08
1.042228588036586803e-08
