# lsst_theory
2.520207835015171628e-09
1.700573434566976688e-09
1.125753091210702571e-09
7.480849972971359672e-10
5.032593162822510550e-10
3.393904639258455458e-10
2.325927250976417026e-10
1.604597134369126539e-10
1.099667696510028117e-10
7.376785785256534258e-11
4.775561671270883337e-11
2.958166083953149648e-11
1.754994380367642686e-11
1.000170009811862308e-11
5.497187004945173489e-12
4.223616104685642684e-09
2.846256347559643203e-09
1.875313274327716008e-09
1.216665029013852526e-09
7.978495117893361934e-10
5.357350304793326987e-10
3.652704420657547121e-10
2.545859180558037551e-10
1.781217364987783240e-10
1.226526157132114109e-10
8.143122318558127769e-11
5.129572832382624547e-11
3.049988423973897386e-11
1.716122499932088948e-11
9.228039256570511183e-12
4.296766525001364816e-09
2.841243738371745956e-09
1.843088571809974093e-09
1.171157044835720158e-09
7.519568278843477537e-10
5.064190579659449290e-10
3.470248692912551473e-10
2.455592266644877655e-10
1.744202822921942861e-10
1.214858390168855940e-10
8.101434494258861916e-11
5.073678850709005733e-11
2.959642959685188015e-11
1.610430533725868197e-11
8.279321312047066771e-12
4.363889205298346250e-09
2.858537954441565844e-09
1.839423846311459197e-09
1.155677813862846451e-09
7.333298840361962346e-10
4.945427772322851109e-10
3.398336272578692756e-10
2.424539342592649090e-10
1.736411053601832791e-10
1.217061835288196021e-10
8.137618061763024954e-11
5.082674776931983597e-11
2.935770873740288564e-11
1.568377835624929086e-11
7.853648214382694923e-12
4.422101941803220048e-09
2.873748102921347298e-09
1.836468781607593996e-09
1.142444922255831166e-09
7.173780201596906580e-10
4.843860608694971508e-10
3.336842817462851025e-10
2.398133225560449363e-10
1.729934529972073460e-10
1.219123563361307213e-10
8.169908289242180757e-11
5.091112000406876134e-11
2.915521001377911015e-11
1.532201367722562169e-11
7.486417820803894383e-12
1.423276050154873908e-08
1.033164079480882867e-08
7.262377473830975337e-09
4.983829978251906037e-09
3.312938916903191798e-09
2.164536671839155345e-09
1.419426251713411552e-09
9.430724006445720874e-10
6.386048178969886388e-10
4.387996519984477493e-10
3.014159338665978651e-10
2.032032923290946538e-10
1.324476571081206779e-10
8.248650914643087115e-11
4.889041563871366773e-11
1.788663170083666343e-08
1.313017314151520534e-08
9.295811314719833247e-09
6.436235758769200981e-09
4.303963910849162874e-09
2.790564934667276617e-09
1.826388002472943006e-09
1.201978883579218156e-09
8.091827358095286555e-10
5.547532975406078771e-10
3.822158333429398453e-10
2.598486616159065952e-10
1.714545028351146067e-10
1.082162961253685241e-10
6.488977317098748649e-11
1.981254102050560826e-08
1.456082892217969888e-08
1.030722115375181111e-08
7.145468364525214658e-09
4.777953669584037794e-09
3.079597682773486549e-09
2.013031307977491983e-09
1.320452734182404972e-09
8.887130948734272619e-10
6.100255489217862426e-10
4.215886495057603313e-10
2.878726905781458422e-10
1.908290541643563789e-10
1.208825668920695923e-10
7.259530325561714577e-11
2.149587068111998255e-08
1.581640515832710820e-08
1.119831128479431969e-08
7.771807319658782539e-09
5.197632949838795816e-09
3.337058891881282790e-09
2.179325322010731310e-09
1.426133669322166979e-09
9.594430346105227565e-10
6.590230875209229307e-10
4.563795948683432815e-10
3.125787722177237698e-10
2.078967560991884831e-10
1.320529529392639444e-10
7.941171984379837767e-11
2.700960007195317234e-08
2.083479816895591440e-08
1.526709279991792396e-08
1.086114338808538128e-08
7.500805390602205488e-09
4.956291089649903406e-09
3.211279502598410821e-09
2.087381979634370880e-09
1.371646246245842814e-09
9.187509532250737585e-10
6.243382974281673792e-10
4.249607854064290736e-10
2.854671908180399993e-10
1.861252496493307307e-10
1.163355447976991156e-10
3.243282152356570496e-08
2.544898583092876011e-08
1.886409843384463505e-08
1.352534120903283702e-08
9.424569017078660740e-09
6.275079077667778990e-09
4.046555748253883376e-09
2.626592027720114736e-09
1.711369399346554272e-09
1.138054127575417207e-09
7.698846438750627442e-10
5.240017095972447435e-10
3.537963844925650543e-10
2.328850071382189624e-10
1.473422829847230450e-10
3.694035222791385333e-08
2.924861943318666865e-08
2.179561035426589892e-08
1.567864176541320221e-08
1.097187053886398655e-08
7.328426082077989374e-09
4.705976412990010433e-09
3.052705443881381089e-09
1.979210816453685807e-09
1.311880588619874754e-09
8.861277266034181885e-10
6.037148872259732440e-10
4.091115098430117203e-10
2.708320171010536097e-10
1.724663179344319073e-10
4.270707841030767467e-08
3.489419498453181579e-08
2.676914536095069559e-08
1.965365638389587360e-08
1.396018880382652550e-08
9.532036723042388869e-09
6.223178187684922069e-09
4.010197270557172839e-09
2.582990282254534523e-09
1.686819458163183459e-09
1.120238496098303396e-09
7.531341639171612360e-10
5.075462319007336904e-10
3.374653054271256658e-10
2.180377562792332991e-10
5.165963573214064404e-08
4.315956587256052280e-08
3.372664876684789350e-08
2.507372676956630042e-08
1.797573375774117832e-08
1.241536484975160461e-08
8.170153376088341590e-09
5.237723532794099675e-09
3.362958352672154058e-09
2.176303098084491421e-09
1.431597305615941419e-09
9.560686313560175326e-10
6.433143825119893167e-10
4.296234491168522177e-10
2.803114974234935880e-10
6.830246598532099322e-08
5.967072090996304386e-08
4.874430479603539692e-08
3.759191737369007821e-08
2.765168720552596810e-08
1.953415539564155358e-08
1.326036653371864156e-08
8.577610718781085279e-09
5.478428781889703225e-09
3.489216430154596843e-09
2.244212784537873989e-09
1.463685229705757575e-09
9.674963021264771220e-10
6.417183495651739244e-10
4.213489772927529401e-10
