# lsst_theory
2.520123978972163700e-09
1.700517861041692758e-09
1.125719692297764826e-09
7.480622320080722444e-10
5.032461792982554715e-10
3.393851756191030358e-10
2.325911983386879402e-10
1.604605897457673819e-10
1.099684599709580624e-10
7.377058048488264419e-11
4.775949609793654140e-11
2.958706212564957040e-11
1.755733408291313144e-11
1.001151965821789190e-11
5.509907609487944716e-12
4.223472517467053594e-09
2.846142911613739826e-09
1.875251469471410336e-09
1.216635882660209643e-09
7.978224517841747078e-10
5.357211715823872345e-10
3.652687147930728960e-10
2.545867265226251512e-10
1.781247404427307392e-10
1.226554852482584513e-10
8.143519500007167121e-11
5.130129918982269313e-11
3.050767102823380645e-11
1.717182941169595905e-11
9.242156007384069252e-12
4.296610417970834061e-09
2.841116581678513940e-09
1.843021565063418648e-09
1.171132271788286158e-09
7.519327231943661019e-10
5.064040553506274882e-10
3.470239054500410859e-10
2.455610372760980774e-10
1.744240864698274181e-10
1.214889604129088187e-10
8.101834569623934607e-11
5.074237678731349165e-11
2.960429494853376349e-11
1.611511358497375530e-11
8.293807740647022458e-12
4.363725638313821894e-09
2.858402650389054465e-09
1.839353748935310623e-09
1.155655305115670653e-09
7.333070107252988880e-10
4.945269944005199806e-10
3.398331021161965922e-10
2.424562892272081924e-10
1.736453691954123448e-10
1.217094439694824908e-10
8.138019703875816638e-11
5.083234630443149197e-11
2.936561988950261211e-11
1.569470715085988762e-11
7.868363300045366994e-12
4.421931907041982566e-09
2.873605751988592501e-09
1.836396049681586717e-09
1.142424369117357235e-09
7.173562074944616153e-10
4.843696027560174565e-10
3.336841336296660700e-10
2.398161455799912797e-10
1.729981127538278314e-10
1.219157363459514873e-10
8.170311290252851995e-11
5.091672745100546370e-11
2.916316122572015544e-11
1.533305032173523057e-11
7.501344690389459315e-12
1.423250901063510393e-08
1.033135873199585583e-08
7.262118039900121765e-09
4.983657605353613214e-09
3.312855794454245316e-09
2.164471581673510125e-09
1.419383955464858188e-09
9.430578599809074603e-10
6.386013447841659774e-10
4.388026921273021682e-10
3.014203513011232439e-10
2.032091809918043987e-10
1.324557523738339422e-10
8.249773129329556386e-11
4.890574792579949198e-11
1.788635863112732987e-08
1.312985037641521568e-08
9.295486376267661531e-09
6.435997202789221223e-09
4.303849270518870170e-09
2.790482922167047195e-09
1.826330617625987620e-09
1.201956800893225470e-09
8.091754348814328866e-10
5.547563106144714878e-10
3.822203368841184910e-10
2.598546250852619653e-10
1.714626606963048254e-10
1.082275932557008730e-10
6.490531644694508096e-11
1.981225492937262026e-08
1.456048168667621380e-08
1.030685767611181656e-08
7.145192008245070439e-09
4.777823996505192499e-09
3.079512972819259875e-09
2.012965515196098369e-09
1.320425697150865543e-09
8.887038993460692072e-10
6.100283931192157599e-10
4.215933827019368234e-10
2.878787550765327445e-10
1.908372496006283720e-10
1.208939131654983282e-10
7.261098819993089522e-11
2.149557335045242961e-08
1.581603680112333704e-08
1.119791453981878687e-08
7.771498315541390885e-09
5.197490057046118043e-09
3.336971024957083618e-09
2.179252203294766026e-09
1.426102455236873657e-09
9.594322363316147824e-10
6.590258483070166456e-10
4.563845132245758586e-10
3.125849162169743753e-10
2.079049845488220665e-10
1.320643431610753947e-10
7.942752633337653174e-11
2.700930938895483583e-08
2.083443509038446995e-08
1.526668080435801212e-08
1.086076044658226608e-08
7.500541122634923723e-09
4.956176650799807457e-09
3.211189206188678007e-09
2.087321764957179847e-09
1.371625157747453702e-09
9.187454917227794286e-10
6.243423955094017631e-10
4.249672005615272869e-10
2.854756324942961389e-10
1.861366883203674299e-10
1.163512022107805610e-10
3.243251780564672376e-08
2.544859649421072555e-08
1.886363719092215884e-08
1.352488028842856899e-08
9.424220398367198074e-09
6.274926571340638280e-09
4.046444047684798793e-09
2.626514641726271191e-09
1.711341509079925673e-09
1.138045749178001575e-09
7.698889254946105631e-10
5.240083530793014508e-10
3.538049669907431124e-10
2.328965467791284514e-10
1.473580404402813842e-10
3.694003710840325057e-08
2.924820721747189563e-08
2.179510638650837165e-08
1.567811337915055160e-08
1.097144961826784094e-08
7.328243093265251038e-09
4.705847454255170360e-09
3.052613606739662261e-09
1.979176239753097738e-09
1.311868620862454069e-09
8.861321695330095692e-10
6.037216946421595601e-10
4.091201689055858817e-10
2.708436354012732541e-10
1.724821718825744696e-10
4.270676590368460955e-08
3.489377292747062518e-08
2.676863260453473484e-08
1.965309907074604049e-08
1.395968633628923886e-08
9.531712502440966902e-09
6.223038746032830681e-09
4.010091654873260404e-09
2.582926606646023623e-09
1.686794980311710584e-09
1.120234507306357264e-09
7.531400093324449692e-10
5.075553001351558360e-10
3.374771662677072209e-10
2.180537101745460389e-10
5.165931220458402632e-08
4.315912078659049734e-08
3.372609006612976399e-08
2.507308659471218844e-08
1.797510512338966596e-08
1.241490984477950686e-08
8.169993934816547557e-09
5.237588237562515376e-09
3.362868275260690786e-09
2.176271024830131315e-09
1.431588937710141810e-09
9.560744694314920475e-10
6.433239141671253599e-10
4.296355812725502513e-10
2.803276345727064787e-10
6.830212262492435588e-08
5.967028209218890358e-08
4.874370667592422707e-08
3.759118017887992510e-08
2.765089183756199285e-08
1.953344949344615169e-08
1.325994012759326629e-08
8.577427345714108625e-09
5.478302554524563779e-09
3.489146710187010769e-09
2.244186197057667597e-09
1.463683662799346515e-09
9.675048758190936004e-10
6.417309478398623002e-10
4.213655007907447814e-10
