# lsst_simulation
2.490360665611823764e-09
1.639356159366774494e-09
1.135802003821422191e-09
7.698023377757601887e-10
5.433757099474815343e-10
3.502056410853174076e-10
2.352167258937829008e-10
1.595156129819515681e-10
1.034126614208016147e-10
7.411468588766196500e-11
4.975983726616669514e-11
3.128402817767165493e-11
1.492749167336149495e-11
1.139981698231597233e-11
5.668374207205438656e-12
3.820063430452076040e-09
2.885840349748811864e-09
1.703526622797573271e-09
1.138244894834273723e-09
7.776712286352410797e-10
5.685375062179753039e-10
3.573402091786940069e-10
2.508154269976327605e-10
1.690138819103646133e-10
1.285679225872503659e-10
8.116842945624044339e-11
5.571589192429273664e-11
2.912513362872084418e-11
1.669523068248035435e-11
8.958185461445134315e-12
4.419773646410849938e-09
3.127555770403487410e-09
1.577399379660117567e-09
1.078820907553416184e-09
6.862290172184348893e-10
5.274664856180894084e-10
3.433230903648194499e-10
2.424571633317206279e-10
1.582971706243374377e-10
1.315478368204926686e-10
8.028482044961515609e-11
5.251318985503005242e-11
2.971763345320214301e-11
1.597118837560040327e-11
8.101711990340840091e-12
4.898525532821248559e-09
3.331309250474515380e-09
1.425294304801780636e-09
1.172195647324178049e-09
6.466320671183445800e-10
5.013889251603599540e-10
3.486677047059452631e-10
2.352346363829718919e-10
1.448045988383628133e-10
1.283933119973783361e-10
8.307854002861452598e-11
5.018326839984301782e-11
2.861924813414880678e-11
1.348582163244830190e-11
7.595344659656326418e-12
5.550279836266357452e-09
3.261367659864363263e-09
1.425976144207134317e-09
1.049444699293031991e-09
6.195886385136498780e-10
4.540304140839488815e-10
3.386445104773097984e-10
2.242754452750199251e-10
1.397405251120376974e-10
1.238591332981640078e-10
8.356632973000405058e-11
5.072414473588891621e-11
2.843672101696330442e-11
1.359688470626994504e-11
7.319746778638884183e-12
1.231105585848659908e-08
1.150484274329048638e-08
6.832193931198114549e-09
4.751073694074264367e-09
3.282061788996911622e-09
2.048029029639544499e-09
1.388926164699589568e-09
9.203965353114360006e-10
6.506066940472502181e-10
4.386817335653457560e-10
3.015640000274980417e-10
2.028026301004181428e-10
1.319187442605966285e-10
8.194437921036701402e-11
4.689670745838497977e-11
1.716379768839045797e-08
1.465679219736061565e-08
8.881960855390423033e-09
6.142446413538972676e-09
4.260916369559161916e-09
2.605792390576641720e-09
1.822184646079031384e-09
1.199012250443880081e-09
8.044401541903589594e-10
5.542003239732192677e-10
3.881636020297653500e-10
2.566770758710992864e-10
1.710881331258237892e-10
1.100559723336272157e-10
6.522067026918684806e-11
1.926031381755034981e-08
1.581563111676943985e-08
9.691575633569338853e-09
6.768406003152408646e-09
4.772897695151702959e-09
2.832028248667462544e-09
2.006105426669619401e-09
1.319440750199454728e-09
9.005763684437026569e-10
6.178170192332676827e-10
4.217422310639748572e-10
2.859897407466236555e-10
1.902922864199798218e-10
1.209077315538339336e-10
7.184742915066376080e-11
2.206596828207262908e-08
1.659573706671535967e-08
1.074896625055130843e-08
7.047764376489190854e-09
4.993178181972230684e-09
2.998747701951747442e-09
2.151204432961356907e-09
1.416396347277980902e-09
9.754955511238220767e-10
6.583931546293126888e-10
4.705152213931842726e-10
3.069500716522358480e-10
2.050137388830928239e-10
1.321267489821373102e-10
7.853907460308044314e-11
2.828925876545063038e-08
2.265596636717805271e-08
1.496207769411134277e-08
1.053963739206926920e-08
7.510603966145143338e-09
4.660567872437463440e-09
3.248854570868349282e-09
2.108274669734665399e-09
1.370178526606246883e-09
9.201222332655642299e-10
6.311665521245282445e-10
4.249117832654431226e-10
2.866246561054990684e-10
1.862247669526796046e-10
1.163389623548510260e-10
3.387664474855843061e-08
2.683153826645868813e-08
1.883929578789205029e-08
1.310518602305991806e-08
9.628119934879275327e-09
5.791085389044231312e-09
4.075820967043597836e-09
2.645492321740644980e-09
1.696991648362800144e-09
1.136651626709195752e-09
7.808424099231097851e-10
5.212413227460326712e-10
3.548541674163042885e-10
2.333024563757413980e-10
1.488653676018267250e-10
3.986032512303231838e-08
2.979360080555475317e-08
2.212942064277414564e-08
1.478582383203806097e-08
1.103957329873612880e-08
6.683626769996658492e-09
4.728327271686614637e-09
3.066928724682633012e-09
1.971960061433966127e-09
1.315914809650714695e-09
9.006734547535293750e-10
6.013598754615649631e-10
4.067628899454765972e-10
2.714189358441282417e-10
1.727480472140437771e-10
4.371380464388324585e-08
3.562484975106859886e-08
2.706894174285243442e-08
1.903597975189999600e-08
1.450439235675901078e-08
8.643665085524648938e-09
6.302078555944407089e-09
4.007316697335599915e-09
2.556657738804224814e-09
1.690980514038225940e-09
1.129645233486644628e-09
7.580229921761484266e-10
5.088489532634598838e-10
3.394471421176714240e-10
2.196830094684200859e-10
5.383703971094299932e-08
4.303276796753467413e-08
3.435265457833515612e-08
2.379852149117517886e-08
1.859897098798129467e-08
1.124691906326788560e-08
8.268368768787891466e-09
5.242888255410315559e-09
3.351060425646528851e-09
2.161201659411625080e-09
1.451395707236764793e-09
9.593732919113128275e-10
6.453177068811295984e-10
4.300548914851960652e-10
2.813340697086606647e-10
7.065280844400125981e-08
5.816477695618646982e-08
4.973873689472680639e-08
3.526041318833051852e-08
2.865934118933070845e-08
1.777988200393421972e-08
1.342411537732132351e-08
8.624949416211565301e-09
5.514817422988211751e-09
3.462182094220449747e-09
2.259194365546133424e-09
1.465496589637301013e-09
9.641021196678623172e-10
6.405040736965058026e-10
4.217383720014973516e-10
