# te
3.196040326794546527e+00
3.898353807274372418e+00
3.937084082286544717e+00
3.596479708035003497e+00
3.089862544790223708e+00
2.550069749772296390e+00
2.055807970461727585e+00
1.644570359458493725e+00
1.333950590479401344e+00
1.128163231443107151e+00
1.021293194869460352e+00
9.912005252948106193e-01
1.008951553985755867e+00
1.055336852951551441e+00
1.119850385763774714e+00
1.189534962239241267e+00
1.254298606138512406e+00
1.313179986782108344e+00
1.359418869717436973e+00
1.400846220018499233e+00
1.442452503222586779e+00
1.486800572435314383e+00
1.535495134490441282e+00
1.584278913415983370e+00
1.638769070310517773e+00
1.696985788428356789e+00
1.750499904152363229e+00
1.801919830807865885e+00
1.842102309615712530e+00
1.877846184926371897e+00
1.900686165207675415e+00
1.909544371107292360e+00
1.907553748730084875e+00
1.890329353508598320e+00
1.872003812038471660e+00
1.844367877892285401e+00
1.806577291896940496e+00
1.759983093950169053e+00
1.705463750558036118e+00
1.643668667451566590e+00
1.574264152109365877e+00
1.496271463620998166e+00
1.407107337422027094e+00
1.303883946587766740e+00
1.184782399500032390e+00
1.050402458204142686e+00
9.019299772856679276e-01
7.406250948326780215e-01
5.678868590829182494e-01
3.849540209041550920e-01
1.922220905574413830e-01
-1.033415702591347109e-02
-2.235991099045150088e-01
-4.488267908454087740e-01
-6.877159517399393796e-01
-9.411794002023272654e-01
-1.209254209430651983e+00
-1.491689975468318163e+00
-1.787820306744729804e+00
-2.097010133102020557e+00
-2.419106230845244898e+00
-2.754090694595683342e+00
-3.101938190624368374e+00
-3.462682812004332256e+00
-3.836387966208402389e+00
-4.222394914730336346e+00
-4.619858811306435165e+00
-5.027964523074000880e+00
-5.446090054276836234e+00
-5.874006195339305236e+00
-6.312884029352268556e+00
-6.764027433328402061e+00
-7.227670601844382148e+00
-7.703713453715629988e+00
-8.191893827438530451e+00
-8.690766399015315002e+00
-9.199815731615922587e+00
-9.718823522420292349e+00
-1.024772003561336930e+01
-1.078618799478890544e+01
-1.133366279620093131e+01
-1.188970371302479023e+01
-1.245357288442583332e+01
-1.302490386708190329e+01
-1.360297970245398069e+01
-1.418738989169309228e+01
-1.477774483824589247e+01
-1.537372922906154571e+01
-1.597517631809420635e+01
-1.658168014667679913e+01
-1.719306644169726184e+01
-1.780884743391979441e+01
-1.842883248811860497e+01
-1.905253383505788989e+01
-1.967953798900435913e+01
-2.030943146422471557e+01
-2.094180077498565140e+01
-2.157615815205137721e+01
-2.221201582618609294e+01
-2.284888602815399850e+01
-2.348650383922680263e+01
-2.412408435615869706e+01
-2.476128837671889116e+01
-2.539755384816909256e+01
-2.603224443426849533e+01
-2.666494664928379521e+01
-2.729509844047671407e+01
-2.792206347160643887e+01
-2.854542825693967600e+01
-2.916470099767983015e+01
-2.977915092627963034e+01
-3.038841466314351436e+01
-3.099183169466590826e+01
-3.158889007424624396e+01
-3.217907785528395692e+01
-3.276180880767596904e+01
-3.333649670131922704e+01
-3.390270387311564804e+01
-3.445984409296216455e+01
-3.500733113075573755e+01
-3.554472732339825569e+01
-3.607144644078667284e+01
-3.658690225281792863e+01
-3.709065709639394015e+01
-3.758219902491415354e+01
-3.806094180827548712e+01
-3.852644778337987930e+01
-3.897820500362675489e+01
-3.941562723891305353e+01
-3.983827948264340080e+01
-4.024566307073071414e+01
-4.063735627909309045e+01
-4.101278881664364206e+01
-4.137168752630547175e+01
-4.171340783348919246e+01
-4.203752801411291529e+01
-4.234370062759722941e+01
-4.263150394986026015e+01
-4.290051625682010439e+01
-4.315039010789737972e+01
-4.338062949550768366e+01
-4.359096126257411896e+01
-4.378096368501480384e+01
-4.395014075524533581e+01
-4.409829359969133833e+01
-4.422485192726589531e+01
-4.432954258089213795e+01
-4.441194383648814892e+01
-4.447163396997205354e+01
-4.450833647991744613e+01
-4.452176148749988016e+01
-4.451161576954540067e+01
-4.447775466988506565e+01
-4.441981068184239945e+01
-4.433763914924846716e+01
-4.423094684892931383e+01
-4.409951484121348386e+01
-4.394312418642952167e+01
-4.376163022840847105e+01
-4.355473974397639836e+01
-4.332238236046682545e+01
-4.306419057120331217e+01
-4.278016828702190821e+01
-4.247002228474865859e+01
-4.213368219171709228e+01
-4.177100335175828150e+01
-4.138206395921076819e+01
-4.096671935790558194e+01
-4.052489917517629436e+01
-4.005653303835643442e+01
-3.956162485828205888e+01
-3.904010426228670383e+01
-3.849197516120641893e+01
-3.791739003288225973e+01
-3.731627648575500444e+01
-3.668862833619679975e+01
-3.603451166518956938e+01
-3.535391827021269506e+01
-3.464698851575059280e+01
-3.391386276628765728e+01
-3.315460710280577672e+01
-3.236936188978936002e+01
-3.155834177522530481e+01
-3.072146427309051475e+01
-2.985909259837687202e+01
-2.897129283206629680e+01
-2.805835390564818255e+01
-2.712041618360692041e+01
-2.615776859743190741e+01
-2.517070007861255831e+01
-2.415927670813076134e+01
-2.312378741747591704e+01
-2.206466970514242476e+01
-2.098213821911718924e+01
-1.987663045789459559e+01
-1.874843535296405506e+01
-1.759791611931746758e+01
-1.642536168844422662e+01
-1.523128384234123267e+01
-1.401589393263335204e+01
-1.277976154300979950e+01
-1.152308154328527046e+01
-1.024634593728444898e+01
-8.949972445329517967e+00
-7.634304504240167155e+00
-6.299692979186334085e+00
-4.946711585845453563e+00
-3.575867184742711924e+00
-2.187688921454047808e+00
-7.826970275350954021e-01
6.385748944280573713e-01
2.075602155869623822e+00
3.527854125543618213e+00
4.994771944473102465e+00
6.475789325330890911e+00
7.970317695739046471e+00
9.477879908573385137e+00
1.099782053630371692e+01
1.252964757510535421e+01
1.407264617064611301e+01
1.562639860260380864e+01
1.719011573314374886e+01
1.876330555844125314e+01
2.034517894066163279e+01
2.193524387598019842e+01
2.353278551006476249e+01
2.513716327208564394e+01
2.674773659121315816e+01
2.836386489661760635e+01
2.998483333396681516e+01
3.161000133243108579e+01
3.323865403767823778e+01
3.487007659537609783e+01
3.650370271819745227e+01
3.813874326830763550e+01
3.977448339137445288e+01
4.141028251656821624e+01
4.304542578955674514e+01
4.467904978900284618e+01
4.631066251108183707e+01
4.793940053445652438e+01
4.956454900479473480e+01
5.118554163476927243e+01
5.280158928654545747e+01
5.441205138929358043e+01
5.601621308868149640e+01
5.761328524687447583e+01
5.920270157654535126e+01
6.078367293985944997e+01
6.235533515865508036e+01
6.391704387798011311e+01
6.546800541905297166e+01
6.700735181958953035e+01
6.853443796781320430e+01
7.004847018494236011e+01
7.154887764270287676e+01
7.303464381180570797e+01
7.450623783301169567e+01
7.596145464099177502e+01
7.740106051051679970e+01
7.882359321128268448e+01
8.022907618303531763e+01
8.161604719547059972e+01
8.298527252335944127e+01
8.433454710137269217e+01
8.566315153423127526e+01
8.697185209670610107e+01
8.825844372346803368e+01
8.952369268928798363e+01
9.076539392883681501e+01
9.198431371688545255e+01
9.317898982312979683e+01
9.435018852234071574e+01
9.549570474918914442e+01
9.661630477844592235e+01
9.771052637980697853e+01
9.877765015799319315e+01
9.981844238777547673e+01
1.008314408388497014e+02
1.018166689509617839e+02
1.027734073288325902e+02
1.037009365771830431e+02
1.045985373007340229e+02
1.054662329392314177e+02
1.063040469324211443e+02
1.071112598850240971e+02
1.078864095667361198e+02
1.086310050873531452e+02
1.093428413815460942e+02
1.100226847240858064e+02
1.106698157196931902e+02
1.112842578081141909e+02
1.118645487590446237e+02
1.124114548472554418e+02
1.129242566774675112e+02
1.134014920193767466e+02
1.138439271477540018e+02
1.142515855023452360e+02
1.146237476878712727e+02
1.149604310753282164e+02
1.152616287607128953e+02
1.155273277712722120e+02
1.157575151342531967e+02
1.159514350418778008e+02
1.161090745213929694e+02
1.162304206000457327e+02
1.163154603050830218e+02
1.163641806637517817e+02
1.163765687032990570e+02
1.163511257809217909e+02
1.162893245939169304e+02
1.161904093345064979e+02
1.160543670299374099e+02
1.158811847074566543e+02
1.156708493943112330e+02
1.154240909527730850e+02
1.151401535750642040e+02
1.148190242884315495e+02
1.144614329551471030e+02
1.140673666024578239e+02
1.136360694225856776e+02
1.131682712778026882e+02
1.126647020303807807e+02
1.121246058725419346e+02
1.115487126665581030e+02
1.109362666046512942e+02
1.102879975490934754e+02
1.096053781971815937e+02
1.088869099061126491e+02
1.081333225381586089e+02
1.073446031205664326e+02
1.065222243506330813e+02
1.056654304205805630e+02
1.047749511926808452e+02
1.038507736941808730e+02
1.028943706223776076e+02
1.019049861694930854e+02
1.008840930328242251e+02
9.983167823961801446e+01
9.874772881712141270e+01
9.763223179258142181e+01
9.648665986329498878e+01
9.531025722148410750e+01
9.410375372942073113e+01
9.286713641435181898e+01
9.160113513854938105e+01
9.030573692926036244e+01
8.898315731880673241e+01
8.763264049941049905e+01
8.625565603188799457e+01
8.485291809610826874e+01
8.342439490043467742e+01
8.197228315830568590e+01
8.049580824305968463e+01
7.899568119808506594e+01
7.747261306677029324e+01
7.592731489250371624e+01
7.435975488364879027e+01
7.277138691861888731e+01
7.116113923674247133e+01
6.953083713394539700e+01
6.788104308661112896e+01
6.621239385462554594e+01
6.452567476487956810e+01
6.282167114426409427e+01
6.110101975266505292e+01
5.936458020047584938e+01
5.761306353108489731e+01
5.584710650437810386e+01
5.406756873074888148e+01
5.227508697008313732e+01
5.047044654927179863e+01
4.865443279520575715e+01
4.682760818426843485e+01
4.499083232685325129e+01
4.314474198284609230e+01
4.129004819563539286e+01
3.942753629211205890e+01
3.755791731566449698e+01
3.568182802617862137e+01
3.380005375054533800e+01
3.191337981565556348e+01
3.002266583190271376e+01
2.812862284267519186e+01
2.623218474186891669e+01
2.433406257287228769e+01
2.243511594607873505e+01
2.053613018837915405e+01
1.863789062666446128e+01
1.674118258782556623e+01
1.484679139875338549e+01
1.295542810283632384e+01
1.106780374346280027e+01
9.184777931026218312e+00
7.307054280564744708e+00
5.435403262268788893e+00
3.570543347877012774e+00
1.713230150879326619e+00
-1.358000289450073117e-01
-1.975813494521964309e+00
-3.806051303517266948e+00
-5.625779401352622777e+00
-7.434216192008141100e+00
-9.230624649565433160e+00
-1.101433460325835156e+01
-1.278447531686401106e+01
-1.454032462116451541e+01
-1.628116034694198078e+01
-1.800618604147600976e+01
-1.971490238605621315e+01
-2.140651292796219707e+01
-2.308051834848357231e+01
-2.473619647840244795e+01
-2.637297371550593539e+01
-2.799027645758113536e+01
-2.958730825190767177e+01
-3.116356977977513409e+01
-3.271833887196564206e+01
-3.425104192626630351e+01
-3.576103105696171980e+01
-3.724758409483401067e+01
-3.871012743767028041e+01
-4.014808748325764043e+01
-4.156089062938319501e+01
-4.294826040784405308e+01
-4.430969749992983253e+01
-4.564477687043262932e+01
-4.695314776764705300e+01
-4.823423658936021496e+01
-4.948776686736923125e+01
-5.071331356646621202e+01
-5.191030308443824737e+01
-5.307845895308246043e+01
-5.421720757018596970e+01
-5.532619818404335632e+01
-5.640500575944674466e+01
-5.745320526118824489e+01
-5.847037165405996717e+01
-5.945630275336151982e+01
-6.041064780738749818e+01
-6.133313034793503249e+01
-6.222332533979620450e+01
-6.308103059827065096e+01
-6.390596965515547367e+01
-6.469786604224776738e+01
-6.545674042535465276e+01
-6.618239061977573101e+01
-6.687468872431313116e+01
-6.753358112127142476e+01
-6.815893360037239290e+01
-6.875051243151382607e+01
-6.930815185901569464e+01
-6.983161184369545538e+01
-7.032072662987303602e+01
-7.077525617836590754e+01
-7.119503473349399769e+01
-7.157974797257229227e+01
-7.192945299042823137e+01
-7.224420688188925510e+01
-7.252324962325532454e+01
-7.276879253092640454e+01
-7.297933274617741972e+01
-7.315559591535833306e+01
-7.329756484979409947e+01
-7.340596519583469615e+01
-7.348003692978002732e+01
-7.352050569798007018e+01
-7.352735431175979386e+01
-7.350056558244411065e+01
-7.343937948633301005e+01
-7.334526450480140625e+01
-7.321671777912430912e+01
-7.305595062570161247e+01
-7.286146018580828354e+01
-7.263397210579429952e+01
-7.237421203200959496e+01
-7.208216277577912479e+01
-7.175884711746282107e+01
-7.140365360036567210e+01
-7.101730787083759822e+01
-7.060008987421358029e+01
-7.015235383933104174e+01
-6.967445399502744863e+01
-6.916667028663776762e+01
-6.862943122650192151e+01
-6.806301675995487699e+01
-6.746792968283908465e+01
-6.684467279099700932e+01
-6.619367459676858800e+01
-6.551551217949878492e+01
-6.481053976802502348e+01
-6.407940872519479569e+01
-6.332239899634302560e+01
-6.254023622781966907e+01
-6.173327464846219925e+01
-6.090209133761553062e+01
-6.004726337462466290e+01
-5.916929355533200408e+01
-5.826861039207753379e+01
-5.734586272253181249e+01
-5.640168928365784495e+01
-5.543657772023676955e+01
-5.445138709456220028e+01
-5.344667933491777490e+01
-5.242309065308963056e+01
-5.138125726086386891e+01
-5.032188965352914067e+01
-4.924562404287156880e+01
-4.815317092417976852e+01
-4.704509222573738469e+01
-4.592209844283303255e+01
-4.478490007075534862e+01
-4.363405903778795647e+01
-4.247028583921947131e+01
-4.129436525384104328e+01
-4.010685920993628173e+01
-3.890855248629632968e+01
-3.770015557820980945e+01
-3.648230469746284399e+01
-3.525578462284655501e+01
-3.402123156614709387e+01
-3.277935602265306159e+01
-3.153094277115559763e+01
-3.027662802344083204e+01
-2.901712227479738715e+01
-2.775313602051389594e+01
-2.648545403938148723e+01
-2.521463825968378103e+01
-2.394162202721690491e+01
-2.266704155376699248e+01
-2.139183018513016776e+01
-2.011654984959005787e+01
-1.884213389294279750e+01
-1.756921852697450603e+01
-1.629873709748131105e+01
-1.503125153274684855e+01
-1.376754661156223669e+01
-1.250840711271860961e+01
-1.125446924800209203e+01
-1.000644351270131160e+01
-8.765114685607398926e+00
-7.531141263557227461e+00
-6.305226313489176171e+00
-5.088020903889872493e+00
-3.880183531596196111e+00
-2.682387550145523214e+00
-1.495276599674230766e+00
-3.195336905750227885e-01
8.441893658304487902e-01
1.995201695988858104e+00
3.132800287415036244e+00
4.256276492968265934e+00
5.364936522208330061e+00
6.458064299644263428e+00
7.534951178135345096e+00
8.594962794043363274e+00
9.637360786826596026e+00
1.066163707480107803e+01
1.166713500927784253e+01
1.265319794156792454e+01
1.361939207348985370e+01
1.456491218934966092e+01
1.548925020746338532e+01
1.639189804614705892e+01
1.727234762371671195e+01
1.812994229148337411e+01
1.896424825126558389e+01
1.977475742137937686e+01
2.056096172014077439e+01
2.132227878236332330e+01
2.205842337687054666e+01
2.276881313847598065e+01
2.345316283600316254e+01
2.411111295477311600e+01
2.474222969660437954e+01
2.534607926331548811e+01
2.592222785672496954e+01
2.647046452915886761e+01
2.699035548243569593e+01
2.748146691837400368e+01
2.794343932229481808e+01
2.837598746302167285e+01
2.877867754237310294e+01
2.915122432917263851e+01
2.949326830874131034e+01
2.980467281690766157e+01
3.008515262249520106e+01
3.033449677782999743e+01
3.055242005173555242e+01
3.073878578004041984e+01
3.089323444806562335e+01
3.101570367514219484e+01
3.110605679709867033e+01
3.116415714976357521e+01
3.118986806896544550e+01
3.118297860703032853e+01
3.114350066679174489e+01
3.107122330057572768e+01
3.096615841121580459e+01
3.082831234498897288e+01
3.065774350544849369e+01
3.045428188908361022e+01
3.021798034289104251e+01
2.994881743036501121e+01
2.964684599850225766e+01
2.931197032729450669e+01
2.894431754724097416e+01
2.854401478884090082e+01
2.811104061558851086e+01
2.764544787448052432e+01
2.714728941251367900e+01
2.661669236018719786e+01
2.605385813150281038e+01
2.545898814046224246e+01
2.483243236807222232e+01
2.417431794483198004e+01
2.348499485174823675e+01
2.276466450282272547e+01
2.201360259555967502e+01
2.123201054396080423e+01
2.042023832903285196e+01
1.957856164828003998e+01
1.870718191570409772e+01
1.780637482880925049e+01
1.687649036860223006e+01
1.591772994908475347e+01
1.493044355126356137e+01
1.391512972315037544e+01
1.287213844575192567e+01
1.180181970007493675e+01
1.070467203413113744e+01
9.580971145424754809e+00
8.431215581967519412e+00
7.255874178370154581e+00
6.055393484192640230e+00
4.830264619096453771e+00
3.580978702743073061e+00
2.308004569743225431e+00
1.011831854088338423e+00
-3.070438675499603809e-01
-1.648061649017843022e+00
-3.010654601481282278e+00
-4.394242465075800297e+00
-5.798259836637418729e+00
-7.222141313002161667e+00
-8.665239779153301569e+00
-1.012711611388110811e+01
-1.160697463516385497e+01
-1.310431679498981516e+01
-1.461842285980317158e+01
-1.614865403940423505e+01
-1.769444749205925049e+01
-1.925516609253192613e+01
-2.083017271558600214e+01
-2.241868166898019865e+01
-2.402020439448325106e+01
-2.563388091635138011e+01
-2.725914839285082536e+01
-2.889529541524279210e+01
-3.054161057478853536e+01
-3.219745674625176690e+01
-3.386204823739120684e+01
-3.553467363946811020e+01
-3.721469582724617453e+01
-3.890140339198664776e+01
-4.059401064144825000e+01
-4.229180616689220784e+01
-4.399415284308226148e+01
-4.570026497777710972e+01
-4.740943116223801468e+01
-4.912101427122868103e+01
-5.083415432900534370e+01
-5.254828849383424227e+01
-5.426255678997159038e+01
-5.597624780867860039e+01
-5.768872442471904094e+01
-5.939905237884659783e+01
-6.110652026232252609e+01
-6.281041666640805943e+01
-6.450980733185689076e+01
-6.620405513343277448e+01
-6.789230009539195976e+01
-6.957397937600060800e+01
-7.124838156652000976e+01
-7.291442384069885918e+01
-7.457228619182841101e+01
-7.622125721116985630e+01
-7.785988265495944916e+01
-7.948745111445842326e+01
-8.110399401595297775e+01
-8.270879995070436053e+01
-8.430115750997379109e+01
-8.587961244999750932e+01
-8.744419619706174274e+01
-8.899345450740271701e+01
-9.052741880730663127e+01
-9.204463485300975378e+01
-9.354513407079829790e+01
-9.502820505193348311e+01
-9.649313264244975130e+01
-9.793918670747444821e+01
-9.936637620193312159e+01
-1.007724815756762951e+02
-1.021582546186545386e+02
-1.035222186157433981e+02
-1.048643825218683787e+02
-1.061847552919550708e+02
-1.074811173758539837e+02
-1.087542205635157018e+02
-1.100033309748407504e+02
-1.112269718947046897e+02
-1.124251522780330106e+02
-1.135971382447263665e+02
-1.147429387497101914e+02
-1.158618199128850677e+02
-1.169523050191265838e+02
-1.180144030233602450e+02
-1.190473800454865909e+02
-1.200519878754562058e+02
-1.210267497981445928e+02
-1.219716747684773139e+02
-1.228867717413799312e+02
-1.237713068367529701e+02
-1.246245461744969703e+02
-1.254472415445625160e+02
-1.262379162318251105e+02
-1.269973220262353095e+02
-1.277232393776436936e+02
-1.284171629110257413e+02
-1.290783587462820776e+02
-1.297053501682881631e+02
-1.302988889669946104e+02
-1.308574984272769655e+02
-1.313826731741107210e+02
-1.318729364923714513e+02
-1.323282973369847184e+02
-1.327487646628760274e+02
-1.331336045899460032e+02
-1.334820832380951003e+02
-1.337956952322988968e+02
-1.340737066924579608e+02
-1.343153837384728604e+02
-1.345207353252690154e+02
-1.346897704077721301e+02
-1.348232407759326748e+02
-1.349196697146261954e+02
-1.349798090138031910e+02
-1.350036676283893371e+02
-1.349912545133100252e+02
-1.349418304556349426e+02
-1.348553777461347920e+02
-1.347333590127992409e+02
-1.345742655435180382e+02
-1.343788171312559427e+02
-1.341469907339526628e+02
-1.338787633095479919e+02
-1.335755974860315689e+02
-1.332359845512931713e+02
-1.328606442982975580e+02
-1.324495536849844370e+02
-1.320026896692935452e+02
-1.315207720441896129e+02
-1.310022920975623322e+02
-1.304487124574015411e+02
-1.298592672466218687e+02
-1.292339334231630801e+02
-1.285726879449649402e+02
-1.278769934400171593e+02
-1.271468268662594596e+02
-1.263821651816316063e+02
-1.255829853440732791e+02
-1.247507499815742591e+02
-1.238854360520742404e+02
-1.229870205135130021e+02
-1.220569659938802545e+02
-1.210945066160907118e+02
-1.201011050081341267e+02
-1.190759952929252421e+02
-1.180213829334787761e+02
-1.169365020527094430e+02
-1.158220724435820443e+02
-1.146773282290112235e+02
-1.135037320369867757e+02
-1.123005179904233870e+02
-1.110676630472608508e+02
-1.098066298354888488e+02
-1.085159096429971299e+02
-1.071977079328004550e+02
-1.058512588278135240e+02
-1.044795106260760491e+02
-1.030816974505028298e+02
-1.016592819290835337e+02
-1.002129838547829337e+02
-9.874426585559075420e+01
-9.725236205442170956e+01
-9.573873507926555249e+01
-9.420336188806201960e+01
-9.264696227377582716e+01
-9.106877035932171793e+01
-8.947099027477176492e+01
-8.785284947832739988e+01
-8.621505976529738291e+01
-8.455907576601551057e+01
-8.288412360574052684e+01
-8.119240074983123634e+01
-7.948239048852137500e+01
-7.775703312219472707e+01
-7.601555477611006495e+01
-7.425866724557617715e+01
-7.248797372793181637e+01
-7.070411173498327173e+01
-6.890801591254678726e+01
-6.710054662293615024e+01
-6.528256422846513374e+01
-6.345492909144751081e+01
-6.161813015668454341e+01
-5.977235923496751724e+01
-5.791803098759519486e+01
-5.605556007586634593e+01
-5.418528687757724782e+01
-5.230747748702167854e+01
-5.042262084900090002e+01
-4.853172589283368410e+01
-4.663595011484380137e+01
-4.473645101135503666e+01
-4.283438607869113923e+01
-4.093076424617089515e+01
-3.902681729362058149e+01
-3.712355415035896300e+01
-3.522131519418229573e+01
-3.332058936989187714e+01
-3.142156848827896809e+01
-2.952459292713984240e+01
-2.763007734777327329e+01
-2.573821356097052515e+01
-2.384956479503537352e+01
-2.196484284527659625e+01
-2.008513092451545390e+01
-1.821128939506572308e+01
-1.634440146974867858e+01
-1.448532751087808634e+01
-1.263507644777272532e+01
-1.079458292624886262e+01
-8.964335891107769072e+00
-7.145024852607470223e+00
-5.337086757097483591e+00
-3.541099689582084320e+00
-1.757591222283842125e+00
1.289473020412029713e-02
1.769831384723082435e+00
3.512712942410321837e+00
5.241035879137021070e+00
6.954296670774355427e+00
8.651991793193507974e+00
1.033365486401690880e+01
1.199877493076548340e+01
1.364676675745766765e+01
1.527682225760438328e+01
1.688813334471656447e+01
1.847981764880264066e+01
2.005099279987104310e+01
2.160085071143269531e+01
2.312843472999353622e+01
2.463308533606948814e+01
2.611444014418648152e+01
2.757250818638294731e+01
2.900692707718480889e+01
3.041770584863051496e+01
3.180455639874846696e+01
3.316741347607462131e+01
3.450606326213988950e+01
3.581992052096271095e+01
3.710854858356650965e+01
3.837128793046721142e+01
3.960770189268826158e+01
4.081705666724306525e+01
4.199898986865758133e+01
4.315284197744771433e+01
4.427817632463690245e+01
4.537448195774608450e+01
4.644132220779868447e+01
4.747811183881312758e+01
4.848448846531533718e+01
4.945986685132375271e+01
5.040388461136431175e+01
5.131640221047042161e+01
5.219735439717803871e+01
5.304682448702806141e+01
5.386459866155145448e+01
5.465076023628911628e+01
5.540516967627449674e+01
5.612783601354601615e+01
5.681861971313709603e+01
5.747730695657869404e+01
5.810390677590921626e+01
5.869820535265959194e+01
5.926006315186326390e+01
5.978941492205614594e+01
6.028604684476917441e+01
6.074988896863755627e+01
6.118085254269357876e+01
6.157869554906376663e+01
6.194339882038219969e+01
6.227479462227793050e+01
6.257271522037997613e+01
6.283706716381993829e+01
6.306790556873433928e+01
6.326521126775725890e+01
6.342903937702521233e+01
6.355944501267478586e+01
6.365648329084251600e+01
6.372020932766494639e+01
6.375060395577616390e+01
6.374779657481517603e+01
6.371191658442107553e+01
6.364294481722787111e+01
6.354115923987968273e+01
6.340654068501050489e+01
6.323921855225940192e+01
6.303932224126545947e+01
6.280720400217516897e+01
6.254306751813014387e+01
6.224726503927691112e+01
6.192007453225952673e+01
6.156192253072704546e+01
6.117301271782099548e+01
6.075369734368798191e+01
6.030425437497201102e+01
5.982488749481463941e+01
5.931587466985995860e+01
5.877741958324946836e+01
5.820987448512976670e+01
5.761336877513988952e+01
5.698825470342637800e+01
5.633481023663330234e+01
5.565346190840970308e+01
5.494448768539963623e+01
5.420831410125216365e+01
5.344529340611383361e+01
5.265570356662868789e+01
5.183997111644579547e+01
5.099852258921420400e+01
5.013185880208545342e+01
4.924033200520612041e+01
4.832444301572773782e+01
4.738469265080186688e+01
4.642150744407756235e+01
4.543523964570137252e+01
4.442653863982985740e+01
4.339568100375910120e+01
4.234323489140335539e+01
4.126954421682140151e+01
4.017517574457954765e+01
3.906054767223907476e+01
3.792615248086376312e+01
3.677248265151740725e+01
3.560025351577129271e+01
3.441010612169421989e+01
3.320260723385246848e+01
3.197832361681232527e+01
3.073797060214509003e+01
2.948218923791954893e+01
2.821139772169697579e+01
2.692616281804367873e+01
2.562705129152593386e+01
2.431462990671004221e+01
2.298939114465978051e+01
2.165190176994144622e+01
2.030265426361882319e+01
1.894228967376070116e+01
1.757144904843587696e+01
1.619062486870812734e+01
1.480045818264624913e+01
1.340166432182152967e+01
1.199466148379525876e+01
1.058023928364122135e+01
9.158815918920712562e+00
7.731062151103516911e+00
6.297515031354924631e+00
4.858741324241226067e+00
3.415315222678958040e+00
1.967810919584661145e+00
5.167795799890986252e-01
-9.372543731378655263e-01
-2.393778402186766741e+00
-3.852291854908542756e+00
-5.312287393538901448e+00
-6.773257680313555795e+00
-8.234635950666216786e+00
-9.696018863736094673e+00
-1.115669108795190212e+01
-1.261608585874735056e+01
-1.407348784455114377e+01
-1.552840456429950500e+01
-1.698012068642113448e+01
-1.842806944634974897e+01
-1.987160979601655697e+01
-2.130995212034776998e+01
-2.274252965477710120e+01
-2.416862385148975534e+01
-2.558750329769691589e+01
-2.699843336436627084e+01
-2.840075370596800752e+01
-2.979380397697230265e+01
-3.117714668235683817e+01
-3.255049289410430902e+01
-3.391362796769988819e+01
-3.526611440812126119e+01
-3.660766328735110875e+01
-3.793791139386961220e+01
-3.925664408316196585e+01
-4.056342386020585877e+01
-4.185766466297393862e+01
-4.313900327994642936e+01
-4.440700221610098453e+01
-4.566122397641530739e+01
-4.690115678236458052e+01
-4.812636313892647877e+01
-4.933610841706868655e+01
-5.052973227126138056e+01
-5.170657435597475882e+01
-5.286582575867399925e+01
-5.400690041733177793e+01
-5.512898941941328701e+01
-5.623150670289120256e+01
-5.731453475726072355e+01
-5.837800750501201463e+01
-5.942200743564027476e+01
-6.044661703864066027e+01
-6.145199308701088370e+01
-6.243806950324111682e+01
-6.340492877682653727e+01
-6.435198484573983535e+01
-6.527857736445120906e+01
-6.618412027093332028e+01
-6.706795321965635992e+01
-6.792949014859300405e+01
-6.876814499571594297e+01
-6.958325741549536758e+01
-7.037476133042143545e+01
-7.114259066298436096e+01
-7.188645648516681774e+01
-7.260696127098148622e+01
-7.330337039139602950e+01
-7.397643488742816942e+01
-7.462542013004556907e+01
-7.525033432524089960e+01
-7.585044284398186676e+01
-7.642723956231112936e+01
-7.697998602826962156e+01
-7.750792849819107744e+01
-7.801105224050746756e+01
-7.848934252365079089e+01
-7.894352745107798341e+01
-7.937284945619603604e+01
-7.977655097241193971e+01
-8.015610293820765264e+01
-8.051000495196514350e+01
-8.083824228211641127e+01
-8.114228586714341418e+01
-8.141989247040309863e+01
-8.167327586540248774e+01
-8.190093565052350755e+01
-8.210285709419818545e+01
-8.228051113490843704e+01
-8.243239737103630205e+01
-8.255924390603868801e+01
-8.266103600834762233e+01
-8.273775894639504713e+01
-8.278939798861293298e+01
-8.281668123845827267e+01
-8.281885112933802873e+01
-8.279663576470919395e+01
-8.275002041300371047e+01
-8.267824750762859765e+01
-8.258278798706577106e+01
-8.246362711974725812e+01
-8.232000733907999290e+01
-8.215339958354597627e+01
-8.196230345152716268e+01
-8.174818988150553878e+01
-8.151104414191308933e+01
-8.125085150118175648e+01
-8.096834006276853302e+01
-8.066200942505540183e+01
-8.033407336154932921e+01
-7.998377430565729185e+01
-7.961109752581123189e+01
-7.921677112546817057e+01
-7.880152320808505806e+01
-7.836459620706887108e+01
-7.790746106090156786e+01
-7.742936020299016775e+01
-7.693176457181660055e+01
-7.641391660078785719e+01
-7.587654439336091627e+01
-7.532037605299272798e+01
-7.474539684811530549e+01
-7.415233488218557056e+01
-7.354043147265707603e+01
-7.291115197824439065e+01
-7.226373213663362094e+01
-7.159948762358094143e+01
-7.091854557880240861e+01
-7.022118170901917722e+01
-6.950782028795735812e+01
-6.877888558934309060e+01
-6.803472760339997194e+01
-6.727577060385414143e+01
-6.650243886443170993e+01
-6.571500809185378955e+01
-6.491412541035403194e+01
-6.409999224315100719e+01
-6.327310714747338238e+01
-6.243396868054976778e+01
-6.158285254910126838e+01
-6.072018302685402347e+01
-5.984653295453914268e+01
-5.896210375537525294e+01
-5.806746827009347101e+01
-5.716297648891741545e+01
-5.624905268557320426e+01
-5.532612113378697671e+01
-5.439460610728484369e+01
-5.345508044679790771e+01
-5.250796842605232229e+01
-5.155384288577918994e+01
-5.059305381620212927e+01
-4.962617405805226412e+01
-4.865370216855821894e+01
-4.767598813794361234e+01
-4.669353052343706878e+01
-4.570675359876470623e+01
-4.471608163765263555e+01
-4.372186463032449666e+01
-4.272467541751139208e+01
-4.172486398943696173e+01
-4.072285461982731647e+01
-3.971914586591106655e+01
-3.871423628491685776e+01
-3.770855015057077964e+01
-3.670251173659897859e+01
-3.569661960023007197e+01
-3.469129801519016354e+01
-3.368704553870789198e+01
-3.268421216100687587e+01
-3.168322215581322254e+01
-3.068457408035557066e+01
-2.968861792485752815e+01
-2.869578034536841571e+01
-2.770657181073280029e+01
-2.672135660511344213e+01
-2.574057329617560441e+01
-2.476466045158455032e+01
-2.379413092250804596e+01
-2.282927470960634508e+01
-2.187067894754970965e+01
-2.091870792050090699e+01
-1.997372591262269736e+01
-1.903617149158034749e+01
-1.810633465803411113e+01
-1.718465397964924790e+01
-1.627156802409103165e+01
-1.536736679201971612e+01
-1.447248885110056627e+01
-1.358722420199383940e+01
-1.271201141236480403e+01
-1.184714048287371746e+01
-1.099297569768334348e+01
-1.014995562445894350e+01
-9.318295980358280772e+00
-8.498435333046614915e+00
-7.690700824935460034e+00
-6.895345314933825520e+00
-6.112695945453225477e+00
-5.343035288803672067e+00
-4.586683059046426258e+00
-3.843929256841749798e+00
-3.115078739550405373e+00
-2.400406651132154234e+00
-1.700165850496009101e+00
-1.014639652787006074e+00
-3.440853739243075471e-01
3.112248134724245885e-01
9.510261651337784672e-01
1.575065079315716599e+00
2.183140695560977562e+00
2.775044725062049800e+00
3.350591164062170613e+00
3.909586580454328608e+00
4.451830113781261034e+00
4.977143188636456550e+00
5.485324944562654181e+00
5.976226519554339589e+00
6.449706479956254235e+00
6.905615963762882892e+00
7.343828394019465300e+00
7.764113196867738154e+00
8.166477505657439906e+00
8.550628145363175392e+00
8.916630661011502923e+00
9.264250289253848081e+00
9.593475117249141704e+00
9.904144665151299876e+00
1.019624702011925699e+01
1.046969598580943206e+01
1.072433108237575539e+01
1.096021468047965008e+01
1.117718630027504290e+01
1.137538259592585987e+01
1.155471737108852359e+01
1.171510442941946373e+01
1.185653185807760224e+01
1.197906202772436579e+01
1.208260874201618051e+01
1.216723437161447130e+01
1.223292700367816543e+01
1.227960044186368727e+01
1.230746562383746223e+01
1.231628778625091591e+01
1.230627786677047197e+01
1.227749823605756063e+01
1.222993698127110207e+01
1.216387932358002644e+01
1.207931335014325747e+01
1.197630143162222005e+01
1.185512878918584256e+01
1.171578350999304519e+01
1.155840224820775752e+01
1.138304737449140625e+01
1.119000411001291440e+01
1.097918625842870455e+01
1.075087904090771040e+01
1.050507054460885037e+01
1.024197170719855343e+01
9.961719182840743869e+00
9.664523909201847118e+00
9.350522540445791009e+00
9.019926014238997425e+00
8.672945268247897133e+00
8.309791240138910240e+00
7.930600584075963688e+00
7.535509954222984419e+00
7.124863998550899247e+00
6.698821656274380310e+00
6.257601293410106180e+00
5.801413847624500519e+00
5.330470256583988764e+00
4.845011171355997348e+00
4.345306029796634384e+00
3.831650276713738812e+00
3.304338430302828922e+00
2.763650152058928278e+00
2.209894816878056112e+00
1.643352086255233102e+00
1.064311278540805761e+00
4.730670604972994076e-01
-1.300909523909302423e-01
-7.448692818973970953e-01
-1.370983215248910536e+00
-2.008139719919999955e+00
-2.656051706065394313e+00
-3.314409798789073047e+00
-3.982904623195016036e+00
-4.661189662635950803e+00
-5.348948113865608534e+00
-6.045840888586967665e+00
-6.751528898503006637e+00
-7.465717625418204051e+00
-8.187993697533043402e+00
-8.918151736854998290e+00
-9.655689231381550997e+00
-1.040040080312018134e+01
-1.115185822357086742e+01
-1.190978183123858969e+01
-1.267381768112582563e+01
-1.344353754473255336e+01
-1.421873604406625802e+01
-1.499898495062691062e+01
-1.578400460291949869e+01
-1.657336677244399681e+01
-1.736679179770538184e+01
-1.816385145020363368e+01
-1.896426606844374163e+01
-1.976768170742817077e+01
-2.057374442215941102e+01
-2.138202598413743161e+01
-2.219217244836471892e+01
-2.300390415334625160e+01
-2.381679287058201311e+01
-2.463055893857697143e+01
-2.544469984532861417e+01
-2.625908449634691877e+01
-2.707321037962936927e+01
-2.788679783368092657e+01
-2.869949291350408771e+01
-2.951094167410133196e+01
-3.032086445397763441e+01
-3.112883302463297142e+01
-3.193464008842073554e+01
-3.273777353506796572e+01
-3.353809075216011593e+01
-3.433507770977013251e+01
-3.512851751198098071e+01
-3.591797041236808496e+01
-3.670314523151191821e+01
-3.748375078999292498e+01
-3.825942162488905751e+01
-3.902971798977576867e+01
-3.979449727223849465e+01
-4.055331972585270961e+01
-4.130581988769635160e+01
-4.205185514535487101e+01
-4.279091146890122133e+01
-4.352284624592085294e+01
-4.424736829699422458e+01
-4.496411215919927429e+01
-4.567278665311646790e+01
-4.637317488282874223e+01
-4.706491138541404951e+01
-4.774777926495535496e+01
-4.842148734203308891e+01
-4.908574443722772429e+01
-4.974025937111969853e+01
-5.038481524779196263e+01
-5.101919517132747472e+01
-5.164303367880417994e+01
-5.225611387430502219e+01
-5.285829314541548030e+01
-5.344928031271597035e+01
-5.402885848028947180e+01
-5.459681075221890012e+01
-5.515284594908477089e+01
-5.569674717496996408e+01
-5.622844610096246498e+01
-5.674765154764271813e+01
-5.725422090259618813e+01
-5.774786298640331239e+01
-5.822850947015204071e+01
-5.869594345792533119e+01
-5.914987377030362836e+01
-5.959030636187738850e+01
-6.001695005322706322e+01
-6.042966223193808872e+01
-6.082830028559594382e+01
-6.121272160178606470e+01
-6.158270928459139526e+01
-6.193812072159739301e+01
-6.227903615089701361e+01
-6.260531042325749951e+01
-6.291678824217328980e+01
-6.321346034132562863e+01
-6.349524317089324654e+01
-6.376197889755238180e+01
-6.401365825498427853e+01
-6.425019769336766728e+01
-6.447143937937879343e+01
-6.467744833020138628e+01
-6.486799242900917761e+01
-6.504306240948341156e+01
-6.520264900530533225e+01
-6.534659438315117086e+01
-6.547496356020465669e+01
-6.558774727014704808e+01
-6.568486196315706138e+01
-6.576629837291594072e+01
-6.583204723310494444e+01
-6.588209927740527405e+01
-6.591651952300068729e+01
-6.593529870357241407e+01
-6.593842755280168433e+01
-6.592597108787225579e+01
-6.589799432596785778e+01
-6.585448800076972020e+01
-6.579544284595908721e+01
-6.572099816222221591e+01
-6.563114468324030781e+01
-6.552594742619712065e+01
-6.540532284127137075e+01
-6.526948451265182882e+01
-6.511834889051721120e+01
-6.495198099205124720e+01
-6.477052011794019393e+01
-6.457410556887028008e+01
-6.436295092903024795e+01
-6.413704693210131325e+01
-6.389668144577476028e+01
-6.364191948723427572e+01
-6.337290035716612380e+01
-6.308983763975902548e+01
-6.279272206869423911e+01
-6.248176722816048567e+01
-6.215703813534151578e+01
-6.181874837442605752e+01
-6.146688867909534082e+01
-6.110174691704062866e+01
-6.072331382194313676e+01
-6.033195154499659907e+01
-5.992779938688726560e+01
-5.951107009697530970e+01
-5.908182451830160176e+01
-5.864041979308850472e+01
-5.818699021305081232e+01
-5.772167006990337512e+01
-5.724466793886350047e+01
-5.675626667865104480e+01
-5.625652629747830957e+01
-5.574572965406512282e+01
-5.522408532362882028e+01
-5.469172759788423832e+01
-5.414901361905368304e+01
-5.359600339534949143e+01
-5.303320263599900386e+01
-5.246067134921452890e+01
-5.187876667721839397e+01
-5.128769719522793480e+01
-5.068782004546547881e+01
-5.007919523614334878e+01
-4.946225419298637149e+01
-4.883720549121188270e+01
-4.820418342253469035e+01
-4.756354512917715027e+01
-4.691542490285406330e+01
-4.626017988578777818e+01
-4.559809293669810870e+01
-4.492929834729987704e+01
-4.425407897631292542e+01
-4.357286624946206643e+01
-4.288572017495964417e+01
-4.219307217853046410e+01
-4.149505655188937681e+01
-4.079203043725869549e+01
-4.008420240985574878e+01
-3.937192961190287122e+01
-3.865542061861738432e+01
-3.793503257222160840e+01
-3.721089976443037273e+01
-3.648345362096852540e+01
-3.575282843355086726e+01
-3.501938134439973993e+01
-3.428332092873245784e+01
-3.354493004526886324e+01
-3.280456583623127642e+01
-3.206236259333452665e+01
-3.131860317529844195e+01
-3.057371900784784202e+01
-2.982777009919506739e+01
-2.908126215856742647e+01
-2.833432947767976273e+01
-2.758733060935439951e+01
-2.684055546531116221e+01
-2.609429536786987214e+01
-2.534884163935036128e+01
-2.460441131856994446e+01
-2.386122144434595782e+01
-2.311963762250072918e+01
-2.237987689185156981e+01
-2.164215629121581586e+01
-2.090684142641579513e+01
-2.017407505276632307e+01
-1.944422277608973104e+01
-1.871750163520334809e+01
-1.799412866892449614e+01
-1.727432091607049713e+01
-1.655851826596618537e+01
-1.584678919042387513e+01
-1.513949929526589777e+01
-1.443686561930958234e+01
-1.373903091786975139e+01
-1.304636079676872917e+01
-1.235899801132134002e+01
-1.167723388384741412e+01
-1.100128545316427164e+01
-1.033144404159174101e+01
-9.667778120942147169e+00
-9.010653297037817921e+00
-8.360212325193575822e+00
-7.716657387526247192e+00
-7.080242664604407210e+00
-6.451162910194633504e+00
-5.829620306413747954e+00
-5.215787321977580326e+00
-4.609866139002953389e+00
-4.012044082906191633e+00
-3.422493622403123048e+00
-2.841424367960822650e+00
-2.269001359944865293e+00
-1.705404495421326772e+00
-1.150793614910607721e+00
-6.053300446031586457e-01
-6.917659635947968899e-02
4.574950039396282753e-01
9.745301156189398739e-01
1.481771126663129712e+00
1.979075281757371352e+00
2.466336967338091046e+00
2.943420856440710942e+00
3.410206478801157903e+00
3.866565935805104992e+00
4.312369313453153552e+00
4.747500921256358808e+00
5.171828196640204212e+00
5.585263147131673378e+00
5.987688066856748037e+00
6.378992678291660390e+00
6.759066703912642637e+00
7.127785009495427815e+00
7.485148742769999863e+00
7.830928772608588773e+00
8.165193101893429173e+00
8.487861166501753374e+00
8.798926685813293957e+00
9.098234812202782962e+00
9.385853548552454129e+00
9.661628047237037720e+00
9.925552027636268093e+00
1.017761920912987961e+01
1.041782331109760129e+01
1.064600948591416696e+01
1.086224573646181035e+01
1.106652578212026228e+01
1.125869477526425833e+01
1.143882071877602868e+01
1.160689733203530416e+01
1.176291833442182089e+01
1.190695172881781083e+01
1.203891695110050541e+01
1.215895628765463599e+01
1.226691489085493991e+01
1.236286076358364561e+01
1.244686190872298681e+01
1.251891204565269611e+01
1.257907917725500546e+01
1.262735702290964923e+01
1.266373930199635822e+01
1.268829401739736618e+01
1.270108917199490506e+01
1.270219276867120684e+01
1.269174709381100818e+01
1.266967158329153520e+01
1.263618280700002394e+01
1.259127448431620877e+01
1.253508890162481926e+01
1.246769406180808915e+01
1.238915796774825040e+01
1.229954862232753676e+01
1.219900831193068136e+01
1.208760503943991438e+01
1.196540680773746956e+01
1.183255513015030580e+01
1.168911414427178386e+01
1.153529578164249081e+01
1.137108912329551558e+01
1.119670610077144524e+01
1.101221007860586631e+01
1.081781298833936766e+01
1.061357819450753226e+01
1.039971762865095073e+01
1.017622037180271199e+01
9.943446922508400121e+00
9.701386361801104030e+00
9.450250621221409020e+00
9.190177348807404556e+00
8.921378476099679489e+00
8.643917367633816795e+00
8.358005954950405325e+00
8.063707602585035161e+00
7.761308525580790985e+00
7.450946371975759597e+00
7.132714219706530301e+00
6.806801715262941421e+00
6.473398505134825065e+00
6.132709092512522275e+00
5.784915695535620905e+00
5.430230245744707140e+00
5.068827532929118362e+00
4.700926916979692116e+00
4.326703187685765783e+00
3.946345991537175468e+00
3.560037546673509468e+00
3.167960071234355635e+00
2.770288355009050907e+00
2.367212044487431388e+00
1.958913357809086264e+00
1.545559656413101779e+00
1.127362871840065228e+00
7.045163647549391728e-01
2.772112673176109765e-01
-1.543523742917321251e-01
-5.899804565731031625e-01
-1.029466247831089198e+00
-1.472627529926103129e+00
-1.919252371317557992e+00
-2.369143697165366103e+00
-2.822097004279190635e+00
-3.277915217818943461e+00
-3.736393834594287977e+00
-4.197328351414887138e+00
-4.660521693440651703e+00
-5.125783282780234096e+00
-5.592918815936234189e+00
-6.061725629659489023e+00
-6.532008489051085220e+00
-7.003601872613112178e+00
-7.476265975345156356e+00
-7.949760992246808655e+00
-8.424017970373400388e+00
-8.898670822770274214e+00
-9.373650596492767662e+00
-9.848591204586215397e+00
-1.032342369410595673e+01
-1.079785626159983103e+01
-1.127167138711817351e+01
-1.174472583421382410e+01
-1.221687636643961561e+01
-1.268783118034339097e+01
-1.315744703947798477e+01
-1.362558070739623695e+01
-1.409194038064598686e+01
-1.455653138978506256e+01
-1.501898764785881291e+01
-1.547924020192257366e+01
-1.593699724852417532e+01
-1.639218983471896252e+01
-1.684460044055726513e+01
-1.729401154608943258e+01
-1.774020563136579653e+01
-1.818318802694419034e+01
-1.862259264586995755e+01
-1.905842481870093152e+01
-1.949039274198495519e+01
-1.991842746277736254e+01
-2.034231146112849231e+01
-2.076197578409368205e+01
-2.117712862822076758e+01
-2.158777532406758937e+01
-2.199362406818197968e+01
-2.239460590761928671e+01
-2.279065188943483733e+01
-2.318147021017647447e+01
-2.356699191689953565e+01
-2.394714805665935486e+01
-2.432172110950627797e+01
-2.469056783899313601e+01
-2.505369357567776589e+01
-2.541088079961050639e+01
-2.576198627434419564e+01
-2.610694104693417472e+01
-2.644560188093327113e+01
-2.677789828622211488e+01
-2.710375362398242771e+01
-2.742301543471871739e+01
-2.773553125893549165e+01
-2.804129720414226412e+01
-2.834023509434602772e+01
-2.863211818654880503e+01
-2.891694258826009900e+01
-2.919463012348691322e+01
-2.946510261623625482e+01
-2.972828189051514514e+01
-2.998401548682807416e+01
-3.023237379618706555e+01
-3.047320435909660574e+01
-3.070635471606122735e+01
-3.093189525809291851e+01
-3.114974780919869701e+01
-3.135975990988307061e+01
-3.156192766765554225e+01
-3.175617290652311908e+01
-3.194249173399531827e+01
-3.212080597407912563e+01
-3.229118601778657194e+01
-3.245347940562216849e+01
-3.260775652859790341e+01
-3.275401349422328678e+01
-3.289217212650533639e+01
-3.302222853295355520e+01
-3.314417882107744617e+01
-3.325794481488402710e+01
-3.336359690538529321e+01
-3.346113120009076169e+01
-3.355039523950494385e+01
-3.363153369814233429e+01
-3.370446840000995081e+01
-3.376919545261728928e+01
-3.382585953047887983e+01
-3.387438245760171185e+01
-3.391476034149528829e+01
-3.394706357317163992e+01
-3.397128826014024838e+01
-3.398743050991064507e+01
-3.399563499699731040e+01
-3.399574926190478408e+01
-3.398791797914754653e+01
-3.397213725623512204e+01
-3.394847748417949873e+01
-3.391686048698771572e+01
-3.387750522267675279e+01
-3.383033351525363486e+01
-3.377548937287141229e+01
-3.371296557123239523e+01
-3.364297707018494066e+01
-3.356551597906991447e+01
-3.348064869073064642e+01
-3.338851588151302963e+01
-3.328903537725540218e+01
-3.318242213780612104e+01
-3.306866827250605922e+01
-3.294784017419856070e+01
-3.282007851922949015e+01
-3.268544970044219866e+01
-3.254402011068005152e+01
-3.239578185928390752e+01
-3.224102418960461591e+01
-3.207973921098303549e+01
-3.191199331626253866e+01
-3.173800146529147170e+01
-3.155768148390819405e+01
-3.137132261546356560e+01
-3.117891696929843803e+01
-3.098060522175867959e+01
-3.077660233269263657e+01
-3.056682612793868614e+01
-3.035156585084765979e+01
-3.013081361076043763e+01
-2.990471008402286657e+01
-2.967339594698080774e+01
-2.943701187598012226e+01
-2.919554998036165827e+01
-2.894922521997378695e+01
-2.869810398765985227e+01
-2.844232695976572245e+01
-2.818196052913475569e+01
-2.791721965561531249e+01
-2.764824501555323621e+01
-2.737510300179189926e+01
-2.709808285768215441e+01
-2.681717669256486047e+01
-2.653259946628837085e+01
-2.624441757169605083e+01
-2.595292025213875675e+01
-2.565802533345484093e+01
-2.535994777549266743e+01
-2.505882825459809027e+01
-2.475480744711697412e+01
-2.444787746239017068e+01
-2.413840182727103567e+01
-2.382629836759793562e+01
-2.351185632672172687e+01
-2.319514268882106123e+01
-2.287637537042080638e+01
-2.255562431237613197e+01
-2.223303373904468927e+01
-2.190882215828665380e+01
-2.158298522745468873e+01
-2.125581573791144763e+01
-2.092738363051211081e+01
-2.059783312961432955e+01
-2.026723417607327349e+01
-1.993580527774910749e+01
-1.960361637549699054e+01
-1.927096026067959400e+01
-1.893783259064957747e+01
-1.860437758976460287e+01
-1.827088804938734157e+01
-1.793735962687045316e+01
-1.760401083007410250e+01
-1.727091159985345215e+01
-1.693828044406867050e+01
-1.660626158707741595e+01
-1.627485068623235875e+01
-1.594426624939365844e+01
-1.561465250091898227e+01
-1.528607938166348923e+01
-1.495876539948735129e+01
-1.463270621174322805e+01
-1.430812032629128083e+01
-1.398507768398668460e+01
-1.366379679268959180e+01
-1.334427330975267090e+01
-1.302680002653858615e+01
-1.271129831689750311e+01
-1.239798668868958487e+01
-1.208700936627249334e+01
-1.177836200699889702e+01
-1.147233740223145482e+01
-1.116885692582033762e+01
-1.086821336912820435e+01
-1.057032810600522055e+01
-1.027541964431155108e+01
-9.983557924902358494e+00
-9.694887172135310038e+00
-9.409477326865566482e+00
-9.127398329948293920e+00
-8.848720122238658448e+00
-8.573661211596819598e+00
-8.302291538877941690e+00
-8.034532477932193828e+00
-7.770676820122238482e+00
-7.510713917417749741e+00
-7.254749038911208814e+00
-7.002888576662360087e+00
-6.755209209329940734e+00
-6.511780187222448113e+00
-6.272685617348870757e+00
-6.037994750017702472e+00
-5.807784263887685761e+00
-5.582138265967810931e+00
-5.361126006566571789e+00
-5.144809307642210783e+00
-4.933242562802719888e+00
-4.726495022356588471e+00
-4.524628508262062532e+00
-4.327697414127132269e+00
-4.135756133559790548e+00
-3.948873916868530287e+00
-3.767090300960841187e+00
-3.590452251094467861e+00
-3.419006732527151371e+00
-3.252800710516633664e+00
-3.091873721970407551e+00
-2.936280160496465008e+00
-2.786059563002297956e+00
-2.641229181344649124e+00
-2.501828552431010433e+00
-2.367867499767874140e+00
-2.239370703562232112e+00
-2.116370272371326244e+00
-1.998890886402149736e+00
-1.886942369161193955e+00
-1.780541972505201409e+00
-1.679706948290913715e+00
-1.584439691674573991e+00
-1.494757454512923633e+00
-1.410662631962205316e+00
-1.332172475879160878e+00
-1.259289381420032772e+00
-1.192015743741063005e+00
-1.130339101297993532e+00
-1.074254420896816997e+00
-1.023749240993275578e+00
-9.788185283933608094e-01
-9.394572499030655610e-01
-9.056455156278815366e-01
-8.773782923738010497e-01
-8.546356902463164706e-01
-8.373903910006699203e-01
-8.256299330926033520e-01
-8.193269982773592197e-01
-8.184771151785472654e-01
-8.230483462892492774e-01
-8.330093159201644726e-01
-8.483212200317423735e-01
-8.689303978839321152e-01
-8.948129021376831638e-01
-9.259225004031951256e-01
-9.622129602906672741e-01
-1.003645477760548799e+00
-1.050173820423039528e+00
-1.101744327538088042e+00
-1.158303338365644697e+00
-1.219812048866158127e+00
-1.286216798299578024e+00
-1.357463925925853632e+00
-1.433499771004934642e+00
-1.514270672796769857e+00
-1.599700685510559328e+00
-1.689736148406252303e+00
-1.784308544043297307e+00
-1.883349354981144863e+00
-1.986797492129493969e+00
-2.094584438047793817e+00
-2.206641675295493599e+00
-2.322885829731543339e+00
-2.443248383915392008e+00
-2.567653392056238992e+00
-2.696024908363283679e+00
-2.828286987045725898e+00
-2.964363682312764148e+00
-3.104179048373598260e+00
-3.247649711087177593e+00
-3.394692296312451507e+00
-3.545238286608869860e+00
-3.699211736185631594e+00
-3.856514414201186902e+00
-4.017085231565233450e+00
-4.180818529085970958e+00
-4.347623504272100092e+00
-4.517409354632319740e+00
-4.690085277675328790e+00
-4.865545614209326963e+00
-5.043706990093263620e+00
-5.224478602835837648e+00
-5.407754793245249658e+00
-5.593452187180448121e+00
-5.781487410500382396e+00
-5.971769660713752259e+00
-6.164208135329256599e+00
-6.358704603505344721e+00
-6.555175319146329116e+00
-6.753520191637472081e+00
-6.953616473358644967e+00
-7.155467698643975361e+00
-7.358817409568835899e+00
-7.563669140467350616e+00
-7.769952142171144160e+00
-7.977447098506840639e+00
-8.186157543808564085e+00
-8.396012728907937372e+00
-8.606793337631588159e+00
-8.818428620811138430e+00
-9.030922112780711331e+00
-9.244054497366931855e+00
-9.457829308903926702e+00
-9.672101514720816695e+00
-9.886726082146726213e+00
-1.010170654551578195e+01
-1.031682358865460536e+01
-1.053208074589732313e+01
-1.074733298457305608e+01
-1.096250955551343331e+01
-1.117746542604757387e+01
-1.139212984700710507e+01
-1.160643206922365067e+01
-1.182030134352883444e+01
-1.203351835374928136e+01
-1.224616091772161219e+01
-1.245800971927245726e+01
-1.266899400923343499e+01
-1.287904303843617448e+01
-1.308808605771229416e+01
-1.329605231789342312e+01
-1.350279678630868396e+01
-1.370824871378970222e+01
-1.391233735116809456e+01
-1.411491766577299956e+01
-1.431599319193852615e+01
-1.451541889699380938e+01
-1.471319831527296884e+01
-1.490918641410512713e+01
-1.510323816081941217e+01
-1.529543137325244651e+01
-1.548554673523085867e+01
-1.567358778108876294e+01
-1.585940947815528901e+01
-1.604301536076456713e+01
-1.622426039624571104e+01
-1.640307383543035158e+01
-1.657945921265261191e+01
-1.675327067605646647e+01
-1.692443338054781421e+01
-1.709294594534990352e+01
-1.725873270618347988e+01
-1.742164371526680000e+01
-1.758175187532560813e+01
-1.773898152208065326e+01
-1.789310842424768566e+01
-1.804427976805495248e+01
-1.819227132221820398e+01
-1.833715598946319147e+01
-1.847878382200815750e+01
-1.861715343907636111e+01
-1.875218917638854421e+01
-1.888381536966546292e+01
-1.901203063813035143e+01
-1.913675931750397652e+01
-1.925800002700957947e+01
-1.937567710236790575e+01
-1.948978916280220375e+01
-1.960018626053073376e+01
-1.970701558178173940e+01
-1.981005289527096380e+01
-1.990929682022166247e+01
-2.000482025935958319e+01
-2.009647326490297559e+01
-2.018425445607508451e+01
-2.026816245209916545e+01
-2.034812158869596388e+01
-2.042413048508873175e+01
-2.049618776050071034e+01
-2.056429203415515516e+01
-2.062844192527531817e+01
-2.068856176958194482e+01
-2.074465018629827995e+01
-2.079670579464758262e+01
-2.084472721385309057e+01
-2.088871306313806286e+01
-2.092858767822324140e+01
-2.096442396183438106e+01
-2.099614624969222731e+01
-2.102375316102002856e+01
-2.104731759854353612e+01
-2.106668961448099608e+01
-2.108201639506066272e+01
-2.109322227600328503e+01
-2.110030587653210432e+01
-2.110334009937287547e+01
-2.110224928024635105e+01
-2.109710632187827173e+01
-2.108783509219441399e+01
-2.107458043844813034e+01
-2.105726388959029904e+01
-2.103588125807429776e+01
-2.101050263985600353e+01
-2.098112384738879399e+01
-2.094781497662853909e+01
-2.091049755652612419e+01
-2.086924168303742277e+01
-2.082404316861581250e+01
-2.077489782571467103e+01
-2.072187575028987183e+01
-2.066497275479479256e+01
-2.060425893518531382e+01
-2.053973010391480614e+01
-2.047145635693915366e+01
-2.039950779021422989e+01
-2.032388021619341600e+01
-2.024464373083257485e+01
-2.016186843008760121e+01
-2.007547584290936271e+01
-1.998561034875623932e+01
-1.989234204358410096e+01
-1.979559245634383302e+01
-1.969543168299130897e+01
-1.959200410298490524e+01
-1.948523124527550010e+01
-1.937518320581897058e+01
-1.926193008057119371e+01
-1.914554196548804299e+01
-1.902601467302289961e+01
-1.890349258263413645e+01
-1.877797150677513471e+01
-1.864952154140176432e+01
-1.851813849896741004e+01
-1.838396675893044829e+01
-1.824692785024175379e+01
-1.810724043586219878e+01
-1.796482604474266864e+01
-1.781982905634153269e+01
-1.767224528311217213e+01
-1.752214482101046045e+01
-1.736959776599228178e+01
-1.721467421401350606e+01
-1.705744426103001388e+01
-1.689790371949517933e+01
-1.673627125236988178e+01
-1.657254267210749887e+01
-1.640678807466390055e+01
-1.623900327249247155e+01
-1.606933284854621746e+01
-1.589777363275167410e+01
-1.572439694203251470e+01
-1.554934837681489590e+01
-1.537255068701749927e+01
-1.519422375656898438e+01
-1.501429033538801860e+01
-1.483297030740327749e+01
-1.465026070603592068e+01
-1.446615856470712380e+01
-1.428088376734554821e+01
-1.409435906386986659e+01
-1.390680433820874384e+01
-1.371821662378335205e+01
-1.352859295401485618e+01
-1.333815321283192290e+01
-1.314682015015322492e+01
-1.295481364990742712e+01
-1.276205646201319688e+01
-1.256869418689670503e+01
-1.237479814148161950e+01
-1.218043964269160462e+01
-1.198569000745033009e+01
-1.179054626917896798e+01
-1.159515402830368203e+01
-1.139951031824564076e+01
-1.120376073943101503e+01
-1.100797660878346917e+01
-1.081215495972417351e+01
-1.061644139267929710e+01
-1.042083294107000491e+01
-1.022547520532246601e+01
-1.003043950236035009e+01
-9.835722865604827447e+00
-9.641470895482060044e+00
-9.447680625413218181e+00
-9.254423372321971542e+00
-9.061770453131988035e+00
-8.869793184766933791e+00
-8.678562884150478496e+00
-8.488076584703790672e+00
-8.298479886853035836e+00
-8.109844107521885448e+00
-7.922091996629006871e+00
-7.735443438103065894e+00
-7.549895465365231928e+00
-7.365474825237673606e+00
-7.182282548045058945e+00
-7.000360237310054856e+00
-6.819756924905580497e+00
-6.640529655013522436e+00
-6.462737807650646538e+00
-6.286433918442183355e+00
-6.111685379713868826e+00
-5.938537298740685699e+00
-5.767034782797618497e+00
-5.597245224210397829e+00
-5.429213730254008219e+00
-5.263000264903934244e+00
-5.098642507084909070e+00
-4.936200420772415498e+00
-4.775726541591686747e+00
-4.617243691766957703e+00
-4.460819263623959863e+00
-4.306476079386928113e+00
-4.154266674681095672e+00
-4.004228728431195705e+00
-3.856414776262460986e+00
-3.710855068749375985e+00
-3.567579856466423394e+00
-3.426634246688587293e+00
-3.288048489990350820e+00
-3.151860265296447583e+00
-3.018107251531610746e+00
-2.886819699270323447e+00
-2.758027859087070599e+00
-2.631769409906583590e+00
-2.508067173953097306e+00
-2.386943973450844858e+00
-2.268444915674808993e+00
-2.152592822849223708e+00
-2.039417945548572586e+00
-1.928928249296589348e+00
-1.821153984667756687e+00
-1.716117973886308157e+00
-1.613828182475977258e+00
-1.514307432660997987e+00
-1.417571118315353207e+00
-1.323642061663276248e+00
-1.232535656578750860e+00
-1.144259868585510320e+00
-1.058822663207288128e+00
-9.762468626683178385e-01
-8.965352326471578426e-01
-8.197068811929163479e-01
-7.457705166643520123e-01
-6.747326189151481302e-01
-6.065966964588882515e-01
-5.413670006441808624e-01
-4.790485256546591630e-01
-4.196459093520529260e-01
-3.631645928155509684e-01
-3.096096608024385133e-01
-2.589802553898005177e-01
-2.112726215981246547e-01
-1.664831530149034622e-01
-1.246087632121470196e-01
-8.564599434435293812e-02
-4.959175998353124865e-02
-1.644104233062708767e-02
1.381318206798196925e-02
4.118217082556085290e-02
6.567346738024952557e-02
8.729758651028782235e-02
1.060635573238656870e-01
1.219804089291730564e-01
1.350608846095248394e-01
1.453244131634610081e-01
1.527948803996713456e-01
1.574946864567959015e-01
1.594462314734745312e-01
1.586741440934221481e-01
1.551993387852287076e-01
1.490464441926090955e-01
1.402371176191782587e-01
1.287952448736260358e-01
1.147432260945924348e-01
9.810420425574238601e-02
7.890057949571568918e-02
5.715623762320237722e-02
3.289484159638482452e-02
6.147408440192936828e-03
-2.305393056790585107e-02
-5.467682129993661766e-02
-8.868942961244195844e-02
-1.250583614084119499e-01
-1.637525253794141766e-01
-2.047398645314837118e-01
-2.479860933655806399e-01
-2.934576692176900647e-01
-3.411232779288720929e-01
-3.909471483300366867e-01
-4.428972234272190445e-01
-4.969407033914292060e-01
-5.530418170535772449e-01
-6.111595933993982932e-01
-6.712545470846774665e-01
-7.332760502398245617e-01
-7.971935315409249823e-01
-8.629578487884388416e-01
-9.305346345878056091e-01
-9.998669089116335451e-01
-1.070927323238010320e+00
-1.143666243994273746e+00
-1.218041465958012104e+00
-1.294025640607312289e+00
-1.371569134369512666e+00
-1.450629742022200741e+00
-1.531165258342964464e+00
-1.613133478109391339e+00
-1.696484767748819511e+00
-1.781176922038836485e+00
-1.867152879056530157e+00
-1.954377861929738280e+00
-2.042802237085799000e+00
-2.132368942601798878e+00
-2.223043201605577224e+00
-2.314767952174220600e+00
-2.407500989085317400e+00
-2.501200107116455573e+00
-2.595815672694971710e+00
-2.691290623897955037e+00
-2.787590183853243087e+00
-2.884657290637923310e+00
-2.982457167379832796e+00
-3.080932752156060328e+00
-3.180041839744193855e+00
-3.279742224921819549e+00
-3.379976845766027083e+00
-3.480703497054403073e+00
-3.581872545214285886e+00
-3.683441785023263026e+00
-3.785361582908671085e+00
-3.887582305297850649e+00
-3.990054318618136975e+00
-4.092727989296869318e+00
-4.195568540461884766e+00
-4.298518910190270326e+00
-4.401536893259615724e+00
-4.504587712797756716e+00
-4.607614306881782973e+00
-4.710581898639530252e+00
-4.813433426148088223e+00
-4.916141540885543115e+00
-5.018649180928983711e+00
-5.120928997756497125e+00
-5.222923929445172142e+00
-5.324591770772595822e+00
-5.425905173216856170e+00
-5.526807074855039303e+00
-5.627262298434469123e+00
-5.727226636830149431e+00
-5.826655482536569508e+00
-5.925519084748716026e+00
-6.023765407610829570e+00
-6.121364700317898588e+00
-6.218264927014161003e+00
-6.314436336894605262e+00
-6.409834322453718869e+00
-6.504421704536244242e+00
-6.598161303986917581e+00
-6.691023370000725556e+00
-6.782963295072159227e+00
-6.873943900045957456e+00
-6.963928005766857332e+00
-7.052923003181100547e+00
-7.140802572930420311e+00
-7.227603819362060200e+00
-7.313252421569504946e+00
-7.397822625651246931e+00
-7.481165827198271501e+00
-7.563281988806569878e+00
-7.644171073072127953e+00
-7.723758759088435788e+00
-7.802045009451482827e+00
-7.879029786757254961e+00
-7.954638770099245804e+00
-8.028871922073438583e+00
-8.101729205275825407e+00
-8.173136298799891009e+00
-8.243018881739129000e+00
-8.311451200192022881e+00
-8.378433216754565649e+00
-8.443816327017744428e+00
-8.507674777080048045e+00
-8.569934246034963010e+00
-8.630668979980978150e+00
-8.689730374509085919e+00
-8.747192675717769816e+00
-8.802981562700523455e+00
-8.857171281555832110e+00
-8.909687511377185842e+00
-8.960455931258071161e+00
-9.009625070799479829e+00
-9.056972042089896036e+00
-9.102645374730313321e+00
-9.146570747814218194e+00
-9.188822407440097706e+00
-9.229251749198940757e+00
-9.267858735686740346e+00
-9.304791598031826538e+00
-9.339825955959422998e+00
-9.373182831737100429e+00
-9.404637546617422572e+00
-9.434336839365464300e+00
-9.462204598238788122e+00
-9.488238994997466591e+00
-9.512438201401568705e+00
-9.534800389211159910e+00
-9.555398013688812142e+00
-9.574154963092091464e+00
-9.590995125678567490e+00
-9.606065240213309764e+00
-9.619363478456387284e+00
-9.630739445162866730e+00
-9.640339879097817644e+00
-9.648088668518807864e+00
-9.653983985185909944e+00
-9.658098284361686936e+00
-9.660429737806211392e+00
-9.660902233777049375e+00
-9.659588227536771043e+00
-9.656485890845445397e+00
-9.651593395463139657e+00
-9.644983196652423985e+00
-9.636579182670866217e+00
-9.626379525278533578e+00
-9.614530963240499162e+00
-9.600957384814325479e+00
-9.585656961760086858e+00
-9.568702149340348129e+00
-9.550016835812678906e+00
-9.529673476439651125e+00
-9.507670242981328457e+00
-9.484005307197779899e+00
-9.458751124351577388e+00
-9.431905866202789923e+00
-9.403393421008983566e+00
-9.373360527535224307e+00
-9.341805357541588251e+00
-9.308651799285637907e+00
-9.273972308029943434e+00
-9.237839339037076769e+00
-9.200251064067099804e+00
-9.161131371377589261e+00
-9.120626999733607576e+00
-9.078661837392724365e+00
-9.035308339617509787e+00
-8.990564678168034618e+00
-8.944503308306861911e+00
-8.897048137309129245e+00
-8.848345999027712239e+00
-8.798320895825552768e+00
-8.747119680573101519e+00
-8.694592072130795657e+00
-8.640884923369078763e+00
-8.586070803655895034e+00
-8.530073715354186348e+00
-8.472966227831898678e+00
-8.414672343451973902e+00
-8.355413198587353207e+00
-8.295038512098480865e+00
-8.233695136855800456e+00
-8.171307075222253857e+00
-8.108021180068286426e+00
-8.043761453756840041e+00
-7.978600465655858009e+00
-7.912536501630781594e+00
-7.845716414552057927e+00
-7.777989923280126838e+00
-7.709503880685432797e+00
-7.640256572633417065e+00
-7.570320568492025615e+00
-7.499694154126699708e+00
-7.428375615402882381e+00
-7.356437521688516945e+00
-7.283878158849049100e+00
-7.210740382851418495e+00
-7.137067049662569218e+00
-7.062886158548944415e+00
-6.988218280426737650e+00
-6.913091414562392956e+00
-6.837540988572601286e+00
-6.761587573373556204e+00
-6.685266596581952214e+00
-6.608606057464232464e+00
-6.531648811987338377e+00
-6.454422859417713987e+00
-6.376956199021803329e+00
-6.299276830066046884e+00
-6.221427608517391405e+00
-6.143436533642277375e+00
-6.065324176356898356e+00
-5.987118535927698382e+00
-5.908855039971370182e+00
-5.830561687754355127e+00
-5.752259050192849443e+00
-5.673982554903543196e+00
-5.595752772802631725e+00
-5.517605131506806870e+00
-5.439567862183073643e+00
-5.361662695250427824e+00
-5.283933878079175805e+00
-5.206395944638622986e+00
-5.129085713948828840e+00
-5.052025148329347459e+00
-4.975251066800237432e+00
-4.898778003330805042e+00
-4.822635348590856630e+00
-4.746859921600450782e+00
-4.671466256328892008e+00
-4.596483743445986647e+00
-4.521941773621543703e+00
-4.447862309175118156e+00
-4.374274740776518122e+00
-4.301201030745299470e+00
-4.228670569751269426e+00
-4.156712748464234330e+00
-4.085342100853501357e+00
-4.014588017588875957e+00
-3.944465032639666635e+00
-3.875009965025929759e+00
-3.806229920366721142e+00
-3.738154289331849345e+00
-3.670805034240868014e+00
-3.604196689063086989e+00
-3.538351216118062137e+00
-3.473290577725349770e+00
-3.409036736204506646e+00
-3.345596797174589909e+00
-3.283007579655655483e+00
-3.221276189266761403e+00
-3.160424588327463535e+00
-3.100467310807068611e+00
-3.041418890674884246e+00
-2.983301290250465865e+00
-2.926129043503121974e+00
-2.869909256051907498e+00
-2.814663890216379638e+00
-2.760407479965846012e+00
-2.707154559269612903e+00
-2.654912233746737016e+00
-2.603695037366525078e+00
-2.553517504098283819e+00
-2.504394167911320856e+00
-2.456324706074441089e+00
-2.409338509257453076e+00
-2.363427826378912133e+00
-2.318614619758375905e+00
-2.274898566664651067e+00
-2.232294535778556632e+00
-2.190803877926463361e+00
-2.150450563697003492e+00
-2.111243706978309209e+00
-2.073177564958013530e+00
-2.036268679874499110e+00
-2.000518737265648550e+00
-1.965944279369844505e+00
-1.932546991724969798e+00
-1.900328559868906808e+00
-1.869298097689787941e+00
-1.839464719075746713e+00
-1.810822681214414365e+00
-1.783381097993924858e+00
-1.757141654952160570e+00
-1.732106037627003436e+00
-1.708275931556336724e+00
-1.685653022278043034e+00
-1.664238995330004967e+00
-1.644035536250104901e+00
-1.625036902225975632e+00
-1.607244778795499984e+00
-1.590660851496560335e+00
-1.575279377516789259e+00
-1.561109470744319827e+00
-1.548137960016534143e+00
-1.536359102521065445e+00
-1.525774583795795891e+00
-1.516371232678108250e+00
-1.508158163056135148e+00
-1.501107347066759301e+00
-1.495235326948363364e+00
-1.490528931538329660e+00
-1.486974989674041403e+00
-1.484575186893380971e+00
-1.483316352033730690e+00
-1.483192742282723575e+00
-1.484206043178242229e+00
-1.486335655207418949e+00
-1.489575835557886752e+00
-1.493920841417278211e+00
-1.499357501622976097e+00
-1.505880073362612537e+00
-1.513467957123320717e+00
-1.522115410092732990e+00
-1.531816689458481928e+00
-1.542551195707700495e+00
-1.554313186028021043e+00
-1.567089489256826340e+00
-1.580866934231498933e+00
