# d_a
0.000000000000000000e+00
8.774178658197612890e+01
1.712397695826134623e+02
2.507285100787579495e+02
3.264260392841459293e+02
3.985353589694020684e+02
4.672457760131101736e+02
5.327340919986544350e+02
5.951656658654967487e+02
6.546953651596402324e+02
7.114684193323791987e+02
7.656211867487834297e+02
8.172818455381226386e+02
8.665710171068297996e+02
9.136023300068411572e+02
9.584829308802367223e+02
1.001313948361697157e+03
1.042190915093812919e+03
1.081204152380439155e+03
1.118439121456193334e+03
1.153976744874260703e+03
1.187893701100010958e+03
1.220262695036113882e+03
1.251152706888764669e+03
1.280629221508136652e+03
1.308754440094030087e+03
1.335587475945411143e+03
1.361184535746171605e+03
1.385599087715761698e+03
1.408882017809332183e+03
1.431081775025248589e+03
1.452244506766122868e+03
1.472414185100914437e+03
1.491632724688575081e+03
1.509940093046775019e+03
1.527374413781039266e+03
1.543972063329298180e+03
1.559767761723227068e+03
1.574794657820168595e+03
1.589084409417081361e+03
1.602667258620229859e+03
1.615572102810677279e+03
1.627826561515592175e+03
1.639457039468461744e+03
1.650488786117201926e+03
1.660945951817529931e+03
1.670851640929481619e+03
1.680227962017454047e+03
1.689096075338330593e+03
1.697476237787962873e+03
1.705387845463332496e+03
1.712849473985996156e+03
1.719878916721737141e+03
1.726493221021646832e+03
1.732708722600995316e+03
1.738541078164176724e+03
1.744005296376592241e+03
1.749115767277560735e+03
1.753886290222110574e+03
1.758330100433765438e+03
1.762459894245164378e+03
1.766287853098478536e+03
1.769825666373078548e+03
1.773084553103740745e+03
1.776075282648816483e+03
1.778808194364202336e+03
1.781293216335614716e+03
1.783539883218577188e+03
1.785557353232631840e+03
1.787354424353605737e+03
1.788939549745238537e+03
1.790320852469132205e+03
1.791506139509793002e+03
1.792502915149466162e+03
1.793318393725551687e+03
1.793959511801570670e+03
1.794432939780964716e+03
1.794745092991412548e+03
1.794902142265856810e+03
1.794910024045025011e+03
1.794774450024906400e+03
1.794500916371398716e+03
1.794094712523168482e+03
1.793560929602660281e+03
1.792904468454152038e+03
1.792130047326764270e+03
1.791242209219412871e+03
1.790245328903804648e+03
1.789143619640771931e+03
1.787941139604432465e+03
1.786641798027950017e+03
1.785249361083952635e+03
1.783767457512023157e+03
1.782199584005037650e+03
1.780549110365551314e+03
1.778819284442858361e+03
1.777013236860841516e+03
1.775133985546207214e+03
1.773184440066245315e+03
1.771167405784791754e+03
1.769085587844652537e+03
1.766941594984345329e+03
1.764737943196628294e+03
1.762477059235926617e+03
1.760161283981424504e+03
1.757792875662265260e+03
1.755374012950984024e+03
1.752906797931020492e+03
1.750393258943866840e+03
1.747835353321148659e+03
1.745234970006683625e+03
1.742593932073325732e+03
1.739913999139177577e+03
1.737196869687535354e+03
1.734444183294731374e+03
1.731657522769840853e+03
1.728838416210039895e+03
1.725988338975221495e+03
1.723108715585317213e+03
1.720200921543604181e+03
1.717266285089135636e+03
1.714306088881285405e+03
1.711321571619262613e+03
1.708313929599318726e+03
1.705284318212257176e+03
1.702233853383721453e+03
1.699163612959642251e+03
1.696074638039109914e+03
1.692967934256836543e+03
1.689844473017278688e+03
1.686705192682400593e+03
1.683550999714965201e+03
1.680382769779165301e+03
1.677201348800318556e+03
1.674007553985281675e+03
1.670802174805163304e+03
1.667585973941848351e+03
1.664359688199779839e+03
1.661124029384379810e+03
1.657879685148439194e+03
1.654627319807738104e+03
1.651367575127113469e+03
1.648101071078134737e+03
1.644828406569500203e+03
1.641550160151217824e+03
1.638266890693593723e+03
1.634979138042000386e+03
1.631687423648367258e+03
1.628392251180285939e+03
1.625094107108592880e+03
