# mu
-inf
3.480289127189362830e+01
3.634003781532254607e+01
3.725155131662668850e+01
3.790639891221172775e+01
3.842023395830887011e+01
3.884458900641277523e+01
3.920696688342859915e+01
3.952379552875220270e+01
3.980568058241892970e+01
4.005987131126828160e+01
4.029154497459959572e+01
4.050452999168820156e+01
4.070173866957266995e+01
4.088543912513792833e+01
4.105743318049952251e+01
4.121917674047899283e+01
4.137186362285746810e+01
4.151648540048094560e+01
4.165387505060759565e+01
4.178473940250640339e+01
4.190968366680436219e+01
4.202923025920590305e+01
4.214383344178385471e+01
4.225389085069950568e+01
4.235975267344559825e+01
4.246172902899807156e+01
4.256009595794031242e+01
4.265510032591637213e+01
4.274696386920251712e+01
4.283588655686054381e+01
4.292204940387166801e+01
4.300561683976837202e+01
4.308673871476115380e+01
4.316555200821781568e+01
4.324218229119063039e+01
4.331674498449214639e+01
4.338934644586120726e+01
4.346008491350045233e+01
4.352905132830734658e+01
4.359633005316690912e+01
4.366199950450061351e+01
4.372613270870554913e+01
4.378879779403825268e+01
4.385005842680152455e+01
4.390997419930064183e+01
4.396860097588867689e+01
4.402599120247099052e+01
4.408219418404921441e+01
4.413725633422561145e+01
4.419122140003585741e+01
4.424413066501272596e+01
4.429602313299019301e+01
4.434693569482414688e+01
4.439690327992239105e+01
4.444595899423470087e+01
4.449413424614665757e+01
4.454145886154310574e+01
4.458796118915397244e+01
4.463366819716299716e+01
4.467860556194538901e+01
4.472279774970104427e+01
4.476626809166349119e+01
4.480903885348920568e+01
4.485113129936602405e+01
4.489256575132149862e+01
4.493336164416119516e+01
4.497353757642226668e+01
4.501311135768821714e+01
4.505210005257575290e+01
4.509052002167388196e+01
4.512838695968802938e+01
4.516571593101731708e+01
4.520252140297196064e+01
4.523881727681781229e+01
4.527461691681816092e+01
4.530993317742748161e+01
4.534477842877750220e+01
4.537916458058406022e+01
4.541310310459159894e+01
4.544660505566234576e+01
4.547968109160779449e+01
4.551234149185241762e+01
4.554459617501140656e+01
4.557645471545821181e+01
4.560792635895101910e+01
4.563902003738207469e+01
4.566974438270864312e+01
4.570010774011966248e+01
4.573011818048831856e+01
4.575978351215652395e+01
4.578911129209426178e+01
4.581810883647313659e+01
4.584678323069090311e+01
4.587514133888097234e+01
4.590318981293827960e+01
4.593093510109100919e+01
4.595838345604519759e+01
4.598554094272770953e+01
4.601241344565111291e+01
4.603900667592235862e+01
4.606532617791590667e+01
4.609137733563028405e+01
4.611716537874600874e+01
4.614269538840157736e+01
4.616797230270302066e+01
4.619300092198181318e+01
4.621778591381459478e+01
4.624233181781769275e+01
4.626664305022838874e+01
4.629072390828417838e+01
4.631457857441063908e+01
4.633821112022783950e+01
4.636162551038459867e+01
4.638482560622945527e+01
4.640781516932645445e+01
4.643059786482376694e+01
4.645317726468220343e+01
4.647555685077071530e+01
4.649774001783533350e+01
4.651973007634768464e+01
4.654153025523886811e+01
4.656314370452415119e+01
4.658457349782376156e+01
4.660582263478449505e+01
4.662689404340690658e+01
4.664779058228237574e+01
4.666851504274419682e+01
4.668907015093666502e+01
4.670945856980574717e+01
4.672968290101503186e+01
4.674974568679009224e+01
4.676964941169460843e+01
4.678939650434113418e+01
4.680898933903937120e+01
4.682843023738471544e+01
4.684772146978959029e+01
4.686686525695996863e+01
4.688586377131957050e+01
4.690471913838371876e+01
4.692343343808512657e+01
4.694200870605354936e+01
4.696044693485119126e+01
4.697875007516570633e+01
4.699692003696251419e+01
4.701495869059804988e+01
4.703286786789558960e+01
4.705064936318498781e+01
4.706830493430801710e+01
4.708583630359036931e+01
