# lsst_simulation
2.629794333977327503e-09
1.822981947971801370e-09
1.026063990360039110e-09
6.591101167388717942e-10
5.381772739286756405e-10
3.277844356688904895e-10
2.283019103538355351e-10
1.562011670177143790e-10
9.710890273901194874e-11
6.955366130886851218e-11
4.719269875038973407e-11
3.141493889622846596e-11
1.677776456504717426e-11
1.020736643906254409e-11
3.471517954911754617e-12
4.961966689230147469e-09
2.872096879967616909e-09
1.992910636321656292e-09
1.149590440505648326e-09
8.814290551023611750e-10
5.084067150911374698e-10
3.507169386541510058e-10
2.613378684358569060e-10
1.790841560320273075e-10
1.191013692941379195e-10
7.872214517129455619e-11
4.980141981139795182e-11
3.033587330455794728e-11
1.552733979921761582e-11
9.593296319434964539e-12
4.878083566180743075e-09
2.631396666365600914e-09
1.994754225287032981e-09
1.214741877051906981e-09
7.739331834833941835e-10
5.140443830556926422e-10
3.418362375539479651e-10
2.554234144929156878e-10
1.680950468961338097e-10
1.198674725823298100e-10
7.398738462638110684e-11
5.107391166755863936e-11
2.999097966026871676e-11
1.535693651314320664e-11
8.497785884378187988e-12
5.526781889353887320e-09
2.467749220304816183e-09
1.784992436317110431e-09
1.263723966800629544e-09
8.518144963966320576e-10
5.382049909244551510e-10
3.285099068019173492e-10
2.597145354828801902e-10
1.670577171838306643e-10
1.257350189800316506e-10
7.378872230751466481e-11
5.050941549530741458e-11
2.920185776465566423e-11
1.464523330948114143e-11
7.415597589950678315e-12
6.138390283258457934e-09
2.774790865152660852e-09
1.767928038719010805e-09
1.245967552898942380e-09
8.946135225806670682e-10
5.554728311913133127e-10
3.441490463842878213e-10
2.723363480339756150e-10
1.701734127414268218e-10
1.212951496738577957e-10
7.852673994494034244e-11
5.004908320989609649e-11
2.795101115010001931e-11
1.489392429777006008e-11
7.191390923150888475e-12
1.688532098349718602e-08
1.005929229343298977e-08
7.245570535881029902e-09
4.833841029662534056e-09
3.408711706841880128e-09
2.128968605043957857e-09
1.341691134681155102e-09
9.584683950633921082e-10
6.526363102210354135e-10
4.363075009911427458e-10
3.063617543086592729e-10
2.007409980846630640e-10
1.298811947347377242e-10
8.214052953384307259e-11
4.956836243568023661e-11
2.066760761511226967e-08
1.272924838589947310e-08
9.133005309757222154e-09
6.599183599484119572e-09
4.463880039724008157e-09
2.770198284280741145e-09
1.768245236728028835e-09
1.209907231593976914e-09
7.999433207583647007e-10
5.532133334700544562e-10
3.834296304675509624e-10
2.587271981009613157e-10
1.716186591010187400e-10
1.074117197748202972e-10
6.364770735797754077e-11
2.265048347589082307e-08
1.426089545387182073e-08
9.476925725696501948e-09
7.457882122731305539e-09
5.162924591921395567e-09
3.131077371826569864e-09
1.978897203996152757e-09
1.355694056338987728e-09
8.834402530042222519e-10
6.021684313381910152e-10
4.257841198918520825e-10
2.850251612564560674e-10
1.933049454294541559e-10
1.194094405532948733e-10
7.204381123022943872e-11
2.416900638010873317e-08
1.591604725176963485e-08
9.826552903115397769e-09
8.127749655249902424e-09
5.753718590510484987e-09
3.402521824035069946e-09
2.177244339960032410e-09
1.490108398783305872e-09
9.495245462933553343e-10
6.540475571447708610e-10
4.571272117662619931e-10
3.091225410496255128e-10
2.099141032705759988e-10
1.314403093731555769e-10
7.834784287910359369e-11
2.993384794211394020e-08
2.044231641370723007e-08
1.491606699291770362e-08
1.163875011971681003e-08
7.564763488571402296e-09
4.883775131308433344e-09
3.140218849024122282e-09
2.067187643902009478e-09
1.353106981438445251e-09
9.199816838697278182e-10
6.203719875015984354e-10
4.312949276322642110e-10
2.833203025873208696e-10
1.876737069111965106e-10
1.166809119581892135e-10
3.533731560142371223e-08
2.512029875648399193e-08
1.788843245735997266e-08
1.456019952811218318e-08
9.541577336511543390e-09
6.297499806868781823e-09
4.012081240215718164e-09
2.669074242861635087e-09
1.710486066196391336e-09
1.131197788851792309e-09
7.671125025578365538e-10
5.238729803724430444e-10
3.558416235631614106e-10
2.356769456677032356e-10
1.467238401417671815e-10
3.867545853173855892e-08
2.950613459103080406e-08
2.011312468986691629e-08
1.716642275951860678e-08
1.137548609745923407e-08
7.368192800507104349e-09
4.694451193197291072e-09
3.095747585327743932e-09
1.954076998573301847e-09
1.304248671565015161e-09
8.869404494726984969e-10
6.014265390140156546e-10
4.083026073396785526e-10
2.710229863758977180e-10
1.717383720475991101e-10
4.587261835777769789e-08
3.520485695833270960e-08
2.545777688742927543e-08
2.111483396628690501e-08
1.424153682959355008e-08
9.619086012902337643e-09
6.297399255640867980e-09
4.119300429990908959e-09
2.575203895133778308e-09
1.667628826920505344e-09
1.122529324738316287e-09
7.474823993781966781e-10
5.101331699776901454e-10
3.387746815539394023e-10
2.188029165804039815e-10
5.343246625066041655e-08
4.466610864215234575e-08
3.179288032193766904e-08
2.680555069022925591e-08
1.860197095342969588e-08
1.248728984785880510e-08
8.277508106022619428e-09
5.359223813954643225e-09
3.334491525085857006e-09
2.153776105502272650e-09
1.434513698596256492e-09
9.506551783492737550e-10
6.461221396978220899e-10
4.313145752216515682e-10
2.819155488439308999e-10
6.858635727258921900e-08
6.321181475247544073e-08
4.647030338361162570e-08
3.924916340079949198e-08
2.885010072184438175e-08
1.970422333844598737e-08
1.354634605662078800e-08
8.716241176777684387e-09
5.443930738240869139e-09
3.471266923380401040e-09
2.245190219096196330e-09
1.468370831983207232e-09
9.683590832521807162e-10
6.403264690239540626e-10
4.214872623566445492e-10
5.404696356020670164e-07
3.284968171424651229e-07
2.284741792079804425e-07
1.451103071446536222e-07
1.045819143395164632e-07
6.536718859796760683e-08
4.437070808669122179e-08
3.066751125130585442e-08
2.161857580822809492e-08
1.485102524899127050e-08
1.000794597573295969e-08
6.598451787494304498e-09
4.142000673063014915e-09
2.355428016046241562e-09
1.340632301329047903e-09
1.842284126230447531e-06
1.081075030770362874e-06
7.518348234199641781e-07
5.182855002105781072e-07
3.546443008578193680e-07
2.284144820613035575e-07
1.442382722539703933e-07
1.016969931233920954e-07
6.807118893107254691e-08
4.713662822477148955e-08
3.358932102019921815e-08
2.241204289736871653e-08
1.473798803542868214e-08
9.026449990958714475e-09
5.272981974018463279e-09
2.135024848809979729e-06
1.242838675589437934e-06
8.821455118210671685e-07
6.632587032882216792e-07
4.208419300722308552e-07
2.761777844069967740e-07
1.771907079022706235e-07
1.208702092012204986e-07
8.088533997709883822e-08
5.720137041971661365e-08
3.977046913210898789e-08
2.727013124545293026e-08
1.784394415559298707e-08
1.105378229491396685e-08
6.447366271847274187e-09
2.378337882995227020e-06
1.371389363792429993e-06
8.822170293919143531e-07
7.325837784425861558e-07
4.754889936187052948e-07
3.093957017696263919e-07
1.956550344246401207e-07
1.374000524359785546e-07
8.976473960829766692e-08
6.232769298991666708e-08
4.404857815889758142e-08
2.992959727043859945e-08
1.979421710007234834e-08
1.226519133462002897e-08
7.169383735185394028e-09
2.505748796777599514e-06
1.542420103148688183e-06
9.153194517702918551e-07
8.055718225225388850e-07
5.225571179794120865e-07
3.362126913800418047e-07
2.164534846669341234e-07
1.488576732629069039e-07
9.638495008753331429e-08
6.732940753032579397e-08
4.741685119153416963e-08
3.221446932750668575e-08
2.130018483274394934e-08
1.320257018517802636e-08
7.784445237362621708e-09
-3.010955207331570347e-08
-6.200765428817984954e-08
-3.410103494241789623e-08
-2.967012726984655637e-08
-2.490288388807269988e-08
-1.793951979060047501e-08
-1.240116528358077860e-08
-4.510359662768925744e-09
-4.178865822576566336e-09
-2.534811058322724243e-09
-1.960137729928244394e-09
-1.330036271143247793e-09
-9.129560281151230958e-10
-6.766442777867057954e-10
-4.269428333602131701e-10
7.340671497109974864e-07
5.030168128176826104e-07
3.754459307785283072e-07
2.907116932229630939e-07
2.017395439642661603e-07
1.204780378207173579e-07
7.749019538040470055e-08
5.121974077384189029e-08
3.195333237772701891e-08
2.153042926785092182e-08
1.469203068121645378e-08
1.014787759139963605e-08
7.265964304039261615e-09
4.951914975954663257e-09
3.187834180449509540e-09
1.267434209926578059e-06
9.548114301116449881e-07
6.591618946657556370e-07
5.249423707520593866e-07
3.595109373871811214e-07
2.212238245693116686e-07
1.406841618387999650e-07
9.185686703944952111e-08
5.772020656101817367e-08
3.818759200964144504e-08
2.590918372266083581e-08
1.837461785542188324e-08
1.288330583790618204e-08
8.952492065291907865e-09
5.755276719298102789e-09
1.428314642446014635e-06
1.194681548792056861e-06
8.187183405280570966e-07
6.596358304893007152e-07
4.444202912866257339e-07
2.767618515176228291e-07
1.799593801066796231e-07
1.162961491096828083e-07
7.093894167639942581e-08
4.692341471869584443e-08
3.218977173362388678e-08
2.261249336891846948e-08
1.608703350425894401e-08
1.104619254311879809e-08
7.149202307488322975e-09
1.530649293945706132e-06
1.401256414807630143e-06
9.144102253248673266e-07
7.689520654655853575e-07
5.264304007659847103e-07
3.232155240818272682e-07
2.094061413626533161e-07
1.356281947123119509e-07
8.228019757753535254e-08
5.457550228724370727e-08
3.742133979184572019e-08
2.607785594000919996e-08
1.882090872992194437e-08
1.292645794787728313e-08
8.338014170846205768e-09
-3.738068170105312182e-08
-4.548287933800559471e-08
-4.460817131050509600e-09
-1.689831776983443919e-08
-1.706937357463078635e-08
-8.557380375908656445e-09
-7.013773900175568122e-09
-3.111710648193786613e-09
-2.253215626581794792e-09
-1.591280495423518275e-09
-1.094835141410824133e-09
-6.048478424917766768e-10
-4.690097305175718242e-10
-3.076655161312714488e-10
-2.286181704325544282e-10
1.014692097587889595e-07
7.777623896106373623e-08
9.050323517418075034e-08
6.404595126702166813e-08
4.501165033717456116e-08
2.719184591689229708e-08
1.568104783526584480e-08
1.160906859351919901e-08
6.340498292085163720e-09
4.441760424750498654e-09
2.777158852046631363e-09
1.964022063457138175e-09
1.434597514772945315e-09
9.626285846745720694e-10
6.245856779502863527e-10
6.364738501809945005e-07
5.549271584541644756e-07
4.716155426636086629e-07
3.517076324560387837e-07
2.456336440488811531e-07
1.596513889003142935e-07
1.021655947553793893e-07
6.540878749683699073e-08
4.181050232027738789e-08
2.655155099187224334e-08
1.698610379510516935e-08
1.161270728252985993e-08
8.059115043463813036e-09
5.698468612835015429e-09
3.876462703972795148e-09
8.774145465301515621e-07
8.308471559245195294e-07
6.962530522038733769e-07
5.131212896393988565e-07
3.614811297093533508e-07
2.400123790049434866e-07
1.544846454901954425e-07
9.712167278566210390e-08
5.982964133225074658e-08
3.862039817874688682e-08
2.501269555394142143e-08
1.674310947619183278e-08
1.171796729844923217e-08
8.280553872080644187e-09
5.633484606744631041e-09
1.038183293643115407e-06
1.061326897131128491e-06
8.567561223581022018e-07
6.628414185446660412e-07
4.785766379062509443e-07
3.040556773808030631e-07
1.951326554360403027e-07
1.212716726828449314e-07
7.545285308647906309e-08
4.875858761657938049e-08
3.170246076762202289e-08
2.146023014723495822e-08
1.488529781128894203e-08
1.046566202415664413e-08
7.172436157047750573e-09
-6.156201908246185535e-09
-2.771000348699487774e-09
-1.029561838617255354e-08
1.654018722333678265e-09
-3.626634335808614020e-09
2.023401012349447519e-10
-9.790503415139102068e-10
-5.567502486108337506e-10
4.789203964619491281e-11
2.141021694599632091e-11
-7.557278726399124505e-11
4.384354954602533522e-12
-3.860089034205820634e-11
-7.497039331486181016e-12
-1.925973579095627208e-11
-7.566920076257885066e-08
-1.004776325517348518e-08
-6.582637775521437827e-08
-9.955225430878029754e-09
-9.762621036128145005e-09
-1.199573300812971761e-08
-1.006694258808846019e-08
-5.970576844185874139e-09
-3.392825177493098244e-09
-2.111937439000735441e-09
-1.288636223437397553e-09
-8.451794794858639577e-10
-5.315661780895369343e-10
-4.343743077987495424e-10
-3.236450264786185669e-10
1.562251894662029190e-07
2.792084764518552321e-07
1.824160446335213633e-07
1.992964555411954454e-07
1.207851653655988974e-07
9.211074721806781716e-08
5.678288739218495654e-08
3.816598378593956796e-08
2.265930252525908837e-08
1.428965918394100124e-08
9.030088644786025592e-09
5.954746394286288411e-09
4.050823848595670105e-09
2.817671947448689254e-09
1.945233630129853451e-09
4.340355514108697378e-07
5.274155130827542417e-07
4.254706374056747226e-07
3.890889574472012887e-07
2.436539309257216762e-07
1.935642033164764376e-07
1.230098965233120766e-07
8.071999802623985337e-08
4.891762584914739752e-08
3.007947578950265816e-08
1.908619383748664932e-08
1.223952876486167141e-08
8.371131585037205912e-09
5.798338778362584398e-09
4.040874384125234496e-09
6.136670322541852656e-07
7.218174178462030549e-07
6.047592224172121203e-07
5.506275618436240579e-07
3.467631828871709448e-07
2.738671609925955307e-07
1.753995850322968359e-07
1.129762691388157580e-07
6.903886837428339622e-08
4.258842683273758616e-08
2.690412861299814926e-08
1.760143398128882973e-08
1.178580648474312508e-08
8.222796301416321637e-09
5.726563420392426949e-09
1.767060740714742991e-08
-1.470937992638714581e-08
-6.203356023483624852e-09
7.749927179423150904e-09
5.866209497940282221e-09
5.106600435586329709e-09
5.477900769107147340e-11
-1.526115733268534917e-10
-4.545570926949299747e-10
8.053324376153718602e-13
2.696615590376751601e-11
-4.218146130364648701e-11
-4.229455757658487329e-11
2.191796655536653959e-12
-1.953949685430248615e-11
-3.542821993332885417e-08
-1.050918517099463337e-08
-4.049197850128442386e-08
-7.524212183529346622e-09
-3.745618686693703146e-09
-3.399076059010118376e-09
-1.845483489272148638e-09
-3.116771344082306675e-09
-1.365168671493573880e-09
-1.175522477225768548e-09
-6.206393146555949644e-10
-4.412964635656398007e-10
-2.953420943276228389e-10
-1.817278532557680940e-10
-1.576931253567061955e-10
-3.927127754784266634e-09
4.118409890480554893e-08
2.598912939889012565e-08
3.952928014140446046e-08
2.069571868044810077e-08
1.963605565066752150e-08
1.509315309414208133e-08
9.315408918481549863e-09
5.038955999656534453e-09
2.919093754576892128e-09
2.059876551322587209e-09
1.144748239245823266e-09
8.112028192670080658e-10
5.825091094681593171e-10
3.847967078348689954e-10
3.070348475302695947e-07
3.212027324356395284e-07
2.810622750832466072e-07
2.385334510723833898e-07
1.691423175277178897e-07
1.277401087509078887e-07
9.209427958371712214e-08
5.786701099669158674e-08
3.483738952527871193e-08
2.131882963906479801e-08
1.344679538476599386e-08
8.321793961755076591e-09
5.496023949568296329e-09
3.738458678616376898e-09
2.585126688260537280e-09
5.472251088035895269e-07
5.993487918725578469e-07
4.905026580269423298e-07
3.812355069664884103e-07
2.887045191894631838e-07
2.157808787272441971e-07
1.560664305882914745e-07
9.792452854451111350e-08
5.898263896878746477e-08
3.571094787032312491e-08
2.251828734443073685e-08
1.418186215951260924e-08
9.285661444022491814e-09
6.283414167954173155e-09
4.351306875884414250e-09
3.524962567989580811e-08
1.921108395122082121e-09
-6.209128933347666560e-09
-5.520878860135560793e-10
2.941129079124757498e-09
2.667006012482018382e-09
-1.335526574294983555e-10
8.110678904697264860e-10
-5.181626680389676251e-11
-2.228942738174664782e-11
2.375997996392018983e-11
-1.558475820191100986e-11
-8.442603455804138107e-12
2.219936767306529808e-11
5.576493470799729712e-12
-1.060693446242903894e-08
8.590724421995842194e-10
-2.278065102832939600e-08
1.887968027405519635e-09
5.794472955396770188e-09
3.976581479623900734e-09
1.909412412065303012e-10
1.588212954616149184e-10
-1.239650430383048221e-10
-2.889230973390849014e-10
1.478036084138227810e-10
-5.982485472894460804e-11
-5.992804055805372922e-11
3.233220859915744709e-12
-1.488787655932889791e-11
-4.001303897340086082e-08
-2.641628012351654767e-08
-4.539711056956941325e-08
-1.430788205036244185e-08
-5.790657064562277520e-09
-2.881859529703786611e-10
-6.781095401203546410e-09
-1.698168054149839752e-09
-2.310810893518943206e-09
-1.930077309630480459e-09
-8.605521695437574075e-10
-6.366295110074882966e-10
-3.351225397649822404e-10
-2.050190944220311033e-10
-1.670823361687224182e-10
1.011972332248859382e-07
1.562663748500734891e-07
1.026892367486990227e-07
1.097040209909456125e-07
1.030978539975829394e-07
7.407319443084530039e-08
5.237218733753168168e-08
3.184060455353676544e-08
1.970696503554610934e-08
1.189702428884587978e-08
7.508649718201089078e-09
4.639810900060210275e-09
2.969312865383538214e-09
1.929776957799319514e-09
1.305986864912926987e-09
2.817676436534725657e-07
3.701465819538339563e-07
3.163523636542517881e-07
2.537024818199290597e-07
2.404272162175823846e-07
1.719257998849596011e-07
1.283943415610634781e-07
7.857358336606201253e-08
5.030386867193873929e-08
3.006556019122133213e-08
1.852475134875403581e-08
1.131664969293082567e-08
7.103000131197974598e-09
4.663264316718991094e-09
3.173191370657231374e-09
1.400709280212275466e-08
7.714450464144840700e-09
-2.882864432923597699e-09
-5.177083509866025688e-10
4.121911615775346316e-09
-2.007130362694286153e-10
9.064955007964217310e-10
2.960784132309973804e-10
-1.058039935417239277e-10
-4.520498331895072136e-11
3.705143199239357356e-11
1.903549583286916287e-11
3.184996863877985224e-12
2.092526956107498127e-13
-4.286384421333336837e-12
-1.396603512971374082e-08
5.028787677413627461e-09
-1.852176724427830711e-08
3.544020640236482962e-09
3.205202223232360465e-09
9.414304363189166348e-10
1.761954722970062543e-09
5.099911383845237344e-10
-1.243251412847066796e-10
-4.083810197121132652e-10
-4.642528751427236024e-11
-5.852024515342710258e-11
9.503468678152252167e-12
-7.268271380381544243e-12
-5.344590722167633380e-12
-2.322561065425191493e-08
-8.768277370184432231e-09
-2.831930976358562991e-08
5.908023734577622788e-09
2.166050388219041120e-09
-4.198900589491310381e-09
-1.612307926386969662e-09
-1.688344805568579329e-09
-1.791078973479958706e-09
-1.149323960530089781e-09
-3.580170445667988330e-10
-3.116917379960103981e-10
-1.405647340296476101e-10
-1.349183414326986209e-10
-7.314277835420132962e-11
1.983921780443027657e-08
5.014100593301212215e-08
2.265357800718560222e-08
3.476301121478263929e-08
3.624175443742220248e-08
1.913898958398064507e-08
1.603961617398121592e-08
8.605790720650071542e-09
5.342489011152766511e-09
3.160520621726389251e-09
2.157262164645813753e-09
1.254518414430083309e-09
7.915503359924930351e-10
4.723813414679103201e-10
3.248156816580712432e-10
2.259266957426083308e-07
2.362518219145583371e-07
2.223787099055430043e-07
1.993384687803032797e-07
1.751439452623967075e-07
1.242103625198740829e-07
9.778414422773717279e-08
6.018410127639501717e-08
3.861637086095572573e-08
2.338321029888635438e-08
1.428327519320372821e-08
8.562883929226075796e-09
5.197018993450690381e-09
3.287367815669713836e-09
2.164201180365886713e-09
-6.249858457154226478e-09
6.721947361850855665e-09
-2.377362784992143901e-09
2.764995280257826335e-09
2.309134759465307944e-09
1.010294708001780027e-10
7.755050141995367692e-10
-1.578179287457025696e-10
2.020045708443699057e-10
-9.944888771195050190e-11
9.543693970023113528e-12
4.636783153154664827e-11
-8.090231078892495237e-12
-6.950287571789808652e-12
-6.098027349956618762e-12
-6.788917019922049936e-10
4.807155139444116880e-09
-6.141607902795641759e-10
2.159458178234383050e-09
1.111202815257389941e-09
-1.252485095048459809e-09
3.957226994620624103e-10
4.526657626841282255e-10
-1.081143738627028237e-10
-1.768664567632475469e-11
1.066852569811227602e-13
1.090494126753649727e-11
1.830556295236802129e-12
-3.186674838851206152e-12
-1.942014232976686155e-12
-2.114950211982926553e-08
8.699812659509451113e-09
-1.659184054204718639e-08
5.229032386724612703e-09
5.977272769589274336e-09
4.851047401217772519e-11
8.806349672186940090e-10
-5.107994686304583087e-10
-3.574860530698822739e-10
-8.010909221187012697e-11
-1.182775278450504068e-11
3.693024367948691973e-11
-3.949750925112985860e-11
-1.432060672670300578e-11
-1.485670637302464134e-11
-4.504421510615082599e-08
1.878588908050226240e-09
-2.362734859144127373e-08
-4.231682785432169930e-09
7.059819092702237355e-10
-4.253498247083601151e-09
-1.117969922867078389e-09
-2.177804823904130398e-09
-1.474668547662122673e-09
-8.523039693489602067e-10
-4.151708523303692935e-10
-2.285337854782933743e-10
-1.501313416655793976e-10
-9.343925343831007325e-11
-5.632761938193543193e-11
5.424901815946778016e-08
1.292137754338141039e-07
1.028283880424257931e-07
1.106055236736398052e-07
1.036139430859692605e-07
7.520042066735883611e-08
5.761122435034973864e-08
3.925058855950177630e-08
2.444435993620345636e-08
1.522351780638127790e-08
9.161862537638513277e-09
5.592699691026707739e-09
3.267923875792692161e-09
2.012434056158441031e-09
1.272031756386220767e-09
3.993212869332948600e-09
1.918077894092866476e-09
-2.259790375085964151e-09
-2.223083414980903866e-09
-1.127045725990462377e-09
-7.188741432817530085e-10
-2.793225471901549431e-10
5.732112434852660402e-11
1.337638533945916800e-10
-3.170493928362864408e-12
-4.111744586786149018e-12
-1.233274191621264358e-11
-3.094289840277165407e-11
4.901136313366082888e-14
-1.024668685388782686e-11
-3.311156497920587975e-09
1.635251619571752977e-09
-4.319594750121128850e-09
-3.816447213589081431e-09
1.862908710842748952e-09
2.125349648413586284e-10
2.254659571381534410e-10
7.284078689572932329e-10
-7.224018979259902165e-11
-5.105566847103640639e-11
-2.420497143347228193e-11
-2.367028007267382759e-11
-7.119647363463463216e-13
1.995311542013601067e-11
-2.996261424945971144e-12
-1.572328186948613779e-08
1.380765252951553012e-08
1.833910806345914980e-09
-3.620521778564853107e-09
3.408647818483973171e-09
1.645497261623029226e-09
-8.951977923615358691e-10
6.156923260747853287e-10
8.570963694562826580e-11
1.470499791660482035e-10
4.892322297770394449e-11
1.962443625876705405e-11
-3.216652996134266794e-11
9.969572676591337401e-12
7.592262293451398820e-12
-3.202395409954859399e-08
1.241916776073965475e-08
-2.532895547504982603e-09
-5.102412650679656237e-09
2.508300634147383324e-09
4.609073117263131423e-10
-2.509490214024573331e-09
1.438708973359957863e-10
5.708128416245425554e-11
-1.124053948584509540e-10
-2.270120052872070483e-10
-1.391865121826529458e-10
-4.763949566074766860e-11
-3.218908671742640807e-11
-6.251882352971843813e-12
-2.014111000897545574e-08
4.563361567040630510e-08
4.153168381054242291e-08
3.312387671059833903e-08
4.306550465070532538e-08
3.068075038489117727e-08
2.058932407310226595e-08
1.668907738284337374e-08
1.095183780619216882e-08
6.797177601044196361e-09
3.849344858167101770e-09
2.277007470793794236e-09
1.290465353104401971e-09
7.874306254301496679e-10
4.707305745556908570e-10
-7.589380535518861149e-10
1.519614413723547828e-09
-3.113982381108773146e-10
-1.004983626774243369e-09
1.837929789917814825e-10
5.744841221722822872e-10
-1.316117039224825264e-10
7.991835718842531537e-11
2.553465576647460945e-12
-1.079445437466874245e-11
-4.991107352580202644e-11
-2.896731979475556353e-11
4.913390276781787112e-12
-4.374868232314469777e-13
-3.612863468368882792e-12
4.405183026798277845e-09
5.398692125629121264e-09
-3.014240853869933877e-09
-1.489948219506036421e-09
-3.696621720756180403e-11
7.236020930685847505e-12
-1.640895777899984372e-10
-2.067217746162555157e-11
-2.295250088046308371e-10
4.106025444817633312e-11
-8.725025289596585933e-12
-2.464323542549424132e-11
-1.966317129257919476e-12
-2.254113556464681448e-12
4.660835286791876310e-12
1.414514192899372190e-08
1.218954436352668419e-09
-5.925660221964583046e-09
3.247329884158662603e-09
8.052533594019339017e-10
-2.720010408778937864e-10
2.652365136668765286e-10
-2.976820891035857057e-11
-1.555868499208675663e-10
-2.130318780897664011e-11
4.224952474630202910e-12
3.330985572795600015e-13
-2.026103216216433329e-11
-1.120866360055241819e-12
-9.929457367206781755e-12
1.146894658009737389e-08
-2.694296383293780772e-09
-9.017953583889906674e-09
9.564674380752198642e-10
1.669779009755815386e-09
1.904492731749129104e-10
1.711814681891778004e-10
4.440170460849337900e-11
-8.469451293992546000e-11
-1.650520440483585670e-11
6.249792711070088620e-11
-5.403771757165233857e-12
-5.313770422884458248e-12
-8.525443798047175454e-12
-5.605801411591107596e-14
2.061264722401457260e-08
-9.268616705658200326e-09
-8.007025890595312271e-09
4.758431512622225803e-09
7.518309503210545324e-09
4.365344175444024587e-09
3.728048703978599122e-09
2.220196929927792115e-09
1.427883851676435597e-09
1.248022839216899257e-09
6.262830490643585067e-10
3.159490589840870465e-10
2.085335985991287001e-10
1.134451733703936086e-10
6.581302265127099060e-11
2.341092201486454387e-04
1.348078995749733486e-04
9.698719999524936357e-05
6.948261818341943535e-05
4.616714854817094990e-05
3.008034010926236796e-05
1.907216038601542891e-05
1.302974055722970560e-05
8.752309878259616956e-06
6.166144431707718954e-06
4.384948528832120933e-06
2.983262576218400743e-06
1.959215701902705789e-06
1.207183727120441740e-06
7.045513177474702648e-07
4.592207301706359879e-05
2.856751003578922015e-05
1.445140813923753114e-05
1.213775282118238390e-05
7.664097256255645790e-06
4.754289609137494043e-06
3.267471666173413456e-06
2.339444420707627189e-06
1.392134464047057186e-06
9.476613439030898043e-07
6.577611363229164085e-07
4.590480379056661005e-07
3.309569999183802396e-07
2.220698455442395230e-07
1.377786918645840224e-07
-3.770885773859558585e-06
-2.319528767314081768e-06
1.059913677317454572e-06
-1.855786141470747243e-07
-5.668286844381904639e-07
6.183930814468407434e-08
-2.326339076638646902e-07
1.003626650276336418e-07
-7.078511351089682046e-09
3.850948144689473722e-08
6.458945451626812089e-09
5.521627264730709495e-09
3.843392151036828881e-09
2.568153788424617356e-09
-1.162354268702001438e-10
-7.529188141522557412e-06
-1.989610330989229840e-06
-4.614600231290029514e-06
1.745664621077120613e-06
-8.160796751152504774e-08
-5.731956307731126739e-08
-1.001598768585808039e-07
3.540634525103709381e-08
4.081880126884300571e-08
2.524797065472484597e-08
-2.031600069086646396e-10
2.926121676138437448e-09
-4.583625326332130618e-10
1.472297448119426991e-09
-4.088278595499110770e-10
-7.445588890253287051e-07
5.530266254102392941e-07
-3.059446622062634504e-06
1.035119695213526867e-06
1.349148845989287551e-07
2.829463127992247052e-07
2.431778313238447877e-07
3.744094643853042400e-08
4.120798475276055159e-08
-1.058528257271915086e-09
4.608833809312971816e-09
-2.403970446992347368e-10
3.448946331934605524e-10
7.538308837702653086e-10
3.414482485736929404e-10
1.984900921938507951e-06
1.292891339148905817e-06
-3.072214460729370686e-06
2.930765520411273809e-07
8.743330462694568039e-07
6.511848821431663685e-07
1.635998348263122342e-07
9.906901001390629092e-08
1.038311451421379801e-08
-2.050555728576118222e-08
2.589216500298571255e-09
-2.762620033580722233e-09
-3.599964869682887311e-10
6.727499242690979944e-10
4.341767991681101525e-10
-1.600000164245052236e-06
1.072498604258879017e-06
-2.127709458623634550e-06
4.488105066426371631e-07
1.975659382264838224e-07
5.087506125826628167e-08
1.004269627994143276e-07
2.689332053997958380e-08
-2.404516807625100626e-08
-1.706675045555806535e-08
1.849851469038255207e-09
-1.024718735792181984e-09
1.080604165587063538e-09
-6.573757599562763612e-10
2.336203955276810199e-10
-2.075688509130057692e-06
-1.818228848245031438e-07
6.965633183177107863e-07
2.118132877807958718e-07
6.443440855734003365e-08
6.279421358852936230e-08
7.623574466727353035e-08
-3.517250962229236121e-08
-2.070149090193547081e-08
-1.656053320657327209e-08
-2.200730009974942168e-09
2.070581158672587130e-10
-1.643107772697797991e-09
2.699687643671400662e-10
-2.470737423634151407e-10
-2.693916794338008380e-07
1.596625366655719329e-06
2.046701985738262513e-07
-4.869304083899633059e-07
3.057689875732562773e-07
7.143661597623603047e-08
-2.061379108044518536e-08
6.738780758904989474e-08
6.841495132834491553e-09
7.725057407126949897e-09
-4.335384684162707993e-09
1.224599401442892403e-09
-5.238986407415197126e-10
1.098332648898856019e-11
1.242101942381611947e-10
-1.123421464317553129e-08
2.915431607501215289e-07
-3.291652946997651033e-07
-1.406705114195599057e-07
3.002875564146594730e-09
-4.123478432092377253e-08
-3.540548960315129571e-08
-2.016783185571703151e-09
-1.282212195459477218e-08
-3.159468825589693426e-09
-5.688154414544127084e-10
-1.173326451401248534e-10
7.029723989685355217e-11
-1.242667815221087745e-10
-1.477176783339510617e-10
1.194144055588458299e-04
9.602126965289245724e-05
7.365443990075862496e-05
5.700387488608645199e-05
4.049085441853420860e-05
2.437617537961802935e-05
1.574199453584603216e-05
1.004159005010098733e-05
6.292439666089078845e-06
4.136625398157336727e-06
2.839151764219181000e-06
2.005353365322947852e-06
1.416844161857078050e-06
9.760015331699666968e-07
6.337937435605106441e-07
2.701032135285921660e-05
2.180496058998673123e-05
1.821417301012883219e-05
1.489216160369153470e-05
1.007875037958184436e-05
6.394840447074936191e-06
4.038199782344584854e-06
2.449775091032354743e-06
1.559053133217856408e-06
9.889786903032566068e-07
6.655316648637990170e-07
4.573085200065037719e-07
3.247001723172215458e-07
2.275369314199438432e-07
1.527110632317336695e-07
-7.694255137206883523e-07
4.911224674209821094e-06
-6.596094522947380171e-07
1.444932609398122158e-06
-1.469150143832354646e-07
3.079302352514719430e-07
1.406525248011384814e-07
8.675546014630204463e-08
2.283891722073125080e-08
2.651237237801630775e-08
1.806324689467846783e-08
6.722240294964527509e-09
5.605232797375651377e-09
3.967128128459635713e-09
2.559171620150544125e-09
-3.867485656692215954e-06
2.327297346860953453e-07
-4.956295930034923742e-07
-1.692853107813046772e-06
-6.328146849629537579e-07
8.182466709615900791e-08
6.421845799966926685e-08
6.065503734211892157e-08
-7.784323193214461292e-09
-1.335579907225201403e-08
-2.544901772361610985e-09
-2.585844737426840317e-09
3.347846216167781812e-10
2.876359417324513242e-10
1.446265871705434424e-10
-5.884822811306088719e-06
-6.178372630655638209e-08
-1.802010892849295935e-07
-5.578941684578833597e-07
-2.430967615622239449e-07
-7.610583796348684619e-08
-5.168094956551293626e-08
5.650834057371343582e-08
-4.349078883288872859e-08
-2.062714455905126728e-08
-6.747451923612430469e-10
-2.220077020983457789e-09
1.564315934487735544e-09
-9.392158499491057842e-11
2.607513525867139445e-10
-4.157478760130413888e-06
-5.590670160034435772e-07
-1.178529467122021533e-06
1.001303071841804712e-06
6.389356376014979265e-07
2.738429368288508211e-08
1.592819032109859565e-07
3.436204072061787215e-08
1.400672791324505278e-09
-1.739264897187489923e-09
-3.791300254463127033e-09
-2.618540974399702454e-09
9.547444968226374921e-10
2.411689446060091286e-10
-3.623280615007707641e-11
8.982089699302563296e-07
1.225177137979854391e-06
-1.043519220409319876e-06
2.527334946418091818e-07
1.090378199675379741e-07
-1.404719602474841833e-07
3.272444362609090262e-08
8.582410437874769350e-09
-1.316690391515433149e-08
-2.082952615611099421e-09
-2.960954990050229606e-12
-1.069669162801640541e-09
7.996125539248570064e-10
1.929377590112527973e-10
-3.675490992290499985e-10
-1.804470089855751950e-06
-2.729987418733134763e-07
-2.948404784946822747e-07
-2.816629408854451698e-07
3.067100461216187174e-07
1.354388625914788471e-07
-1.004594581181796847e-07
1.674211012637381241e-08
2.247186546570982274e-08
-1.227109793126779866e-08
-2.544734833722507526e-09
-1.125211933701491173e-09
9.689455572573868503e-11
9.000146281739548275e-11
2.983534417071020326e-10
1.562508918325332040e-06
1.776860119946223575e-07
-3.461094488616712413e-07
1.901115881061917162e-07
2.442567556485157274e-08
6.814103087238528275e-08
-1.251446555734560944e-08
-5.245292235189396979e-09
4.339977142080977783e-09
8.064818803214512680e-10
4.951139944932318003e-10
-5.015612078035224747e-10
-3.350125134546060165e-11
-4.716242642431209851e-11
2.758352933369410537e-12
7.840609351570503461e-05
6.822336943336561343e-05
5.405601289272589393e-05
3.986603361057172409e-05
2.974098046737759873e-05
1.923531298072053149e-05
1.259955712141580956e-05
7.740032329329628240e-06
4.959417900740174269e-06
3.123542938779209689e-06
2.023867493230117188e-06
1.363539129743788428e-06
9.502638227556041922e-07
6.698447816127459105e-07
4.592161892517369724e-07
1.842222964147150919e-05
2.046632639576655144e-05
1.610582330532553527e-05
1.179680396300731619e-05
8.072538614166998366e-06
5.463543921078004801e-06
3.516971618304270877e-06
2.170436556140937864e-06
1.325658540514211069e-06
8.528858313222238009e-07
5.457249946264484711e-07
3.606464375290042455e-07
2.461322565116492713e-07
1.721897907179450611e-07
1.201266660262126062e-07
-2.546097388745184346e-06
1.664798649351474628e-06
7.424097426420777143e-07
5.913124899116675382e-07
2.585044561431326958e-07
-2.950794190164620351e-08
1.723681388292052294e-07
1.020387594777584293e-07
-1.908108773951511643e-08
8.808681710806076539e-09
1.126891721258104317e-08
6.806363324919252574e-09
3.408745618770161690e-09
3.631470697431788544e-09
2.504029859377989010e-09
-5.759801422220586619e-06
-1.117772271312418377e-06
-2.752271495606998565e-07
2.767999422637951154e-07
-8.923368143846293684e-08
-7.579652225906380950e-08
-8.695908136833659898e-08
2.789205773210051656e-08
-2.318034365905435965e-08
-4.189714780576874305e-09
2.874273699903389215e-09
2.076602516770163802e-09
4.416402880572425505e-10
-4.004619417829678429e-10
2.843775471354601993e-10
2.176633410075053483e-07
-5.459877437635087746e-07
4.006454017418497432e-07
2.483303574579859224e-07
4.995559214512052739e-07
-3.871129710754259886e-08
-4.295229165610670809e-08
-2.957776026138848278e-08
-1.086226604297051777e-08
-9.129902967408367737e-09
8.175921536565391068e-10
1.720473792924134837e-09
2.334002977440634367e-10
-2.832803951702610460e-10
-2.842381339957612819e-10
-7.207362507154433444e-07
5.245277135355093316e-07
-1.374323750448898118e-06
1.108258745603276690e-07
3.577170381599026202e-07
9.068392270479762781e-08
3.319853490135468758e-08
-2.589028563286953102e-08
-7.889711694632890467e-09
-1.203174371766985919e-09
-2.093320141693201251e-09
2.944751110228988794e-09
-1.605878104741111314e-10
1.735976552862854494e-10
-7.380405488961665172e-11
-8.576955435309561338e-07
-4.904841544291712815e-08
-8.541667488114522568e-08
1.755983485610032620e-07
9.915717637056626923e-08
-2.046162167855341201e-08
-5.165675956563376905e-08
1.835085962138827171e-08
2.968373905154545133e-09
2.746997791715952271e-09
3.040035692504777972e-09
1.312120228732912748e-09
-6.368070969148383120e-10
3.308235700601817134e-10
1.756299739569888471e-10
5.773914060583049063e-07
-3.976111263610806492e-07
-5.368168148820804398e-08
2.787005654761991293e-07
8.215304884503635486e-08
-4.170113939779230003e-09
8.018060978363889007e-09
-1.018808409482548431e-08
-7.345736826587851902e-09
1.572634710336914664e-09
2.931144501277380444e-10
-6.118503267088402830e-10
-4.610687420867671892e-11
-2.601393495771763861e-10
-1.296650975455707050e-10
3.672660933665892303e-05
3.884699846043005811e-05
3.567607593058837726e-05
2.762681460028208478e-05
1.924684918169855283e-05
1.515000826453011823e-05
9.560250658650331699e-06
6.269759562297723763e-06
3.836178838300014309e-06
2.357735375339127844e-06
1.493464522808089363e-06
9.650833073987170318e-07
6.562221456834595905e-07
4.548715920593395291e-07
3.177187464147835833e-07
1.111746807514340203e-05
8.121082746130723376e-06
1.026974374968991881e-05
8.074456725036265696e-06
4.831663302344411129e-06
4.094895820001349368e-06
2.802081415161645074e-06
1.832343647145012732e-06
1.065881077747569364e-06
6.531785872055015081e-07
4.166137501535203481e-07
2.629663746695426001e-07
1.768238101714110611e-07
1.211994017010936415e-07
8.481790026392998060e-08
1.409983091302503437e-06
-1.706625238910211401e-06
-2.356163758559087085e-07
-1.465025953139207715e-09
1.653674154029711842e-07
2.971841223430677612e-07
6.572022203445162930e-08
1.570445585078477612e-08
2.752854771499090916e-08
1.387444891517677886e-08
3.464120528664341859e-09
7.276972552871899881e-09
3.640009602525373314e-09
2.641400592133285503e-09
1.446968326279646859e-09
2.090026694979927976e-07
-4.758467922629224406e-07
2.756537167060139689e-07
1.247643443851380148e-07
-5.884779669685660612e-08
8.093774855115104329e-08
5.626822101214576984e-08
-1.366527343603644738e-08
-1.886563607684016191e-09
-5.732746255190234216e-09
-8.984886069629611732e-10
1.626519382679239051e-09
1.451945472599433551e-10
-7.984914029115505746e-10
6.129472405102911838e-12
-2.389423226618652662e-06
-1.118097495398860673e-06
-1.133692667091258505e-06
-4.017303827256205092e-08
1.365597861570892658e-07
-9.405782167095901745e-09
2.274118973649337646e-08
-2.071196796377683801e-08
-1.801908394926648953e-10
3.259668188051212290e-09
3.939577658165066152e-09
1.988362911945689982e-09
3.627917755197412493e-10
-9.552443085209078989e-11
2.010007859583344783e-10
-3.186671643192631456e-07
7.680434957670840613e-07
1.502166165343153557e-07
1.960269378490107382e-07
-1.502046102901453413e-07
-1.160162708275711789e-08
-1.275260008550970317e-08
-1.598195088818011150e-08
-2.706282968684925185e-09
-7.203023365676320040e-10
-1.356052386140010664e-09
-9.635109862482455904e-10
-1.607947627142226284e-10
5.975772784080104158e-11
-1.370106474321346801e-10
1.258077792435645652e-07
-2.922720508606103371e-07
-2.480052760064164052e-07
1.751737292361442364e-07
4.877578367641324098e-08
-2.849699976866563436e-08
2.470264865675913854e-08
2.094705582684592855e-08
3.443392126505366446e-09
2.769863211652888654e-09
1.650255714949979650e-09
-8.218145432709404981e-10
2.044551015899958454e-10
-5.806836166075567654e-11
-3.804214301976798956e-12
2.965243057968661435e-05
2.838467796155641964e-05
2.511853473779235808e-05
2.063996472174071844e-05
1.550126069372862088e-05
1.097878906483062333e-05
7.754336609156886330e-06
4.932582721284830398e-06
3.027133295080432518e-06
1.857340688759343850e-06
1.154643399848539094e-06
7.296063307335234992e-07
4.755633369124329792e-07
3.218885756067102165e-07
2.228864656482096389e-07
1.002342388651445316e-05
8.820975433607892725e-06
6.084828746333474803e-06
4.267358531201576506e-06
4.527819972429054487e-06
2.905205432230298470e-06
2.255189411992007130e-06
1.314134806927449295e-06
8.443363402562438912e-07
5.143285043875252497e-07
3.205101728891079767e-07
1.978702277362752505e-07
1.269463310235064748e-07
8.465880461030275737e-08
5.776692836106374240e-08
2.436821595406495129e-06
2.305146744422020097e-06
9.500234842643825592e-07
-5.436996875465790393e-07
-1.573460493450795855e-07
8.255996770353829228e-08
7.895110351151935188e-09
-1.317385478663205927e-08
9.333729535868044455e-09
6.936921870906170493e-09
2.827701485881381171e-09
4.954827931771167009e-09
2.677608900772961696e-09
1.222059823940969309e-09
6.960720160528406923e-10
-1.508373807735298283e-06
9.830015603632918971e-07
6.815353184838553520e-07
-1.995871857031147523e-07
-4.907145514695326068e-08
-2.351007488363608692e-08
-6.286914672219406726e-09
-1.293500994646108018e-08
6.358062700111131608e-09
6.381903243852958091e-09
1.242596506565880892e-09
-4.168630561276149971e-10
7.467185514998289303e-10
-5.938579365929113299e-11
8.766042351776467926e-12
-6.594266503532426965e-07
3.579888167955368227e-08
4.418064790412312837e-07
5.755138227538074063e-08
-5.008063910058335359e-08
7.847535698746071375e-09
-9.727007843910835688e-09
-1.077454823413280771e-09
1.644636435417009540e-08
1.722912120883907142e-09
-1.057945338634407501e-10
-1.224928869888069187e-09
1.809186056730663662e-10
7.420849644063936354e-11
-1.189293288937223521e-11
-3.435249573606609414e-07
-2.148048990616491235e-07
-3.484994490516196604e-08
-1.500755418194792327e-07
1.081315970312726142e-07
-5.975698738065718502e-09
2.578531269783633146e-08
-2.310572416269540177e-09
-8.349141836919547868e-10
3.504927269370051766e-09
7.730689420469888435e-10
2.904604558333606942e-11
-6.868971273571788148e-11
3.192477544379810629e-10
7.848613311288811926e-11
1.368666166869107390e-05
1.803728736839210002e-05
1.608843652266022842e-05
1.399617137300408794e-05
1.131198225934481566e-05
8.046290280386466238e-06
6.249586150394543927e-06
3.761705197621101758e-06
2.493953161512809833e-06
1.498649189711178563e-06
9.141672640387813117e-07
5.556514820324547078e-07
3.500268979802535862e-07
2.294306033715796698e-07
1.554079203789245419e-07
3.973787137636650504e-06
4.420364548844121482e-06
5.107172032134664022e-06
2.970145450352486054e-06
2.854012353827029771e-06
2.146728723739387163e-06
1.602394042961250564e-06
9.947165579521658367e-07
6.539388653552150753e-07
3.895863567843081984e-07
2.351589623227474680e-07
1.418988094270014196e-07
8.816180925918059488e-08
5.603784265285889392e-08
3.746636200870794442e-08
4.560743727034996253e-07
1.884337090419578117e-07
8.157481805400305650e-07
-1.779580109342838997e-07
-1.594751203702999368e-07
3.817198736971498406e-09
1.721111830881304104e-08
1.131479659307014429e-08
8.736551873822739766e-09
7.608502372987362317e-09
2.103148058605784764e-09
6.529250434083044176e-10
1.045276373078748759e-09
1.780305782892463604e-10
4.660119348426981268e-10
-2.354426361980090946e-07
-6.278128996848529675e-07
3.037028471448492157e-08
-2.061631322283169570e-07
4.437710307515200299e-08
2.750582951787533516e-08
1.056873988489334773e-08
-1.639060801233056809e-08
2.325653162274552527e-08
4.989360295856386701e-09
-1.711911621364976756e-09
-3.205076421057873361e-10
-5.256757578608848499e-11
-2.832373499659182501e-11
1.314324750334341388e-11
4.206269871941778605e-09
-1.778530049368906086e-07
-2.077212803178488828e-08
-2.005243197266658814e-07
2.574541375611899442e-08
9.022046692935648922e-09
7.391833833702452566e-09
9.448651565024986108e-10
1.941216063337300990e-09
1.848393464320262772e-09
3.073679133718181745e-10
-3.153656594262679094e-10
3.400072360893421927e-11
2.403200475134994796e-11
2.114553948571566327e-11
1.116352095838359913e-05
1.028573491844101986e-05
1.152650030865476615e-05
1.027971861768182436e-05
8.358525657754798576e-06
6.067477226641113423e-06
4.688392808801855636e-06
2.993315931888927278e-06
1.939703245951680960e-06
1.180699331003483833e-06
7.119470754401174689e-07
4.253469112995996812e-07
2.597357906902971731e-07
1.642040542492795364e-07
1.079714317369490080e-07
2.829920965999298056e-06
1.739277092828806632e-06
1.468244598790673255e-06
1.705757848828576547e-06
1.446936869669698642e-06
1.152728905906240257e-06
9.381920871856278650e-07
6.090987510328799565e-07
3.929084522683368997e-07
2.337390631275808599e-07
1.404928487875056065e-07
8.551773202767330006e-08
5.105541088488990816e-08
3.202928087548179789e-08
2.067268268656810787e-08
-8.348987940631781339e-08
-5.244515607819797139e-07
4.396169391825084708e-08
-3.210808089455974928e-07
1.294906927666387993e-07
8.618214619795931301e-09
2.121833784782730868e-08
-8.733614544497765996e-09
9.020326516214250990e-09
5.877867476089319227e-09
-5.301768292178327635e-10
2.930415747293715660e-10
-5.880915014842277717e-11
9.370640004942093467e-11
1.350737569937354988e-10
8.568008102530991317e-08
-3.795034634724647000e-07
-4.421711565502027771e-08
-1.620372990597932830e-07
-7.750949851524522771e-09
1.138280744106080628e-09
1.942455382877332237e-08
-1.657210233053022621e-09
-6.656308169034754732e-10
3.025318399545809559e-09
8.914213352205482307e-10
-2.769175740181157406e-11
3.598138299923957386e-11
-2.982294344211734168e-11
-6.135125257287720595e-11
5.053884345042930463e-06
5.869868731128796105e-06
6.418754714079702526e-06
5.795974908416574299e-06
5.321666372935056401e-06
4.020248197884786358e-06
2.966690257639889376e-06
2.139963374940715390e-06
1.308694901033572884e-06
8.118172424094239369e-07
4.875362962556022973e-07
2.929716665384374741e-07
1.741341814151237114e-07
1.064775581654393323e-07
6.711230468533792110e-08
3.206410163361366846e-07
9.100913224960094144e-07
6.279262432879985760e-07
7.141640964130762293e-07
7.007072701496882207e-07
5.135155780711050361e-07
3.914388810580791770e-07
2.908590737953042986e-07
1.764854537569292721e-07
1.170785597473869730e-07
6.676635441525218901e-08
3.955344745040586253e-08
2.298599139743870676e-08
1.383534193547344629e-08
8.529516070438764098e-09
7.268272992193419081e-08
-8.873592902843918596e-08
-1.984587175928485834e-09
1.286199142254215254e-08
4.423040132813663146e-08
-1.662735877757015437e-09
1.125605861768882941e-08
-5.121831076283234871e-09
1.203450509340298660e-09
5.162641850633162546e-09
4.701256335174256832e-10
-4.341912717505121809e-10
1.503889023971513161e-10
9.864909910447742855e-11
-5.289911585494867718e-11
2.377089519397811844e-06
3.000263674777558074e-06
2.901821868173909867e-06
3.218936622704446676e-06
2.759583560492284420e-06
2.123418360596115078e-06
1.634431206051806109e-06
1.266757174841612533e-06
7.563583081446296394e-07
5.050904864730858421e-07
2.990010414417170758e-07
1.748940806721339612e-07
1.015102576272756154e-07
5.914348589966047542e-08
3.559679288576373152e-08
1.791449212285759553e-07
7.565555942898477375e-08
1.072396992279553789e-07
1.579612312718913672e-07
1.480475249764744283e-07
1.277466417817938414e-07
1.004752520148962447e-07
7.502291034444209726e-08
5.121562939323911319e-08
3.326949433990735717e-08
1.863302378094970935e-08
1.090374084986999915e-08
6.118321728942042692e-09
3.580832506202741933e-09
2.014860519103180343e-09
4.660261527884095478e-07
6.995245291739587274e-07
7.483937623969514373e-07
8.071416167308409369e-07
7.570335240553851236e-07
6.003396041813486759e-07
4.594179504302032648e-07
3.573569822079339121e-07
2.561692547084029731e-07
1.596039871712056446e-07
9.603891886135971306e-08
5.657380107308562936e-08
3.252117886021165595e-08
1.839689831662186509e-08
1.042113168440446587e-08
