# f_ap
0.000000000000000000e+00
6.236843887138229792e-02
1.267945074638798242e-01
1.935268359569604357e-01
2.627880464735736776e-01
3.347737388654215551e-01
4.096526273451481792e-01
4.875675568407353833e-01
5.686371383769630583e-01
6.529577734496020414e-01
7.406058781635338484e-01
8.316401610666649402e-01
9.261038489592641199e-01
1.024026789653792013e+00
1.125427388625913405e+00
1.230314357816741477e+00
1.338688270255347756e+00
1.450542924686839763e+00
1.565866531074383561e+00
1.684642731661939230e+00
1.806851474053978057e+00
1.932469753139253843e+00
2.061472238152399772e+00
2.193831800092078232e+00
2.329519953353652806e+00
2.468507223961676100e+00
2.610763455316160719e+00
2.756258060965930401e+00
2.904960232631139672e+00
3.056839110533520198e+00
3.211863922061766630e+00
3.370004093896960651e+00
3.531229341940715472e+00
3.695509742715664014e+00
3.862815789332315397e+00
4.033118434626217663e+00
4.206389123653584861e+00
4.382599815157293577e+00
4.561723006312033313e+00
4.743731731435757659e+00
4.928599574935793370e+00
5.116300671115053156e+00
5.306809702490853375e+00
5.500101895502849558e+00
5.696153014134730519e+00
5.894939351886669066e+00
6.096437722461914177e+00
6.300625449469252182e+00
6.507480355391480842e+00
6.716980750026618985e+00
