# h
6.726999999999999602e+01
6.931850649914288454e+01
7.154858737404553892e+01
7.395726310294222117e+01
7.654066597178315590e+01
7.929426092787498703e+01
8.221304537840423166e+01
8.529172288007615066e+01
8.852484874304856532e+01
9.190694792675397196e+01
9.543260721009507108e+01
9.909654455832492204e+01
1.028936590218353757e+02
1.068190645371650902e+02
1.108681107920051403e+02
1.150363939713186170e+02
1.193197597993755181e+02
1.237143008850187016e+02
1.282163499965412257e+02
1.328224705547274880e+02
1.375294453441224505e+02
1.423342642032726530e+02
1.472341112606757747e+02
1.522263521289365258e+02
1.573085213490554111e+02
1.624783102839845697e+02
1.677335555902367901e+02
1.730722283438220757e+02
1.784924238582392491e+02
1.839923522045109792e+02
1.895703294237656564e+02
1.952247694096295731e+02
2.009541764291111576e+02
2.067571382455198830e+02
2.126323198043177172e+02
2.185784574419474779e+02
2.245943535780707805e+02
2.306788718528820823e+02
2.368309326729483928e+02
2.430495091311301508e+02
2.493336232684194442e+02
2.556823426478706835e+02
2.620947772131162878e+02
2.685700764062092389e+02
2.751074265216751655e+02
2.817060482756745614e+02
2.883651945710562927e+02
2.950841484408227871e+02
3.018622211541313050e+02
3.086987504704216008e+02
