# rs_dv
inf
5.480897547958322180e-01
2.797927823636514599e-01
1.905864488437895299e-01
1.461439712787494238e-01
1.195996480576125981e-01
1.019981336902520824e-01
8.950145112666525737e-02
8.019072131878239584e-02
7.300005365652668943e-02
6.729008678151751632e-02
6.265413177794149080e-02
5.882123510301792702e-02
5.560397549786599142e-02
5.286862935298517613e-02
5.051726706570302400e-02
4.847656145421068430e-02
4.669054508561564648e-02
4.511578129358510131e-02
4.371805995665301037e-02
4.247008459179670709e-02
4.134982046932363098e-02
4.033929351381517620e-02
3.942370284665672880e-02
3.859075551629960465e-02
3.783016121106402146e-02
3.713324387833483176e-02
3.649263993026153480e-02
3.590206137464728442e-02
3.535610818292464486e-02
3.485011838958641806e-02
3.438004738646899261e-02
3.394237000980823010e-02
3.353400057070198004e-02
3.315222712150719259e-02
3.279465709906120852e-02
3.245917212192343110e-02
3.214389021123256057e-02
3.184713399824772029e-02
3.156740398000480036e-02
3.130335575361806177e-02
3.105378067123489363e-02
3.081758929271236416e-02
3.059379718383315253e-02
3.038151268316456252e-02
3.017992632806346803e-02
2.998830168450084682e-02
2.980596736914262884e-02
2.963231008764731847e-02
2.946676854211319196e-02
