# lsst_simulation
2.424169271209801866e-09
1.703456923238037757e-09
1.325182295268371053e-09
7.316411246897379064e-10
5.768931187336776811e-10
3.251569446233163008e-10
2.267916213703219343e-10
1.704938151140157154e-10
1.125412825904890163e-10
7.989620098802095228e-11
4.538256338244059298e-11
2.968185981154709440e-11
1.903871591570717588e-11
9.182618296037824386e-12
6.319900906017160450e-12
3.620197307633932762e-09
3.041984781190607448e-09
1.824064591391911273e-09
1.133969997453099276e-09
7.894165335407943814e-10
5.085848311893648745e-10
3.415980125236198078e-10
2.532295376539313023e-10
1.781064852339624264e-10
1.344437730680143605e-10
8.120381507552719921e-11
5.140708937174628916e-11
2.978824893217420632e-11
1.651650067865156149e-11
9.201645183307667431e-12
3.004571630176878635e-09
3.151777103452236171e-09
1.685102834065932159e-09
1.051966545041129335e-09
7.843155938159104524e-10
4.917431097385379262e-10
3.218453022840149653e-10
2.607136918583039699e-10
1.750889598045121283e-10
1.256416038100597509e-10
7.926870566755024795e-11
4.873525438006146250e-11
2.929159998175268257e-11
1.610031656034435060e-11
8.138276025221289858e-12
2.574283018201073389e-09
3.447938381466515340e-09
1.782124597097670002e-09
1.096827212320212466e-09
6.798862354478154165e-10
4.442742403245430978e-10
2.735529829615791387e-10
2.526820753890819165e-10
1.744350450657019963e-10
1.240013152968187198e-10
8.142619733832947738e-11
5.154398509222141361e-11
3.052633654145472363e-11
1.506089125488275019e-11
7.242254654136103417e-12
2.248923782469196178e-09
3.737315558988982783e-09
1.640544068180748114e-09
1.034316027941253435e-09
7.133557130994275810e-10
3.945688731314696854e-10
2.981493974189813849e-10
2.566427738144852738e-10
1.743895684454831734e-10
1.325834260518192686e-10
7.746154826571925917e-11
5.341888592400443367e-11
2.841543083198562619e-11
1.622910806896083977e-11
6.475575397460796979e-12
1.271429235826259492e-08
1.054363469052548088e-08
7.012028763125655891e-09
4.647848616130164427e-09
3.070625935163375988e-09
2.067206854123411568e-09
1.386763894038751357e-09
9.607002371609935449e-10
6.328789371199673387e-10
4.418564691709097417e-10
2.947275876167574543e-10
1.993861061676964810e-10
1.295929983276001258e-10
8.046990609878964265e-11
4.999173989036842480e-11
1.662375755905244142e-08
1.295332574892347310e-08
8.982813107819914129e-09
5.782619215321101951e-09
4.128611421668938621e-09
2.660330049183369734e-09
1.811105130440085711e-09
1.223385125738270017e-09
7.962122156266452797e-10
5.533492367254974768e-10
3.783728450231972095e-10
2.563999418194531941e-10
1.708067040530784091e-10
1.077776841890652047e-10
6.530249058399235545e-11
1.822892361830192637e-08
1.472354660028641733e-08
1.020583811423216873e-08
6.327549637656710009e-09
4.547874289243178765e-09
2.996525785202755133e-09
1.914891451987760754e-09
1.327539754126424474e-09
8.908737427241861287e-10
6.113292937675678475e-10
4.172431616400701422e-10
2.877200718700182916e-10
1.915316186704025897e-10
1.200051490166137341e-10
7.273087848999887296e-11
2.059060002180006092e-08
1.543546994265760640e-08
1.073660810087686400e-08
6.879428902430768824e-09
5.051153192530089294e-09
3.105026483388818363e-09
2.102925740279224682e-09
1.442774478517219892e-09
9.593044763281918801e-10
6.639352837174237566e-10
4.531398571044189508e-10
3.116868034485865937e-10
2.111006229807752152e-10
1.329488138102838687e-10
7.849831819019884563e-11
2.613275114731412708e-08
1.980384276109886976e-08
1.538340646523967537e-08
9.850556198956115415e-09
7.297490949352824733e-09
4.838556228224857839e-09
3.261667663496755375e-09
2.116922838469538025e-09
1.358695418476962114e-09
9.132532567908340822e-10
6.207026340172171907e-10
4.245214604282339760e-10
2.838980829987902306e-10
1.872214277810824612e-10
1.165244155544763265e-10
3.129757255895649525e-08
2.411118907416590443e-08
1.953688209326248022e-08
1.225629864957116552e-08
9.202991360413854322e-09
6.197891823930825373e-09
3.981947146218706999e-09
2.637804788203863913e-09
1.719196086420151498e-09
1.122046471446402497e-09
7.662654254300819834e-10
5.212275617161391636e-10
3.542542399310111300e-10
2.329977959584150109e-10
1.477156990292495331e-10
3.668031878441945489e-08
2.663749749262392493e-08
2.239473213962777005e-08
1.441225480194824570e-08
1.080283753059720936e-08
7.154621238273530539e-09
4.664019248251139964e-09
3.099433323121994514e-09
1.973026888303291016e-09
1.310377025454005173e-09
8.930882377182267074e-10
5.999955582041109300e-10
4.094655046204089548e-10
2.718471234146196520e-10
1.724412326382342220e-10
4.224965826244516613e-08
3.284631673869126245e-08
2.817075801360755143e-08
1.765407196337493419e-08
1.368557540253785752e-08
9.589984249169147653e-09
6.027782807313893449e-09
3.991835178885666299e-09
2.596117916897179518e-09
1.666789677103658944e-09
1.113066392147904339e-09
7.564001331922260074e-10
5.108769893620072049e-10
3.405894105090945301e-10
2.190635227474536056e-10
5.210191937520515169e-08
3.959998108299110477e-08
3.518628640539471333e-08
2.292575153588075056e-08
1.772862848859187753e-08
1.256918246879560916e-08
8.055697098586572201e-09
5.255791737300232201e-09
3.380292956764287892e-09
2.160577167314218176e-09
1.423552774740240851e-09
9.519546844069382705e-10
6.415523721270753338e-10
4.324121993405706201e-10
2.808305793898729760e-10
6.963224194951477382e-08
5.419334803154681505e-08
5.031796420162959162e-08
3.596084632248631850e-08
2.725924479162538994e-08
1.999236471790578357e-08
1.325817728990280208e-08
8.667588865505670046e-09
5.483208962259201117e-09
3.483979450630985395e-09
2.237120248852496075e-09
1.457904623989167431e-09
9.696853794577209501e-10
6.430263224181515203e-10
4.197023729549346852e-10
