# fsigma_8
4.387625820854582082e-01
4.428379991354582934e-01
4.467136922690261858e-01
4.503919296138129136e-01
4.538752484010516453e-01
4.571664432548660506e-01
4.602685152756608167e-01
4.631846949130317692e-01
4.659183916083647348e-01
4.684731742777390462e-01
4.708527765418909494e-01
4.730610431327219589e-01
4.751019303410117800e-01
4.769795017386753155e-01
4.786978949430879537e-01
4.802612946426646490e-01
4.816739483957302448e-01
4.829401295400360117e-01
4.840641376690439368e-01
4.850502750485130576e-01
4.859028394780645632e-01
4.866261227107201437e-01
4.872243873609394815e-01
4.877018642159191009e-01
4.880627528304899432e-01
4.883111900583931297e-01
4.884512665825714861e-01
4.884870197448559215e-01
4.884224081713825494e-01
4.882613306109904183e-01
4.880076084022012539e-01
4.876649871497688582e-01
4.872371295402992408e-01
4.867276117960314674e-01
4.861399290068688095e-01
4.854774980126361772e-01
4.847436275115481474e-01
4.839415534052433077e-01
4.830744145744472751e-01
4.821452669249315925e-01
4.811570662807181931e-01
4.801126877330370024e-01
4.790149089041724206e-01
4.778664292523968071e-01
4.766698526589912555e-01
4.754277048552216223e-01
4.741424069291226284e-01
4.728163220207799999e-01
4.714517204550331408e-01
4.700507808008761446e-01
4.686156191273437854e-01
4.671482650318403151e-01
4.656506693499727345e-01
4.641247147851098598e-01
4.625722151969838825e-01
4.609949115036434675e-01
4.593944673429251613e-01
4.577724924628468472e-01
4.561305239315449622e-01
4.544700356372300964e-01
4.527924518187920744e-01
4.510991250163927657e-01
4.493913568974648443e-01
4.476703912320681433e-01
4.459374266714505319e-01
4.441935996621972360e-01
4.424399970415324179e-01
4.406776706903630103e-01
4.389076081140667052e-01
4.371307657990713413e-01
4.353480503819489589e-01
4.335603339793416833e-01
4.317684362337020909e-01
4.299731471737333055e-01
4.281752239357844436e-01
4.263753762226663580e-01
4.245742902593939161e-01
4.227726114805385182e-01
4.209709566209331455e-01
4.191699070822755280e-01
4.173700325975896464e-01
4.155718527395365625e-01
4.137758745865418586e-01
4.119825687472132292e-01
4.101923928569454203e-01
4.084057702736651474e-01
4.066231102503925499e-01
4.048447931171793579e-01
4.030711818927154577e-01
4.013026180419292932e-01
3.995394268867183407e-01
3.977819143591166395e-01
3.960303639049747026e-01
3.942850453065399052e-01
3.925462133234995377e-01
3.908141139938172137e-01
3.890889602800619018e-01
3.873709668527848260e-01
3.856603343346276525e-01
3.839572417252367642e-01
3.822618664070897565e-01
3.805743586472212781e-01
3.788948712531029495e-01
3.772235445676206389e-01
3.755605048015596692e-01
3.739058684497769125e-01
3.722597460340860698e-01
3.706222362894107114e-01
3.689934279393506378e-01
3.673734018255392364e-01
3.657622446063449884e-01
3.641600174616085317e-01
3.625667791236210080e-01
3.609825827628506123e-01
3.594074865725849222e-01
3.578415282013928667e-01
3.562847320827388642e-01
3.547371405567260050e-01
3.531987806224705095e-01
3.516696708200434673e-01
3.501498248241815547e-01
3.486392561607188911e-01
3.471379690759391345e-01
3.456459716564496687e-01
3.441632626165722630e-01
3.426898364825574639e-01
3.412256828199312086e-01
3.397707968154128899e-01
3.383251608143577616e-01
3.368887583087971094e-01
3.354615694738098952e-01
3.340435776176680638e-01
3.326347502640945031e-01
3.312350666875691352e-01
3.298444930545801346e-01
3.284630046554004590e-01
3.270905628130377218e-01
3.257271323999845203e-01
3.243726823306954388e-01
3.230271677553559484e-01
3.216905578832869872e-01
3.203627997762238389e-01
3.190438640194056541e-01
3.177336972402186599e-01
3.164322582042310983e-01
3.151395014532768490e-01
3.138553773576595041e-01
3.125798401614443001e-01
3.113128441458271056e-01
3.100543340703200146e-01
3.088042648776039290e-01
3.075625848835548681e-01
3.063292389993031439e-01
3.051041784269598600e-01
3.038873489978675124e-01
3.026787018457507417e-01
3.014781764024791477e-01
3.002857232324281922e-01
2.991012864934318727e-01
2.979248168895468063e-01
2.967562540064649923e-01
2.955955440312957316e-01
2.944426352962284388e-01
2.932974700948647873e-01
2.921599922270208816e-01
2.910301477387908786e-01
2.899078813872734695e-01
2.887931402677809678e-01
2.876858619858341792e-01
2.865859959231567555e-01
2.854934872147348868e-01
2.844082777956790653e-01
2.833303153440351885e-01
2.822595414321518725e-01
2.811959037703567477e-01
2.801393480674707059e-01
2.790898179727335227e-01
2.780472568027644864e-01
2.770116158716733890e-01
2.759828353836542014e-01
2.749608659493638085e-01
2.739456525203861625e-01
2.729371399445476576e-01
2.719352736185810526e-01
2.709400063498394462e-01
2.699512801415926977e-01
2.689690457198808948e-01
2.679932513298842189e-01
2.670238392118265969e-01
2.660607619999355578e-01
2.651039713562785005e-01
2.641534155610529289e-01
2.632090369258053841e-01
2.622707951789950420e-01
2.613386331785384487e-01
2.604125026123755293e-01
2.594923554494277806e-01
2.585781425388705701e-01
2.576698156960639530e-01
2.567673272433700915e-01
