# z
0.000000000000000000e+00
1.512562814070351688e-02
3.025125628140703377e-02
4.537688442211054718e-02
6.050251256281406753e-02
7.562814070351758788e-02
9.075376884422109436e-02
1.058793969849246147e-01
1.210050251256281351e-01
1.361306532663316415e-01
1.512562814070351758e-01
1.663819095477386822e-01
1.815075376884421887e-01
1.966331658291457229e-01
2.117587939698492294e-01
2.268844221105527637e-01
2.420100502512562701e-01
2.571356783919597766e-01
2.722613065326632831e-01
2.873869346733668451e-01
3.025125628140703515e-01
3.176381909547738580e-01
3.327638190954773645e-01
3.478894472361808710e-01
3.630150753768843774e-01
3.781407035175879394e-01
3.932663316582914459e-01
4.083919597989949524e-01
4.235175879396984588e-01
4.386432160804019653e-01
4.537688442211055273e-01
4.688944723618090338e-01
4.840201005025125403e-01
4.991457286432160467e-01
5.142713567839195532e-01
5.293969849246230597e-01
5.445226130653265662e-01
5.596482412060300726e-01
5.747738693467336901e-01
5.898994974874371966e-01
6.050251256281407031e-01
6.201507537688442095e-01
6.352763819095477160e-01
6.504020100502512225e-01
6.655276381909547290e-01
6.806532663316582354e-01
6.957788944723617419e-01
7.109045226130652484e-01
7.260301507537687549e-01
7.411557788944723724e-01
7.562814070351758788e-01
7.714070351758793853e-01
7.865326633165828918e-01
8.016582914572863983e-01
8.167839195979899047e-01
8.319095477386934112e-01
8.470351758793969177e-01
8.621608040201004242e-01
8.772864321608039306e-01
8.924120603015075481e-01
9.075376884422110546e-01
9.226633165829145611e-01
9.377889447236180676e-01
9.529145728643215740e-01
9.680402010050250805e-01
9.831658291457285870e-01
9.982914572864320935e-01
1.013417085427135600e+00
1.028542713567839106e+00
1.043668341708542613e+00
1.058793969849246119e+00
1.073919597989949626e+00
1.089045226130653132e+00
1.104170854271356639e+00
1.119296482412060145e+00
1.134422110552763874e+00
1.149547738693467380e+00
1.164673366834170887e+00
1.179798994974874393e+00
1.194924623115577900e+00
1.210050251256281406e+00
1.225175879396984913e+00
1.240301507537688419e+00
1.255427135678391926e+00
1.270552763819095432e+00
1.285678391959798939e+00
1.300804020100502445e+00
1.315929648241205951e+00
1.331055276381909458e+00
1.346180904522612964e+00
1.361306532663316471e+00
1.376432160804019977e+00
1.391557788944723484e+00
1.406683417085426990e+00
1.421809045226130497e+00
1.436934673366834003e+00
1.452060301507537510e+00
1.467185929648241238e+00
1.482311557788944745e+00
1.497437185929648251e+00
1.512562814070351758e+00
1.527688442211055264e+00
1.542814070351758771e+00
1.557939698492462277e+00
1.573065326633165784e+00
1.588190954773869290e+00
1.603316582914572797e+00
1.618442211055276303e+00
1.633567839195979809e+00
1.648693467336683316e+00
1.663819095477386822e+00
1.678944723618090329e+00
1.694070351758793835e+00
1.709195979899497342e+00
1.724321608040200848e+00
1.739447236180904355e+00
1.754572864321607861e+00
1.769698492462311368e+00
1.784824120603015096e+00
1.799949748743718603e+00
1.815075376884422109e+00
1.830201005025125616e+00
1.845326633165829122e+00
1.860452261306532629e+00
1.875577889447236135e+00
1.890703517587939642e+00
1.905829145728643148e+00
1.920954773869346655e+00
1.936080402010050161e+00
1.951206030150753667e+00
1.966331658291457174e+00
1.981457286432160680e+00
1.996582914572864187e+00
2.011708542713567915e+00
2.026834170854271200e+00
2.041959798994974928e+00
2.057085427135678213e+00
2.072211055276381941e+00
2.087336683417085226e+00
2.102462311557788954e+00
2.117587939698492239e+00
2.132713567839195967e+00
2.147839195979899252e+00
2.162964824120602980e+00
2.178090452261306265e+00
2.193216080402009993e+00
2.208341708542713278e+00
2.223467336683417006e+00
2.238592964824120291e+00
2.253718592964824019e+00
2.268844221105527748e+00
2.283969849246231032e+00
2.299095477386934760e+00
2.314221105527638045e+00
2.329346733668341773e+00
2.344472361809045058e+00
2.359597989949748786e+00
2.374723618090452071e+00
2.389849246231155799e+00
2.404974874371859084e+00
2.420100502512562812e+00
2.435226130653266097e+00
2.450351758793969825e+00
2.465477386934673110e+00
2.480603015075376838e+00
2.495728643216080123e+00
2.510854271356783851e+00
2.525979899497487136e+00
2.541105527638190864e+00
2.556231155778894149e+00
2.571356783919597877e+00
2.586482412060301606e+00
2.601608040201004890e+00
2.616733668341708618e+00
2.631859296482411903e+00
2.646984924623115631e+00
2.662110552763818916e+00
2.677236180904522644e+00
2.692361809045225929e+00
2.707487437185929657e+00
2.722613065326632942e+00
2.737738693467336670e+00
2.752864321608039955e+00
2.767989949748743683e+00
2.783115577889446968e+00
2.798241206030150696e+00
2.813366834170853981e+00
2.828492462311557709e+00
2.843618090452260994e+00
2.858743718592964722e+00
2.873869346733668007e+00
2.888994974874371735e+00
2.904120603015075019e+00
2.919246231155778748e+00
2.934371859296482477e+00
2.949497487437185761e+00
2.964623115577889489e+00
2.979748743718592774e+00
2.994874371859296502e+00
3.009999999999999787e+00
