# fsigma_8
4.387732373249164097e-01
4.441715686288049691e-01
4.492149711777909671e-01
4.539091813047539392e-01
4.582607297849640715e-01
4.622768914389974171e-01
4.659655621096781553e-01
4.693351988958070486e-01
4.723947334041782020e-01
4.751534672220308342e-01
4.776210429856729278e-01
4.798073227763697823e-01
4.817223533929160806e-01
4.833763232260729348e-01
4.847794725275564320e-01
4.859420378392386719e-01
4.868742460417342377e-01
4.875862351242598591e-01
4.880880449417265843e-01
4.883895538704571271e-01
4.885004874780304873e-01
4.884303545759353105e-01
4.881884612381833244e-01
4.877838733018522999e-01
4.872254018160437905e-01
4.865216018854363056e-01
4.856807464504107608e-01
4.847108434198659777e-01
4.836196147846390514e-01
4.824144735670943263e-01
4.811025982049784711e-01
4.796908367405919860e-01
4.781857649043687597e-01
4.765936849604394121e-01
4.749206275050699144e-01
4.731723395116690378e-01
4.713543051129455708e-01
4.694717586934294418e-01
4.675296783268163003e-01
4.655327909309013856e-01
4.634856048625460856e-01
4.613923786147404171e-01
4.592571634986201690e-01
4.570837973109699304e-01
4.548758965937649279e-01
4.526369077456018353e-01
4.503700712691338648e-01
4.480784437452233204e-01
4.457649203042706176e-01
4.434322335601338927e-01
4.410829435370464124e-01
4.387194623909543290e-01
4.363440719894301489e-01
4.339589061338687825e-01
4.315659702940111142e-01
4.291671519624308262e-01
4.267642092268386644e-01
4.243588020633368707e-01
4.219524744274689154e-01
4.195466798249877227e-01
4.171427661195333814e-01
4.147420041315201811e-01
4.123455657850990108e-01
4.099545441734928630e-01
4.075699678501950585e-01
4.051927822015334302e-01
4.028238747687580279e-01
4.004640508672128174e-01
3.981140746757376170e-01
3.957746409042957048e-01
3.934463966872362994e-01
3.911299360191775043e-01
3.888258106478583720e-01
3.865345030660529146e-01
3.842564919568510762e-01
3.819921810841233056e-01
3.797419618973830180e-01
3.775061731110596619e-01
3.752851246037494093e-01
3.730791107305996279e-01
3.708883614852548360e-01
3.687131181339923236e-01
3.665535701104408739e-01
3.644098910123008683e-01
3.622822343169700976e-01
3.601707334773658342e-01
3.580754868904318933e-01
3.559965897668262436e-01
3.539341210711937635e-01
3.518881332645711901e-01
3.498586680147523498e-01
3.478457524863227679e-01
3.458494023044785814e-01
3.438696160317160078e-01
3.419063815460904876e-01
3.399596884312159895e-01
3.380294962787957491e-01
3.361157711748305466e-01
3.342184612686340262e-01
3.323375067358079749e-01
3.304728484940439581e-01
3.286244146708569569e-01
3.267921281827989022e-01
3.249759012947179282e-01
3.231756536914226485e-01
3.213912849487939316e-01
3.196226984532803406e-01
3.178697936378597211e-01
3.161324632176117921e-01
3.144105970788175775e-01
3.127040883346987599e-01
3.110128129224736804e-01
3.093366617536183472e-01
3.076755082120153917e-01
3.060292305231660515e-01
3.043977106549247691e-01
3.027808149053329290e-01
3.011784236891287825e-01
2.995904005984384999e-01
2.980166222413471733e-01
2.964569594290338839e-01
2.949112796882877308e-01
2.933794522815509898e-01
2.918613423666602258e-01
2.903568263749928824e-01
2.888657610803735398e-01
2.873880231072199476e-01
2.859234777647338133e-01
2.844719922858421346e-01
2.830334370952555800e-01
2.816076759399209761e-01
2.801945868917051219e-01
2.787940295435519245e-01
2.774058790859190160e-01
2.760300086386129892e-01
2.746662867138916497e-01
2.733145823332178148e-01
2.719747759684262300e-01
2.706467368201214141e-01
2.693303380006159542e-01
2.680254567137596022e-01
2.667319685596212242e-01
2.654497568522968254e-01
2.641786914059548463e-01
2.629186521484727090e-01
2.616695269720299422e-01
2.604311877196858194e-01
2.592035257049006836e-01
2.579864170420023139e-01
2.567797494479423515e-01
