# lsst_theory
2.519759650086454317e-09
1.700393153602172558e-09
1.125660712980094840e-09
7.480166590331057676e-10
5.032210067493325973e-10
3.393659353011846546e-10
2.325784122468260943e-10
1.604522389486413695e-10
1.099627907251777487e-10
7.376688887938635368e-11
4.775732534337741811e-11
2.958596134027595679e-11
1.755676707446748395e-11
1.001120790910200355e-11
5.509623360028541068e-12
4.222687489937170473e-09
2.845858493218391048e-09
1.875256963876572943e-09
1.216590286861227476e-09
7.977812634884591173e-10
5.356888023841623805e-10
3.652439091583589444e-10
2.545729756617147095e-10
1.781149378946347288e-10
1.226489898460487468e-10
8.143116259402658228e-11
5.129928949840076920e-11
3.050676629104945094e-11
1.717141650995042777e-11
9.241864259695723629e-12
4.295805789217609913e-09
2.840830239016161549e-09
1.843104094130037727e-09
1.171161575543703751e-09
7.518816295873691358e-10
5.063748051988382766e-10
3.469987009131070906e-10
2.455469869433901825e-10
1.744150822155324761e-10
1.214824873322637934e-10
8.101433265649019328e-11
5.074045578258132321e-11
2.960354424187465222e-11
1.611482904030102678e-11
8.293603578638219594e-12
4.362902506434669697e-09
2.858112932223280945e-09
1.839477855695740785e-09
1.155721136625742437e-09
7.332510745858459262e-10
4.944990972949469515e-10
3.398074194146534178e-10
2.424419855065470998e-10
1.736366669479888503e-10
1.217029354094501881e-10
8.137616212533863482e-11
5.083045539642593196e-11
2.936494335902881350e-11
1.569448745880817161e-11
7.868204450597174401e-12
4.421093687645531901e-09
2.873313469669565154e-09
1.836556226559642997e-09
1.142521142633564411e-09
7.172957523663189740e-10
4.843426935587846230e-10
3.336579238234221472e-10
2.398015712224562127e-10
1.729896577681805766e-10
1.219092006444437999e-10
8.169906459956302495e-11
5.091486378229573539e-11
2.916254489634906212e-11
1.533287965662095092e-11
7.501217916010681975e-12
1.422936812129554759e-08
1.032915735671773963e-08
7.260984394144649461e-09
4.983430179118041007e-09
3.312674164072561935e-09
2.164375964385065290e-09
1.419308895325538866e-09
9.429949914237494391e-10
6.385623730884620644e-10
4.387753562770973790e-10
3.014023069221746424e-10
2.031977267563801811e-10
1.324490434762933001e-10
8.249414410370419441e-11
4.890392691889709199e-11
1.788235212236128168e-08
1.312698663602895807e-08
9.293766780068871864e-09
6.435496997945795210e-09
4.303711522902328996e-09
2.790330770693612179e-09
1.826229322651675395e-09
1.201877134068322019e-09
8.091240246097876114e-10
5.547222797009397216e-10
3.821975612241137981e-10
2.598398289712207605e-10
1.714537534879014223e-10
1.082227937791496260e-10
6.490289523780137296e-11
1.980779144968985850e-08
1.455727850545566512e-08
1.030483040189064785e-08
7.144587387344493592e-09
4.777789086263921076e-09
3.079325893090015118e-09
2.012858908790482777e-09
1.320339821009431494e-09
8.886471127535786656e-10
6.099926031593333021e-10
4.215687188199773375e-10
2.878625746814303817e-10
1.908274496810502612e-10
1.208886775122751127e-10
7.260840193947574087e-11
2.149074290578868216e-08
1.581255879098093449e-08
1.119563615032011438e-08
7.770810950586221931e-09
5.197540160034857508e-09
3.336758998806933472e-09
2.179143124931734177e-09
1.426012831306104862e-09
9.593719227911183580e-10
6.589891430958193034e-10
4.563587657222145910e-10
3.125679405842306997e-10
2.078946907652315816e-10
1.320589097598075960e-10
7.942490444722522375e-11
2.700301596592708604e-08
2.082981669881462839e-08
1.526342210783329417e-08
1.085894742392303403e-08
7.500196077139688151e-09
4.955928446824472022e-09
3.211050144021126577e-09
2.087211227114326016e-09
1.371534926953324396e-09
9.186894410589367122e-10
6.243043098711113781e-10
4.249421721978649324e-10
2.854594757562255795e-10
1.861270523395721032e-10
1.163459663781578327e-10
3.242487300850476340e-08
2.544288084369564709e-08
1.885952472649927405e-08
1.352231702805091753e-08
9.423468421659977287e-09
6.274665782483290109e-09
4.046245772377418552e-09
2.626368988344930861e-09
1.711225794826143466e-09
1.137970275331528029e-09
7.698395094796599572e-10
5.239760318455720681e-10
3.537837695358394742e-10
2.328835435561450730e-10
1.473507880230441433e-10
3.693134228933364154e-08
2.924166386744882340e-08
2.179035236651070458e-08
1.567496937566842925e-08
1.097041885218923967e-08
7.328039545802580879e-09
4.705600874750191284e-09
3.052443321644761547e-09
1.979044909925925538e-09
1.311782345066425701e-09
8.860763272972172234e-10
6.036851487907312369e-10
4.090959996229553402e-10
2.708286694636700541e-10
1.724738134863707463e-10
4.269674954992396276e-08
3.488568480778319148e-08
2.676270802084093371e-08
1.964893713360397507e-08
1.395741625682371067e-08
9.531419992636578139e-09
6.222668709899386528e-09
4.009874837805384763e-09
2.582765720912625605e-09
1.686678612397070590e-09
1.120161469338298441e-09
7.530906456554944278e-10
5.075224118947609050e-10
3.374560993136927318e-10
2.180411202233514358e-10
5.164744929081737385e-08
4.314912825722998221e-08
3.371865946092434656e-08
2.506769315051854348e-08
1.797176031350111135e-08
1.241443215197122348e-08
8.169580859250300501e-09
5.237374610817180972e-09
3.362688064880704074e-09
2.176124941967579173e-09
1.431497515133349438e-09
9.560139310828975244e-10
6.432836731749353819e-10
4.296093618035799246e-10
2.803116630591794184e-10
6.828770785926897842e-08
5.965692289349969017e-08
4.873302015498268719e-08
3.758335268346142168e-08
2.764540849977402740e-08
1.953061839492760485e-08
1.325971028531199830e-08
8.577034442320028239e-09
5.478073525894963279e-09
3.488984193177499276e-09
2.244073762188924923e-09
1.463612392301890794e-09
9.674575846966250815e-10
6.416996349829537663e-10
4.213458103078127202e-10
5.013410734372392437e-07
3.481865297068784868e-07
2.338004352452130261e-07
1.530557639067404897e-07
1.005444655131628504e-07
6.627224789968705182e-08
4.458852568756199528e-08
3.072750065684141504e-08
2.152050873652432058e-08
1.502513782216687684e-08
1.022029274840493741e-08
6.645343462680752815e-09
4.098666710451501956e-09
2.399091091061557618e-09
1.342268121019703859e-09
1.575907751346834027e-06
1.135918311211478330e-06
7.956963980350855023e-07
5.366657813156107718e-07
3.498669524401601450e-07
2.282204639535626665e-07
1.491208236112673306e-07
9.964788587903680312e-08
6.842344438247408698e-08
4.783254146018170245e-08
3.335050943029153050e-08
2.264405045050020390e-08
1.470658844736901734e-08
9.045101581320648988e-09
5.274554405571216424e-09
1.885062077043433451e-06
1.364725129643889066e-06
9.607173812934276895e-07
6.508179512197449956e-07
4.241598168122396680e-07
2.764720436292466808e-07
1.800741320556461511e-07
1.198817185742844973e-07
8.207029119590816238e-08
5.733038806086726062e-08
4.005819117750576474e-08
2.732308591173586165e-08
1.784860939537679271e-08
1.103997517627664892e-08
6.468304973055983721e-09
2.067868778063964713e-06
1.499975510244201220e-06
1.058241831404002849e-06
7.182505113454381579e-07
4.680322465559761583e-07
3.049681285679759271e-07
1.983559589550955439e-07
1.318347585481139461e-07
9.013449130924168309e-08
6.294435366513673231e-08
4.402338449828640769e-08
3.008872478385151266e-08
1.970516010702005340e-08
1.221819867204153792e-08
7.173070026473940242e-09
2.225810732100943357e-06
1.616829597683202826e-06
1.142500709493583037e-06
7.765115695574282899e-07
5.059375873432079808e-07
3.295884157194707875e-07
2.141512544228971515e-07
1.421620633974328778e-07
9.710187195146316300e-08
6.779476379820142486e-08
4.744926444082380025e-08
3.247818569179613785e-08
2.130917762658737768e-08
1.323615966084269569e-08
7.781975721529036750e-09
-7.569732341396808284e-08
-6.293199381630012865e-08
-4.743135609799465516e-08
-3.570175333192590274e-08
-2.601848986130883937e-08
-1.635743209367190876e-08
-1.067038416952381475e-08
-6.693304354826881953e-09
-4.226065327708404212e-09
-2.747376742892051758e-09
-1.857328377138057709e-09
-1.300593229659160507e-09
-9.239118347778049908e-10
-6.423016711105702499e-10
-4.230393299687818238e-10
6.210881274059051698e-07
4.970211194582184827e-07
3.720134771961411402e-07
2.774902485488192006e-07
1.936154676267525567e-07
1.235711134395385798e-07
7.930103200330888139e-08
5.007438425461033398e-08
3.202872140958108315e-08
2.118293927804711028e-08
1.456020282096344288e-08
1.028182605583837707e-08
7.265314589288599427e-09
4.961684169339679852e-09
3.193683414068796143e-09
1.090837416861975233e-06
8.842195971114029179e-07
6.644660198488032776e-07
4.963445528576788326e-07
3.509706461473513202e-07
2.238301399371196007e-07
1.444627367035823952e-07
9.093998853631156495e-08
5.793376058824330936e-08
3.809727763846992310e-08
2.603259342214466229e-08
1.831515105409106481e-08
1.294776947054461010e-08
8.886117548959201197e-09
5.763633463550064788e-09
1.347084753383087008e-06
1.094882081439096162e-06
8.234505504739973229e-07
6.152944005635360745e-07
4.362778492703624006e-07
2.781929800970653057e-07
1.797481059887796358e-07
1.130840992565293118e-07
7.198218229238386272e-08
4.727998823718484901e-08
3.226804603801491437e-08
2.268473655935456127e-08
1.603849215918478684e-08
1.101861881543726664e-08
7.158057461229254340e-09
1.568452075489998398e-06
1.276868045170721847e-06
9.607923213964567006e-07
7.180505390391893531e-07
5.099714975849832249e-07
3.251542948140291908e-07
2.102295018697940066e-07
1.322133698090440846e-07
8.411798343020082464e-08
5.521255857465557090e-08
3.765463564708002185e-08
2.645949278841712602e-08
1.870848266775483661e-08
1.286082003670770373e-08
8.362646872936362735e-09
-3.503736474118947196e-08
-3.099264755152263533e-08
-2.419208873917524667e-08
-1.812055821255760628e-08
-1.365041650295575313e-08
-9.026102483621480235e-09
-5.889335674477841121e-09
-3.654490160483196470e-09
-2.289976661796869552e-09
-1.459049627793706697e-09
-9.606690465099244661e-10
-6.570292345007050543e-10
-4.620750363206521436e-10
-3.245857740380746749e-10
-2.199082585073133423e-10
1.076277869673746840e-07
9.330958226100556503e-08
7.165420957597417671e-08
5.354623419547291368e-08
4.021176299560533854e-08
2.580457302548008910e-08
1.711812597037092841e-08
1.051920084371672458e-08
6.602908599606856222e-09
4.235636552824091187e-09
2.815801386026254865e-09
1.944425603442011355e-09
1.375518512058119252e-09
9.654506058108608738e-10
6.489099362747858323e-10
5.910613819978281385e-07
5.343297315387764533e-07
4.245342458468350032e-07
3.187361602303541049e-07
2.406112291105794563e-07
1.642834771707590092e-07
1.051514046312404210e-07
6.591036211461649040e-08
4.126916412101736055e-08
2.613257143112666302e-08
1.704140205605519053e-08
1.153990951458988812e-08
8.065098814337797654e-09
5.669017356456390267e-09
3.872166202485922490e-09
8.543786871717135959e-07
7.753817473646850424e-07
6.180843170860921404e-07
4.643409763993073002e-07
3.505956168056850950e-07
2.406801019327858789e-07
1.535952299034006905e-07
9.649571802694277015e-08
6.039484861220564604e-08
3.819680479804668759e-08
2.486593174926380896e-08
1.680797278839844644e-08
1.173262460727176232e-08
8.246860481325568371e-09
5.640506042958527818e-09
1.079960335422936085e-06
9.817932225498205675e-07
7.837469018509472933e-07
5.889492130604120775e-07
4.447220338402562510e-07
3.060200004786346379e-07
1.950396350398974795e-07
1.226508394496491631e-07
7.675209485986436632e-08
4.851665209058077547e-08
3.156057517887091939e-08
2.131640351817461556e-08
1.487188988849760400e-08
1.045349362085372406e-08
7.153997542712663658e-09
-2.789873005389030538e-09
-2.635281924336261815e-09
-2.173980049561891222e-09
-1.644903151986682016e-09
-1.241768135593144343e-09
-8.992345346256653529e-10
-5.569753105546044050e-10
-3.589175229442755156e-10
-2.236235431244321162e-10
-1.398032132884468345e-10
-8.952037647931681314e-11
-5.943052443014109232e-11
-4.096209621299290225e-11
-2.876570169672070211e-11
-1.992615657000936534e-11
-3.520535491859853955e-08
-3.507230912290405768e-08
-3.063603670451713468e-08
-2.381581952599683083e-08
-1.782909198828420746e-08
-1.358048053535083814e-08
-8.532614679843020278e-09
-5.712313597110202349e-09
-3.490738573741657123e-09
-2.141716258925679544e-09
-1.339345886918852540e-09
-8.643442431488953386e-10
-5.807594878415345105e-10
-4.029072780251789645e-10
-2.814417377441435962e-10
2.547053831403068947e-07
2.479436206282159460e-07
2.112983919038391385e-07
1.622861383606657810e-07
1.219112176047030467e-07
9.106925981459959869e-08
5.668308309270718902e-08
3.744719043968560344e-08
2.306391399215923734e-08
1.425047220368335440e-08
8.998191657328488976e-09
5.876091037595205017e-09
3.991611215958799282e-09
2.784633476778060709e-09
1.939113951595215696e-09
5.204056004999300815e-07
5.105377364399996394e-07
4.390499452692555907e-07
3.390490962214145298e-07
2.544569378179016014e-07
1.910709735478853804e-07
1.199744813364965014e-07
7.932323001835823692e-08
4.872665694715299571e-08
3.006762818134368797e-08
1.891929983446037259e-08
1.229760833482076466e-08
8.316323003021207918e-09
5.786136951600189474e-09
4.031251595217105839e-09
7.342327356009517170e-07
7.216154591166350248e-07
6.218729570379568985e-07
4.808293979355869940e-07
3.607865999021507984e-07
2.712345072792116707e-07
1.706441707198903212e-07
1.128437873122060040e-07
6.927776426694358235e-08
4.273639273958109269e-08
2.686969574399763653e-08
1.744700911956905702e-08
1.178656327698844385e-08
8.195562701384540502e-09
5.710572306613715110e-09
-5.226975180716780085e-11
-5.215644383690305999e-11
-4.570450921631733296e-11
-3.565400119960976829e-11
-2.669250056277303658e-11
-2.029203809358951721e-11
-1.290112837933877865e-11
-8.590348361071124563e-12
-5.244118178791647527e-12
-3.221783231191243598e-12
-2.012464567550326489e-12
-1.296320834868557074e-12
-8.691393150933191388e-13
-6.018087001292840224e-13
-4.199915072190811361e-13
-1.636168550435215309e-08
-1.677513361748265339e-08
-1.520396394957154620e-08
-1.216539893368114830e-08
-9.111775696179534423e-09
-6.956454718318729181e-09
-4.680238897566393715e-09
-3.027536223233395026e-09
-1.848615435064867922e-09
-1.141064671800079540e-09
-7.068213576448750428e-10
-4.479562840152785142e-10
-2.949717660319946371e-10
-2.015152434763919971e-10
-1.402465686706633226e-10
4.712304931394029156e-08
4.781733250203100542e-08
4.274561025668561790e-08
3.377832875402919794e-08
2.523068709065745217e-08
1.930154835394967875e-08
1.263444151319338614e-08
8.329055799490001055e-09
5.037703289810777533e-09
3.107373840568007904e-09
1.931252144459454702e-09
1.232573593146611264e-09
8.185323790137796655e-10
5.632066320802036717e-10
3.931629615534677491e-10
2.926997844251342845e-07
3.033721681550969991e-07
2.789312267261038242e-07
2.261155097803162949e-07
1.698664760377247564e-07
1.293296957137965831e-07
8.947936243488171652e-08
5.672372833931705587e-08
3.499204363905069439e-08
2.161611777414786719e-08
1.335336406803470450e-08
8.404860421178287016e-09
5.487200080008283571e-09
3.721015334407104276e-09
2.581088031060288318e-09
4.899164657496049648e-07
5.088826404418908772e-07
4.692240946750843494e-07
3.813818767692875189e-07
2.867107654339960448e-07
2.181579880402695576e-07
1.517391426429738349e-07
9.584170864387556745e-08
5.926381728733031625e-08
3.660937881290560783e-08
2.259903221464598026e-08
1.420480784660085970e-08
9.257967652547740799e-09
6.268557527185357980e-09
4.345009300905820524e-09
-2.300716769013318456e-13
-2.388314302774851285e-13
-2.198695704685978830e-13
-1.781751644455077613e-13
-1.336194785777665189e-13
-1.019106646001764950e-13
-7.057560052884900376e-14
-4.474076837700835326e-14
-2.740958351626546555e-14
-1.697330739254774795e-14
-1.049972274527539100e-14
-6.608357517979302435e-15
-4.314667450356636939e-15
-2.927593090153758600e-15
-2.032958469663681069e-15
-1.353350651807282607e-09
-1.434428305392058150e-09
-1.357958177995626079e-09
-1.131151482853877073e-09
-8.564783778110876185e-10
-6.474614906771928893e-10
-4.718735690099103283e-10
-2.885635374934147375e-10
-1.827308710442427283e-10
-1.127650996507180788e-10
-6.914673552330600207e-11
-4.294249771855872108e-11
-2.756225189237262967e-11
-1.840177505948365919e-11
-1.266296662327560689e-11
-1.507101624208762947e-08
-1.642819844689872898e-08
-1.615528745799784511e-08
-1.401670830043245370e-08
-1.083838952275986554e-08
-8.090116215032223203e-09
-6.200232260401208590e-09
-3.747971045647505233e-09
-2.492778952499492303e-09
-1.522319000375413712e-09
-9.132988824924418184e-10
-5.562257166936661494e-10
-3.485992617947467283e-10
-2.269413694832286797e-10
-1.533914360893808733e-10
1.338343120429426640e-07
1.441929340814275519e-07
1.396011689197047025e-07
1.191315843029431045e-07
9.132782153275319900e-08
6.851241527036706191e-08
5.151248453250927230e-08
3.123489184140535608e-08
2.038975231954418484e-08
1.250300328994203358e-08
7.565797802321652575e-09
4.643230090010328683e-09
2.937578038585094802e-09
1.931895956072894397e-09
1.315461122093429056e-09
3.183048762608952970e-07
3.442866198059504584e-07
3.351406033517694865e-07
2.877718298878831288e-07
2.214463667731276425e-07
1.658536613384305435e-07
1.254006163421438538e-07
7.623820341509218106e-08
5.003786249137845394e-08
3.062333628735008768e-08
1.848017878395380930e-08
1.130695233778621881e-08
7.126570284717009578e-09
4.667883128810859523e-09
3.168451592171483115e-09
-1.073379656073294048e-17
-1.132189730607034420e-17
-1.064327032585083620e-17
-8.793158541003527474e-18
-6.626740560973979670e-18
-5.024860336307255463e-18
-3.623348437115594739e-18
-2.223685540673458069e-18
-1.387376643980005975e-18
-8.588811092768200029e-19
-5.305540829987296189e-19
-3.308084736113736832e-19
-2.133274862302199029e-19
-1.431765390824594646e-19
-9.889773357589923399e-20
-2.151077144903936832e-11
-2.348080557197931398e-11
-2.314252578004636591e-11
-2.014335847982563784e-11
-1.562104220295430212e-11
-1.165454855989694161e-11
-8.931366090203773020e-12
-5.440534398143120240e-12
-3.621462942140525927e-12
-2.208150408885576024e-12
-1.323019867437311095e-12
-8.042708231414761571e-13
-5.029736079756491974e-13
-3.266536534258368293e-13
-2.202863559847019682e-13
-6.483180872188128766e-09
-7.182515359706127272e-09
-7.226954070075923479e-09
-6.447713281694453005e-09
-5.091765750542550220e-09
-3.784558758621633652e-09
-2.928712229409372073e-09
-1.847769440243564269e-09
-1.229762611805603492e-09
-7.434708475786471118e-10
-4.451028543794418084e-10
-2.677778031200143781e-10
-1.649718217236651218e-10
-1.053525326085062843e-10
-6.999062052312568386e-11
3.068813920661262867e-08
3.395063949142428769e-08
3.409243144777430632e-08
3.033977010990007497e-08
2.390743172827364602e-08
1.776882113616607284e-08
1.374999417776520697e-08
8.629403636458253825e-09
5.757574012495976014e-09
3.481323596922611470e-09
2.083262916260753079e-09
1.253897910896452417e-09
7.736112561185738909e-10
4.949670954698067232e-10
3.294221001301405669e-10
1.950975508960781665e-07
2.178007024939595818e-07
2.215309676060092321e-07
2.003516622997583271e-07
1.600772976710191336e-07
1.190010827120502939e-07
9.205193276588748291e-08
5.980714412052277657e-08
3.923174754189702303e-08
2.366236842897301875e-08
1.423017150755197944e-08
8.537854896124910449e-09
5.220104215472435579e-09
3.301052516463519517e-09
2.172029170496517044e-09
0.000000000000000000e+00
0.000000000000000000e+00
0.000000000000000000e+00
0.000000000000000000e+00
0.000000000000000000e+00
0.000000000000000000e+00
0.000000000000000000e+00
0.000000000000000000e+00
0.000000000000000000e+00
0.000000000000000000e+00
0.000000000000000000e+00
0.000000000000000000e+00
0.000000000000000000e+00
0.000000000000000000e+00
0.000000000000000000e+00
-3.549680574844165519e-14
-3.964694454364271162e-14
-4.034492995690656462e-14
-3.648858340278818820e-14
-2.912323203417255053e-14
-2.161937721182590730e-14
-1.676951261184461095e-14
-1.084068310998771379e-14
-7.165596442297462891e-15
-4.310444634723474908e-15
-2.590187929266942688e-15
-1.550530057831569443e-15
-9.476890430830678003e-16
-5.996872384460225006e-16
-3.949272399806201960e-16
-3.036582948437414652e-10
-3.434169615230556519e-10
-3.556774842108202930e-10
-3.290407164892835960e-10
-2.682021570563261269e-10
-1.997317522711967422e-10
-1.539761375166795583e-10
-1.050995117828555058e-10
-6.700947313833547162e-11
-4.040722530064878444e-11
-2.447456262866887900e-11
-1.465115082186382579e-11
-8.854988240535602405e-12
-5.509706494950677854e-12
-3.566021149685053449e-12
-4.628077469515253660e-09
-5.358922267964923023e-09
-5.736438978153965827e-09
-5.540179584821663896e-09
-4.719543338726645206e-09
-3.572558341584952050e-09
-2.694747503753102543e-09
-2.025467100642559217e-09
-1.207470767745277586e-09
-7.590518772953078696e-10
-4.609771995585683775e-10
-2.742326432804453503e-10
-1.623858904282718963e-10
-9.783305242874106652e-11
-6.102874987431527981e-11
1.009865895302926869e-07
1.157714830516283555e-07
1.222317024916820422e-07
1.159835972834741693e-07
9.705402199787650540e-08
7.297764932298213711e-08
5.553987430807905749e-08
4.021427612244445633e-08
2.460548591758095498e-08
1.520527473248747493e-08
9.227467883226812803e-09
5.503796843794422169e-09
3.284852672622922708e-09
2.004183902091860363e-09
1.268844636989706246e-09
0.000000000000000000e+00
0.000000000000000000e+00
0.000000000000000000e+00
0.000000000000000000e+00
0.000000000000000000e+00
0.000000000000000000e+00
0.000000000000000000e+00
0.000000000000000000e+00
0.000000000000000000e+00
0.000000000000000000e+00
0.000000000000000000e+00
0.000000000000000000e+00
0.000000000000000000e+00
0.000000000000000000e+00
0.000000000000000000e+00
0.000000000000000000e+00
0.000000000000000000e+00
0.000000000000000000e+00
0.000000000000000000e+00
0.000000000000000000e+00
0.000000000000000000e+00
0.000000000000000000e+00
0.000000000000000000e+00
0.000000000000000000e+00
0.000000000000000000e+00
0.000000000000000000e+00
0.000000000000000000e+00
0.000000000000000000e+00
0.000000000000000000e+00
0.000000000000000000e+00
-5.152405153631086086e-13
-5.957720179215655394e-13
-6.366046000392132920e-13
-6.136330577333355031e-13
-5.220866639318440280e-13
-3.954564682532715741e-13
-2.983390837833991492e-13
-2.232941654421053453e-13
-1.336277778109280809e-13
-8.424360504757605324e-14
-5.111055957668012588e-14
-3.032771902916193692e-14
-1.796539702225269028e-14
-1.083711668520890484e-14
-6.766409573922406058e-15
-1.432055831155878975e-09
-1.672919285638553725e-09
-1.813514033944254040e-09
-1.782583937013851349e-09
-1.551623404507121779e-09
-1.192722708024543255e-09
-8.907059291736647489e-10
-6.862767806024839881e-10
-4.093677607087387953e-10
-2.664045027672789908e-10
-1.613275213505499515e-10
-9.409565612925874820e-11
-5.505801452618567148e-11
-3.273123682617209430e-11
-2.003954072132093173e-11
3.198028468867415927e-08
3.758111336361001262e-08
4.108162005430417048e-08
4.085093966684383028e-08
3.607149262366424838e-08
2.804359759299539847e-08
2.085417601904390050e-08
1.621130841697159326e-08
9.825674164697493318e-09
6.453436348783898165e-09
3.892614919530072758e-09
2.261460622762469369e-09
1.313706258557599767e-09
7.730724563450520029e-10
4.673168980041755570e-10
0.000000000000000000e+00
0.000000000000000000e+00
0.000000000000000000e+00
0.000000000000000000e+00
0.000000000000000000e+00
0.000000000000000000e+00
0.000000000000000000e+00
0.000000000000000000e+00
0.000000000000000000e+00
0.000000000000000000e+00
0.000000000000000000e+00
0.000000000000000000e+00
0.000000000000000000e+00
0.000000000000000000e+00
0.000000000000000000e+00
0.000000000000000000e+00
0.000000000000000000e+00
0.000000000000000000e+00
0.000000000000000000e+00
0.000000000000000000e+00
0.000000000000000000e+00
0.000000000000000000e+00
0.000000000000000000e+00
0.000000000000000000e+00
0.000000000000000000e+00
0.000000000000000000e+00
0.000000000000000000e+00
0.000000000000000000e+00
0.000000000000000000e+00
0.000000000000000000e+00
0.000000000000000000e+00
0.000000000000000000e+00
0.000000000000000000e+00
0.000000000000000000e+00
0.000000000000000000e+00
0.000000000000000000e+00
0.000000000000000000e+00
0.000000000000000000e+00
0.000000000000000000e+00
0.000000000000000000e+00
0.000000000000000000e+00
0.000000000000000000e+00
0.000000000000000000e+00
0.000000000000000000e+00
0.000000000000000000e+00
-1.354656148620018183e-12
-1.614675063746224252e-12
-1.800280435367520837e-12
-1.839030299319573125e-12
-1.678848200364424184e-12
-1.341703005602525533e-12
-9.909869392093041631e-13
-7.789574276241035412e-13
-4.964564918577916154e-13
-3.273949239457350318e-13
-1.951068868858087362e-13
-1.136283903560899608e-13
-6.516648149490380151e-14
-3.749926870742458241e-14
-2.203082044957861341e-14
3.717634629010535506e-09
4.475312877198951725e-09
5.058997304919028834e-09
5.267716669530882648e-09
4.932132086698794152e-09
4.045095838095225662e-09
3.000702634103244441e-09
2.332125871388869643e-09
1.586323841655995426e-09
1.008895287585766064e-09
5.994576754870683456e-10
3.534084302529801195e-10
2.035037965017446395e-10
1.157866603566254076e-10
6.652729737932278446e-11
2.052530215713256937e-04
1.487664486951680617e-04
1.048031149211809895e-04
7.045317279033189942e-05
4.573733043656783720e-05
2.970024117158593356e-05
1.932922372975054355e-05
1.287612932498195208e-05
8.851886761880803779e-06
6.223846842723160210e-06
4.376673890419096554e-06
2.996268347226625850e-06
1.956673963777556274e-06
1.206250442158888988e-06
7.037842583030359964e-07
2.962730690005782282e-05
2.271956446068808082e-05
1.689464812603847592e-05
1.243461653239411910e-05
8.190118125218351694e-06
5.361542002187368706e-06
3.370945763653880506e-06
2.143923346114620192e-06
1.394606326940851831e-06
9.427320837972966655e-07
6.611360373127776891e-07
4.712789207867370346e-07
3.305774291615772825e-07
2.206785033482587980e-07
1.379051818699097036e-07
1.942885241899723582e-07
1.592107541691684836e-07
1.194131459204702358e-07
8.963324387177045252e-08
6.455136479409359023e-08
4.038717315201957242e-08
2.625186424344260807e-08
1.653852447612354977e-08
1.049337239413762838e-08
6.866177437124482514e-09
4.672010632249665735e-09
3.284160396461259800e-09
2.330800895784996688e-09
1.611207746359765861e-09
1.052459464377931536e-09
5.505286660839596109e-11
4.806309203252531812e-11
3.708087044515394901e-11
2.774257243774330257e-11
2.089708723811964167e-11
1.346707083004945414e-11
8.965004189330805416e-12
5.529870514801760146e-12
3.455414393484821594e-12
2.207402971821609959e-12
1.462425035854311471e-12
1.006729508739382091e-12
7.110132473969072172e-13
4.993698957150744374e-13
3.365745754561522064e-13
0.000000000000000000e+00
0.000000000000000000e+00
0.000000000000000000e+00
0.000000000000000000e+00
0.000000000000000000e+00
0.000000000000000000e+00
0.000000000000000000e+00
0.000000000000000000e+00
0.000000000000000000e+00
0.000000000000000000e+00
0.000000000000000000e+00
0.000000000000000000e+00
0.000000000000000000e+00
0.000000000000000000e+00
0.000000000000000000e+00
0.000000000000000000e+00
0.000000000000000000e+00
0.000000000000000000e+00
0.000000000000000000e+00
0.000000000000000000e+00
0.000000000000000000e+00
0.000000000000000000e+00
0.000000000000000000e+00
0.000000000000000000e+00
0.000000000000000000e+00
0.000000000000000000e+00
0.000000000000000000e+00
0.000000000000000000e+00
0.000000000000000000e+00
0.000000000000000000e+00
0.000000000000000000e+00
0.000000000000000000e+00
0.000000000000000000e+00
0.000000000000000000e+00
0.000000000000000000e+00
0.000000000000000000e+00
0.000000000000000000e+00
0.000000000000000000e+00
0.000000000000000000e+00
0.000000000000000000e+00
0.000000000000000000e+00
0.000000000000000000e+00
0.000000000000000000e+00
0.000000000000000000e+00
0.000000000000000000e+00
0.000000000000000000e+00
0.000000000000000000e+00
0.000000000000000000e+00
0.000000000000000000e+00
0.000000000000000000e+00
0.000000000000000000e+00
0.000000000000000000e+00
0.000000000000000000e+00
0.000000000000000000e+00
0.000000000000000000e+00
0.000000000000000000e+00
0.000000000000000000e+00
0.000000000000000000e+00
0.000000000000000000e+00
0.000000000000000000e+00
0.000000000000000000e+00
0.000000000000000000e+00
0.000000000000000000e+00
0.000000000000000000e+00
0.000000000000000000e+00
0.000000000000000000e+00
0.000000000000000000e+00
0.000000000000000000e+00
0.000000000000000000e+00
0.000000000000000000e+00
0.000000000000000000e+00
0.000000000000000000e+00
0.000000000000000000e+00
0.000000000000000000e+00
0.000000000000000000e+00
0.000000000000000000e+00
0.000000000000000000e+00
0.000000000000000000e+00
0.000000000000000000e+00
0.000000000000000000e+00
0.000000000000000000e+00
0.000000000000000000e+00
0.000000000000000000e+00
0.000000000000000000e+00
0.000000000000000000e+00
0.000000000000000000e+00
0.000000000000000000e+00
0.000000000000000000e+00
0.000000000000000000e+00
0.000000000000000000e+00
1.190515384853590817e-04
9.679028785121325648e-05
7.258782573575657375e-05
5.439262580918535354e-05
3.872142609652756576e-05
2.447050767536861323e-05
1.581980835760850366e-05
9.967670057372362877e-06
6.338952032172046215e-06
4.161453112753323201e-06
2.840609780144024261e-06
1.999576694612314440e-06
1.416965224237396020e-06
9.755700032904583486e-07
6.342590139405607200e-07
2.524818249321687756e-05
2.191582910050946531e-05
1.688069875323841101e-05
1.263987927471399783e-05
9.474630299702863491e-06
6.105727246334219497e-06
4.036996735614753821e-06
2.500355907312144829e-06
1.566032523688606705e-06
1.003097806755492890e-06
6.659380850816198114e-07
4.590761706904656654e-07
3.242133201467266360e-07
2.273002207110852522e-07
1.527766485818644250e-07
4.063545453504753455e-07
3.726090202595229455e-07
2.986369571735436626e-07
2.240239167724843413e-07
1.697434350797252851e-07
1.178969486512479355e-07
7.470796801261054652e-08
4.671920288291884921e-08
2.931972433232690023e-08
1.852711381402037152e-08
1.202064822241644663e-08
8.100147331872963440e-09
5.648045726688246300e-09
3.977681795020389685e-09
2.732493115256985434e-09
2.609205257982639566e-10
2.510828722010739366e-10
2.109230018658921749e-10
1.605199024278847759e-10
1.208167294477190236e-10
8.959061508325214582e-11
5.480339914328744228e-11
3.606398153554142135e-11
2.235016737105313636e-11
1.385935818640463939e-11
8.808192353459472882e-12
5.796673468295135846e-12
3.966769415175856715e-12
2.779834857365760883e-12
1.934646735115927923e-12
7.925911985266870442e-17
7.877003301509447133e-17
6.861286502907413082e-17
5.321861403605006878e-17
3.982130473116671597e-17
3.032362432330009586e-17
1.893701549855453063e-17
1.278728831653283043e-17
7.808413583096453358e-18
4.770111925319462609e-18
2.984384492384302870e-18
1.928798235700882073e-18
1.298082973288128081e-18
9.016690892156410020e-19
6.300368799681018488e-19
0.000000000000000000e+00
0.000000000000000000e+00
0.000000000000000000e+00
0.000000000000000000e+00
0.000000000000000000e+00
0.000000000000000000e+00
0.000000000000000000e+00
0.000000000000000000e+00
0.000000000000000000e+00
0.000000000000000000e+00
0.000000000000000000e+00
0.000000000000000000e+00
0.000000000000000000e+00
0.000000000000000000e+00
0.000000000000000000e+00
0.000000000000000000e+00
0.000000000000000000e+00
0.000000000000000000e+00
0.000000000000000000e+00
0.000000000000000000e+00
0.000000000000000000e+00
0.000000000000000000e+00
0.000000000000000000e+00
0.000000000000000000e+00
0.000000000000000000e+00
0.000000000000000000e+00
0.000000000000000000e+00
0.000000000000000000e+00
0.000000000000000000e+00
0.000000000000000000e+00
0.000000000000000000e+00
0.000000000000000000e+00
0.000000000000000000e+00
0.000000000000000000e+00
0.000000000000000000e+00
0.000000000000000000e+00
0.000000000000000000e+00
0.000000000000000000e+00
0.000000000000000000e+00
0.000000000000000000e+00
0.000000000000000000e+00
0.000000000000000000e+00
0.000000000000000000e+00
0.000000000000000000e+00
0.000000000000000000e+00
0.000000000000000000e+00
0.000000000000000000e+00
0.000000000000000000e+00
0.000000000000000000e+00
0.000000000000000000e+00
0.000000000000000000e+00
0.000000000000000000e+00
0.000000000000000000e+00
0.000000000000000000e+00
0.000000000000000000e+00
0.000000000000000000e+00
0.000000000000000000e+00
0.000000000000000000e+00
0.000000000000000000e+00
0.000000000000000000e+00
6.915496060288539874e-05
6.299906532267887725e-05
5.025767169240847758e-05
3.769938538523208795e-05
2.853916744865731868e-05
1.964348365670566998e-05
1.252359079674565402e-05
7.826961231469452190e-06
4.907091166830349287e-06
3.103755558365492362e-06
2.018750435370750488e-06
1.363796114796348674e-06
9.523150978296638972e-07
6.703280804155248943e-07
4.593472831074032331e-07
1.651460445882529989e-05
1.572220421233927527e-05
1.306699797991769749e-05
9.908005929688957602e-06
7.471414027874832894e-06
5.467103723220768746e-06
3.365246492156396661e-06
2.186494904989373328e-06
1.359724883373362839e-06
8.475783346584862869e-07
5.410322667254506146e-07
3.578764733650799781e-07
2.459539086524662934e-07
1.725998416927825857e-07
1.198134594948035470e-07
2.885652698684839904e-07
2.856444778811512721e-07
2.478382752076561791e-07
1.919933581118340171e-07
1.438159965745398881e-07
1.090314838801662131e-07
6.823704025446397407e-08
4.568141077534827982e-08
2.795239391412676512e-08
1.715310447817865783e-08
1.075120531163113620e-08
6.960596727787191199e-09
4.691251143808691525e-09
3.260036939457303613e-09
2.275748138505337688e-09
2.113446833486740113e-10
2.163977596952902853e-10
1.956873965504243013e-10
1.561233362728272620e-10
1.167744498911739451e-10
8.932292372332629874e-11
5.968815156589903536e-11
3.889120400415090016e-11
2.362377189228368878e-11
1.458843836683652127e-11
9.032918929212720224e-12
5.731884185899184989e-12
3.781495667643026066e-12
2.588057155411591819e-12
1.803371865382948480e-12
0.000000000000000000e+00
0.000000000000000000e+00
0.000000000000000000e+00
0.000000000000000000e+00
0.000000000000000000e+00
0.000000000000000000e+00
0.000000000000000000e+00
0.000000000000000000e+00
0.000000000000000000e+00
0.000000000000000000e+00
0.000000000000000000e+00
0.000000000000000000e+00
0.000000000000000000e+00
0.000000000000000000e+00
0.000000000000000000e+00
0.000000000000000000e+00
0.000000000000000000e+00
0.000000000000000000e+00
0.000000000000000000e+00
0.000000000000000000e+00
0.000000000000000000e+00
0.000000000000000000e+00
0.000000000000000000e+00
0.000000000000000000e+00
0.000000000000000000e+00
0.000000000000000000e+00
0.000000000000000000e+00
0.000000000000000000e+00
0.000000000000000000e+00
0.000000000000000000e+00
0.000000000000000000e+00
0.000000000000000000e+00
0.000000000000000000e+00
0.000000000000000000e+00
0.000000000000000000e+00
0.000000000000000000e+00
0.000000000000000000e+00
0.000000000000000000e+00
0.000000000000000000e+00
0.000000000000000000e+00
0.000000000000000000e+00
0.000000000000000000e+00
0.000000000000000000e+00
0.000000000000000000e+00
0.000000000000000000e+00
0.000000000000000000e+00
0.000000000000000000e+00
0.000000000000000000e+00
0.000000000000000000e+00
0.000000000000000000e+00
0.000000000000000000e+00
0.000000000000000000e+00
0.000000000000000000e+00
0.000000000000000000e+00
0.000000000000000000e+00
0.000000000000000000e+00
0.000000000000000000e+00
0.000000000000000000e+00
0.000000000000000000e+00
0.000000000000000000e+00
4.066537510189209732e-05
4.005669811286451110e-05
3.457065161935048782e-05
2.671096430980258549e-05
2.002611427587857286e-05
1.512049175067404451e-05
9.443262536853274221e-06
6.295383235024700504e-06
3.860116840450942339e-06
2.374186556248544461e-06
1.491410681357458618e-06
9.680246460186630216e-07
6.539449545330407078e-07
4.549793950676490713e-07
3.173965719614025903e-07
1.005495818541127485e-05
1.021738704185130930e-05
9.153861009449334091e-06
7.253130602568907037e-06
5.425552400927533587e-06
4.145774068480323299e-06
2.726967349903352947e-06
1.791796856165480348e-06
1.089766510289994213e-06
6.713212806031889334e-07
4.165673926997181348e-07
2.654672250515212022e-07
1.759734989882590849e-07
1.208682370458495826e-07
8.427807876886960754e-08
1.835405605680107199e-07
1.916974637123377262e-07
1.779125848875131674e-07
1.452724599081947375e-07
1.091692089987076198e-07
8.308310851344586725e-08
5.844694619992503088e-08
3.660930166590562587e-08
2.259530605123760508e-08
1.399024465496104809e-08
8.642532550304004510e-09
5.419095417709139733e-09
3.521026180753258099e-09
2.378744754402421341e-09
1.648298956827918589e-09
9.593350402839738690e-11
1.027644713143938427e-10
9.866970608116104091e-11
8.336909915839781927e-11
6.349065760200401005e-11
4.775656267295495644e-11
3.562103532044939953e-11
2.145662009294461463e-11
1.385635729739543625e-11
8.526286280588530247e-12
5.193589359441203146e-12
3.204801997889444809e-12
2.040139357251229895e-12
1.350739073801535885e-12
9.246747655804683212e-13
0.000000000000000000e+00
0.000000000000000000e+00
0.000000000000000000e+00
0.000000000000000000e+00
0.000000000000000000e+00
0.000000000000000000e+00
0.000000000000000000e+00
0.000000000000000000e+00
0.000000000000000000e+00
0.000000000000000000e+00
0.000000000000000000e+00
0.000000000000000000e+00
0.000000000000000000e+00
0.000000000000000000e+00
0.000000000000000000e+00
0.000000000000000000e+00
0.000000000000000000e+00
0.000000000000000000e+00
0.000000000000000000e+00
0.000000000000000000e+00
0.000000000000000000e+00
0.000000000000000000e+00
0.000000000000000000e+00
0.000000000000000000e+00
0.000000000000000000e+00
0.000000000000000000e+00
0.000000000000000000e+00
0.000000000000000000e+00
0.000000000000000000e+00
0.000000000000000000e+00
0.000000000000000000e+00
0.000000000000000000e+00
0.000000000000000000e+00
0.000000000000000000e+00
0.000000000000000000e+00
0.000000000000000000e+00
0.000000000000000000e+00
0.000000000000000000e+00
0.000000000000000000e+00
0.000000000000000000e+00
0.000000000000000000e+00
0.000000000000000000e+00
0.000000000000000000e+00
0.000000000000000000e+00
0.000000000000000000e+00
2.505448842497323402e-05
2.607525859585938340e-05
2.409181102958697475e-05
1.959734994809628721e-05
1.471856430518642983e-05
1.120940175300968889e-05
7.819470180694888979e-06
4.929604234286856281e-06
3.037084032156098216e-06
1.879127428237416459e-06
1.160937219645889928e-06
7.293286237578511919e-07
4.750482790516188887e-07
3.215962126362374077e-07
2.230221463351778694e-07
6.140713632607405454e-06
6.534713021234107196e-06
6.219176379753237252e-06
5.207487749255576985e-06
3.950476617899819093e-06
2.980992392294063854e-06
2.192413650907949156e-06
1.332031362015154651e-06
8.492042792097524809e-07
5.236030600736149315e-07
3.204623709532993913e-07
1.985524245610807318e-07
1.270492144599390727e-07
8.456814920716318016e-08
5.809144717709581630e-08
8.808740668518524372e-08
9.571943290499736109e-08
9.374023667723586247e-08
8.097710720007991775e-08
6.246921132108394502e-08
4.668271291294937815e-08
3.561450631358864987e-08
2.151709831674407445e-08
1.426981902380925071e-08
8.724958626407710033e-09
5.238746340824718262e-09
3.196761726578805063e-09
2.008730890404929709e-09
1.311278450781271227e-09
8.881094402174546515e-10
1.666117673945631288e-11
1.847318274320841644e-11
1.860550846349985686e-11
1.661266463882650878e-11
1.311829573050169125e-11
9.742223579102420127e-12
7.554667220366787888e-12
4.753477201134663655e-12
3.180244527444462068e-12
1.921119164922556467e-12
1.147961175748595384e-12
6.897447403542215960e-13
4.246868740880099429e-13
2.711380423250324331e-13
1.801335376167464998e-13
0.000000000000000000e+00
0.000000000000000000e+00
0.000000000000000000e+00
0.000000000000000000e+00
0.000000000000000000e+00
0.000000000000000000e+00
0.000000000000000000e+00
0.000000000000000000e+00
0.000000000000000000e+00
0.000000000000000000e+00
0.000000000000000000e+00
0.000000000000000000e+00
0.000000000000000000e+00
0.000000000000000000e+00
0.000000000000000000e+00
0.000000000000000000e+00
0.000000000000000000e+00
0.000000000000000000e+00
0.000000000000000000e+00
0.000000000000000000e+00
0.000000000000000000e+00
0.000000000000000000e+00
0.000000000000000000e+00
0.000000000000000000e+00
0.000000000000000000e+00
0.000000000000000000e+00
0.000000000000000000e+00
0.000000000000000000e+00
0.000000000000000000e+00
0.000000000000000000e+00
1.556532610630505671e-05
1.686515648851884795e-05
1.645228979286777365e-05
1.415277541792476635e-05
1.089349982397182363e-05
8.151213821439233211e-06
6.189647347914364349e-06
3.742092605474913473e-06
2.468096236146687931e-06
1.510567243247156019e-06
9.096637672296908910e-07
5.561970616813029014e-07
3.503041097906227066e-07
2.292616498636987729e-07
1.555703080177766159e-07
3.544168105090004146e-06
3.906891428471572522e-06
3.903405501588677862e-06
3.452281603623428358e-06
2.707210125736412863e-06
2.013525762055680065e-06
1.556068336519662266e-06
9.655472536639022020e-07
6.460252713226864325e-07
3.916957821913257828e-07
2.339869308709674781e-07
1.411869701380010456e-07
8.743820939558431378e-08
5.618182113716648287e-08
3.754025786790633040e-08
2.856635581347254881e-08
3.202511387828632907e-08
3.276061224054614052e-08
2.982763993670182197e-08
2.394921406163945476e-08
1.778668568898390949e-08
1.378144999667452281e-08
9.049212241077552955e-09
5.925296449692847476e-09
3.561482619997730710e-09
2.146251575135863788e-09
1.284071574887252778e-09
7.821238676124362786e-10
4.925352120648993386e-10
3.227754300773176648e-10
1.452203633232942101e-13
1.658150015900121985e-13
1.740523720411273479e-13
1.638169918739199476e-13
1.357764679865420408e-13
1.015317583851505672e-13
7.770264251909074977e-14
5.527322497732375857e-14
3.417737855314615979e-14
2.077407221878567638e-14
1.262253475025909383e-14
7.575975859342165392e-15
4.543498160105964636e-15
2.790055451566457125e-15
1.781042091775508827e-15
0.000000000000000000e+00
0.000000000000000000e+00
0.000000000000000000e+00
0.000000000000000000e+00
0.000000000000000000e+00
0.000000000000000000e+00
0.000000000000000000e+00
0.000000000000000000e+00
0.000000000000000000e+00
0.000000000000000000e+00
0.000000000000000000e+00
0.000000000000000000e+00
0.000000000000000000e+00
0.000000000000000000e+00
0.000000000000000000e+00
9.625174302259125944e-06
1.076319363759140627e-05
1.097180680546271011e-05
9.947068873247010134e-06
7.959287781674888543e-06
5.912440576874498143e-06
4.580072889977572379e-06
2.982618489676666756e-06
1.959599390437066415e-06
1.179599386317118757e-06
7.096332320191488807e-07
4.250997495152942976e-07
2.595336643334193246e-07
1.639016591064397100e-07
1.077138764956021615e-07
1.735250381555500972e-06
1.967917724732987331e-06
2.046121149733392618e-06
1.902303656824116585e-06
1.557832369258463354e-06
1.161175316065298010e-06
8.936301580934172847e-07
6.171860178884972091e-07
3.902336026731162889e-07
2.355925459659940673e-07
1.428961739055776710e-07
8.558552589273014348e-08
5.160991837803630734e-08
3.199430112945765211e-08
2.062800736356487135e-08
2.106046175114242537e-09
2.427107496723428340e-09
2.581265287278876907e-09
2.472351205199240036e-09
2.088435873325663816e-09
1.575507271024584277e-09
1.193033680178476851e-09
8.822670014208038525e-10
5.311928509150311037e-10
3.311837076531203968e-10
2.010275716018850767e-10
1.198997307630117212e-10
7.127757178248106326e-11
4.319166829593426360e-11
2.713297128292869215e-11
0.000000000000000000e+00
0.000000000000000000e+00
0.000000000000000000e+00
0.000000000000000000e+00
0.000000000000000000e+00
0.000000000000000000e+00
0.000000000000000000e+00
0.000000000000000000e+00
0.000000000000000000e+00
0.000000000000000000e+00
0.000000000000000000e+00
0.000000000000000000e+00
0.000000000000000000e+00
0.000000000000000000e+00
0.000000000000000000e+00
5.286060390694853081e-06
6.073292669106443590e-06
6.431627346831909447e-06
6.126327740083537295e-06
5.145595876733864463e-06
3.873172770675339093e-06
2.942144089949966843e-06
2.149162066094269618e-06
1.305873070974758315e-06
8.091105033851885457e-07
4.911750444148590062e-07
2.931213017947529369e-07
1.746777713517739351e-07
1.062802040610863171e-07
6.708140540751979684e-08
6.153177408438517440e-07
7.165398604489771237e-07
7.732994957610400884e-07
7.554713960506081104e-07
6.527670726822582593e-07
4.991511905200607546e-07
3.738220810478821636e-07
2.859635999184481811e-07
1.700449697409651573e-07
1.096900169302394322e-07
6.648635552537309336e-08
3.897258983522857598e-08
2.290000380755930365e-08
1.368133690484416827e-08
8.430537730511664713e-09
5.504462276873598271e-12
6.519113753430053267e-12
7.203757872983476220e-12
7.268413047303712168e-12
6.530946101629907623e-12
5.144173598365879597e-12
3.804382418266730203e-12
2.991762922789197688e-12
1.842267966021708553e-12
1.226621670025055325e-12
7.369470713056354196e-13
4.255013106923913534e-13
2.449808295323130679e-13
1.424562978952013847e-13
8.483235708432860121e-14
2.383682021022667918e-06
2.810113009237955342e-06
3.085522521802358097e-06
3.086601583439147768e-06
2.744955985552264507e-06
2.145207779646283353e-06
1.591466943736724241e-06
1.243854254632397270e-06
7.578564938773464781e-07
5.008328201927657242e-07
3.016902587259356972e-07
1.747307405110405349e-07
1.011318869217018450e-07
5.923169933156533364e-08
3.558761865991643885e-08
1.227241176455800129e-07
1.467943446750752149e-07
1.644680399933621207e-07
1.691415437445366965e-07
1.557592077087523786e-07
1.255236051429246894e-07
9.273038365821486093e-08
7.274482058938334161e-08
4.733516478745928639e-08
3.093196565081092331e-08
1.835937395039288274e-08
1.075168920431430883e-08
6.163285357068098161e-09
3.529623780110349971e-09
2.058665479142069374e-09
5.495150298134818467e-07
6.650562460056070292e-07
7.574014169701723677e-07
7.968625990615284811e-07
7.566921954238344846e-07
6.305933334525733079e-07
4.709927336245566982e-07
3.625917484790292206e-07
2.552070872800920257e-07
1.594426434332092395e-07
9.580532114544862288e-08
5.668703263997250100e-08
3.262424564114712718e-08
1.845303705477896247e-08
1.047806962056972059e-08
