# k_h
1.047804016707232222e-05
1.157252336270175874e-05
1.278133095183875412e-05
1.411640550941228867e-05
1.559093470859806985e-05
1.721948501653969288e-05
1.901814721350092441e-05
2.100468736898619682e-05
2.319873237865976989e-05
2.562195550126489252e-05
2.829829827533103526e-05
3.125419607385993004e-05
3.451885277172550559e-05
3.812452268903143704e-05
4.210681800032034516e-05
4.650508708436973393e-05
5.136277468409389257e-05
5.672787301591597497e-05
6.265338743105530739e-05
6.919784209458157420e-05
7.642590207979083061e-05
8.440897363470867276e-05
9.322591358795762062e-05
1.029638224281370640e-04
1.137189101427793503e-04
1.255974202649667859e-04
1.387166994391009212e-04
1.532063470222055912e-04
1.692095247562974691e-04
1.868843100965023041e-04
2.064053114736452699e-04
2.279653708683326840e-04
2.517774992156773806e-04
2.780769136734306812e-04
3.071234386879950762e-04
3.392040089238435030e-04
3.746355941984802485e-04
4.137681389693170786e-04
4.569882876239717007e-04
5.047229933552443981e-04
5.574438255280256271e-04
6.156716262921690941e-04
6.799816619604825974e-04
7.510090945288538933e-04
8.294557919725775719e-04
9.160966146737337112e-04
1.011787448078393936e-03
1.117473701015114784e-03
1.234199502505362034e-03
1.363117713481187820e-03
1.505502266809344292e-03
1.662759459577500820e-03
1.836442970670759678e-03
2.028268761932849884e-03
2.240131609141826630e-03
2.474124543368816376e-03
2.732559107244014740e-03
3.017988521605730057e-03
3.333232598379254341e-03
3.681405447423458099e-03
4.065946675837039948e-03
4.490654915571212769e-03
4.959726706147193909e-03
5.477794911712408066e-03
6.049978081136941910e-03
6.681928411126136780e-03
7.379889022558927536e-03
8.150755427777767181e-03
9.002142585813999176e-03
9.942461736500263214e-03
1.098100189119577408e-02
1.212802156805992126e-02
1.339485496282577515e-02
1.479401439428329468e-02
1.633932255208492279e-02
1.804604753851890564e-02
1.993104629218578339e-02
2.201294526457786560e-02
2.431230619549751282e-02
2.685184963047504425e-02
2.965665794909000397e-02
3.275444358587265015e-02
3.617580980062484741e-02
3.995455428957939148e-02
4.412800818681716919e-02
4.854080826044082642e-02
5.295361205935478210e-02
5.736641213297843933e-02
6.177921220660209656e-02
6.619201600551605225e-02
7.060481607913970947e-02
7.501761615276336670e-02
7.943041622638702393e-02
8.384321630001068115e-02
8.825601637363433838e-02
9.266882389783859253e-02
9.813834726810455322e-02
1.036078706383705139e-01
1.090774014592170715e-01
1.145469248294830322e-01
1.200164481997489929e-01
1.254859715700149536e-01
1.309555023908615112e-01
1.364250332117080688e-01
1.418945491313934326e-01
1.473640799522399902e-01
1.528336107730865479e-01
1.583031415939331055e-01
1.637726575136184692e-01
1.692421883344650269e-01
1.747117191553115845e-01
1.801812350749969482e-01
1.856507658958435059e-01
1.911202967166900635e-01
1.965898126363754272e-01
2.020593434572219849e-01
2.075288742780685425e-01
2.129983901977539062e-01
2.184679210186004639e-01
2.239374518394470215e-01
2.294069677591323853e-01
2.348764985799789429e-01
2.403460294008255005e-01
2.458155602216720581e-01
2.512850761413574219e-01
2.567546069622039795e-01
2.622241377830505371e-01
2.676936686038970947e-01
2.731631696224212646e-01
2.786327004432678223e-01
2.841022312641143799e-01
2.895717620849609375e-01
2.950412929058074951e-01
3.005108237266540527e-01
3.059803545475006104e-01
3.114498555660247803e-01
3.169193863868713379e-01
3.223889172077178955e-01
3.278584480285644531e-01
3.333279788494110107e-01
3.387975096702575684e-01
3.442670106887817383e-01
3.497365415096282959e-01
3.552060723304748535e-01
3.606756031513214111e-01
3.661451339721679688e-01
3.716146647930145264e-01
3.770841956138610840e-01
3.825536966323852539e-01
3.880232274532318115e-01
3.934927582740783691e-01
3.989622890949249268e-01
4.044318199157714844e-01
4.099013507366180420e-01
4.153708517551422119e-01
4.208403825759887695e-01
4.263099133968353271e-01
4.317794442176818848e-01
4.372489750385284424e-01
4.427185058593750000e-01
4.481880068778991699e-01
4.536575376987457275e-01
4.591270685195922852e-01
4.645965993404388428e-01
4.700661301612854004e-01
4.755356609821319580e-01
4.810051918029785156e-01
4.864746928215026855e-01
4.919442236423492432e-01
4.974137544631958008e-01
5.028832554817199707e-01
5.083528161048889160e-01
5.138223171234130859e-01
5.192918777465820312e-01
5.247613787651062012e-01
5.302309393882751465e-01
5.357004404067993164e-01
5.411699414253234863e-01
5.466395020484924316e-01
5.521090030670166016e-01
5.575785636901855469e-01
5.630480647087097168e-01
5.685176253318786621e-01
5.739871263504028320e-01
5.794566273689270020e-01
5.849261879920959473e-01
5.903956890106201172e-01
5.958652496337890625e-01
6.013347506523132324e-01
6.068042516708374023e-01
6.122738122940063477e-01
6.177433133125305176e-01
6.232128739356994629e-01
6.286823749542236328e-01
6.729642748832702637e-01
7.203652262687683105e-01
8.309997320175170898e-01
1.033579468727111816e+00
1.285543680191040039e+00
1.598931312561035156e+00
1.988716125488281250e+00
2.473521947860717773e+00
3.076513051986694336e+00
3.826500177383422852e+00
4.759317874908447266e+00
5.919536590576171875e+00
7.362591266632080078e+00
9.157431602478027344e+00
1.138981437683105469e+01
1.416640377044677734e+01
1.761986541748046875e+01
2.191520690917968750e+01
2.725765991210937500e+01
3.390248489379882812e+01
4.216717910766601562e+01
5.244662094116210938e+01
6.523197174072265625e+01
8.113410949707031250e+01
1.009128494262695312e+02
1.255132064819335938e+02
1.561106109619140625e+02
