# te
3.195989460883233324e+00
3.898307490449334001e+00
3.937055146385227911e+00
3.596465453393470568e+00
3.089856064461068197e+00
2.550063591365681503e+00
2.055808169280058273e+00
1.644576081589137484e+00
1.333952466935889758e+00
1.128158798937012985e+00
1.021283654202390201e+00
9.911989187211561747e-01
1.008961947218598887e+00
1.055342830788207342e+00
1.119848510546456621e+00
1.189529131499330372e+00
1.254294916158426254e+00
1.313182243579758657e+00
1.359426966714914142e+00
1.400854137732349347e+00
1.442451394731426584e+00
1.486793105560011430e+00
1.535493837621253688e+00
1.584285216640934690e+00
1.638772895356925607e+00
1.696984867300575850e+00
1.750500684796148398e+00
1.801921781130080058e+00
1.842098238623688600e+00
1.877839223265634683e+00
1.900688853932048339e+00
1.909558036221584931e+00
1.907566898635484565e+00
1.890331894241548572e+00
1.871992116314535215e+00
1.844350846042720704e+00
1.806573040712253997e+00
1.759999651117752473e+00
1.705494228271576374e+00
1.643695125450019834e+00
1.574273049832859428e+00
1.496257523249806320e+00
1.407073543876570465e+00
1.303841547528613143e+00
1.184748306342179314e+00
1.050388850174154731e+00
9.019417024359598356e-01
7.406596700415147838e-01
5.679344700544148861e-01
3.849996798775863205e-01
1.922542671444793516e-01
-1.032137813189012987e-02
-2.236060289284210745e-01
-4.488480929304524136e-01
-6.877421570541327744e-01
-9.412026643645291513e-01
-1.209269773617078547e+00
-1.491696166412541880e+00
-1.787818536737681541e+00
-2.097004176613686877e+00
-2.419099331011461462e+00
-2.754084839839837873e+00
-3.101934114657397767e+00
-3.462679993824722580e+00
-3.836384987038540029e+00
-4.222390885761909018e+00
-4.619853730636784839e+00
-5.027959275706120224e+00
-5.446086412119370834e+00
-5.874006420367891224e+00
-6.312889286254875998e+00
-6.764037392666669923e+00
-7.227683440053623620e+00
-7.703725853104830712e+00
-8.191901490275434128e+00
-8.690766103866785386e+00
-9.199805847433029982e+00
-9.718804008538317163e+00
-1.024769244175179495e+01
-1.078615514092656369e+01
-1.133362749207654119e+01
-1.188966843801209805e+01
-1.245353978753360558e+01
-1.302487476695393376e+01
-1.360295604301810179e+01
-1.418737256475722575e+01
-1.477773413914706602e+01
-1.537372485666589128e+01
-1.597517737479695654e+01
-1.658168525639262114e+01
-1.719307422182157552e+01
-1.780885661331909375e+01
-1.842884190713046522e+01
-1.905254244549097109e+01
-1.967954485413838839e+01
-2.030943575881050123e+01
-2.094180178524508662e+01
-2.157615527567742575e+01
-2.221200857234279979e+01
-2.284887401747648994e+01
-2.348648680382128617e+01
-2.412406213960245438e+01
-2.476126093406028161e+01
-2.539752124592755322e+01
-2.603220685043454452e+01
-2.666490437331903607e+01
-2.729505187331381322e+01
-2.792201312564915838e+01
-2.854537475606284147e+01
-2.916464505019962772e+01
-2.977909321683467425e+01
-3.038835582566514049e+01
-3.099177231237814567e+01
-3.158883067966584335e+01
-3.217901893022037285e+01
-3.276175078323136347e+01
-3.333643995788846581e+01
-3.390264874038631149e+01
-3.445979084991455466e+01
-3.500728000566283526e+01
-3.554467849382577072e+01
-3.607140003359302938e+01
-3.658685834415422988e+01
-3.709061571170403226e+01
-3.758216013893456164e+01
-3.806090534503547218e+01
-3.852641361620138838e+01
-3.897817295512446378e+01
-3.941559708099433124e+01
-3.983825094801242983e+01
-4.024563589890485815e+01
-4.063733022790703586e+01
-4.101276366224934122e+01
-4.137166306317217845e+01
-4.171338387440346906e+01
-4.203750439017859009e+01
-4.234367718823545346e+01
-4.263148056280945752e+01
-4.290049280813599353e+01
-4.315036650195298051e+01
-4.338060565499331034e+01
-4.359093712849736590e+01
-4.378093921670058108e+01
-4.395011593033583353e+01
-4.409826841414603393e+01
-4.422482639536158189e+01
-4.432951673522286740e+01
-4.441191772796530302e+01
-4.447160766782427288e+01
-4.450831006796827438e+01
-4.452173504927799996e+01
-4.451158938456226366e+01
-4.447772841363485696e+01
-4.441978462580205189e+01
-4.433761336087766125e+01
-4.423092139167047065e+01
-4.409948977449177221e+01
-4.394309956565284381e+01
-4.376160610496749825e+01
-4.355471616524452827e+01
-4.332235936980021052e+01
-4.306416820794084543e+01
-4.278014658648523039e+01
-4.247000127824215099e+01
-4.213366190652789101e+01
-4.177098381115625614e+01
-4.138204518244852892e+01
-4.096670136021851505e+01
-4.052488196778249119e+01
-4.005651662845675531e+01
-3.956160924906010479e+01
-3.904008945290881627e+01
-3.849196114682170133e+01
-3.791737680462253479e+01
-3.731626403141147819e+01
-3.668861664292651170e+01
-3.603450072019202111e+01
-3.535390806072985725e+01
-3.464697902906688398e+01
-3.391385398972995802e+01
-3.315459902374344381e+01
-3.236935449563419809e+01
-3.155833505343157341e+01
-3.072145821115494257e+01
-2.985908718383865335e+01
-2.897128805250707728e+01
-2.805834974869206988e+01
-2.712041263692048432e+01
-2.615776564872418675e+01
-2.517069771563504688e+01
-2.415927491867740429e+01
-2.312378618938313224e+01
-2.206466902628908855e+01
-2.098213807742462933e+01
-1.987663084132661950e+01
-1.874843624952691457e+01
-1.759791751705988005e+01
-1.642536357545737147e+01
-1.523128620675874778e+01
-1.401589676265245998e+01
-1.277976482697579819e+01
-1.152308526971264513e+01
-1.024635009485688641e+01
-8.949977022899901158e+00
-7.634309490830567313e+00
-6.299698363988020411e+00
-4.946717358218889693e+00
-3.575873334217559041e+00
-2.187695437729158421e+00
-7.827039004785186771e-01
6.385676747790774987e-01
2.075594599308649535e+00
3.527846241695014484e+00
4.994763742792041938e+00
6.475780815103350463e+00
7.970308886081808097e+00
9.477870808434035510e+00
1.099781115446064739e+01
1.252963792016776523e+01
1.407263625105400529e+01
1.562638842662798844e+01
1.719010530888582977e+01
1.876329489383365257e+01
2.034516804346757368e+01
2.193523275379370574e+01
2.353277417031067742e+01
2.513715172201959902e+01
2.674772483792159861e+01
2.836385294701777937e+01
2.998482119480677355e+01
3.160998901028969499e+01
3.323864153896515461e+01
3.487006392633178820e+01
3.650368988489319833e+01
3.813873027664551785e+01
3.977447024708735057e+01
4.141026922521982101e+01
4.304541235654154718e+01
4.467903621954615545e+01
4.631064881023974067e+01
4.793938670711595051e+01
4.956453505567338880e+01
5.118552756841567941e+01
5.280157510733893389e+01
5.441203710144427674e+01
5.601619869623032599e+01
5.761327075369319317e+01
5.920268698633650928e+01
6.078365825615637874e+01
6.235532038479882289e+01
6.391702901702701212e+01
6.546799047375148461e+01
6.700733679238025786e+01
6.853442286082892565e+01
7.004845500000800484e+01
7.154886238133553888e+01
7.303462847521460333e+01
7.450622242209824719e+01
7.596143915634951327e+01
7.740104495243141969e+01
7.882357757973204571e+01
8.022906047768944404e+01
8.161603141569165132e+01
8.298525666820171409e+01
8.433453116958268936e+01
8.566313552424762179e+01
8.697183600665955794e+01
8.825842755118155480e+01
8.952367643227665894e+01
9.076537758430789893e+01
9.198429728173833553e+01
9.317897329395604800e+01
9.435017189542402605e+01
9.549568802050538352e+01
9.661628794366311013e+01
9.771050943428528512e+01
9.877763309678496739e+01
9.981842520562517507e+01
1.008314235301939732e+02
1.018166515099294145e+02
1.027733897492445436e+02
1.037009188525524053e+02
1.045985194242660441e+02
1.054662149038235270e+02
1.063040287306628926e+02
1.071112415091971997e+02
1.078863910088144564e+02
1.086309863390027459e+02
1.093428224341251394e+02
1.100226655686446122e+02
1.106697963469742803e+02
1.112842382085521962e+02
1.118645289227663397e+02
1.124114347640798286e+02
1.129242363369056790e+02
1.134014714106319559e+02
1.138439062597217060e+02
1.142515643236129392e+02
1.146237262067187572e+02
1.149604092800691006e+02
1.152616066410616753e+02
1.155273053186860324e+02
1.157574923419317798e+02
1.159514119047635461e+02
1.161090510361708965e+02
1.162303967651434533e+02
1.163154361206708103e+02
1.163641561317425044e+02
1.163765438273482147e+02
1.163511005664274904e+02
1.162892990480199558e+02
1.161903834660901822e+02
1.160543408496277920e+02
1.158811582276223646e+02
1.156708226290634940e+02
1.154240639179657677e+02
1.151401262882938283e+02
1.148189967690372271e+02
1.144614052242105942e+02
1.140673386828034808e+02
1.136360413387805153e+02
1.131682430561563137e+02
1.126646736989454212e+02
1.121245774611124801e+02
1.115486842066720499e+02
1.109362381295887587e+02
1.102879690938772086e+02
1.096053497985769667e+02
1.088868816026276534e+02
1.081332943700438420e+02
1.073445751298151407e+02
1.065221965809811451e+02
1.056654029175064551e+02
1.047749240034056868e+02
1.038507468676683914e+02
1.028943442093342071e+02
1.019049602223677056e+02
1.008840676058084966e+02
9.983165338864617411e+01
9.874770459987033178e+01
9.763220826847057765e+01
9.648663709348649320e+01
9.531023526888267838e+01
9.410373265867373505e+01
9.286711629184925698e+01
9.160111603242384604e+01
9.030571890938709601e+01
8.898314045680359641e+01
8.763262486863796141e+01
8.625564170650194740e+01
8.485290514727098810e+01
8.342438339536768410e+01
8.197227316028966015e+01
8.049579981143452301e+01
7.899567438824986709e+01
7.747260793018334368e+01
7.592731147668250458e+01
7.435975323216999300e+01
7.277138707111839722e+01
7.116114122891535487e+01
6.953084099754593694e+01
6.788104884945278172e+01
6.621240154058098426e+01
6.452568439388065258e+01
6.282168273230188760e+01
6.110103331178982700e+01
5.936459573879705687e+01
5.761308105277117875e+01
5.584712600965733031e+01
5.406759021590808345e+01
5.227511042746858294e+01
5.047047196728890839e+01
4.865446015831917492e+01
4.682763747300199242e+01
4.499086351778998960e+01
4.314477504862824020e+01
4.129008310496437417e+01
3.942757300974849954e+01
3.755795580242821785e+01
3.568186823894863124e+01
3.380009564225986907e+01
3.191342333531202158e+01
3.002271092455770329e+01
2.812866944944452641e+01
2.623223279992759771e+01
2.433411201545451874e+01
2.243516670247791112e+01
2.053618218394786865e+01
1.863794378281451003e+01
1.674123682202793262e+01
1.484684662453826220e+01
1.295548422979308967e+01
1.106786067724003608e+01
9.184835573331703529e+00
7.307112529165451953e+00
5.435462010990890214e+00
3.570602486605875647e+00
1.713289565559517946e+00
-1.357404563097250327e-01
-1.975753884477198241e+00
-3.805991773592261929e+00
-5.625720064668828790e+00
-7.434157157279210892e+00
-9.230566021097226681e+00
-1.101427648094893286e+01
-1.278441779620364827e+01
-1.454026779323567986e+01
-1.628110429841935058e+01
-1.800613085462646978e+01
-1.971484813873884789e+01
-2.140645969362829604e+01
-2.308046619617663353e+01
-2.473614547275817088e+01
-2.637292391675222802e+01
-2.799022792153810713e+01
-2.958726102998763352e+01
-3.116352391898260521e+01
-3.271829441489734336e+01
-3.425099891111117500e+01
-3.576098951750088872e+01
-3.724754406044081634e+01
-3.871008893331026712e+01
-4.014805052948855035e+01
-4.156085524235498241e+01
-4.294822659929887720e+01
-4.430966527720204340e+01
-4.564474623644880324e+01
-4.695311872092595706e+01
-4.823420912401282834e+01
-4.948774097309873099e+01
-5.071328922856797305e+01
-5.191028028379987092e+01
-5.307843766618373138e+01
-5.421718776909889215e+01
-5.532617983643213933e+01
-5.640498882856778806e+01
-5.745318970589016772e+01
-5.847035742878357212e+01
-5.945628980813983588e+01
-6.041063608784575223e+01
-6.133311979529065638e+01
-6.222331589085883508e+01
-6.308102218544213002e+01
-6.390596220642984093e+01
-6.469785948121126751e+01
-6.545673467118575672e+01
-6.618238558724507925e+01
-6.687468432378358330e+01
-6.753357725869807382e+01
-6.815893017844501856e+01
-6.875050935422704868e+01
-6.930814903281142847e+01
-6.983160917746296548e+01
-7.032072403494892399e+01
-7.077525356853409733e+01
-7.119503202498574979e+01
-7.157974508406620373e+01
-7.192944984305019318e+01
-7.224420339921253742e+01
-7.252324573130050567e+01
-7.276878815816139934e+01
-7.297932782351746539e+01
-7.315559037616600335e+01
-7.329755862987931891e+01
-7.340595823345465476e+01
-7.348002916563932274e+01
-7.352049707523059396e+01
-7.352734477600075991e+01
-7.350055508172209784e+01
-7.343936797114187698e+01
-7.334525192808240490e+01
-7.321670409626595699e+01
-7.305593579453980624e+01
-7.286144416662624224e+01
-7.263395486132255030e+01
-7.237419352742601575e+01
-7.208214297870891585e+01
-7.175882599797851924e+01
-7.140363113098715075e+01
-7.101728402653205308e+01
-7.060006463239551522e+01
-7.015232717986233979e+01
-6.967442590021730098e+01
-6.916664074124267358e+01
-6.862940021772574539e+01
-6.806298427744880541e+01
-6.746789571870161240e+01
-6.684463733977398192e+01
-6.619363765545317335e+01
-6.551547374753148745e+01
-6.481049984729369839e+01
-6.407936732003459213e+01
-6.332235611353644344e+01
-6.254019187659652346e+01
-6.173322884049965609e+01
-6.090204408703808525e+01
-6.004721469800413303e+01
-5.916924347168754394e+01
-5.826855892287561289e+01
-5.734580989159074704e+01
-5.640163511676581720e+01
-5.543652224505633086e+01
-5.445133034063025690e+01
-5.344662133364560219e+01
-5.242303143776287300e+01
-5.138119686664255426e+01
-5.032182811744764450e+01
-4.924556140383862868e+01
-4.815310722297850532e+01
-4.704502750502527419e+01
-4.592203274714192673e+01
-4.478483344649145437e+01
-4.363399153323187107e+01
-4.247021750452613276e+01
-4.129429614103977286e+01
-4.010678937293076274e+01
-3.890848198086460030e+01
-3.770008446200429120e+01
-3.648223303001032036e+01
-3.525571246554817861e+01
-3.402115898227837221e+01
-3.277928307736389257e+01
-3.153086953147022342e+01
-3.027655455825787811e+01
-2.901704865488983032e+01
-2.775306231852909278e+01
-2.648538032984114921e+01
-2.521456461898399937e+01
-2.394154853362813284e+01
-2.266696828743404524e+01
-2.139175722807223679e+01
-2.011647728570069660e+01
-1.884206180798992136e+01
-1.756914700860040313e+01
-1.629866623520263857e+01
-1.503118141795462570e+01
-1.376747733752184999e+01
-1.250833877456981469e+01
-1.125440194275901185e+01
-1.000637733925243289e+01
-8.765049744715579294e+00
-7.531077657859687413e+00
-6.305164147497507088e+00
-5.087960283990030419e+00
-3.880124566048503976e+00
-2.682330349084670829e+00
-1.495221275109276160e+00
-3.194803563893897635e-01
8.442405938789692144e-01
1.995250701598625387e+00
3.132846959062629999e+00
4.256320725239002734e+00
5.364978215796263328e+00
6.458103361352184102e+00
7.534987520874783407e+00
8.594996336834585193e+00
9.637391454798603263e+00
1.066166479919161247e+01
1.166715972743338270e+01
1.265321959694368736e+01
1.361941061564978916e+01
1.456492757396646276e+01
1.548926239631847857e+01
1.639190700713060878e+01
1.727235333082762025e+01
1.812994472482928288e+01
1.896424739706286644e+01
1.977475327195314847e+01
2.056095427392489228e+01
2.132226804390036534e+01
2.205840935681184689e+01
2.276879585358160440e+01
2.345314230914190290e+01
2.411108921492252222e+01
2.474220277885071795e+01
2.534604920885377766e+01
2.592219471285895693e+01
2.647042834930104149e+01
2.699031632610728337e+01
2.748142485120497014e+01
2.794339441602385676e+01
2.837593979549622247e+01
2.877862719754934062e+01
2.915117139711547267e+01
2.949321288562439136e+01
2.980461500501337824e+01
3.008509253021468055e+01
3.033443451966309112e+01
3.055235574829087142e+01
3.073871955803529232e+01
3.089316644032612658e+01
3.101563402060313379e+01
3.110598564080359196e+01
3.116408464286477198e+01
3.118979436872393762e+01
3.118290387681587461e+01
3.114342507608284549e+01
3.107114702495961112e+01
3.096608163238845179e+01
3.082823524889734657e+01
3.065766627485957230e+01
3.045420470172664196e+01
3.021790337145754890e+01
2.994874084250878710e+01
2.964676995683936056e+01
2.931189498940326388e+01
2.894424306566199689e+01
2.854394131107705590e+01
2.811096828410494197e+01
2.764537682670464491e+01
2.714721978083517229e+01
2.661662427195801328e+01
2.605379170903717423e+01
2.545892350103665080e+01
2.483236962392543745e+01
2.417425720316503757e+01
2.348493621472444204e+01
2.276460806756765010e+01
2.201354845416116746e+01
2.123195878346898624e+01
2.042018903146010089e+01
1.957851489060101713e+01
1.870713776985572707e+01
1.780633336169072933e+01
1.687645164207503257e+01
1.591769401997261468e+01
1.493041047135248789e+01
1.391509953918864895e+01
1.287211119945009230e+01
1.180179542810581417e+01
1.070465076812981664e+01
9.580952911988596554e+00
8.431200402656156001e+00
7.255862069705484529e+00
6.055384457658834485e+00
4.830258681139953936e+00
3.580975854772590949e+00
2.308004808129743068e+00
1.011835170165107378e+00
-3.070374874874168825e-01
-1.648052223711732323e+00
-3.010642154711541174e+00
-4.394227025660094377e+00
-5.798241438431145589e+00
-7.222119994898446471e+00
-8.665215585082998828e+00
-1.012708909281280434e+01
-1.160694484110386426e+01
-1.310428428698218184e+01
-1.461838770097039664e+01
-1.614861629311018376e+01
-1.769440722094987350e+01
-1.925512335853526835e+01
-2.083012757991220099e+01
-2.241863419212147335e+01
-2.402015463621391334e+01
-2.563382893572783772e+01
-2.725909424821156435e+01
-2.889523916420840166e+01
-3.054155227426168651e+01
-3.219739645241720893e+01
-3.386198600571581352e+01
-3.553460952470080514e+01
-3.721462988341799871e+01
-3.890133567241071688e+01
-4.059394119871977580e+01
-4.229173505288850521e+01
-4.399408010896269872e+01
-4.570019067398319379e+01
-4.740935533849329886e+01
-4.912093697653882884e+01
-5.083407561165810051e+01
-5.254820840139945659e+01
-5.426247536930118542e+01
-5.597616510590660255e+01
-5.768864048526155131e+01
-5.939896724740182066e+01
-6.110643398287074035e+01
-6.281032928221165434e+01
-6.450971888546034450e+01
-6.620396566666262572e+01
-6.789220964935685743e+01
-6.957388799109131128e+01
-7.124828928240931702e+01
-7.291433069634170749e+01
-7.457219222546180504e+01
-7.622116246031288256e+01
-7.785978715641331860e+01
-7.948735490430638606e+01
-8.110389712956042274e+01
-8.270870242271872996e+01
-8.430105937432465169e+01
-8.587951373989648118e+01
-8.744409694500254204e+01
-8.899335474516117017e+01
-9.052731856594066073e+01
-9.204453416285933542e+01
-9.354503296148551783e+01
-9.502810355236250928e+01
-9.649303078091264751e+01
-9.793908451207424548e+01
-9.936627370068961795e+01
-1.007723787965260698e+02
-1.021581515894509522e+02
-1.035221153642565497e+02
-1.048642790757851770e+02
-1.061846516788791632e+02
-1.074810136233058131e+02
-1.087541166989324637e+02
-1.100032270255764217e+02
-1.112268678880299859e+02
-1.124250482411354852e+02
-1.135970342047102690e+02
-1.147428347335966237e+02
-1.158617159476118275e+02
-1.169522011315482786e+02
-1.180142992402482349e+02
-1.190472763935290175e+02
-1.200518843812579917e+02
-1.210266464882273993e+02
-1.219715716692796121e+02
-1.228866688792569448e+02
-1.237712042379766615e+02
-1.246244438652561399e+02
-1.254471395509626745e+02
-1.262378145798885640e+02
-1.269972207419011738e+02
-1.277231384867677662e+02
-1.284170624393806861e+02
-1.290782587195572262e+02
-1.297052506120897135e+02
-1.302987899068454851e+02
-1.308573998886168681e+02
-1.313825751822961365e+02
-1.318728390726756174e+02
-1.323282005145976541e+02
-1.327486684629045044e+02
-1.331335090374135461e+02
-1.334819883579421003e+02
-1.337956010493824124e+02
-1.340736132315518887e+02
-1.343152910242677933e+02
-1.345206433823724126e+02
-1.346896792607081181e+02
-1.348231504491422470e+02
-1.349195802324670410e+02
-1.349797204005498656e+02
-1.350035799082330357e+02
-1.349911677103588374e+02
-1.349417445937565105e+02
-1.348552928483278777e+02
-1.347332751010366110e+02
-1.345741826387464073e+02
-1.343787352533960018e+02
-1.341469099018990789e+02
-1.338786835411693801e+02
-1.335755187981705774e+02
-1.332359069597663677e+02
-1.328605678178954292e+02
-1.324494783294715603e+02
-1.320026154514083885e+02
-1.315206989756446490e+02
-1.310022201890440101e+02
-1.304486417185702294e+02
-1.298591976861119406e+02
-1.292338650485829419e+02
-1.285726207628968893e+02
-1.278769274560174551e+02
-1.271467620848583664e+02
-1.263821016063333644e+02
-1.255829229773560769e+02
-1.247506888248903039e+02
-1.238853761058496588e+02
-1.229869617771479255e+02
-1.220569084657487622e+02
-1.210944502935408877e+02
-1.201010498874879602e+02
-1.190759413694787838e+02
-1.180213302015019821e+02
-1.169364505054462597e+02
-1.158220220732503520e+02
-1.146772790268029496e+02
-1.135036839930677814e+02
-1.123004710939335098e+02
-1.110676172863138760e+02
-1.098065851971725664e+02
-1.085158661133732920e+02
-1.071976654969047473e+02
-1.058512174696556514e+02
-1.044794703286396782e+02
-1.030816581957455895e+02
-1.016592436979370149e+02
-1.002129466271527320e+02
-9.874422961035639901e+01
-9.725232676943672061e+01
-9.573870073135742587e+01
-9.420332845303219926e+01
-9.264692972639974755e+01
-9.106873867334878980e+01
-8.947095942306856386e+01
-8.785281943345039224e+01
-8.621503049963617116e+01
-8.455904725179279069e+01
-8.288409581501211676e+01
-8.119237365448607591e+01
-7.948236406028148338e+01
-7.775700733261527375e+01
-7.601552959657929875e+01
-7.425864264731545461e+01
-7.248794968199561595e+01
-7.070408821225917961e+01
-6.890799288375552578e+01
-6.710052405863152103e+01
-6.528254209903404615e+01
-6.345490736711001034e+01
-6.161810880749377617e+01
-5.977233823080971575e+01
-5.791801029818974200e+01
-5.605553967076570387e+01
-5.418526672616699358e+01
-5.230745755852052525e+01
-5.042260111246063303e+01
-4.853170631713922489e+01
-4.663593066871317916e+01
-4.473643166333938126e+01
-4.283436679717470952e+01
-4.093074499937104349e+01
-3.902679804958776799e+01
-3.712353487697676968e+01
-3.522129585916741945e+01
-3.332056994079411538e+01
-3.142154893248122249e+01
-2.952457321185814010e+01
-2.763005744005674202e+01
-2.573819342770140395e+01
-2.384954440292901978e+01
-2.196482216088146444e+01
-2.008510991421312042e+01
-1.821126802507087561e+01
-1.634437970610910895e+01
-1.448530531947469591e+01
-1.263505379431953024e+01
-1.079455977629298857e+01
-8.964312210029452999e+00
-7.145000605620055900e+00
-5.337061909247429625e+00
-3.541074205748957482e+00
-1.757565067180320018e+00
1.292159203224953722e-02
1.769858988574094960e+00
3.512741322135263911e+00
5.241065066816880780e+00
6.954326696720065648e+00
8.652022685945945923e+00
1.033368665034689116e+01
1.199880763567377784e+01
1.364680040417498041e+01
1.527685686759136630e+01
1.688816893766381355e+01
1.847985424263069021e+01
2.005103041073038028e+01
2.160088935370374585e+01
2.312847441628667156e+01
2.463312607722501824e+01
2.611448194927466915e+01
2.757255106270398670e+01
2.900697103026885770e+01
3.041775088223765522e+01
3.180460251486872991e+01
3.316746067492798744e+01
3.450611154217627785e+01
3.581996987886198980e+01
3.710859901423847873e+01
3.837133942705162326e+01
3.960775444655482147e+01
4.081711026799140285e+01
4.199904450411728618e+01
4.315289763367831455e+01
4.427823298592787182e+01
4.537453960661682117e+01
4.644138082499856068e+01
4.747817140332143993e+01
4.848454895434133505e+01
4.945992824030663115e+01
5.040394687397319018e+01
5.131646531860439353e+01
5.219741832096610779e+01
5.304688919482920539e+01
5.386466411995456838e+01
5.465082641011306919e+01
5.540523652856807502e+01
5.612790350558797314e+01
5.681868780443610234e+01
5.747737560487337305e+01
5.810397593716815123e+01
5.869827498108128339e+01
5.926013319987617933e+01
5.978948534031867723e+01
6.028611758216968752e+01
6.074995997275043891e+01
6.118092376160368673e+01
6.157876693182253547e+01
6.194347031700760908e+01
6.227486618375455407e+01
6.257278679865894588e+01
6.283713871181896593e+01
6.306797704033768781e+01
6.326528261781576390e+01
6.342911056135628201e+01
6.355951598806239389e+01
6.365655401503720157e+01
6.372027975938384259e+01
6.375067405470293380e+01
6.374786630160008372e+01
6.371198590068092926e+01
6.364301368554607308e+01
6.354122762380617928e+01
6.340660854906180788e+01
6.323928586191863133e+01
6.303938896298225814e+01
6.280727010336578786e+01
6.254313296717735682e+01
6.224732980553010719e+01
6.192013858603463206e+01
6.156198584330656587e+01
6.117307526145400942e+01
6.075375909159011911e+01
6.030431530132550222e+01
5.982494757476825242e+01
5.931593387952902674e+01
5.877747789971594017e+01
5.820993188644211358e+01
5.761342524031315548e+01
5.698831021244219386e+01
5.633486477043985019e+01
5.565351544892175895e+01
5.494454021549852740e+01
5.420836560478578292e+01
5.344534386789663216e+01
5.265575297244171793e+01
5.184001945303665337e+01
5.099856984429705165e+01
5.013190496434104659e+01
4.924037706428175909e+01
4.832448696223730877e+01
4.738473547632580818e+01
4.642154914116289177e+01
4.543528020786166621e+01
4.442657806154527123e+01
4.339571928035447712e+01
4.234327201856076073e+01
4.126958019045824244e+01
4.017521056084855502e+01
3.906058132752832535e+01
3.792618497179667969e+01
3.677251397495274432e+01
3.560028366880316497e+01
3.441013510165205957e+01
3.320263503830105378e+01
3.197835024355177680e+01
3.073799604921085660e+01
2.948221350358243598e+01
2.821142080446312050e+01
2.692618471665456070e+01
2.562707200495837512e+01
2.431464943417619651e+01
2.298940948560714759e+01
2.165191892405286467e+01
2.030267023081247402e+01
1.894230445419010067e+01
1.757146264248987677e+01
1.619063727701093214e+01
1.480046940605739181e+01
1.340167436143588908e+01
1.199467034094305262e+01
1.058024695988800801e+01
9.158822416067385674e+00
7.731067471186313433e+00
6.297519176645424821e+00
4.858744297246344601e+00
3.415317026140952450e+00
1.967811556481125823e+00
5.167790535329713775e-01
-9.372560594983088134e-01
-2.393781244767909211e+00
-3.852295849791428584e+00
-5.312292536569236390e+00
-6.773263967101703642e+00
-8.234643376587200692e+00
-9.696027423929599820e+00
-1.115670077732227305e+01
-1.261609667196359119e+01
-1.407349977604692093e+01
-1.552841760827313777e+01
-1.698013483683561731e+01
-1.842808469693272144e+01
-1.987162614026032514e+01
-2.130996955150930106e+01
-2.274254816587801642e+01
-2.416864343534660975e+01
-2.558752394704224997e+01
-2.699845507187888671e+01
-2.840077646427295832e+01
-2.979382777864089960e+01
-3.117717151990665414e+01
-3.255051875999916433e+01
-3.391365485434987193e+01
-3.526614230788270277e+01
-3.660769219252661344e+01
-3.793794129670803272e+01
-3.925667497585840238e+01
-4.056345573490167311e+01
-4.185769751175676845e+01
-4.313903709485014559e+01
-4.440703698910573394e+01
-4.566125969944746998e+01
-4.690119344729680506e+01
-4.812640073757766146e+01
-4.933614694120400657e+01
-5.052977171259225031e+01
-5.170661470615885236e+01
-5.286586700931525229e+01
-5.400694255998038074e+01
-5.512903244556567728e+01
-5.623155060399009386e+01
-5.731457952469506267e+01
-5.837805313011702424e+01
-5.942205390969741785e+01
-6.044666435287766859e+01
-6.145204123260175066e+01
-6.243811847130608328e+01
-6.340497855843211994e+01
-6.435203543189876996e+01
-6.527862874612249300e+01
-6.618417243902223390e+01
-6.706800616501443812e+01
-6.792954386201802208e+01
-6.876819946795194483e+01
-6.958331263723263760e+01
-7.037481729229654093e+01
-7.114264735558009534e+01
-7.188651389901224320e+01
-7.260701939655194792e+01
-7.330342921911308451e+01
-7.397649440765967199e+01
-7.462548033310558537e+01
-7.525039520138980720e+01
-7.585050438342625512e+01
-7.642730175520387093e+01
-7.698004886464700292e+01
-7.750799196772166511e+01
-7.801111633242923915e+01
-7.848940722677110671e+01
-7.894359275377368590e+01
-7.937291534641337876e+01
-7.977661743766657310e+01
-8.015616996558466667e+01
-8.051007252811905346e+01
-8.083831039327115775e+01
-8.114235449909236308e+01
-8.141996160850905540e+01
-8.167334549459765469e+01
-8.190100575530954075e+01
-8.210292765864612363e+01
-8.228058214265880110e+01
-8.243246880529898135e+01
-8.255931574959303987e+01
-8.266110824354238673e+01
-8.273783155514843202e+01
-8.278947095241255738e+01
-8.281675453836116674e+01
-8.281892474597066212e+01
-8.279670967826744743e+01
-8.275009460325289012e+01
-8.267832195390344907e+01
-8.258286266827045097e+01
-8.246370201435534852e+01
-8.232008242513452956e+01
-8.215347483865937761e+01
-8.196237885288130087e+01
-8.174826540585168289e+01
-8.151111976557196215e+01
-8.125092720004350610e+01
-8.096841581229270446e+01
-8.066208520027097961e+01
-8.033414913705470894e+01
-7.998385005562030869e+01
-7.961117322396917473e+01
-7.921684674512771096e+01
-7.880159872212229288e+01
-7.836467158792933674e+01
-7.790753628060025449e+01
-7.742943523311141973e+01
-7.693183938351424445e+01
-7.641399116478511644e+01
-7.587661867995045384e+01
-7.532045003203663214e+01
-7.474547048904506141e+01
-7.415240815400213137e+01
-7.354050434409739978e+01
-7.291122441844801472e+01
-7.226380411530919901e+01
-7.159955911100625769e+01
-7.091861654582446306e+01
-7.022125212705408615e+01
-6.950789012899039676e+01
-6.877895482592867893e+01
-6.803479620866168887e+01
-6.727583855148471059e+01
-6.650250612869302813e+01
-6.571507464757689831e+01
-6.491419123293910332e+01
-6.410005730856741479e+01
-6.327317143225960194e+01
-6.243403216181345528e+01
-6.158291520451923162e+01
-6.072024483467221501e+01
-5.984659389357265979e+01
-5.896216380500836607e+01
-5.806752741027959530e+01
-5.716303470017913213e+01
-5.624910994900221795e+01
-5.532617743104415808e+01
-5.439466142060022236e+01
-5.345513475897066513e+01
-5.250802172045079175e+01
-5.155389514634084946e+01
-5.059310502743362292e+01
-4.962622420502938070e+01
-4.865375123692590620e+01
-4.767603611391596274e+01
-4.669357739379732664e+01
-4.570679935086527479e+01
-4.471612625941508412e+01
-4.372190811023951795e+01
-4.272471774463885197e+01
-4.172490515340587081e+01
-4.072289461083584428e+01
-3.971918467472654157e+01
-3.871427390287573900e+01
-3.770858656957869925e+01
-3.670254694913072058e+01
-3.569665359932955084e+01
-3.469133079447047407e+01
-3.368707709235127368e+01
-3.268424248376471297e+01
-3.168325124300606888e+01
-3.068460192787311058e+01
-2.968864452915861563e+01
-2.869580570351424598e+01
-2.770659592051974229e+01
-2.672137946510619955e+01
-2.574059490570724407e+01
-2.476468081075649508e+01
-2.379415003219007119e+01
-2.282929257143657864e+01
-2.187069556393464609e+01
-2.091872329461538627e+01
-1.997374004840991191e+01
-1.903618439375184224e+01
-1.810634633206980126e+01
-1.718466443179739400e+01
-1.627157726136824678e+01
-1.536737482221097117e+01
-1.447249568275918463e+01
-1.358722984444150939e+01
-1.271201587569155222e+01
-1.184714377793794071e+01
-1.099297783611178403e+01
-1.014995661864670318e+01
-9.318295843468813899e+00
-8.498434079011731868e+00
-7.690698468455325454e+00
-6.895341871476959206e+00
-6.112691431256505048e+00
-5.343029720872325861e+00
-4.586676455154037768e+00
-3.843921635530260783e+00
-3.115070120130109643e+00
-2.400397053681701642e+00
-1.700155295862403992e+00
-1.014628162585608395e+00
-3.440729705388316795e-01
3.112381068899093273e-01
9.510403246628477136e-01
1.575080080267591498e+00
2.183156512478523492e+00
2.775061331719777868e+00
3.350608533466236327e+00
3.909604684842533651e+00
4.451848924623051929e+00
4.977162676632922889e+00
5.485345079646532618e+00
5.976247270890012508e+00
6.449727815939746201e+00
6.905637852021866863e+00
7.343850801413256413e+00
7.764136089487299941e+00
8.166500848825378966e+00
8.550651903898650374e+00
8.916654800289874672e+00
9.264274775471575296e+00
9.593499917423789825e+00
9.904169747121542855e+00
1.019627235254487019e+01
1.046972153817129580e+01
1.072435682497585674e+01
1.096024058444107752e+01
1.117721233754199339e+01
1.137540873926363183e+01
1.155474359408352569e+01
1.171513070647920429e+01
1.185655816443069455e+01
1.197908833942053164e+01
1.208263503592624666e+01
1.216726062543036413e+01
1.223295319591292163e+01
1.227962655185144492e+01
1.230749163173346616e+01
1.231631367303151592e+01
1.230630361423312280e+01
1.227752382682082022e+01
1.222996239877463331e+01
1.216390455208459898e+01
1.207933837473074590e+01
1.197632623819560038e+01
1.185515336446919932e+01
1.171580784153156785e+01
1.155842632436773698e+01
1.138307118446024013e+01
1.119002764379910531e+01
1.097920950686186359e+01
1.075090199563854831e+01
1.050509319810918285e+01
1.024199405276130292e+01
9.961741214579939552e+00
9.664545622052621354e+00
9.350543930164379347e+00
9.019947077402742153e+00
8.672966002255243723e+00
8.309811643209410903e+00
7.930620655250275597e+00
7.535529693362867931e+00
7.124883406339221459e+00
6.698840734215110615e+00
6.257620043828321599e+00
5.801432273666381256e+00
5.330488362216820875e+00
4.845028961368171849e+00
4.345323509663251649e+00
3.831667452059028367e+00
3.304355306765757838e+00
2.763666735293196730e+00
2.209911112552101820e+00
1.643368100052227776e+00
1.064327016158656436e+00
4.730825276486486097e-01
-1.300757499787044691e-01
-7.448543384821817437e-01
-1.370968525073857247e+00
-2.008125277213525184e+00
-2.656037505041178637e+00
-3.314395833646062162e+00
-3.982890888117419426e+00
-4.661176151793244848e+00
-5.348934821412532514e+00
-6.045827808663525538e+00
-6.751516025234468366e+00
-7.465704952915103831e+00
-8.187981219891177886e+00
-8.918139448155432802e+00
-9.655677125690610652e+00
-1.040038887448946170e+01
-1.115184646603722385e+01
-1.190977023882414265e+01
-1.267380624783796250e+01
-1.344352626456393018e+01
-1.421872491099478530e+01
-1.499897395861577287e+01
-1.578399374591713666e+01
-1.657335604438412346e+01
-1.736678119250696994e+01
-1.816384096177093355e+01
-1.896425569066624206e+01
-1.976767143418064876e+01
-2.057373424730189626e+01
-2.138201590151522780e+01
-2.219216245180838953e+01
-2.300389423667161992e+01
-2.381678302759016930e+01
-2.463054916305427611e+01
-2.544469013104669131e+01
-2.625907483706265211e+01
-2.707320076908490236e+01
-2.788678826560369117e+01
-2.869948338160675405e+01
-2.951093217208184782e+01
-3.032085497551920739e+01
-3.112882356340407952e+01
-3.193463063813525693e+01
-3.273776408972576490e+01
-3.353808130610718052e+01
-3.433506825769857329e+01
-3.512850804892902090e+01
-3.591796093372008869e+01
-3.670313573299836918e+01
-3.748374126769041936e+01
-3.825941207522031817e+01
-3.902970840950964515e+01
-3.979448765848997027e+01
-4.055331007608286598e+01
-4.130581019971241830e+01
-4.205184541731018300e+01
-4.279090169929524734e+01
-4.352283643359918130e+01
-4.424735844114856320e+01
-4.496410225936746485e+01
-4.567277670918246457e+01
-4.637316489502263295e+01
-4.706490135431203470e+01
-4.774776919147976173e+01
-4.842147722745237814e+01
-4.908573428315645515e+01
-4.974024917951858527e+01
-5.038480502096781777e+01
-5.101918491193324456e+01
-5.164302338983893748e+01
-5.225610355911396709e+01
-5.285828280768991050e+01
-5.344926995649333890e+01
-5.402884810995332998e+01
-5.459680037249893303e+01
-5.515283556505678320e+01
-5.569673679205589423e+01
-5.622843572493036390e+01
-5.674764118460678475e+01
-5.725421055901670542e+01
-5.774785266908670422e+01
-5.822849918625085053e+01
-5.869593321493824334e+01
-5.914986357607542544e+01
-5.959029622459900111e+01
-6.001693998143552733e+01
-6.042965223451656698e+01
-6.082829037177372555e+01
-6.121271178113855882e+01
-6.158269956704014447e+01
-6.193811111741004538e+01
-6.227902667068735809e+01
-6.260530107784792619e+01
-6.291677904204476590e+01
-6.321345129648015870e+01
-6.349523429085390092e+01
-6.376197019136331079e+01
-6.401364973121064850e+01
-6.425018936009573167e+01
-6.447143124421585014e+01
-6.467744040027578478e+01
-6.486798471097033314e+01
-6.504305490950180513e+01
-6.520264172907246802e+01
-6.534658733587961876e+01
-6.547495674662809506e+01
-6.558774069452013578e+01
-6.568485562925555143e+01
-6.576629228403665195e+01
-6.583204139206571881e+01
-6.588209368654503351e+01
-6.591651418417941954e+01
-6.593529361817114420e+01
-6.593842272172250318e+01
-6.592596651153830578e+01
-6.589799000432334708e+01
-6.585448393327989436e+01
-6.579543903161025753e+01
-6.572099459952173106e+01
-6.563114137021662486e+01
-6.552594436039969139e+01
-6.540532001977076959e+01
-6.526948193203962489e+01
-6.511834654690605362e+01
-6.495197888107485085e+01
-6.477051823475332526e+01
-6.457410390814875711e+01
-6.436294948497092605e+01
-6.413704569842215619e+01
-6.389668041571473367e+01
-6.364191865355343936e+01
-6.337289971214556061e+01
-6.308983717520089840e+01
-6.279272177592176973e+01
-6.248176709801794004e+01
-6.215703815819421862e+01
-6.181874854016038512e+01
-6.146688897711874944e+01
-6.110174733628159771e+01
-6.072331435085121143e+01
-6.033195217154239742e+01
-5.992780009856245726e+01
-5.951107088091880115e+01
-5.908182536180439826e+01
-5.864042068371985295e+01
-5.818699113865823591e+01
-5.772167101861266758e+01
-5.724466889907871092e+01
-5.675626763905450645e+01
-5.625652724703061125e+01
-5.574573058200513032e+01
-5.522408621947366925e+01
-5.469172845142930584e+01
-5.414901442037265156e+01
-5.359600413479428482e+01
-5.303320330419981588e+01
-5.246067193707983733e+01
-5.187876717593492515e+01
-5.128769759626069202e+01
-5.068782034055774233e+01
-5.007919541731664737e+01
-4.946225425254051089e+01
-4.883720542172493140e+01
-4.820418321686300089e+01
-4.756354478045531664e+01
-4.691542440449497775e+01
-4.626017923148256727e+01
-4.559809212041618309e+01
-4.492929736328892432e+01
-4.425407781909888882e+01
-4.357286491384915905e+01
-4.288571865603034183e+01
-4.219307047164553381e+01
-4.149505465268781279e+01
-4.079202834165779734e+01
-4.008420011405106465e+01
-3.937192711236821197e+01
-3.865541791210484490e+01
-3.793502965576153940e+01
-3.721089663533139458e+01
-3.648345027681753550e+01
-3.575282487221301864e+01
-3.501937756401845547e+01
-3.428331692772943740e+01
-3.354492582234406228e+01
-3.280456139036292740e+01
-3.206235792377912475e+01
-3.131859828159073800e+01
-3.057371388980088156e+01
-2.982776475690013740e+01
-2.908125659239410510e+01
-2.833432368827587666e+01
-2.758732459762541822e+01
-2.684054923233762935e+01
-2.609428891488678914e+01
-2.534883496774718736e+01
-2.460440442989057530e+01
-2.386121434028874333e+01
-2.311963030491846993e+01
-2.237986936275152061e+01
-2.164214855275967864e+01
-2.090683348091971183e+01
-2.017406690270090053e+01
-1.944421442408001965e+01
-1.871749308402884537e+01
-1.799411992151915030e+01
-1.727431197552271058e+01
-1.655850913551880765e+01
-1.584677987347420824e+01
-1.513948979536568906e+01
-1.443685594016502982e+01
-1.373902106334150552e+01
-1.304635077087189110e+01
-1.235898781822545800e+01
-1.167722352787648532e+01
-1.100127493879674745e+01
-1.033143337346051993e+01
-9.667767303834578385e+00
-9.010642335895699517e+00
-8.360201225113154777e+00
-7.716646153758223825e+00
-7.080231302553930739e+00
-6.451151425421300267e+00
-5.829608704631607630e+00
-5.215775609055129713e+00
-4.609854320963139962e+00
-4.012032165926415317e+00
-3.422481612815231333e+00
-2.841412272251112370e+00
-2.268989184754083954e+00
-1.705392247544672335e+00
-1.150781301297727266e+00
-6.053176723581494834e-01
-6.916417274088926259e-02
4.575074715188031105e-01
9.745426195912516576e-01
1.481783659306681988e+00
1.979087835195817879e+00
2.466349533540634020e+00
2.943433427222104548e+00
3.410219045821705208e+00
3.866578490570659721e+00
4.312381847317550587e+00
4.747513425431136191e+00
5.171840662197034533e+00
5.585275565002364218e+00
5.987700427833241079e+00
6.379004973026031422e+00
6.759078922917103327e+00
7.127797143142323932e+00
7.485160781291810395e+00
7.830940706097929471e+00
8.165204920303049008e+00
8.487872859644534529e+00
8.798938243362256273e+00
9.098246223691077716e+00
9.385864803373367593e+00
9.661639134643992932e+00
9.925562936742823084e+00
1.017762992890972207e+01
1.041783383038455746e+01
1.064601979340219629e+01
1.086225582070500728e+01
1.106653563153285802e+01
1.125870437812061375e+01
1.143883006321063966e+01
1.160690640604280865e+01
1.176292712585698297e+01
1.190696022539553134e+01
1.203892514039582018e+01
1.215896415710271761e+01
1.226692242775109243e+01
1.236286795508330805e+01
1.244686874184173497e+01
1.251891850726623900e+01
1.257908525409918532e+01
1.262736270158044327e+01
1.266374456894987865e+01
1.268829885894986020e+01
1.270109357432275488e+01
1.270219671781092785e+01
1.269175057565924902e+01
1.266967458360508303e+01
1.263618531139579915e+01
1.259127647827126317e+01
1.253509037047634145e+01
1.246769499075340093e+01
1.238915834184481213e+01
1.229954842649294022e+01
1.219900753094265333e+01
1.208760365793631664e+01
1.196540481021629532e+01
1.183255250118599733e+01
1.168911086938045862e+01
1.153529184749825909e+01
1.137108451773047513e+01
1.119670081277568130e+01
1.101220409832745872e+01
1.081780630708437840e+01
1.061357080474001968e+01
1.039970952399295712e+01
1.017621154703427244e+01
9.943437373567537207e+00
9.701376085783829595e+00
9.450239616381724161e+00
9.190165614557301410e+00
8.921366013009135898e+00
8.643904177430803415e+00
8.357992040520880295e+00
8.063692967972947656e+00
7.761293175988074999e+00
7.450930313762343715e+00
7.132697460390328814e+00
6.806784263519857880e+00
6.473380370798756722e+00
6.132690286575350314e+00
5.784896230147218432e+00
5.430210134212935635e+00
5.068806789719829453e+00
4.700905557716725802e+00
4.326681229150950436e+00
3.946323451670331828e+00
3.560014444572445313e+00
3.167936427154867118e+00
2.770264190364925661e+00
2.367187381850445416e+00
1.958888220909004163e+00
1.545534070137678073e+00
1.127336862235043924e+00
7.044899590240530918e-01
2.771844938225821453e-01
-1.543794860311920869e-01
-5.900078758792934863e-01
-1.029493942868319856e+00
-1.472655467700694887e+00
-1.919280517677842690e+00
-2.369172016801685654e+00
-2.822125460723897916e+00
-3.277943773446402087e+00
-3.736422450620873192e+00
-4.197356987898983149e+00
-4.660550309282655235e+00
-5.125811836134915644e+00
-5.592947265862196815e+00
-6.061753936531533604e+00
-6.532036614560209564e+00
-7.003629779766509245e+00
-7.476293628466216035e+00
-7.949788356975119541e+00
-8.424045013664747117e+00
-8.898697512896635686e+00
-9.373676903042323261e+00
-9.848617098463339659e+00
-1.032344914753122289e+01
-1.079788124811000394e+01
-1.127169588156622027e+01
-1.174474981276890517e+01
-1.221689980658709018e+01
-1.268785406088481693e+01
-1.315746934053110984e+01
-1.362560241039501463e+01
-1.409196146834055874e+01
-1.455655184624177600e+01
-1.501900745846020335e+01
-1.547925935336737702e+01
-1.593701572882732798e+01
-1.639220763321158714e+01
-1.684461754788670262e+01
-1.729402795421919592e+01
-1.774022133357560449e+01
-1.818320301782996395e+01
-1.862260692134381301e+01
-1.905843837599117307e+01
-1.949040557963609288e+01
-1.991843958065010156e+01
-2.034232286039972948e+01
-2.076198646725651997e+01
-2.117713859908450047e+01
-2.158778458775770659e+01
-2.199363263114017286e+01
-2.239461377760343552e+01
-2.279065907551902725e+01
-2.318147672275098259e+01
-2.356699776767084131e+01
-2.394715325865012545e+01
-2.432172567705538313e+01
-2.469057178775564054e+01
-2.505369692262493331e+01
-2.541088356302979889e+01
-2.576198847383926704e+01
-2.610694270342487755e+01
-2.644560301665565660e+01
-2.677789892437434816e+01
-2.710375378730845597e+01
-2.742301514515418859e+01
-2.773553053760775811e+01
-2.804129607137037539e+01
-2.834023356964074480e+01
-2.863211628861258262e+01
-2.891694033498708549e+01
-2.919462753196297911e+01
-2.946509970273895718e+01
-2.972827867051374895e+01
-2.998401197498353810e+01
-3.023237000635205618e+01
-3.047320030431550109e+01
-3.070635040857008491e+01
-3.093189070931951079e+01
-3.114974302976249732e+01
-3.135975490959525303e+01
-3.156192245551897457e+01
-3.175616749073239120e+01
-3.194248612193669601e+01
-3.212080017233060403e+01
-3.229118003211782195e+01
-3.245347324099456898e+01
-3.260775018916454826e+01
-3.275400698332895644e+01
-3.289216544668651920e+01
-3.302222168593844032e+01
-3.314417180778593064e+01
-3.325793763542770165e+01
-3.336358955906744939e+01
-3.346112368540640603e+01
-3.355038755414076235e+01
-3.363152583897672798e+01
-3.370446036311301441e+01
-3.376918723325084670e+01
-3.382585112309641318e+01
-3.387437385584843241e+01
-3.391475153820810817e+01
-3.394705456037915781e+01
-3.397127902906278507e+01
-3.398742105096020794e+01
-3.399562529977760761e+01
-3.399573931521123882e+01
-3.398790777096727567e+01
-3.397212677374693612e+01
-3.394846671375393043e+01
-3.391684941418697008e+01
-3.387749383225476407e+01
-3.383032179115602389e+01
-3.377547729850746805e+01
-3.371295313056289444e+01
-3.364296424799412222e+01
-3.356550276096545815e+01
-3.348063506314371551e+01
-3.338850183169819985e+01
-3.328902089329074698e+01
-3.318240720859314052e+01
-3.306865288776971568e+01
-3.294782432448726439e+01
-3.282006219591512064e+01
-3.268543289572007637e+01
-3.254400281756895907e+01
-3.239576407162608263e+01
-3.224100590206575134e+01
-3.207972041905227201e+01
-3.191197401625247210e+01
-3.173798165433815655e+01
-3.155766115997112919e+01
-3.137130177732572633e+01
-3.117889561656624053e+01
-3.098058335486198800e+01
-3.077657995288478432e+01
-3.056680323729644400e+01
-3.035154245227126779e+01
-3.013078970797358735e+01
-2.990468568157269758e+01
-2.967337105023791821e+01
-2.943698649113856547e+01
-2.919552411443894968e+01
-2.894919888081088288e+01
-2.869807718392116413e+01
-2.844229970093912740e+01
-2.818193282553157886e+01
-2.791719151837033053e+01
-2.764821645662468796e+01
-2.737507403396146799e+01
-2.709805349455498558e+01
-2.681714694856955816e+01
-2.653256935667698002e+01
-2.624438711254408574e+01
-2.595288946034516897e+01
-2.565799422674205843e+01
-2.535991637240655194e+01
-2.505879657450797637e+01
-2.475477551021563016e+01
-2.444784528969383430e+01
-2.413836944061940315e+01
-2.382626578965414410e+01
-2.351182358097237213e+01
-2.319510979937349759e+01
-2.287634236119233222e+01
-2.255559120689127184e+01
-2.223300056043522943e+01
-2.190878892929160671e+01
-2.158295197042031077e+01
-2.125578247479124983e+01
-2.092735038286682681e+01
-2.059779991861194759e+01
-2.026720102248901512e+01
-1.993577220196544175e+01
-1.960358339750362688e+01
-1.927092740007348226e+01
-1.893779986663490078e+01
-1.860434502115280253e+01
-1.827085565459708860e+01
-1.793732742392766255e+01
-1.760397883661192964e+01
-1.727087983311229991e+01
-1.693824892089617506e+01
-1.660623032392845744e+01
-1.627481969916905769e+01
-1.594423555408538107e+01
-1.561462211264233346e+01
-1.528604931530231603e+01
-1.495873566953274114e+01
-1.463267683229351057e+01
-1.430809131105203136e+01
-1.398504904627070822e+01
-1.366376854541694463e+01
-1.334424546545064949e+01
-1.302677259734172566e+01
-1.271127131454758086e+01
-1.239796012453562035e+01
-1.208698325127075002e+01
-1.177833635171287341e+01
-1.147231221683189872e+01
-1.116883222008523013e+01
-1.086818915244277761e+01
-1.057030438736193645e+01
-1.027539643231012256e+01
-9.983535227749735341e+00
-9.694864997645684213e+00
-9.409455682460372117e+00
-9.127377222656205547e+00
-8.848699558695590994e+00
-8.573641198045933720e+00
-8.302272081169638440e+00
-8.034513581524109327e+00
-7.770658490079257241e+00
-7.510696158422539348e+00
-7.254731855306400412e+00
-7.002871972461090166e+00
-6.755193188215856459e+00
-6.511764752549700219e+00
-6.272670772142117102e+00
-6.037980496972109812e+00
-5.807770605368927086e+00
-5.582125204012066355e+00
-5.361113542880528549e+00
-5.144797443603062348e+00
-4.933231299458166852e+00
-4.726484360424841213e+00
-4.524618448131835002e+00
-4.327687955857648205e+00
-4.135747276880779033e+00
-3.948865661180226194e+00
-3.767082645333989177e+00
-3.590445194270319273e+00
-3.419000272917462890e+00
-3.252794846203670431e+00
-3.091868450706941829e+00
-2.936275479705774849e+00
-2.786055469778169869e+00
-2.641225672451375406e+00
-2.501825624303391837e+00
-2.367865148511217210e+00
-2.239368924952350959e+00
-2.116369061854542544e+00
-1.998890239095291399e+00
-1.886942279851596460e+00
-1.780542435650706468e+00
-1.679707958019871938e+00
-1.584441241785841115e+00
-1.494759538475863181e+00
-1.410665242916687934e+00
-1.332175606635564336e+00
-1.259293024459241739e+00
-1.192019891214469052e+00
-1.130343745027495572e+00
-1.074259552374821070e+00
-1.023754851382693953e+00
-9.788246085276141040e-01
-9.394637902860805134e-01
-9.056525064340923414e-01
-8.773857234481489131e-01
-8.546435511042494992e-01
-8.373986708281432323e-01
-8.256386207460794102e-01
-8.193360822838073876e-01
-8.184865838174532060e-01
-8.230581879206513296e-01
-8.330195190666634941e-01
-8.483317733785010750e-01
-8.689412902786756154e-01
-8.948241225906985452e-01
-9.259340380873316567e-01
-9.622248045413364093e-01
-1.003657618075723956e+00
-1.050186246463256312e+00
-1.101757029126444465e+00
-1.158316305487800513e+00
-1.219825271670335720e+00
-1.286230267096561297e+00
-1.357477631188989120e+00
-1.433513703370130843e+00
-1.514284823062497676e+00
-1.599715044637851413e+00
-1.689750707518703265e+00
-1.784323294427064832e+00
-1.883364288084947713e+00
-1.986812599564613535e+00
-2.094599711588073898e+00
-2.206657106877339736e+00
-2.322901411453923259e+00
-2.443264108039835847e+00
-2.567669251006837960e+00
-2.696040894726692727e+00
-2.828303093571161053e+00
-2.964379901912003845e+00
-3.104195374120983786e+00
-3.247666136219610866e+00
-3.394708814229398630e+00
-3.545254890872356679e+00
-3.699228420520247695e+00
-3.856531172494083393e+00
-4.017102057866123843e+00
-4.180835417607131177e+00
-4.347640449388367578e+00
-4.517426350881094343e+00
-4.690102319756572768e+00
-4.865562696985564095e+00
-5.043724108589580979e+00
-5.224495752239883828e+00
-5.407771968907233884e+00
-5.593469384613143802e+00
-5.781504625379124462e+00
-5.971786888876438049e+00
-6.164225372776344081e+00
-6.358721846399856936e+00
-6.555192563794196126e+00
-6.753537434408926288e+00
-6.953633710668566614e+00
-7.155484926951895197e+00
-7.358834625378930738e+00
-7.563686340328448665e+00
-7.769969322676719692e+00
-7.977464256295016654e+00
-8.186174675562112313e+00
-8.396029831354283601e+00
-8.606810407542800689e+00
-8.818445655003932515e+00
-9.030939108116458058e+00
-9.244071450751645713e+00
-9.457846217288272683e+00
-9.672118375100108523e+00
-9.886742891560924562e+00
-1.010172330104949978e+01
-1.031684028743710257e+01
-1.053209738510250482e+01
-1.074734956141947961e+01
-1.096252606726430301e+01
-1.117748187001074633e+01
-1.139214622053508030e+01
-1.160644836971358096e+01
-1.182031756842252079e+01
-1.203353450053317175e+01
-1.224617698392680332e+01
-1.245802570247469454e+01
-1.266900990705311436e+01
-1.287905884853833882e+01
-1.308810177780663508e+01
-1.329606794573427919e+01
-1.350281231969504780e+01
-1.370826415056521164e+01
-1.391235268922103430e+01
-1.411493290303630310e+01
-1.431600832638978105e+01
-1.451543392665524479e+01
-1.471321323821146798e+01
-1.490920122843222373e+01
-1.510325286469127803e+01
-1.529544596486991104e+01
-1.548556121283939646e+01
-1.567360214297850085e+01
-1.585942372266099909e+01
-1.604302948626567016e+01
-1.622427440116627650e+01
-1.640308771823910305e+01
-1.657947297186291280e+01
-1.675328431023841347e+01
-1.692444688837654354e+01
-1.709295932561765952e+01
-1.725874595779963627e+01
-1.742165683725784220e+01
-1.758176486683513673e+01
-1.773899438236938764e+01
-1.789312115269346748e+01
-1.804429236415273508e+01
-1.819228378558006298e+01
-1.833716831981831064e+01
-1.847879601920284998e+01
-1.861716550307404816e+01
-1.875220110726976586e+01
-1.888382716762787439e+01
-1.901204230348873736e+01
-1.913677085069022610e+01
-1.925801142857270065e+01
-1.937568837297403235e+01
-1.948980030323458479e+01
-1.960019727168972281e+01
-1.970702646468481944e+01
-1.981006365105273659e+01
-1.990930745013383785e+01
-2.000483076477099331e+01
-2.009648364729957137e+01
-2.018426471705993563e+01
-2.026817259339245325e+01
-2.034813161213498844e+01
-2.042414039262791192e+01
-2.049619755421158374e+01
-2.056430171622637815e+01
-2.062845149801265876e+01
-2.068857123540828979e+01
-2.074465954775363841e+01
-2.079671505438907175e+01
-2.084473637465495344e+01
-2.088872212789165772e+01
-2.092859664993703817e+01
-2.096443284363397552e+01
-2.099615504482033046e+01
-2.102376187283646303e+01
-2.104732623052525042e+01
-2.106669817022204683e+01
-2.108202487827223237e+01
-2.109323069051366772e+01
-2.110031422628671294e+01
-2.110334838843424166e+01
-2.110225751279412165e+01
-2.109711450220921236e+01
-2.108784322467018413e+01
-2.107458852728641219e+01
-2.105727193881256909e+01
-2.103588927150582677e+01
-2.101051062112585655e+01
-2.098113179992983390e+01
-2.094782290367743016e+01
-2.091050546112332142e+01
-2.086924956802717901e+01
-2.082405103664617485e+01
-2.077490567923748799e+01
-2.072188359156078619e+01
-2.066498058587323783e+01
-2.060426675793452844e+01
-2.053973792000181930e+01
-2.047146416783479239e+01
-2.039951559719311902e+01
-2.032388802033397113e+01
-2.024465153301702003e+01
-2.016187623100194060e+01
-2.007548364304340538e+01
-1.998561814840359219e+01
-1.989234984284216523e+01
-1.979560025511380772e+01
-1.969543948097818387e+01
-1.959201189969747148e+01
-1.948523904002634666e+01
-1.937519099772447362e+01
-1.926193786855153434e+01
-1.914554974826720013e+01
-1.902602244912863938e+01
-1.890350035039803345e+01
-1.877797926433254716e+01
-1.864952928669185539e+01
-1.851814622973313718e+01
-1.838397447271856322e+01
-1.824693554440279897e+01
-1.810724810755052872e+01
-1.796483369091642146e+01
-1.781983667376264791e+01
-1.767225286834638709e+01
-1.752215237042730323e+01
-1.736960527576507829e+01
-1.721468168011937649e+01
-1.705745167924988337e+01
-1.689791108541376019e+01
-1.673627856137568770e+01
-1.657254991939283784e+01
-1.640679525522487836e+01
-1.623901038112898831e+01
-1.606933987996066548e+01
-1.589778058194370658e+01
-1.572440380439775431e+01
-1.554935514814492414e+01
-1.537255736349985469e+01
-1.519423033478716611e+01
-1.501429681232148994e+01
-1.483297668042746054e+01
-1.465026697292219815e+01
-1.446616472362283723e+01
-1.428088981685400505e+01
-1.409436500293033134e+01
-1.390681016617644161e+01
-1.371822234040946853e+01
-1.352859855944653766e+01
-1.333815870761227984e+01
-1.314682553522132302e+01
-1.295481892659829626e+01
-1.276206163205782929e+01
-1.256869925242204822e+01
-1.237480310501058511e+01
-1.218044450714306670e+01
-1.198569477613912149e+01
-1.179055094581587859e+01
-1.159515861699546946e+01
-1.139951482349501788e+01
-1.120376516613665530e+01
-1.100798096224001199e+01
-1.081215924562221531e+01
-1.061644561710539492e+01
-1.042083711050667638e+01
-1.022547932664819115e+01
-1.003044358284956949e+01
-9.835726912927936993e+00
-9.641474917705423309e+00
-9.447684630999159339e+00
-9.254427370128770036e+00
-9.061774452413887460e+00
-8.869797195174136561e+00
-8.678566915729152953e+00
-8.488080647896056874e+00
-8.298483992496985095e+00
-8.109848266851560794e+00
-7.922096221274416372e+00
-7.735447740090177327e+00
-7.549899857115976332e+00
-7.365479319569936401e+00
-7.182287158172692365e+00
-7.000364976842869957e+00
-6.819761807849348045e+00
-6.640534695617264838e+00
-6.462743019795797572e+00
-6.286439315489882773e+00
-6.111690974504955243e+00
-5.938543103595702810e+00
-5.767040809516809752e+00
-5.597251484073713534e+00
-5.429220234021098435e+00
-5.263007022814153224e+00
-5.098649528857311708e+00
-4.936207715605761770e+00
-4.775734118164438158e+00
-4.617251558237278175e+00
-4.460827427629715736e+00
-4.306484548045689920e+00
-4.154275454590135475e+00
-4.004237825667487094e+00
-3.856424196382683078e+00
-3.710864816789908094e+00
-3.567589936943348583e+00
-3.426644663597691931e+00
-3.288059246807122804e+00
-3.151871364976077672e+00
-3.018118696508993004e+00
-2.886831491460053911e+00
-2.758039999883447724e+00
-2.631781900183609579e+00
-2.508080014064475893e+00
-2.386957163229983525e+00
-2.268458454434817639e+00
-2.152606709382914207e+00
-2.039432178128460116e+00
-1.928942825674891504e+00
-1.821168902076393703e+00
-1.716133229036903129e+00
-1.613843771559856366e+00
-1.514323351349188940e+00
-1.417587361758587461e+00
-1.323658624491987457e+00
-1.232552532903075315e+00
-1.144277051995287176e+00
-1.058840146772059176e+00
-9.762646389373272893e-01
-8.965532936493528782e-01
-8.197252184369469008e-01
-7.457891211385703212e-01
-6.747514810876092950e-01
-6.066158062773502335e-01
-5.413863475361039290e-01
-4.790680985272066095e-01
-4.196656967119051229e-01
-3.631845832481644942e-01
-3.096298430918606459e-01
-2.590006185186693455e-01
-2.112931547476689098e-01
-1.665038455649426874e-01
-1.246296047410914570e-01
-8.566697462920369599e-02
-4.961286899988005122e-02
-1.646227025265645585e-02
1.379184486749880124e-02
4.116073377525986121e-02
6.565193971017595220e-02
8.727597725189614741e-02
1.060418753100197259e-01
1.219586627941458001e-01
1.350390827889985657e-01
1.453025638945271980e-01
1.527729917208307808e-01
1.574727662079586366e-01
1.594242872959598656e-01
1.586521834299585709e-01
1.551773688799540363e-01
1.490244720910703646e-01
1.402151501683318036e-01
1.287732887218374089e-01
1.147212876916364199e-01
9.808228985280303958e-02
7.887869514538636828e-02
5.713438917948562845e-02
3.287303471469249505e-02
6.125648577346099778e-03
-2.307563815367685844e-02
-5.469847154899220437e-02
-8.871101766373327979e-02
-1.250798825994809127e-01
-1.637739752463934217e-01
-2.047612388090966351e-01
-2.480073879871413922e-01
-2.934788803151034964e-01
-3.411444018326338368e-01
-3.909681815692330753e-01
-4.429181627295273316e-01
-4.969615456831171230e-01
-5.530625594595034444e-01
-6.111802332430121831e-01
-6.712750818880189874e-01
-7.332964777235247977e-01
-7.972138496242053840e-01
-8.629780555891117810e-01
-9.305547284039079603e-01
-9.998868881479618942e-01
-1.070947186387755101e+00
-1.143685989639018352e+00
-1.218061092767733555e+00
-1.294045147340381785e+00
-1.371588519872694478e+00
-1.450649005230652655e+00
-1.531184398280237779e+00
-1.613152493887431316e+00
-1.696503658567964479e+00
-1.781195687187818288e+00
-1.867171517912474599e+00
-1.954396373958164457e+00
-2.042820621840619300e+00
-2.132387199725319871e+00
-2.223061330828497884e+00
-2.314785953315634970e+00
-2.407518862052711928e+00
-2.501217851905710443e+00
-2.595833289390361731e+00
-2.691308112672146535e+00
-2.787607544967297457e+00
-2.884674524441294796e+00
-2.982474274310369822e+00
-3.080949732740004610e+00
-3.180058694596179958e+00
-3.279758954744876664e+00
-3.379993451351577249e+00
-3.480719979282261622e+00
-3.581888905052662775e+00
-3.683458023528760172e+00
-3.785377701226285918e+00
-3.887598304660972115e+00
-3.990070200348549090e+00
-4.092743754804748946e+00
-4.195584191245801620e+00
-4.298534447837190520e+00
-4.401552319444895112e+00
-4.504603029285147109e+00
-4.607629515523428587e+00
-4.710597001375969484e+00
-4.813448425008252762e+00
-4.916156437986757943e+00
-5.018663978476968879e+00
-5.120943698045364201e+00
-5.222938534857426873e+00
-5.324606283779138138e+00
-5.425919596376978404e+00
-5.526821410816428859e+00
-5.627276549913832859e+00
-5.727240806535723650e+00
-5.826669573148749670e+00
-5.925533098920053199e+00
-6.023779347966033093e+00
-6.121378569453834295e+00
-6.218278727499852110e+00
-6.314450071271232368e+00
-6.409847993234619956e+00
-6.504435314206912011e+00
-6.598174855005003892e+00
-6.691036864796041428e+00
-6.782976736046669508e+00
-6.873957289573786156e+00
-6.963941346194284066e+00
-7.052936296826561424e+00
-7.140815822084513265e+00
-7.227617026287535218e+00
-7.313265588501272063e+00
-7.397835754796370900e+00
-7.481178920735978899e+00
-7.563295048888238448e+00
-7.644184101821297261e+00
-7.723771758600801007e+00
-7.802057981794894737e+00
-7.879042733971724388e+00
-7.954651694196937406e+00
-8.028884825038678841e+00
-8.101742089065091079e+00
-8.173149165341824229e+00
-8.243031732934523959e+00
-8.311464037913831149e+00
-8.378446042847897957e+00
-8.443829143299865336e+00
-8.507687585340383052e+00
-8.569947048035093218e+00
-8.630681777454642045e+00
-8.689743169162179370e+00
-8.747205469228344299e+00
-8.802994356718787827e+00
-8.857184077704154390e+00
-8.909700311250091431e+00
-8.960468736422239289e+00
-9.009637882793750663e+00
-9.056984862425265348e+00
-9.102658204889932492e+00
-9.146583589253395985e+00
-9.188835261586303815e+00
-9.229264617451798713e+00
-9.267871619418031059e+00
-9.304804498567008864e+00
-9.339838874503717747e+00
-9.373195769357005602e+00
-9.404650504240718689e+00
-9.434349817781210845e+00
-9.462217598097327098e+00
-9.488252016810418965e+00
-9.512451245541834410e+00
-9.534813455912921398e+00
-9.555411103047530830e+00
-9.574168075064511285e+00
-9.591008260082711345e+00
-9.606078396728481295e+00
-9.619376656623169097e+00
-9.630752644383122174e+00
-9.640353098634694362e+00
-9.648101907496730689e+00
-9.653997242590580896e+00
-9.658111559040094107e+00
-9.660443028466618287e+00
-9.660915538989005569e+00
-9.659601545731103300e+00
-9.656499220314259446e+00
-9.651606734359823747e+00
-9.644996542991645327e+00
-9.636592534328574544e+00
-9.626392879991959362e+00
-9.614544318608150064e+00
-9.600970738295991680e+00
-9.585670310676837502e+00
-9.568715490874533103e+00
-9.550030167007932391e+00
-9.529686794200880939e+00
-9.507683544074726711e+00
-9.484018588250821225e+00
-9.458764381853011827e+00
-9.431919096502650035e+00
-9.403406620318582654e+00
-9.373373691927158191e+00
-9.341818482949726388e+00
-9.308664881505139377e+00
-9.273985342717242730e+00
-9.237852321709885572e+00
-9.200263990104417644e+00
-9.161144236019689302e+00
-9.120639798082047278e+00
-9.078674564410341929e+00
-9.035320990128422380e+00
-8.990577246857636595e+00
-8.944515789721833698e+00
-8.897060525914197271e+00
-8.848358289432733059e+00
-8.798333082842283659e+00
-8.747131759215188040e+00
-8.694604037613791192e+00
-8.640896771110432084e+00
-8.586082529274948527e+00
-8.530085314672184893e+00
-8.472977696871982545e+00
-8.414683678439180525e+00
-8.355424395948620742e+00
-8.295049568462644629e+00
-8.233706049053589382e+00
-8.171317840286302925e+00
-8.108031795233120675e+00
-8.043771916458885229e+00
-7.978610773533436173e+00
-7.912546652524117263e+00
-7.845726406503267469e+00
-7.777999754533228227e+00
-7.709513549686339395e+00
-7.640266078029943841e+00
-7.570329909133881152e+00
-7.499703329065493307e+00
-7.428384623892121397e+00
-7.356446363183604120e+00
-7.283886833007284345e+00
-7.210748889532002437e+00
-7.137075388926600539e+00
-7.062894330659416298e+00
-6.988226285848544883e+00
-6.913099253962326607e+00
-6.837548662819347811e+00
-6.761595083537702777e+00
-6.685273943935984953e+00
-6.608613243482531985e+00
-6.531655838346185128e+00
-6.454429727995285582e+00
-6.376962911898174546e+00
-6.299283389523193222e+00
-6.221434017039181974e+00
-6.143442793914481115e+00
-6.065330291267183149e+00
-5.987124508565628389e+00
-5.908860873628407617e+00
-5.830567385923862034e+00
-5.752264616570082367e+00
-5.673987993385658513e+00
-5.595758087488683863e+00
-5.517610326697746537e+00
-5.439572942328790184e+00
-5.361667664737903571e+00
-5.283938741179525778e+00
-5.206400705507098436e+00
-5.129090376624811043e+00
-5.052029716736353926e+00
-4.975255544745915692e+00
-4.898782394506938864e+00
-4.822639656573360689e+00
-4.746864149849374215e+00
-4.671470408188418411e+00
-4.596487822144430524e+00
-4.521945782271354908e+00
-4.447866250772878338e+00
-4.374278618202943392e+00
-4.301204846765237733e+00
-4.228674327013703937e+00
-4.156716449502279254e+00
-4.085345748084406203e+00
-4.014591613314023810e+00
-3.944468579044572376e+00
-3.875013464180241396e+00
-3.806233374224221144e+00
-3.738157699730452421e+00
-3.670808402902623335e+00
-3.604200017594176408e+00
-3.538354506008799305e+00
-3.473293830350184574e+00
-3.409039952822020325e+00
-3.345599978927497720e+00
-3.283010727570805809e+00
-3.221279304255135756e+00
-3.160427671184176557e+00
-3.100470362211369402e+00
-3.041421911190153260e+00
-2.983304280324218460e+00
-2.926132003467005305e+00
-2.869912186121704067e+00
-2.814666790492004189e+00
-2.760410350431345972e+00
-2.707157399793169716e+00
-2.654915044080665254e+00
-2.603697817147272442e+00
-2.553520252846432026e+00
-2.504396885031583420e+00
-2.456327390855666426e+00
-2.409341160872621845e+00
-2.363430443885139454e+00
-2.318617202096908692e+00
-2.274901112660870695e+00
-2.232297044165589828e+00
-2.190806347439634205e+00
-2.150452993097445198e+00
-2.111246095052965899e+00
-2.073179910519638014e+00
-2.036270981761653776e+00
-2.000520994342706693e+00
-1.965946490526987889e+00
-1.932549155878190428e+00
-1.900330675960006266e+00
-1.869300164686377830e+00
-1.839466735971247990e+00
-1.810824647028058232e+00
-1.783383011770751425e+00
-1.757143515763020192e+00
-1.732107844568556043e+00
-1.708277683751052267e+00
-1.685654718874200153e+00
-1.664240635501693211e+00
-1.644037119197223396e+00
-1.625038427174232636e+00
-1.607246244996413997e+00
-1.590662258227458992e+00
-1.575280724080810657e+00
-1.561110756470410976e+00
-1.548139184259452517e+00
-1.536360264661377428e+00
-1.525775683239878333e+00
-1.516372268858147354e+00
-1.508159135430126918e+00
-1.501108255118509316e+00
-1.495236170187487001e+00
-1.490529709500252542e+00
-1.486975701919997839e+00
-1.484575833010415513e+00
-1.483316931634697911e+00
-1.483193255006287403e+00
-1.484206488688876169e+00
-1.486336033195406525e+00
-1.489576145739321289e+00
-1.493921083534062388e+00
-1.499357675442822169e+00
-1.505880178679043224e+00
-1.513467993755667873e+00
-1.522115377886138488e+00
-1.531816588283896996e+00
-1.542551025461886383e+00
-1.554312946633548576e+00
-1.567089180662075920e+00
-1.580866556410660984e+00
