# lsst_simulation
2.343727831633394453e-09
1.397617146416134427e-09
1.065740638922249671e-09
7.646634082954075244e-10
4.569903371986582009e-10
3.552754459122996308e-10
2.584067369142954672e-10
1.572462929926939262e-10
1.162739745614117948e-10
8.126281320639836582e-11
4.919277056419750037e-11
2.954969765299671607e-11
2.090295277491038287e-11
9.923987004575416161e-12
5.598177627580674390e-12
4.109203374162891231e-09
2.256604061163693956e-09
2.055017624256952207e-09
1.182858244941599112e-09
7.951992498380497955e-10
5.260285086951668098e-10
3.562606324094250600e-10
2.627274017150779157e-10
1.759260468876233321e-10
1.217311465688225663e-10
8.059579091300461850e-11
5.224535715003382778e-11
3.047057548431677699e-11
1.763648468923534280e-11
8.532711108570271034e-12
4.581376349697167346e-09
2.272606674534205341e-09
1.979957304413706939e-09
1.023441792095021064e-09
7.060621872514585037e-10
4.497876916680385559e-10
3.421409906872572057e-10
2.368067151213912668e-10
1.694108931662379754e-10
1.090840413660989458e-10
8.414776495286791811e-11
5.155949725580786752e-11
3.072300333335666903e-11
1.769297363968561511e-11
8.562348491465492242e-12
4.505787800726028139e-09
2.249738404109385757e-09
2.079905616482556344e-09
9.445180469445680706e-10
7.533815159472605247e-10
4.084302301406333143e-10
3.399770885131636436e-10
2.339797156533336914e-10
1.758602890636942831e-10
1.068779931739876659e-10
7.999012133483949232e-11
5.205115435208302142e-11
3.015262033167015202e-11
1.689853779003297157e-11
7.718607370089607148e-12
4.755080831068229169e-09
2.453550003454324923e-09
1.901825040614125427e-09
8.411293869802794029e-10
6.957264735799401119e-10
3.839243069641820348e-10
3.590309715237592074e-10
2.520810193709644716e-10
1.832935975441080299e-10
1.132050703958670052e-10
8.529899661398439420e-11
5.254412833563604789e-11
2.904608016575960967e-11
1.690245927951104870e-11
7.776796528778784954e-12
1.211770937517517300e-08
9.836347606813329039e-09
7.548163488803597555e-09
5.064058391638301978e-09
3.418480556680541138e-09
2.036098181617004290e-09
1.468421680149930022e-09
9.382504089072190421e-10
6.317306977789691475e-10
4.432019294015126944e-10
3.050051608721668428e-10
2.028380706032346238e-10
1.376560963337196992e-10
8.109291850502025214e-11
4.920304397804861838e-11
1.542669262287841389e-08
1.309523326083159085e-08
9.276158617415795538e-09
6.323195317169619223e-09
4.328139565287529152e-09
2.651463803992574412e-09
1.909223018877094006e-09
1.189586159959816890e-09
8.141173891640785000e-10
5.539964012323353722e-10
3.854177845270156503e-10
2.566662071518070733e-10
1.740438577807441383e-10
1.083341914257072855e-10
6.433154964186482757e-11
1.748387769954018219e-08
1.528258621789803022e-08
9.919377824105755983e-09
7.057348409400648074e-09
4.676262365108606984e-09
2.923001400903394935e-09
2.118308761240946029e-09
1.321001494655910473e-09
8.903961712617079412e-10
6.195449609052555871e-10
4.242222387786392980e-10
2.850235180778014969e-10
1.911920416001960969e-10
1.221153704910155911e-10
7.276822485160648721e-11
1.989734342715765940e-08
1.733183354368812389e-08
1.022613042352861015e-08
7.570088116036630854e-09
4.870433826346236945e-09
3.232365145393397027e-09
2.314531526944775176e-09
1.424547330818845635e-09
9.541526268708470759e-10
6.666252194286667738e-10
4.617214919731149674e-10
3.125333632588648430e-10
2.064488989648038135e-10
1.324477007460983357e-10
7.953012444514443177e-11
2.385925447854884313e-08
2.127537543317705712e-08
1.459550478239055703e-08
1.032682203381834291e-08
7.509736919361321536e-09
4.794213007570955696e-09
3.379245340041914702e-09
2.044746686727586163e-09
1.400530000101911879e-09
9.168500077920807574e-10
6.317548117133707783e-10
4.167874475038426345e-10
2.893086545277078518e-10
1.884370277827238361e-10
1.162268018647354174e-10
2.935347662389080375e-08
2.728188874220454319e-08
1.720078936094797147e-08
1.314812247316409439e-08
9.325203053940294862e-09
6.063057166862763626e-09
4.167262612046433446e-09
2.592286065248201433e-09
1.743865703514352490e-09
1.133428412402839566e-09
7.771187951821656530e-10
5.180215118234970592e-10
3.565226770336441638e-10
2.354275390636342187e-10
1.470676022108224252e-10
3.452328484204586413e-08
3.230206041884694603e-08
1.921618659320797837e-08
1.537770355784436990e-08
1.066378711330613854e-08
7.257554853586076029e-09
4.884008789513108007e-09
3.005576552520933432e-09
2.009546285707721927e-09
1.319960061615048968e-09
8.904416106562396181e-10
5.963919321557295187e-10
4.134790436950349942e-10
2.725630948172712758e-10
1.724828986243219224e-10
4.016370185668190537e-08
3.825135919270640266e-08
2.365926040862563487e-08
1.973981160100521593e-08
1.383919862390034932e-08
9.165750340817307362e-09
6.377748969053008053e-09
3.954881831140146444e-09
2.623516876164568860e-09
1.679130404872003536e-09
1.117389785033963807e-09
7.548884626452520799e-10
5.069110817820980877e-10
3.399774952264235352e-10
2.187609677089286801e-10
4.979345592404821100e-08
4.821062367079265114e-08
2.923326715743148599e-08
2.564833792468066664e-08
1.752546378220679449e-08
1.212274689167002569e-08
8.402261684482661244e-09
5.192649726309986257e-09
3.396318070381200807e-09
2.176728193221697871e-09
1.424099612953318710e-09
9.592176026154925528e-10
6.420810457292817416e-10
4.289207334637934295e-10
2.812264274131767224e-10
6.667480252435412098e-08
6.763033295182500877e-08
4.249678900999659239e-08
3.898279484076488979e-08
2.680417915684126975e-08
1.950215068534079941e-08
1.356120741949471118e-08
8.570892227070530937e-09
5.507644498486192896e-09
3.495794407835236885e-09
2.236268364421090026e-09
1.465561666904108276e-09
9.638725585364775428e-10
6.409580218985069918e-10
4.211338664236242329e-10
