# ee
4.559377922634825359e-02
7.216141801125726396e-02
7.844704336841246128e-02
6.691875724942013270e-02
4.726577565494966687e-02
2.874371369071669971e-02
1.619162248331823886e-02
9.911805980757261089e-03
7.694330477794281663e-03
7.046656061782710125e-03
6.481685660957168388e-03
5.657474835845074587e-03
4.868832588757820296e-03
4.454230192852908117e-03
4.485760310087203405e-03
4.775462970122500844e-03
5.120921785858715408e-03
5.474706665671610906e-03
5.838130276418443225e-03
6.332924199913576337e-03
7.094476240212716639e-03
8.120094899097074145e-03
9.380142878841783369e-03
1.084436962058191178e-02
1.249251040500603920e-02
1.432022472272787179e-02
1.631025988805345772e-02
1.847651307495560766e-02
2.083073512793969656e-02
2.333580484316714540e-02
2.598534494053001201e-02
2.877739086855182760e-02
3.178328841529356324e-02
3.502596489698429211e-02
3.853372455827806103e-02
4.229552679718315278e-02
4.626874401700570294e-02
5.047112395784895955e-02
5.493812668747861949e-02
5.969690181849610089e-02
6.474083715832835983e-02
7.005471292522803817e-02
7.562115511587534644e-02
8.141996695385547711e-02
8.743640010450227928e-02
9.368923679353936829e-02
1.001987706628065938e-01
1.069845525191187585e-01
1.140772756946656641e-01
1.215009248530872360e-01
1.292481929736739032e-01
1.373006073570161301e-01
1.456404381387294278e-01
1.542514411244792771e-01
1.631157992728443085e-01
1.722361462149556433e-01
1.816224567551573132e-01
1.912854485328185639e-01
2.012284108370585856e-01
2.114530989421750662e-01
2.219551320631804325e-01
2.327293382352905171e-01
2.437698026586962441e-01
2.550728390386636235e-01
2.666285423711749480e-01
2.784288748759783383e-01
2.904632942386631833e-01
3.027234866498939025e-01
3.152018811353600181e-01
3.278937174331436610e-01
3.407958212755723415e-01
3.539041149322413315e-01
3.672085779925458038e-01
3.806984472108561612e-01
3.943609224283187165e-01
4.081869411935848957e-01
4.221661469771071928e-01
4.362889260843631489e-01
4.505456648208302495e-01
4.649262687925662663e-01
4.794202064779996553e-01
4.940149799860891200e-01
5.086988342608180780e-01
5.234592714111453438e-01
5.382861076412406298e-01
5.531665301757189290e-01
5.680885546643561490e-01
5.830401967569286414e-01
5.980050150930622532e-01
6.129704265727377033e-01
6.279221959317795587e-01
6.428462319912418010e-01
6.577306720772535531e-01
6.725606821758440823e-01
6.873229139430921952e-01
7.020032762000520954e-01
7.165869349327529392e-01
7.310605417972736442e-01
7.454129769547684914e-01
7.596301492262914623e-01
7.736905390826466222e-01
7.875949120453881180e-01
8.013143202350699879e-01
8.148421008229962403e-01
8.281641626302211900e-01
8.412738428280489567e-01
8.541496218872833834e-01
8.667848369792287011e-01
8.791579685746888639e-01
8.912622532228339223e-01
9.030905249842974269e-01
9.146206605970790271e-01
9.258379651494279550e-01
9.367426004300938303e-01
9.473198715273259962e-01
9.575476551791239910e-01
9.674261131742374342e-01
9.769405506009155582e-01
9.860837008976579554e-01
9.948408691527140801e-01
1.003204788804583414e+00
1.011168193291765105e+00
1.018716387702508941e+00
1.025849533825564652e+00
1.032552936749181249e+00
1.038826758262108241e+00
1.044656303452595303e+00
1.050041734109391722e+00
1.054968355320747175e+00
1.059436312233583255e+00
1.063445683427510113e+00
1.066981674139810155e+00
1.070059203008766113e+00
1.072656046921410589e+00
1.074779696165775844e+00
1.076422784329394533e+00
1.077592801700298697e+00
1.078282381866021433e+00
1.078491586764344756e+00
1.078235335033551845e+00
1.077498831910924215e+00
1.076289567684495019e+00
1.074615032642296519e+00
1.072467860371861592e+00
1.069862969511472084e+00
1.066807850349160924e+00
1.063302564822710350e+00
1.059354603220153290e+00
1.054971455829521787e+00
1.050160470231030763e+00
1.044928423173623333e+00
1.039289377048675522e+00
1.033257394247562022e+00
1.026831680461158802e+00
1.020033726431091248e+00
1.012862737848235328e+00
1.005347633804465790e+00
9.974876199906587138e-01
9.893041871484393734e-01
9.808113976691834601e-01
9.720233139442659986e-01
9.629688550655631785e-01
9.536472267239499701e-01
9.440799196610520916e-01
9.342884246184951502e-01
9.242942323379046421e-01
9.141188335609057303e-01
9.037837190291244660e-01
8.933029511339356521e-01
8.827054489672154780e-01
8.720127032705892178e-01
8.612462047856823677e-01
8.504274442541200907e-01
8.395927691180284924e-01
8.287561390311907195e-01
8.179533877477714876e-01
8.072053895838443571e-01
7.965330188554817781e-01
7.859720065792568100e-01
7.755506554214922632e-01
7.652972680485112811e-01
7.552327187763866467e-01
7.453927386216913087e-01
7.358130586009981045e-01
7.265145530303801502e-01
7.175262674111850814e-01
7.088869041000861460e-01
7.006262514334561375e-01
6.927770690877678161e-01
6.853698882344193555e-01
6.784382113849085627e-01
6.720140553806833728e-01
6.661316655682665289e-01
6.608252872941813294e-01
6.561291659049505176e-01
6.520790324171468200e-01
6.487091321772935348e-01
6.460537105319131834e-01
6.441470128275289531e-01
6.430255535069363537e-01
6.427237808726460333e-01
6.432776694884164703e-01
6.447224510829810962e-01
6.470941002200981673e-01
6.504271057934761791e-01
6.547581852018985460e-01
6.601225701740984775e-01
6.665547496037844688e-01
6.740914408897399346e-01
6.827686185957231313e-01
6.926200287804177291e-01
7.036823888426066986e-01
7.159916733460487404e-01
7.295764285042521946e-01
7.444808000662502812e-01
7.607333342455516734e-01
7.783625772556644895e-01
7.974119320105971243e-01
8.179099447238581400e-01
8.398851616089556549e-01
8.633809855798983968e-01
8.884185344999445677e-01
9.150337829328524242e-01
9.432478487418806123e-01
9.731041348410373049e-01
1.004631187443830953e+00
1.037850124413520092e+00
1.072796920313862756e+00
1.109500121358367508e+00
1.147973417060043078e+00
1.188252781982647388e+00
1.230366762339688780e+00
1.274336475994426454e+00
1.320190469160367641e+00
1.367957288051021347e+00
1.417643193829145831e+00
1.469276732708249433e+00
1.522871594201340661e+00
1.578463752872178105e+00
1.636066898233769606e+00
1.695694719799124117e+00
1.757368335431499284e+00
1.821101434643904282e+00
1.886915135299597424e+00
1.954808270211086718e+00
2.024809385591880506e+00
2.096932170954987296e+00
2.171175459112915540e+00
2.247567796279173358e+00
2.326093542528549385e+00
2.406775735538202898e+00
2.489615511897321554e+00
2.574628864895593949e+00
2.661809502771958602e+00
2.751173418816104999e+00
2.842721749617220794e+00
2.936448203414244951e+00
3.032368773496865622e+00
3.130477168104023100e+00
3.230774523824903266e+00
3.333261977248697328e+00
3.437940664964592052e+00
3.544804295211526401e+00
3.653839147878189308e+00
3.765038931203519290e+00
3.878389925076204392e+00
3.993885837735184907e+00
4.111520377419397576e+00
4.231272395667281749e+00
4.353135600717775944e+00
4.477096272459569093e+00
4.603118405730598717e+00
4.731203137120054691e+00
4.861321889816125008e+00
4.993460943707497712e+00
5.127599150332613043e+00
5.263715361229907685e+00
5.401773571237321825e+00
5.541745203543042564e+00
5.683616538035758836e+00
5.827344141203160355e+00
5.972906864583683806e+00
6.120276131365520733e+00
6.269415936386606880e+00
6.420297702835132014e+00
6.572870568848534489e+00
6.727113385965254544e+00
6.882982720672977450e+00
7.040442567809643393e+00
7.199471778913692610e+00
7.359937780269810936e+00
7.521915991969688520e+00
7.685333267100014965e+00
7.850042175244976939e+00
8.016118136496261926e+00
8.183413720438062811e+00
8.351930063659564141e+00
8.521594019247457297e+00
8.692332440288428330e+00
8.864221054154555191e+00
9.037039683329469497e+00
9.210865591587188206e+00
9.385627475696731281e+00
9.561254032427116911e+00
9.737748242049862668e+00
9.914964517831490909e+00
1.009290584004351565e+01
1.027150090545495864e+01
1.045060412733233690e+01
1.063029276944967094e+01
1.081042124507347957e+01
1.099099253447527680e+01
1.117186105092158677e+01
1.135295549118142766e+01
1.153435311902881644e+01
1.171583406422777074e+01
1.189740130704981169e+01
1.207898354426395748e+01
1.226058375614172391e+01
1.244205635594963333e+01
1.262333004045670570e+01
1.280433350643195567e+01
1.298499545064440319e+01
1.316531885336556940e+01
1.334523241136446892e+01
1.352459053790762056e+01
1.370332192976404606e+01
1.388142956720526477e+01
1.405876786349779373e+01
1.423533979891315404e+01
1.441107407022035680e+01
1.458582509068592614e+01
1.475959584058138141e+01
1.493224073317324319e+01
1.510376274873302549e+01
1.527409058402974651e+01
1.544315293583242976e+01
1.561087850091009166e+01
1.577727025953424977e+01
1.594210834146892530e+01
1.610539572698563404e+01
1.626706111285339418e+01
1.642695891233873340e+01
1.658509210571315862e+01
1.674131510624319219e+01
1.689563089420035169e+01
1.704781959934866364e+01
1.719803276896463728e+01
1.734612481631479852e+01
1.749209840416428818e+01
1.763588064175026915e+01
1.777739832080352045e+01
1.791665251655733115e+01
1.805349573723998802e+01
1.818792905808477300e+01
1.831987927082247580e+01
1.844927316718388255e+01
1.857596325539727289e+01
1.869995061069593589e+01
1.882116202481065770e+01
1.893952428947222089e+01
1.905496419641141514e+01
1.916748282086152244e+01
1.927700695455333246e+01
1.938346338921762424e+01
1.948685320008768684e+01
1.958702889539180703e+01
1.968414011736826552e+01
1.977789080724035031e+01
1.986850489074884862e+01
1.995568630911704844e+01
2.003958470458323049e+01
2.012012686887818091e+01
2.019723959373268585e+01
2.027084967087753142e+01
2.034095817554599606e+01
2.040749189946888364e+01
2.047037763437695901e+01
2.052961645550351832e+01
2.058520943808184001e+01
2.063693480683772208e+01
2.068501648751194111e+01
2.072930698833278029e+01
2.076980738453352870e+01
2.080659303484997480e+01
2.083959073101290471e+01
2.086887583175809269e+01
2.089437512881633197e+01
2.091608969742091162e+01
2.093402061280511361e+01
2.094809466669972053e+01
2.095838721784052083e+01
2.096482505795830065e+01
2.096733497878384611e+01
2.096606662255543796e+01
2.096087249750136294e+01
2.095182796235741662e+01
2.093885980885436737e+01
2.092211767923051369e+01
2.090145344431917351e+01
2.087693927588129483e+01
2.084864670828287814e+01
2.081649870888491094e+01
2.078049252855088014e+01
2.074077398514928561e+01
2.069726604604111131e+01
2.064989167858735186e+01
2.059887098415898876e+01
2.054412693011702729e+01
2.048565676732495078e+01
2.042353203014874907e+01
2.035774996945190907e+01
2.028838211960043125e+01
2.021550001496030191e+01
2.013902662289250856e+01
2.005910776126555106e+01
1.997574068094291277e+01
1.988892263278808770e+01
1.979865086766456272e+01
1.970507120344083418e+01
1.960810660747788603e+01
1.950775433063921938e+01
1.940416019079331278e+01
1.929732143880366380e+01
1.918730960903626226e+01
1.907427051935960449e+01
1.895827570413966967e+01
1.883932241423995890e+01
1.871748218402645847e+01
1.859297511487016052e+01
1.846572417413205613e+01
1.833580089617813158e+01
1.820335109887688674e+01
1.806829774958930201e+01
1.793078666618387729e+01
1.779081509952409945e+01
1.764852886747845773e+01
1.750392522091044611e+01
1.735707569418605090e+01
1.720812610517376839e+01
1.705707370473708551e+01
1.690406431074450211e+01
1.674916945756199382e+01
1.659238639605305821e+01
1.643393522758869096e+01
1.627381320303237899e+01
1.611216614025260796e+01
1.594906557361538013e+01
1.578450875398417885e+01
1.561871555696348501e+01
1.545168210458423275e+01
1.528355286011584901e+01
1.511439800332525785e+01
1.494428771397937972e+01
1.477329217184514221e+01
1.460148155668946934e+01
1.442900033178178276e+01
1.425591867688900827e+01
1.408230677177807166e+01
1.390823479621589698e+01
1.373392149697440523e+01
1.355943705382052222e+01
1.338485164652117376e+01
1.321030973834578148e+01
1.303588150906127119e+01
1.286171142193706807e+01
1.268786965674009437e+01
1.251442639323727413e+01
1.234145181119553314e+01
1.216909037388429482e+01
1.199748654457298258e+01
1.182663621952602284e+01
1.165660957851033608e+01
1.148762536829785041e+01
1.131975376865548633e+01
1.115299067584767378e+01
1.098755483664633203e+01
1.082351643081838333e+01
1.066101992163325818e+01
1.049998692185287830e+01
1.034071046175166586e+01
1.018318643759404551e+01
1.002755931264944245e+01
9.873899266684784237e+00
9.722276479466987809e+00
9.572761130762982518e+00
9.425571967344691160e+00
9.280630601974037219e+00
9.138155781422947044e+00
8.998217685458341109e+00
8.860812210344649387e+00
8.726083819351291737e+00
8.594176975747689795e+00
8.465161859300774694e+00
8.339034366274965748e+00
8.215938959939688147e+00
8.095945820061869469e+00
7.979125126408428414e+00
7.865621342248791947e+00
7.755430960105393901e+00
7.648701424537708959e+00
7.545432209358222231e+00
7.445845638886919637e+00
7.349866903433782461e+00
7.257644043816298129e+00
7.169265674049951187e+00
7.084805551449725236e+00
7.004322576630105601e+00
6.927883078555827190e+00
6.855545957841372662e+00
6.787370115101230894e+00
6.723429307650381936e+00
6.663782436103314666e+00
6.608480972724261271e+00
6.557591246477955771e+00
6.511157301278386100e+00
6.469245466090283614e+00
6.431899784827635358e+00
6.399171729754673521e+00
6.371120201485886092e+00
6.347789243935255676e+00
6.329222901016766656e+00
6.315450359943906022e+00
6.306508236280405910e+00
6.302425717239750647e+00
6.303239418385678583e+00
6.308985955281920077e+00
6.319687086791714314e+00
6.335364571778291598e+00
6.356055025805389391e+00
6.381765351035742384e+00
6.412517306332584432e+00
6.448332650559150281e+00
6.489240570928923368e+00
6.535247969604640161e+00
6.586361748749037126e+00
6.642596238875094983e+00
6.703943485445050143e+00
6.770410390621637298e+00
6.842011284917843383e+00
6.918738213795897707e+00
7.000590651068290704e+00
7.087568070547504817e+00
7.179640232645024156e+00
7.276814039523584299e+00
7.379059251594669355e+00
7.486301059168263272e+00
7.598687503061852588e+00
7.715995206580419818e+00
7.838372991435799797e+00
7.965675668907215901e+00
8.097907398173235904e+00
8.235072338412432913e+00
8.377100365300879758e+00
8.523995638017144216e+00
8.675688032237298231e+00
8.832181707139913129e+00
8.993406538401062633e+00
9.159366685199312741e+00
9.329917739708236013e+00
9.505138144608908490e+00
9.684883492074892075e+00
9.869157941284763425e+00
1.005789136791459626e+01
1.025108793114295302e+01
1.044852893964091400e+01
1.065029283608954280e+01
1.085630949616491492e+01
1.106643451204060291e+01
1.128067204289516923e+01
1.149887768090219353e+01
1.172105558524024360e+01
1.194713563158539138e+01
1.217697341211120587e+01
1.241057308599626019e+01
1.264779024541412511e+01
1.288855476604086903e+01
1.313287080705506682e+01
1.338051967712778634e+01
1.363150553543760068e+01
1.388568397415807887e+01
1.414298486896529639e+01
1.440341237903781746e+01
1.466667352954421766e+01
1.493284676316556769e+01
1.520178767207543480e+01
1.547335184844739331e+01
1.574746916795751872e+01
1.602406950628187232e+01
1.630300845559403200e+01
1.658421589157006437e+01
1.686754740638354377e+01
1.715293287571054037e+01
1.744022789172462495e+01
1.772936233010187124e+01
1.802019178301584645e+01
1.831257184264012139e+01
1.860650666815326915e+01
1.890177756822635757e+01
1.919831450353525426e+01
1.949597349125250645e+01
1.979468491705293687e+01
2.009430488310889373e+01
2.039468949159270039e+01
2.069576912817920444e+01
2.099747417854323572e+01
2.129958646135462530e+01
2.160203636228822077e+01
2.190467998351634549e+01
2.220729914370884472e+01
2.250989851204304770e+01
2.281233419069129198e+01
2.311446228182591156e+01
2.341613888761924045e+01
2.371729439374611914e+01
2.401785918588138813e+01
2.431776364969987014e+01
2.461671532036890753e+01
2.491479315056833954e+01
2.521185324247048953e+01
2.550760313124270695e+01
2.580212176956482395e+01
2.609519097610666805e+01
2.638674113654308329e+01
2.667655406954390429e+01
2.696456016078395734e+01
2.725061551243559421e+01
2.753465051017364473e+01
2.781659553967293164e+01
2.809615813610080082e+01
2.837341725213709509e+01
2.864815470645163842e+01
2.892022660121676836e+01
2.918963760560982479e+01
2.945616953830064944e+01
2.971982706846655731e+01
2.998039201477740079e+01
3.023786904641050910e+01
3.049203998203572397e+01
3.074290949083037816e+01
3.099025939146430275e+01
3.123409435311483406e+01
3.147427047795431321e+01
3.171056958465257480e+01
3.194299634238694807e+01
3.217140685332977768e+01
3.239565721965338696e+01
3.261575211053512646e+01
3.283154762814731953e+01
3.304304763924241684e+01
3.325017851737081997e+01
3.345286583365802358e+01
3.365103515922952937e+01
3.384453778170833971e+01
3.403344783922498351e+01
3.421761661940243471e+01
3.439696969336620924e+01
3.457135834873931657e+01
3.474078244014975070e+01
3.490509325522052109e+01
3.506421636507712947e+01
3.521815162434759117e+01
3.536675032065488722e+01
3.551001230862704716e+01
3.564786315938955852e+01
3.578030272757043662e+01
3.590718230079267670e+01
3.602842745018179471e+01
3.614411231386827694e+01
3.625416246297763223e+01
3.635842918513287714e+01
3.645698661846450506e+01
3.654976033409803193e+01
3.663667590315894529e+01
3.671773318027525335e+01
3.679293202007497143e+01
3.686212371018109479e+01
3.692530810522163165e+01
3.698248505982458312e+01
3.703350586161295155e+01
3.707844464871724455e+01
3.711715270876047157e+01
3.714970417987312601e+01
3.717617320018571547e+01
3.719648534082374169e+01
3.721078902342022587e+01
3.721893553559815615e+01
3.722107329899053241e+01
3.721727645172786936e+01
3.720739628143316935e+01
3.719150692623693288e+01
3.716960824076716818e+01
3.714177436315438285e+01
3.710793086452406442e+01
3.706800331600173593e+01
3.702221442272289664e+01
3.697041547231054182e+01
3.691268060289518615e+01
3.684908395260733016e+01
3.677962456781737899e+01
3.670429826186532551e+01
3.662324860683857963e+01
3.653639632431704598e+01
3.644388498638810603e+01
3.634570959813417801e+01
3.624201373164265760e+01
3.613264382499094296e+01
3.601789201727143563e+01
3.589767903006403316e+01
3.577207415195364604e+01
3.564114667152515636e+01
3.550489159386098237e+01
3.536345249104851263e+01
3.521682436817015827e+01
3.506500223030831620e+01
3.490805536604788273e+01
3.474605306397376125e+01
3.457913889617334036e+01
3.440730786772904537e+01
3.423077783423075715e+01
3.404954380076088682e+01
3.386382362290932946e+01
3.367368658926098135e+01
3.347920198840075301e+01
3.328043910891353363e+01
3.307754152288673311e+01
3.287050423540274835e+01
3.265954510205148154e+01
3.244458484441283019e+01
3.222584131807668939e+01
3.200330952812547736e+01
3.177720733014907140e+01
3.154745544572738680e+01
3.131434601395283224e+01
3.107794832341028624e+01
3.083825737918216703e+01
3.059549103685835902e+01
3.034971858502377628e+01
3.010108359576581449e+01
2.984972964117187644e+01
2.959572600982685842e+01
2.933921627381816677e+01
2.908034400523319363e+01
2.881925277615934178e+01
2.855601187518152173e+01
2.829076487438711851e+01
2.802358106236104618e+01
2.775460401119069331e+01
2.748397729296346625e+01
2.721177023402465167e+01
2.693812659526356157e+01
2.666311589182739539e+01
2.638688192236585905e+01
2.610964276903114367e+01
2.583146794697045578e+01
2.555257553833598649e+01
2.527296077477244296e+01
2.499291602193452277e+01
2.471251079496942538e+01
2.443188889252684959e+01
2.415111982975399840e+01
2.387034740530056354e+01
2.358964113431375509e+01
2.330921909894577126e+01
2.302915081434380085e+01
2.274943151215255099e+01
2.247035355802672285e+01
2.219206075061601169e+01
2.191462260506762050e+01
2.163818292003125165e+01
2.136295977765909981e+01
2.108902269309836086e+01
2.081651546499874783e+01
2.054558189200994534e+01
2.027636577278165930e+01
2.000893662246109272e+01
1.974343823969794443e+01
1.947994013963940674e+01
1.921866040443768497e+01
1.895959426573747919e+01
1.870288552218848821e+01
1.844867797244041441e+01
1.819704113164045012e+01
1.794804451493580189e+01
1.770183192097616143e+01
1.745847286490874239e+01
1.721811114538322940e+01
1.698089056104933192e+01
1.674688062705424585e+01
1.651629942555016584e+01
1.628929075518680136e+01
1.606599841461384770e+01
1.584649191897849896e+01
1.563098935043296578e+01
1.541948594062193933e+01
1.521205120469262262e+01
1.500875465779221507e+01
1.480966581506791435e+01
1.461485419166692523e+01
1.442431590177571366e+01
1.423805058974787485e+01
1.405635591648876037e+01
1.387915812539123372e+01
1.370675487736065712e+01
1.353914669929238279e+01
1.337648268508677951e+01
1.321891192864420184e+01
1.306650924036251027e+01
1.291934943063956354e+01
1.277750730987322569e+01
1.264090912145635315e+01
1.250970395928930934e+01
1.238389235026744828e+01
1.226347482128613464e+01
1.214860046624572831e+01
1.203926981204158508e+01
1.193555766907156901e+01
1.183746456423103943e+01
1.174521387492285562e+01
1.165873184453987399e+01
1.157816756698246152e+01
1.150352156914597224e+01
1.143486866142826841e+01
1.137220937072470939e+01
1.131561850743315567e+01
1.126502231494646722e+01
1.122049560366250276e+01
1.118203890047662341e+01
1.114972701578668790e+01
1.112348619298555796e+01
1.110339124247109233e+01
1.108951697464114972e+01
1.108186391639109303e+01
1.108043259461627805e+01
1.108529781971456707e+01
1.109646011858132120e+01
1.111392001811189978e+01
1.113760376169916100e+01
1.116751187623846420e+01
1.120357060512267289e+01
1.124578047524714464e+01
1.129406773000473940e+01
1.134835861278831537e+01
1.140872793399573837e+01
1.147517622052236064e+01
1.154777828276604801e+01
1.162646036411965689e+01
1.171129727498104778e+01
1.180228954224558180e+01
1.189951277494504112e+01
1.200274864263689167e+01
1.211200246402002811e+01
1.222713099078834098e+01
1.234806525813822020e+01
1.247473630126605748e+01
1.260692658836324398e+01
1.274471572163117195e+01
1.288796045276373192e+01
1.303674038396231438e+01
1.319098655042331103e+01
1.335062998734311357e+01
1.351582458042560830e+01
1.368642708136469466e+01
1.386244280885926017e+01
1.404380279810569654e+01
1.423043808430038837e+01
1.442220541913723864e+01
1.461903583781262839e+01
1.482093465902545226e+01
1.502768435096710675e+01
1.523921594883397468e+01
1.545538620431994659e+01
1.567620043612392777e+01
1.590151539593979102e+01
1.613118783546143931e+01
1.636507450638276140e+01
1.660310644390014545e+01
1.684521468320998139e+01
1.709125597600617041e+01
1.734116135748509180e+01
1.759493614634564551e+01
1.785236281077921916e+01
1.811352095298720144e+01
1.837826732466348290e+01
1.864645867750196118e+01
1.891810033020152559e+01
1.919304903445606669e+01
1.947108725845697208e+01
1.975222032090313462e+01
2.003630497348844486e+01
2.032319796790680044e+01
2.061283033935458775e+01
2.090491027252069145e+01
2.119951736960651090e+01
2.149635981530093787e+01
2.179536864480035874e+01
2.209640060979866760e+01
2.239923817848725918e+01
2.270388666956501211e+01
2.301005415028824430e+01
2.331774535219286903e+01
2.362681632237724827e+01
2.393712310793971199e+01
2.424852175597860793e+01
2.456101688059727550e+01
2.487431596188906369e+01
2.518834933045480895e+01
2.550312160039785070e+01
2.581841453531403729e+01
2.613408418230172003e+01
2.645006087196171762e+01
2.676627493489489851e+01
2.708250813469708618e+01
2.739869080196912421e+01
2.771475326731187039e+01
2.803040301081865238e+01
2.834564464659282379e+01
2.866025993823022588e+01
2.897417921633168802e+01
2.928718424449306212e+01
2.959920535331519176e+01
2.991017287339891695e+01
3.021994285184257834e+01
3.052829705224203138e+01
3.083524008870060129e+01
3.114055372481413997e+01
3.144424257468598682e+01
3.174608840191198311e+01
3.204594725359047658e+01
3.234374946032230724e+01
3.263935106920581575e+01
3.293268241084184211e+01
3.322345096532374242e+01
3.351166134675484187e+01
3.379709531873099593e+01
3.407975749535553689e+01
3.435950392372681961e+01
3.463619065094316340e+01
3.490959944060044506e+01
3.517980919030448206e+01
3.544660166365112275e+01
3.570983290773870777e+01
3.596950753667059075e+01
3.622548159754509101e+01
3.647768542096308408e+01
3.672590077052038282e+01
3.697020654382284732e+01
3.721045878796881112e+01
3.744651355005662197e+01
3.767822605985975315e+01
3.790559684485723579e+01
3.812847704819822781e+01
3.834679209653438647e+01
3.856039313301488392e+01
3.876920558429137031e+01
3.897315487701551717e+01
3.917224072134147406e+01
3.936631426041840598e+01
3.955544948790297610e+01
3.973942326344185005e+01
3.991830958069168389e+01
4.009203386630413490e+01
4.026044726342836810e+01
4.042362376572105376e+01
4.058134023282884328e+01
4.073359637490589336e+01
4.088031761860387547e+01
4.102142939057444693e+01
4.115678283396676562e+01
4.128652622593999411e+01
4.141043642614079090e+01
4.152851314472333399e+01
4.164083037534425813e+01
4.174716497765025025e+01
4.184766522880045869e+01
4.194210798844153487e+01
4.203064153373266265e+01
4.211319129132548511e+01
4.218960840436916726e+01
4.226011543352537814e+01
4.232448923844076205e+01
4.238287809627450287e+01
4.243513315017575138e+01
4.248125411029866427e+01
4.252124068679739821e+01
4.255509258982613119e+01
4.258266096253402111e+01
4.260409408208021631e+01
4.261916880811138242e+01
4.262795913428418260e+01
4.263053905425528711e+01
4.262675971117384677e+01
4.261676938219901700e+01
4.260056777748497581e+01
4.257815460718587275e+01
4.254945529795337933e+01
4.251454384344413739e+01
4.247349423731482432e+01
4.242623190621709739e+01
4.237275573224155778e+01
4.231306128522458465e+01
4.224714330693900166e+01
4.217499653915763247e+01
4.209661572365328652e+01
4.201214416920378625e+01
4.192172518458696118e+01
4.182550207858062663e+01
4.172361815996259793e+01
4.161629102101318978e+01
4.150351540350524715e+01
4.138550889971906344e+01
4.126219196792497712e+01
4.113355934989580476e+01
4.099945722039935703e+01
4.085995460471096408e+01
4.071482339409594431e+01
4.056405833032712138e+01
4.040772843867980413e+01
4.024575417742432393e+01
4.007850170584599425e+01
3.990596576571765297e+01
3.972836394931958637e+01
3.954583956542964529e+01
3.935861020632814444e+01
3.916674489729039266e+01
3.897031266359171298e+01
3.876938253050743555e+01
3.856402352331286920e+01
3.835423038378084470e+01
3.814014642068917027e+01
3.792176637581068377e+01
3.769915927442068693e+01
3.747239414179451700e+01
3.724168857021246737e+01
3.700711158494989661e+01
3.676880649478459162e+01
3.652691660849440325e+01
3.628158523485711839e+01
3.603280711564558203e+01
3.578079984314010176e+01
3.552540959210850957e+01
3.526677967132861369e+01
3.500490482257323777e+01
3.473970550411270608e+01
3.447139930822734044e+01
3.419983240968495153e+01
3.392522240076586826e+01
3.364786115725291182e+01
3.336789198792389755e+01
3.308553262794027461e+01
3.280085281698303135e+01
3.251421957162427390e+01
3.222577705792861025e+01
3.193559515845815611e+01
3.164374375577502008e+01
3.135036701594381725e+01
3.105553482152665623e+01
3.075931705508564207e+01
3.046185788268538985e+01
3.016322718688801530e+01
2.986356913375813349e+01
2.956287932235533233e+01
2.926137620224675118e+01
2.895912965599448796e+01
2.865620956616064063e+01
2.835276009880983850e+01
2.804892542000669309e+01
2.774477541231331301e+01
2.744045424179429205e+01
2.713603179101176011e+01
2.683172650953282812e+01
2.652760827991959403e+01
2.622382126823668358e+01
2.592050964054869766e+01
2.561774327941774843e+01
2.531559206740595158e+01
2.501427445408041805e+01
2.471386032200324934e+01
2.441441955373656825e+01
2.411617059884747860e+01
2.381910905639559317e+01
2.352337909244552705e+01
2.322912487306188112e+01
2.293641628080678174e+01
2.264532319824232331e+01
2.235591550793062510e+01
2.206841165943879801e+01
2.178288153532895421e+01
2.149932073466070293e+01
2.121794770700115507e+01
2.093883233491242279e+01
2.066211878445910699e+01
2.038787693820333757e+01
2.011625096220971187e+01
1.984731073904034560e+01
1.958120043475984318e+01
1.931791564842782805e+01
1.905767482961140402e+01
1.880047357737018032e+01
1.854630827653070568e+01
1.829540130549478150e+01
1.804782726142612859e+01
1.780366074148849975e+01
1.756290205934311288e+01
1.732570009565620950e+01
1.709212944759151753e+01
1.686226471231277912e+01
1.663625477048621804e+01
1.641409993577307347e+01
1.619594908883957629e+01
1.598172825984446455e+01
1.577166061295646493e+01
1.556582074533931603e+01
1.536413468715175235e+01
1.516682560256249879e+01
1.497381952173030051e+01
1.478526532532138660e+01
1.460123761049948854e+01
1.442166240742334082e+01
1.424676288026167725e+01
1.407646505917323054e+01
1.391084354132173750e+01
1.375004720737342900e+01
1.359400208748703776e+01
1.344278277882629880e+01
1.329646387855494716e+01
1.315511998383671077e+01
1.301875140833283062e+01
1.288735846570453525e+01
1.276101575311555969e+01
1.263979786772963898e+01
1.252370512320800344e+01
1.241273783321189050e+01
1.230689631140253049e+01
1.220625515494365665e+01
1.211081467749650464e+01
1.202057519272230834e+01
1.193553701428229985e+01
1.185577473934021064e+01
1.178121439805477877e+01
1.171193058758973748e+01
1.164792362160631711e+01
1.158919381376575330e+01
1.153574147772927816e+01
1.148756692715812555e+01
1.144467047571353113e+01
1.140705243705672522e+01
1.137463884134644410e+01
1.134743000224392162e+01
1.132550118575853304e+01
1.130878176627724940e+01
1.129727607053517602e+01
1.129098842526742530e+01
1.128977459020410912e+01
1.129378745908533865e+01
1.130288279164122578e+01
1.131713919810937519e+01
1.133641243821990230e+01
1.136078112221042069e+01
1.139017529331353451e+01
1.142452499476185857e+01
1.146383455329050349e+01
1.150810829563457816e+01
1.155720198152419620e+01
1.161119422119696587e+01
1.166994077438299904e+01
1.173344596781740634e+01
1.180171412823529842e+01
1.187452673186428775e+01
1.195203667244448020e+01
1.203409970970599296e+01
1.212064588688143374e+01
1.221167953070591317e+01
1.230713068441204072e+01
1.240685510772992828e+01
1.251085712739468825e+01
1.261914107014142949e+01
1.273156269570026389e+01
1.284805204730380268e+01
1.296853916818465535e+01
1.309302838507793254e+01
1.322137545771374612e+01
1.335358471282720316e+01
1.348943762664592327e+01
1.362901280940751114e+01
1.377216602084207331e+01
1.391882730418222636e+01
1.406892670266058154e+01
1.422239425950974834e+01
1.437908573445983684e+01
1.453900545424595947e+01
1.470208346210072392e+01
1.486810123425174446e+01
1.503706309743412817e+01
1.520889909488048808e+01
1.538353926982343722e+01
1.556076509849058098e+01
1.574065519111953648e+01
1.592299102393790555e+01
1.610777685985680208e+01
1.629486813948629731e+01
1.648412023961246220e+01
1.667561138752886762e+01
1.686904839301657688e+01
1.706450948336917151e+01
1.726170146836771480e+01
1.746077685880827346e+01
1.766144246447191790e+01
1.786370222914971961e+01
1.806741152962775132e+01
1.827250002619458158e+01
1.847889737913877539e+01
1.868653324874890487e+01
1.889518872830854335e+01
1.910486776160875877e+01
1.931542572543562031e+01
1.952679228007769296e+01
1.973882280232105657e+01
1.995144695245426902e+01
2.016452010726341015e+01
2.037804621053954790e+01
2.059180635556624495e+01
2.080580448613457989e+01
2.101989597903061835e+01
2.123401049454292888e+01
2.144800340945758066e+01
2.166187866756564873e+01
2.187549164565319870e+01
2.208877200400880270e+01
2.230157511941852633e+01
2.251390493567344819e+01
2.272546826255462449e+01
2.293634332735564030e+01
2.314638550686254703e+01
2.335552446136393456e+01
2.356354128414335136e+01
2.377051420249438962e+01
2.397622430970060492e+01
2.418060126605056581e+01
2.438364901533535090e+01
2.458522293434102224e+01
2.478517839985365612e+01
2.498351935566431692e+01
2.518002689505658154e+01
2.537477924532400664e+01
2.556755749975017622e+01
2.575836560212614756e+01
2.594698464573550112e+01
2.613341857436930127e+01
2.631767065232500968e+01
2.649951857541815770e+01
2.667896221047816141e+01
2.685600142433444049e+01
2.703048751681140871e+01
2.720234607123599702e+01
2.737150267093512213e+01
2.753803146624071019e+01
2.770163518997216556e+01
2.786246227596391023e+01
2.802028974053787636e+01
2.817504316702097711e+01
2.832672242224263570e+01
2.847532737303226469e+01
2.862063503571177847e+01
2.876264527711061092e+01
2.890135796405818169e+01
2.903669867988139330e+01
2.916859300790718379e+01
2.929704081496496570e+01
2.942189340087915639e+01
2.954315063247918616e+01
2.966073809309196463e+01
2.977465564954690791e+01
2.988490316867344276e+01
2.999133195029599008e+01
3.009401614474647602e+01
3.019280705184929658e+01
3.028763025493138983e+01
3.037863418782717773e+01
3.046552158335607174e+01
3.054844087535249386e+01
3.062731764714336435e+01
3.070200319855310411e+01
3.077257167991363218e+01
3.083894867455186883e+01
3.090120833279972246e+01
3.095920195448163525e+01
3.101300368992950496e+01
3.106261340597276543e+01
3.110795668593833341e+01
3.114910768015812792e+01
3.118606625546156508e+01
3.121868371167306577e+01
3.124703419912455260e+01
3.127111758464544877e+01
3.129085945156266035e+01
3.130633395020812415e+01
3.131739238040624684e+01
3.132418317599145041e+01
3.132655705965497717e+01
3.132473386306780583e+01
3.131856142325525738e+01
3.130803614424760895e+01
3.129330299708018259e+01
3.127428410228078448e+01
3.125097586387970594e+01
3.122344896940975545e+01
3.119162553939874627e+01
3.115557626137946912e+01
3.111529753938223664e+01
3.107078577743734371e+01
3.102203737957510299e+01
3.096912303332831584e+01
3.091211342622978719e+01
3.085093067880730899e+01
3.078579404559870270e+01
3.071655136362926442e+01
3.064342188743678719e+01
3.056632773754909493e+01
3.048533960149898547e+01
3.040052816681924241e+01
3.031188983754020683e+01
3.021949530119464100e+01
3.012326667831038662e+01
3.002334893992272313e+01
2.991973849006195252e+01
2.981243173275839808e+01
2.970157363904735348e+01
2.958716061295912070e+01
2.946926334202650111e+01
2.934787823027980025e+01
2.922307596525183016e+01
2.909500151797788803e+01
2.896357700898578003e+01
2.882894740931079980e+01
2.869110912298326355e+01
2.855020712103847202e+01
2.840616352400422073e+01
2.825919758641833113e+01
2.810915714530608511e+01
2.795633573870781063e+01
2.780058120364878960e+01
2.764211279466683635e+01
2.748085263228974995e+01
2.731694568755284180e+01
2.715038836448641035e+01
2.698125135062325697e+01
2.680967961699869306e+01
2.663574385114551646e+01
2.645944049603201265e+01
2.628091471738338925e+01
2.610016315285783861e+01
2.591747957412354353e+01
2.573271205183370114e+01
2.554608007415399484e+01
2.535765456224510928e+01
2.516735787026274451e+01
2.497540948637258040e+01
2.478188033173531224e+01
2.458676704400911817e+01
2.439014054435470058e+01
2.419214603743523639e+01
2.399278016090892152e+01
2.379218811943894707e+01
2.359044083418599058e+01
2.338760922631075445e+01
2.318368993347141682e+01
2.297890244383367175e+01
2.277331767855821099e+01
2.256685799180071683e+01
2.235981715522938273e+01
2.215211752299989456e+01
2.194390429977543988e+01
2.173524840671671399e+01
2.152629504848690445e+01
2.131696657924169003e+01
2.110748248714676834e+01
2.089783940986033173e+01
2.068818255204556067e+01
2.047843426785815169e+01
2.026881404546378462e+01
2.005931852252065539e+01
1.985001862018945218e+01
1.964105954313335900e+01
1.943251221251306760e+01
1.922444754948926970e+01
1.901693647522264996e+01
1.881004991087389655e+01
1.860393306110620770e+01
1.839858256357776156e+01
1.819414362295174570e+01
1.799061287688636313e+01
1.778806124654228782e+01
1.758663393658271445e+01
1.738625330116333600e+01
1.718713882844982876e+01
1.698928715610039930e+01
1.679276920527571804e+01
1.659765589713648737e+01
1.640401869519529043e+01
1.621193123237231859e+01
1.602139340043715876e+01
1.583255365816439664e+01
1.564548618082612741e+01
1.546026514369443916e+01
1.527681615503641233e+01
1.509536195712914441e+01
1.491582815823971941e+01
1.473836321714273012e+01
1.456296702560776168e+01
1.438978804240940512e+01
1.421882615931724381e+01
1.405015555160337648e+01
1.388377611103738296e+01
1.371983629639385249e+01
1.355833599944238266e+01
1.339934939545505443e+01
1.324295065970395591e+01
1.308913968395867933e+01
1.293799064349131100e+01
1.278957771357394257e+01
1.264382650247365980e+01
1.250095975246755309e+01
1.236090307182270998e+01
1.222373063581122032e+01
1.208944233620267461e+01
1.195811234826915559e+01
1.182974056378025729e+01
1.170440115800806780e+01
1.158216830622467519e+01
1.146304190019966640e+01
1.134702183170263190e+01
1.123410799250316039e+01
1.112444884137584111e+01
1.101796998658776161e+01
1.091467131990851414e+01
1.081470130011268083e+01
1.071805981896985394e+01
1.062467248474712456e+01
1.053461347271657900e+01
1.044788267464780240e+01
1.036447998231039236e+01
1.028447957097642984e+01
1.020788133241550710e+01
1.013468515839721107e+01
1.006489094069113222e+01
9.998498571066859242e+00
9.935582224796478457e+00
9.876067510147079176e+00
9.820029100499382935e+00
9.767395094663617883e+00
9.718242656563653270e+00
9.672574666620844752e+00
9.630319721754055706e+00
9.591554985887155382e+00
9.556283339441499436e+00
9.524359095833455413e+00
9.495933702489381290e+00
9.471010039830641603e+00
9.449442421273598569e+00
9.431308010742117887e+00
9.416609688657558763e+00
9.405276051938782800e+00
9.397384264509657470e+00
9.392862923289039045e+00
9.391640625195798009e+00
9.393868817656288783e+00
9.399327530584379531e+00
9.408168211406428227e+00
9.420245173538800643e+00
9.435635580905360698e+00
9.454193746922468833e+00
9.476071119016486577e+00
9.501047727101280316e+00
9.529275018603208025e+00
9.560607306938635475e+00
9.594973189026424265e+00
9.632524112292937701e+00
9.673040106652036840e+00
9.716672619530084987e+00
9.763201680840944974e+00
9.812704454508478946e+00
9.865109537451550281e+00
9.920419810091521740e+00
9.978489585844755538e+00
1.003939602863511382e+01
1.010306773538145819e+01
1.016943330300265558e+01
1.023849561192006163e+01
1.031010897555004568e+01
1.038435055781646632e+01
1.046114895563818692e+01
1.054035848243157325e+01
1.062205630212048035e+01
1.070617101162378049e+01
1.079255692435782699e+01
1.088129120424648910e+01
1.097222816470612550e+01
1.106537068615810249e+01
1.116064736369167498e+01
1.125798678507768713e+01
1.135739181975987222e+01
1.145871677017697010e+01
1.156203878927521345e+01
1.166713789599084450e+01
1.177409124327009415e+01
1.188282741705420520e+01
1.199320071978191216e+01
1.210521402089694831e+01
1.221879590634055290e+01
1.233394924555646632e+01
1.245052834098341954e+01
1.256846177856265179e+01
1.268782671124040107e+01
1.280847744145540013e+01
1.293034255514888997e+01
1.305335063826210806e+01
1.317750456023878769e+01
1.330265862351766515e+01
1.342881569754248083e+01
1.355597865175696803e+01
1.368392750509736544e+01
1.381266512700740989e+01
1.394212010342833707e+01
1.407229530380388738e+01
1.420311931407528938e+01
1.433444643668128471e+01
1.446627954106561731e+01
1.459854721316951220e+01
1.473117803893421396e+01
1.486417488780345231e+01
1.499731777871347127e+01
1.513068386461049997e+01
1.526420173143578651e+01
1.539772568162805477e+01
1.553118430112855286e+01
1.566465474288350990e+01
1.579791702582916457e+01
1.593104830291175311e+01
1.606390287657001181e+01
1.619648361624768285e+01
1.632864482438349540e+01
1.646046365392369282e+01
1.659172012380450667e+01
1.672241710346967380e+01
1.685255746236293817e+01
1.698206978642553011e+01
1.711080837809618416e+01
1.723877610681864425e+01
1.736590113879191222e+01
1.749210996124608997e+01
1.761740292517154316e+01
1.774170609805614163e+01
1.786487126388525226e+01
1.798697305715174366e+01
1.810793754534348921e+01
1.822761651244584868e+01
1.834608459295169780e+01
1.846319357084639989e+01
1.857894379712032773e+01
1.869326133926135114e+01
1.880614654825983223e+01
1.891752549160364083e+01
1.902732423678064677e+01
1.913546885127872699e+01
1.924203396959073586e+01
1.934687137570204385e+01
1.944990713710053143e+01
1.955121588827905654e+01
1.965057512972049381e+01
1.974813377942020409e+01
1.984374362136356140e+01
1.993733072303843201e+01
2.002896971893768807e+01
2.011858667654919586e+01
2.020610766336082165e+01
2.029160731386543404e+01
2.037493741204840703e+01
2.045609830890010272e+01
2.053509035541089389e+01
2.061191390257114620e+01
2.068642073436622653e+01
2.075868548528901059e+01
2.082855993932486172e+01
2.089611873096664496e+01
2.096128792770223725e+01
2.102399359701950132e+01
2.108431037341130576e+01
2.114216432436552040e+01
2.119755580087251445e+01
2.125041087042015775e+01
2.130072988399881240e+01
2.134851319259885472e+01
2.139368686370814743e+01
2.143632553181956268e+01
2.147635526442096676e+01
2.151377641250272887e+01
2.154858932705521468e+01
2.158072007556630112e+01
2.161024286963611729e+01
2.163708166228886398e+01
2.166115998365602380e+01
2.168262421437656329e+01
2.170132360107945502e+01
2.171733024090116970e+01
2.173056766397318285e+01
2.174103368392946578e+01
2.174872611440399339e+01
2.175371705253322929e+01
2.175607859545365486e+01
2.175565998979423910e+01
2.175253333269145273e+01
2.174677072128177002e+01
2.173836996919916231e+01
2.172725460657510155e+01
2.171342244704356261e+01
2.169694558774101623e+01
2.167774755879893434e+01
2.165597474085628704e+01
2.163140209703955108e+01
2.160425029149019593e+01
2.157444285433969711e+01
2.154197759922201882e+01
2.150692662327363891e+01
2.146936202363103163e+01
2.142913304692316601e+01
2.138638607378901924e+01
2.134111891786255910e+01
2.129325510927525400e+01
2.124294102866608469e+01
2.119010020616651602e+01
2.113480473891302580e+01
2.107705244053958538e+01
2.101676684117766669e+01
2.095409432146623629e+01
2.088910697854177556e+01
2.082165405903325350e+01
2.075188194357964022e+01
2.067986272931740643e+01
2.060559422988053058e+01
2.052907425890298398e+01
2.045037491352123382e+01
2.036956829087175080e+01
2.028657792108601754e+01
2.020140161779800181e+01
2.011426004514916954e+01
2.002500244976849686e+01
1.993370092879246158e+01
1.984035329585503149e+01
1.974510590076340222e+01
1.964795640299266921e+01
1.954890243118616411e+01
1.944794161398720078e+01
1.934522014704410964e+01
1.924073565900020455e+01
1.913456006200131654e+01
1.902661670118826365e+01
1.891705177220936562e+01
1.880593718721044993e+01
1.869319629133233462e+01
1.857897528022335010e+01
1.846327178252681378e+01
1.834615771038854604e+01
1.822763069245187495e+01
1.810768835736011440e+01
1.798655118426409416e+01
1.786406823480214001e+01
1.774031142112006521e+01
1.761542693886620015e+01
1.748933813318136288e+01
1.736219119971387315e+01
1.723398376710706614e+01
1.710478774750674802e+01
1.697467505305875335e+01
1.684371759590889894e+01
1.671198728820301227e+01
1.657940747508191137e+01
1.644612435219392310e+01
1.631220983168486427e+01
1.617758725869556002e+01
1.604240282887433011e+01
1.590665417086450617e+01
1.577033891330940030e+01
1.563360325185734290e+01
1.549644481515165495e+01
1.535886123183565211e+01
1.522099869755766477e+01
1.508278055745851631e+01
1.494442729068902409e+01
1.480586224239000970e+01
1.466715732470730060e+01
1.452831016628421601e+01
1.438946696276908455e+01
1.425062534280521831e+01
1.411170865153344778e+01
1.397293736810459563e+01
1.383423483765948170e+01
1.369567297234392989e+01
1.355739796780625994e+01
1.341925919464397943e+01
1.328147867680381999e+01
1.314413018018669099e+01
1.300706462018601073e+01
1.287057861321019381e+01
1.273452307465264610e+01
1.259897177041428940e+01
1.246407274989853420e+01
1.232975121200129109e+01
1.219615520612597770e+01
1.206320993116850637e+01
1.193098915302978824e+01
1.179956663761073976e+01
1.166894186730977268e+01
1.153918860802780166e+01
1.141038062566573963e+01
1.128251740262200009e+01
1.115559842129499835e+01
1.102969744758564374e+01
1.090481396389235336e+01
1.078109601961853947e+01
1.065846881366011445e+01
1.053708039542049413e+01
1.041685596379559087e+01
1.029786928468631579e+01
1.018011984049108953e+01
1.006375568061331549e+01
9.948627720446415523e+00
9.834958292896299525e+00
9.722672596858881633e+00
9.611770114732575365e+00
9.502324612418295402e+00
9.394409855816951094e+00
9.287951043824458353e+00
9.183021942341733634e+00
9.079696317269684513e+00
8.977973651006733391e+00
8.877853425951283128e+00
8.779409408004255511e+00
8.682641079564058728e+00
8.587547923029108077e+00
8.494203704300320013e+00
8.402533622273601566e+00
8.312685726352373905e+00
8.224585215432544061e+00
8.138305855415028489e+00
8.053772845195743102e+00
7.971134234178096634e+00
7.890315221258004108e+00
7.811315288833879933e+00
7.734208537074517054e+00
7.658996119717725648e+00
7.585679524769195048e+00
7.514260240234621691e+00
7.444814037622189851e+00
7.377268121435093917e+00
7.311698263181519941e+00
7.248031667364664088e+00
7.186388675594214348e+00
7.126703920723610253e+00
7.068993747459045629e+00
7.013274500506709863e+00
6.959547667872290511e+00
6.907814737561482232e+00
6.858092054280472638e+00
6.810381106034955501e+00
6.764675952480368792e+00
6.720992938322903676e+00
6.679326123218000788e+00
6.639676995171352125e+00
6.602047042188646131e+00
6.566422895575076524e+00
6.532806043336329971e+00
6.501197973478099357e+00
6.471592745655825318e+00
6.443991847875198076e+00
6.418381911441407794e+00
6.394756996009896000e+00
6.373111161236103328e+00
6.353438466775469529e+00
6.335725543933185655e+00
6.319973880714942815e+00
6.306170108425931176e+00
6.294293430021090430e+00
6.284345333506111686e+00
6.276305021835938192e+00
6.270159126315756559e+00
6.265901706601010979e+00
6.263511965646639368e+00
6.262976534757831892e+00
6.264289473590031854e+00
6.267415128397678892e+00
6.272347558836212755e+00
6.279058539510324444e+00
6.287549558425704177e+00
6.297784961836795148e+00
6.309751381048783969e+00
6.323420590666364305e+00
6.338786650344975016e+00
6.355813906339058406e+00
6.374489053771870140e+00
6.394791614688680959e+00
6.416693746602581072e+00
6.440175035376906720e+00
6.465207638524744560e+00
6.491771141909436160e+00
6.519837703044065513e+00
6.549379479441723717e+00
6.580376056965744347e+00
6.612799593129220277e+00
6.646622245445235500e+00
6.681808743076629753e+00
6.718346100236989749e+00
6.756199046089155225e+00
6.795339738146211062e+00
6.835740333921247469e+00
6.877372990927351104e+00
6.920209866677612176e+00
6.964215690334865094e+00
7.009362619412200068e+00
7.055585669671452287e+00
7.102946138828712286e+00
7.151349329244817810e+00
7.200722828331356240e+00
7.251068507002413455e+00
7.302462519674580044e+00
7.354683886754442845e+00
7.407808762658588897e+00
7.461839018301107629e+00
7.516702241093583758e+00
7.572326018447608220e+00
7.628712221277268668e+00
7.685788436994152484e+00
7.743630820014847593e+00
7.802092674248439330e+00
7.861175870609018901e+00
7.920882280010673071e+00
7.981139489864990111e+00
8.041949371086055010e+00
8.103239511085458702e+00
8.165011780777289729e+00
8.227119484070634314e+00
8.289713058884577990e+00
8.352645809128212306e+00
8.415845322213124646e+00
8.479387752555901159e+00
8.543200687568131002e+00
8.607211714661399782e+00
8.671422704749797816e+00
8.735761245244914264e+00
8.800228990683278241e+00
8.864752446588711976e+00
8.929406469112475264e+00
8.993968780395835694e+00
9.058588520092554219e+00
9.123117693846397813e+00
9.187631157808626270e+00
9.251980917623010114e+00
9.316167545938302652e+00
9.380191615403276728e+00
9.444053698666692753e+00
9.507605801372315923e+00
9.570922779671407810e+00
9.634005206212734151e+00
9.696630803137557209e+00
9.758948710099643264e+00
9.820885216245255123e+00
9.882366610720653810e+00
9.943393466174605066e+00
1.000396635525587463e+01
1.006401156711072531e+01
1.012352967438791751e+01
1.018252124973622053e+01
1.024083829879939422e+01
1.029855567772870550e+01
1.035559967567041539e+01
1.041204514877578724e+01
1.046774410268858801e+01
1.052269711005757813e+01
1.057697902703402626e+01
1.063036757575918934e+01
1.068301189588683719e+01
1.073483827656323442e+01
1.078584729043713786e+01
1.083589094315231449e+01
1.088504409086003122e+01
1.093330730620904845e+01
1.098060687834563254e+01
1.102694337991854212e+01
1.107231738357655004e+01
1.111665517846591378e+01
1.115995733723539551e+01
1.120222443253376277e+01
1.124345703700977950e+01
1.128365572331220967e+01
1.132274678058731254e+01
1.136073078148385562e+01
1.139753401514810349e+01
1.143323133773131950e+01
1.146774903837976467e+01
1.150108743320059546e+01
1.153317152863200334e+01
1.156414892507807757e+01
1.159379580543040511e+01
1.162225977009306632e+01
1.164946556896265051e+01
1.167541223543824103e+01
1.170009880291892479e+01
1.172352430480378338e+01
1.174561349098940788e+01
1.176636539487487987e+01
1.178585333336178387e+01
1.180400205634670918e+01
1.182081059722873562e+01
1.183627798940695186e+01
1.185032898277794366e+01
1.186311117774579671e+01
1.187447504070459381e+01
1.188456817205842064e+01
1.189324103820136180e+01
1.190056695603500714e+01
1.190647067545593885e+01
1.191109979686824083e+01
1.191437907016850062e+01
1.191623324525330219e+01
1.191673563902423183e+01
1.191588528488037468e+01
1.191368121622081588e+01
1.191004818294214118e+01
1.190505950194593332e+01
1.189871420663128099e+01
1.189108561389976870e+01
1.188202419014547928e+01
1.187160325227000079e+01
1.185982183367241838e+01
1.184667896775181717e+01
1.183224797140977991e+01
1.181645359454289412e+01
1.179936915405274611e+01
1.178091939983591985e+01
1.176117764879399985e+01
1.174014293432607303e+01
1.171781428983122453e+01
1.169419074870853947e+01
1.166927134435710123e+01
1.164305511017599670e+01
1.161561536306681219e+01
1.158687685292613168e+01
1.155691289665554145e+01
1.152564824415162370e+01
1.149315613426675853e+01
1.145943521015398048e+01
1.142455832041961727e+01
1.138852403016749548e+01
1.135125662099894406e+01
1.131282894152029073e+01
1.127331384033785966e+01
1.123270988255548275e+01
1.119101563327698301e+01
1.114815537410369117e+01
1.110427623714443257e+01
1.105937678750303554e+01
1.101338130678082550e+01
1.096636264358413193e+01
1.091831936301678319e+01
1.086932431368510343e+01
1.081930177719042341e+01
1.076839888564156844e+01
1.071646563713736455e+01
1.066372344728914179e+01
1.061009659769822910e+01
1.055558365346844774e+01
1.050018317970362958e+01
1.044396802501010058e+01
1.038693675449169085e+01
1.032916221675472279e+01
1.027056869340052714e+01
1.021115474953293045e+01
1.015114180076326100e+01
1.009030556168784543e+01
1.002886744791801021e+01
9.966751741055084324e+00
9.903957006202894320e+00
9.840630375470267310e+00
9.776696130458530476e+00
9.712152836271512157e+00
9.647147625018039463e+00
9.581604778299437797e+00
9.515597144722038436e+00
9.449049005887166786e+00
9.382107493903649953e+00
9.314696890372813343e+00
9.246890043900988232e+00
9.178759803094498793e+00
9.110230449554673982e+00
9.041300548385338587e+00
8.972117231695326822e+00
8.902679064588458147e+00
8.832910328666065070e+00
8.762883872534471763e+00
8.692672691401172713e+00
8.622276083375810529e+00
8.551693493169198135e+00
8.480924365492144901e+00
8.410116712060460742e+00
8.339121410579959814e+00
8.268086472766446704e+00
8.197011343330732558e+00
8.125895466983632076e+00
8.054812571938454013e+00
7.983687819403504804e+00
7.912594937592098532e+00
7.841533371215046344e+00
7.770576848485654331e+00
7.699724814114736304e+00
7.629050996315603683e+00
7.558480556296562014e+00
7.488087222270922716e+00
7.417944722452000761e+00
7.347978218048103471e+00
7.278335720775038098e+00
7.208897821739619793e+00
7.139790247606907059e+00
7.070997586387210099e+00
7.002534139491840115e+00
6.934429065032604811e+00
6.866696664420817164e+00
6.799358667418037072e+00
6.732429375435572183e+00
6.665937946585237306e+00
6.599906110628589673e+00
6.534340740626690014e+00
6.469278423041600057e+00
6.404733459284628339e+00
6.340727579117335644e+00
6.277267655600782703e+00
6.214367990146280718e+00
6.152057740865637392e+00
6.090343780819916120e+00
6.029247839770675021e+00
5.968776790778973940e+00
5.908952363606376323e+00
5.849796288014440293e+00
5.791322865414475274e+00
5.733546397217793356e+00
5.676481184835703964e+00
5.620141529679517411e+00
5.564556589861045843e+00
5.509725810091096854e+00
5.455670920131232116e+00
5.402391558907052804e+00
5.349902998903826479e+00
5.298228135171861197e+00
5.247367577710712716e+00
5.197336793220443063e+00
5.148143820050858466e+00
5.099811553252266982e+00
5.052340602824227034e+00
5.005739007116547512e+00
4.960029661179533811e+00
4.915213175012747904e+00
4.871305015316245601e+00
4.828305792089585324e+00
4.786238400383076019e+00
4.745096021846023859e+00
4.704894123178489984e+00
4.665640742730280621e+00
4.627336490500954191e+00
4.589989404840320475e+00
4.553614952448434394e+00
4.518206314974606563e+00
4.483771530768644098e+00
4.450311209830105419e+00
4.417840818859049890e+00
4.386360967855033266e+00
4.355864838467365274e+00
4.326367897396104389e+00
4.297863326290558561e+00
4.270366591850784488e+00
4.243863447375842313e+00
4.218369359565788734e+00
4.193884938420183062e+00
4.170403365588332356e+00
4.147940107770295093e+00
4.126473489914880943e+00
4.106018978722145718e+00
4.086569755841399143e+00
4.068119002921948280e+00
4.050674758313602020e+00
4.034230203665669201e+00
4.018785948977706468e+00
4.004335175899022659e+00
3.990871066078926166e+00
3.978394229516974523e+00
3.966905276212727038e+00
3.956389959465240747e+00
3.946848889274074512e+00
3.938282675638785424e+00
3.930669643508183153e+00
3.924017831232074816e+00
3.918320495093538636e+00
3.913556333210231664e+00
3.909733831734579557e+00
3.906846620118509694e+00
3.904880899463697652e+00
3.903822870871821671e+00
3.903681020495306075e+00
3.904434121085579079e+00
3.906075802094566285e+00
3.908599692974193740e+00
3.911999423176389268e+00
3.916261193802828000e+00
3.921378634305437316e+00
3.927337945785893680e+00
3.934125329345873556e+00
3.941734414437303435e+00
3.950158830512109365e+00
3.959377350321719113e+00
3.969383603318056508e+00
3.980163790602800677e+00
3.991711541627877224e+00
4.004005629144712586e+00
4.017047110955483724e+00
4.030807331461366161e+00
4.045279920114286831e+00
4.060458506366172671e+00
4.076321862968451448e+00
4.092856191022795187e+00
4.110047691630884792e+00
4.127882565894394951e+00
4.146347014915003015e+00
4.165434668144635033e+00
4.185116869984467414e+00
4.205394678236675787e+00
4.226239437302437452e+00
4.247637348283429759e+00
4.269582040631577868e+00
4.292059715448559132e+00
4.315041717135549959e+00
4.338529103494725980e+00
4.362493218927264493e+00
4.386927692885092434e+00
4.411803869769385322e+00
4.437122807382319678e+00
4.462855850125072799e+00
4.488981770749070677e+00
4.515501627056490719e+00
4.542386763448508447e+00
4.569623381026799436e+00
4.597197680893041039e+00
4.625088347507546160e+00
4.653281140516413394e+00
4.681754302924381328e+00
4.710493506086434579e+00
4.739491849707810012e+00
4.768712720092743496e+00
4.798156645296721479e+00
4.827801868324478107e+00
4.857634060531002440e+00
4.887624036570778152e+00
4.917764896149043885e+00
4.948042310620783368e+00
4.978434522990733413e+00
5.008919776263631718e+00
5.039483741794463789e+00
5.070112090938213356e+00
5.100783066699618118e+00
5.131489768783914940e+00
5.162203011845590161e+00
5.192923323940128455e+00
5.223621519722017048e+00
5.254298127246741501e+00
5.284923961168788153e+00
5.315492121193392094e+00
5.345980850325291911e+00
5.376375819919471333e+00
5.406670129681168113e+00
5.436834594264866816e+00
5.466862313375806082e+00
5.496731530018718281e+00
5.526427915548593361e+00
5.555937141320415051e+00
5.585252307039421105e+00
5.614351655710345668e+00
5.643220858688176023e+00
5.671853015678148147e+00
5.700226369684998851e+00
5.728334020413963223e+00
5.756154210869778076e+00
5.783687469107929857e+00
5.810897181432653547e+00
5.837791304249685176e+00
5.864340652213511973e+00
5.890538325029369915e+00
5.916369994052245396e+00
5.941821330637122145e+00
5.966885434489239692e+00
5.991547976963583544e+00
6.015802057765386124e+00
6.039633348249638267e+00
6.063034804741411321e+00
6.085991381694873859e+00
6.108495318534285623e+00
6.130531426333651446e+00
6.152091944517230182e+00
6.173169112509277134e+00
6.193740313033551104e+00
6.213797785514308281e+00
6.233333769375805744e+00
6.252340504042300573e+00
6.270810228938050734e+00
6.288735183487313307e+00
6.306092750413843540e+00
6.322897454192649924e+00
6.339126677547488597e+00
6.354772659902618415e+00
6.369835069032545150e+00
6.384306144361525881e+00
6.398178125313818576e+00
6.411450679663929897e+00
6.424108618485865563e+00
6.436151609554134012e+00
6.447579320643242795e+00
6.458376562827198519e+00
6.468535575530257375e+00
6.478063454877176497e+00
6.486937583591714684e+00
6.495165057798629960e+00
6.502738116922174960e+00
6.509649000386609430e+00
6.515897375966441807e+00
6.521482911436176089e+00
6.526397846220070242e+00
6.530656704793134537e+00
6.534244298229372028e+00
6.537175151003791207e+00
6.539434074190400459e+00
6.541035592264204723e+00
6.541957087948962801e+00
6.542220514069930104e+00
6.541803253350865432e+00
6.540712401916524144e+00
6.538955055891666923e+00
6.536516026350295050e+00
6.533394981066920515e+00
6.529606444516549146e+00
6.525150084473685830e+00
6.520018140362591197e+00
6.514217708308019716e+00
6.507748456084478939e+00
6.500617407411573900e+00
6.492816439687796759e+00
6.484352214606986742e+00
6.475231393862983076e+00
6.465438354098876239e+00
6.454987185358755930e+00
6.443877120986210016e+00
6.432107394324829919e+00
6.419684667068453976e+00
6.406615600910922304e+00
6.392899429195825434e+00
6.378557670317501760e+00
6.363596985969790509e+00
6.348009181146032631e+00
6.331815774240565631e+00
6.315008570246731345e+00
6.297609087558867280e+00
6.279609131170314384e+00
6.261022791125162357e+00
6.241856729117249536e+00
6.222102750139916871e+00
6.201774944237252285e+00
6.180887401453347252e+00
6.159431926781539168e+00
6.137437466966419564e+00
6.114903255351578082e+00
6.091828525280603479e+00
6.068242223498084620e+00
6.044136154997361565e+00
6.019524409822524902e+00
5.994406221317162498e+00
5.968803107875615410e+00
5.942714302841472396e+00
5.916146467908572681e+00
5.889106264770757271e+00
5.861607783472114086e+00
5.833665114056733714e+00
5.805270061517956215e+00
5.776459000950619149e+00
5.747223737348064354e+00
5.717585789104630223e+00
5.687551817914156871e+00
5.657143342170982692e+00
5.626359595218698217e+00
5.595207238751142675e+00
5.563707791162655347e+00
5.531860485796826765e+00
5.499679412697746628e+00
5.467171233559252386e+00
5.434350038425436402e+00
5.401215113736668627e+00
5.367795671721456330e+00
5.334083835953837394e+00
5.300101443408849811e+00
5.265862902711281102e+00
5.231367765785419621e+00
5.196637869606304250e+00
5.161680194448472925e+00
5.126501720586463584e+00
5.091124284995315108e+00
5.055547439599314963e+00
5.019793021373502917e+00
4.983860582242165549e+00
4.947779387530589545e+00
4.911541560812818119e+00
4.875168939063884821e+00
4.838675930908579836e+00
4.802062088271190632e+00
4.765341819776507393e+00
4.728529534049315863e+00
4.691632211364154870e+00
4.654671688696064180e+00
4.617647517969330373e+00
4.580581536158992328e+00
4.543480723539587984e+00
4.506366917086156221e+00
4.469239668722983616e+00
4.432128243775360410e+00
4.395024765817322709e+00
4.357958500174160754e+00
4.320921570419913316e+00
4.283935813529615722e+00
4.247000781427558103e+00
4.210138311088778451e+00
4.173355382787814705e+00
4.136651548448955218e+00
4.100056073397488454e+00
4.063561081207452297e+00
4.027188408853885626e+00
3.990952464961575963e+00
3.954852801454811217e+00
3.918903826958380243e+00
3.883119950097071449e+00
3.847500722795173189e+00
3.812067982027722124e+00
3.776813851368758357e+00
3.741760167793318992e+00
3.706906483225692384e+00
3.672267206290667829e+00
3.637856745613032405e+00
3.603674745942617275e+00
3.569728651681679743e+00
3.536040856758519535e+00
3.502611470050684073e+00
3.469448028785974358e+00
3.436572926892689228e+00
3.403978844898126965e+00
3.371688176730589070e+00
3.339693602917374271e+00
3.308010089036530488e+00
3.276637743965609140e+00
3.245598961632908175e+00
3.214886422565727653e+00
3.184507663991866799e+00
3.154477651489374868e+00
3.124803922286051527e+00
3.095479156909195950e+00
3.066525749287106972e+00
3.037943808297335124e+00
3.009740871167679188e+00
2.981924475125938390e+00
2.954494729049662816e+00
2.927459170166650804e+00
2.900832764054952495e+00
2.874600762891617034e+00
2.848785560604943701e+00
2.823387266072482582e+00
2.798405988171781988e+00
2.773849264130641590e+00
2.749724631176861500e+00
2.726024769837740003e+00
2.702764645691327239e+00
2.679944367615172851e+00
2.657571472837075177e+00
2.635638641884335165e+00
2.614153411984750264e+00
2.593123320366121032e+00
2.572548475905997112e+00
2.552436415832177286e+00
2.532779820671960280e+00
2.513586227653147542e+00
2.494863174003536521e+00
2.476603340250427721e+00
2.458814263621619034e+00
2.441496052994661881e+00
2.424641388896854099e+00
2.408265236906246720e+00
2.392360277550137138e+00
2.376926619706075439e+00
2.361964372251611710e+00
2.347473733586477707e+00
2.333455260199141623e+00
2.319909598100252879e+00
2.306837393300461780e+00
2.294246720160669106e+00
2.282123367991024665e+00
2.270475411152429679e+00
2.259296067305283984e+00
2.248585982460237886e+00
2.238353230978191721e+00
2.228583602169295297e+00
2.219277742044199808e+00
2.210443724963806034e+00
2.202067340238263338e+00
2.194156662228472499e+00
2.186704908594833352e+00
2.179712725347996649e+00
2.173173330148362670e+00
2.167094797356832192e+00
2.161455487933304997e+00
2.156270904588931447e+00
2.151526836633862683e+00
2.147223930078748122e+00
2.143355402583987601e+00
2.139929328510483231e+00
2.136924068818134348e+00
2.134347697867841731e+00
2.132193433320004328e+00
2.130461921185274221e+00
2.129138950773800776e+00
2.128225168096234743e+00
2.127721219163226873e+00
2.127612893284926088e+00
2.127900836471984469e+00
2.128585694735050993e+00
2.129653257384276799e+00
2.131096742080061723e+00
2.132924223183306989e+00
2.135114061653911932e+00
2.137674331852777332e+00
2.140590823090053441e+00
2.143864181376391009e+00
2.147480196021939847e+00
2.151439513037350704e+00
2.155742778433273887e+00
2.160368353169609179e+00
2.165324311607257357e+00
2.170596443056369118e+00
2.176177965177344298e+00
2.182069523980833203e+00
2.188256780707434679e+00
2.194732312669792407e+00
2.201495997461248244e+00
2.208540284324893577e+00
2.215850194153569319e+00
2.223418176190368634e+00
2.231244108028632045e+00
2.239313010561202244e+00
2.247624761381419756e+00
2.256164381382127271e+00
2.264931748156666202e+00
2.273911882597878353e+00
2.283097233948855109e+00
2.292487679802938771e+00
2.302068241052971143e+00
2.311831366942042276e+00
2.321769506713245779e+00
2.331882537959923063e+00
2.342148053224665016e+00
2.352573358451063967e+00
2.363136046181711247e+00
2.373835994009949157e+00
2.384665651178868639e+00
2.395610038581312384e+00
2.406669033810620917e+00
2.417835086109887399e+00
2.429093216371951858e+00
2.440435873839907011e+00
2.451862936107094715e+00
2.463359424066356773e+00
2.474925215311034599e+00
2.486545330733969106e+00
2.498219647928503040e+00
2.509933187787477760e+00
2.521678399553985539e+00
2.533455160821366903e+00
2.545241064132214959e+00
2.557043415430120259e+00
2.568847235607925050e+00
2.580637545558471135e+00
2.592421651225349510e+00
2.604184573501403310e+00
2.615918761629723033e+00
2.627624093203650535e+00
2.639278160765778036e+00
2.650888270259696533e+00
2.662439442578248716e+00
2.673931555314775554e+00
2.685342201011868823e+00
2.696678685613120852e+00
