# te
3.196062553693409303e+00
3.898366357874316623e+00
3.937101506204518486e+00
3.596493361953707169e+00
3.089865293703146776e+00
2.550050400883487001e+00
2.055813977997961395e+00
1.644604264350230771e+00
1.333964995712711543e+00
1.128144245103359422e+00
1.021246127392339220e+00
9.911924618733186643e-01
1.009004596255471009e+00
1.055367217864786600e+00
1.119839959500190885e+00
1.189503499898256766e+00
1.254277644121861712e+00
1.313189755289215777e+00
1.359459670514129970e+00
1.400887025016483767e+00
1.442446898238456399e+00
1.486761933647104961e+00
1.535488232553279930e+00
1.584311153468128897e+00
1.638788308271701633e+00
1.696980356187107963e+00
1.750503281434132141e+00
1.801929307460190310e+00
1.842080592882199497e+00
1.877809166257452977e+00
1.900698408288036934e+00
1.909613297154841405e+00
1.907621097157639056e+00
1.890342839271681674e+00
1.871943347964635684e+00
1.844278806650593294e+00
1.806553524182899384e+00
1.760066429255980003e+00
1.705618707365155196e+00
1.643802487148195768e+00
1.574306814660419995e+00
1.496195691485594503e+00
1.406928595553487149e+00
1.303660442433614897e+00
1.184601637379275374e+00
1.050327456816383176e+00
9.019858240883834588e-01
7.407989460412209848e-01
5.681279396705157803e-01
3.851847837126503582e-01
1.923828527402598743e-01
-1.027405489302259459e-02
-2.236413038234790207e-01
-4.489438933958312949e-01
-6.878590464988997288e-01
-9.413080194235776688e-01
-1.209343828464417125e+00
-1.491732012761294524e+00
-1.787822123840087096e+00
-2.096991289632611721e+00
-2.419083504506448712e+00
-2.754074336138618850e+00
-3.101931923855893558e+00
-3.462683833787042698e+00
-3.836388807812033619e+00
-4.222390887237366108e+00
-4.619849866963485319e+00
-5.027955255291838732e+00
-5.446089697630371873e+00
-5.874026565378243525e+00
-6.312931281843708220e+00
-6.764100004067488570e+00
-7.227759206654305935e+00
-7.703801088447629120e+00
-8.191958414226595764e+00
-8.690791371295029322e+00
-9.199792680379166754e+00
-9.718752196215250549e+00
-1.024760834054452019e+01
-1.078605035524235056e+01
-1.133351359774566092e+01
-1.188955566313800283e+01
-1.245343701249293566e+01
-1.302478952439651039e+01
-1.360289433148195393e+01
-1.418733810312870069e+01
-1.477772818027585444e+01
-1.537374618736502008e+01
-1.597522231584280306e+01
-1.658174814979873801e+01
-1.719314937993407710e+01
-1.780893880609048807e+01
-1.842892636211964330e+01
-1.905262484786322474e+01
-1.967962134666540663e+01
-2.030950294187036675e+01
-2.094185671682227579e+01
-2.157619547136280502e+01
-2.221203200533363642e+01
-2.284887911857644482e+01
-2.348647246144040679e+01
-2.412402769975718897e+01
-2.476120620037347209e+01
-2.539744647962843160e+01
-2.603211277035874360e+01
-2.666479215590857521e+01
-2.729492315261711965e+01
-2.792186999332103525e+01
-2.854521976136449979e+01
-2.916448108874621781e+01
-2.977892308558551449e+01
-3.038818211167123451e+01
-3.099159739278222148e+01
-3.158865672170232841e+01
-3.217884789121539768e+01
-3.276158441060277937e+01
-3.333627978914582002e+01
-3.390249610313086492e+01
-3.445964686183926773e+01
-3.500714557455238207e+01
-3.554455431755653194e+01
-3.607128660013308519e+01
-3.658675593156338124e+01
-3.709052438813377961e+01
-3.758207976262810490e+01
-3.806083556432772497e+01
-3.852635386951898511e+01
-3.897812247098572414e+01
-3.941555487800928859e+01
-3.983821588240155620e+01
-4.024560685457394982e+01
-4.063730616396594542e+01
-4.101274361301197757e+01
-4.137164613815650682e+01
-4.171336925833150389e+01
-4.203749134297640921e+01
-4.234366504503318396e+01
-4.263146873394128278e+01
-4.290048077914016744e+01
-4.315035383357177778e+01
-4.338059198317309040e+01
-4.359092216438854450e+01
-4.378092274665760186e+01
-4.395009781591721776e+01
-4.409824859211435211e+01
-4.422480487768346080e+01
-4.432949360906899017e+01
-4.441189315571040197e+01
-4.447158188704715087e+01
-4.450828337621089759e+01
-4.452170774308212486e+01
-4.451156174422852274e+01
-4.447770070322277292e+01
-4.441975709313005183e+01
-4.433758623752306249e+01
-4.423089489296947363e+01
-4.409946409953948177e+01
-4.394307489730327632e+01
-4.376158260983353188e+01
-4.355469399369793848e+01
-4.332233865597167721e+01
-4.306414906971994583e+01
-4.278012912552042479e+01
-4.246998557994079704e+01
-4.213364804005625075e+01
-4.177097182943946763e+01
-4.138203512217064173e+01
-4.096669324182244765e+01
-4.052487579547008778e+01
-4.005651239018872900e+01
-3.956160691655606598e+01
-3.904008898164728691e+01
-3.849196247604007226e+01
-3.791737985731711547e+01
-3.731626871746636454e+01
-3.668862287162934166e+01
-3.603450840336284955e+01
-3.535391711272117732e+01
-3.464698936676362706e+01
-3.391386553254949376e+01
-3.315461169363555882e+01
-3.236936821708113143e+01
-3.155834975344799886e+01
-3.072147381928795440e+01
-2.985910363216779828e+01
-2.897130527564432967e+01
-2.805836768378183166e+01
-2.712043122363960279e+01
-2.615778482928194038e+01
-2.517071743477313817e+01
-2.415929512366999177e+01
-2.312380683003679138e+01
-2.206469005494284374e+01
-2.098215944894992901e+01
-1.987665251312734682e+01
-1.874845818153939447e+01
-1.759793967175287221e+01
-1.642538591783206314e+01
-1.523130870434876627e+01
-1.401591938513202429e+01
-1.277978754459234523e+01
-1.152310805289499385e+01
-1.024637291421522889e+01
-8.949999849225809712e+00
-7.634332295096992738e+00
-6.299721117349288413e+00
-4.946740032010706223e+00
-3.575895899957006741e+00
-2.187717867114696624e+00
-7.827261653899861837e-01
6.385456022804651965e-01
2.075572746980298700e+00
3.527824637112954687e+00
4.994742413350923727e+00
6.475759788016448582e+00
7.970288188381017491e+00
9.477850466969872656e+00
1.099779119590225740e+01
1.252961837100290587e+01
1.407261713758906474e+01
1.562636977498797108e+01
1.719008714501437041e+01
1.876327724349299686e+01
2.034515093223860305e+01
2.193521620707591424e+01
2.353275821332217888e+01
2.513713637979714122e+01
2.674771013532053843e+01
2.836383890871211122e+01
2.998480784528909737e+01
3.160997637387124470e+01
3.323862963977578744e+01
3.487005278831997401e+01
3.650367953182603742e+01
3.813872073210872315e+01
3.977446153448526900e+01
4.141026136777541922e+01
4.304540537729640448e+01
4.467903014136047801e+01
4.631064365579238284e+01
4.793938249890434378e+01
4.956453181601361280e+01
5.118552531944244066e+01
5.280157387100555155e+01
5.441203689952268263e+01
5.601619955031110010e+01
5.761327268518550682e+01
5.920269001646817486e+01
6.078366240597384262e+01
6.235532567466947995e+01
6.391703546464856345e+01
6.546799809365434442e+01
6.700734559592748951e+01
6.853443285621627012e+01
7.004846619226387361e+01
7.154887477232099968e+01
7.303464206362342281e+01
7.450623720345683410e+01
7.596145512301696101e+01
7.740106209359950640e+01
7.882359588142519158e+01
8.022907992276475397e+01
8.161605198383890070e+01
8.298527833594334879e+01
8.433455391027382575e+01
8.566315930807604673e+01
8.697186080064574298e+01
8.825845331917861358e+01
8.952370313497038978e+01
9.076540517921678486e+01
9.198432572321351586e+01
9.317900253318131831e+01
9.435020188041590927e+01
9.549571869611300201e+01
9.661631925156831358e+01
9.771054131300256529e+01
9.877766548166147231e+01
9.981845802884076591e+01
1.008314567207611532e+02
1.018166849936933573e+02
1.027734234488830936e+02
1.037009526875761054e+02
1.045985533110180654e+02
1.054662487554797394e+02
1.063040624572318364e+02
1.071112750175200716e+02
1.078864242025651521e+02
1.086310191186877887e+02
1.093428546970837516e+02
1.100226972090487294e+02
1.106698272558284089e+02
1.112842682736935700e+02
1.118645580288648915e+02
1.124114627926380763e+02
1.129242631662589389e+02
1.134014969159480728e+02
1.138439303130012945e+02
1.142515867936892562e+02
1.146237469592577298e+02
1.149604281792682627e+02
1.152616235564460112e+02
1.155273201268068846e+02
1.157575049263669058e+02
1.159514221561170046e+02
1.161090588520731899e+02
1.162304020502514277e+02
1.163154387866676700e+02
1.163641560973378972e+02
1.163765410182780897e+02
1.163510949154542402e+02
1.162892904949323025e+02
1.161903719577032206e+02
1.160543263397830032e+02
1.158811406771876165e+02
1.156708020059330266e+02
1.154240401970602079e+02
1.151400994515601468e+02
1.148189668054487811e+02
1.144613721297671418e+02
1.140673024605311383e+02
1.136360019987317713e+02
1.131682006154100577e+02
1.126646281816069006e+02
1.121245288983132724e+02
1.115486326365701899e+02
1.109361835973686112e+02
1.102879116517495248e+02
1.096052895057788419e+02
1.088868185254226262e+02
1.081332285817217667e+02
1.073445067106922863e+02
1.065221256184001533e+02
1.056653295058362971e+02
1.047748482440417632e+02
1.038506688690324609e+02
1.028942640868743865e+02
1.019048780985585267e+02
1.008839836101508496e+02
9.983156765766730700e+01
9.874761727712387938e+01
9.763211950453653287e+01
9.648654704597127818e+01
9.531014410241905921e+01
9.410364054492083596e+01
9.286702340949261725e+01
9.160102256717533464e+01
9.030562505398498274e+01
8.898304641101253765e+01
8.763253083924898590e+01
8.625554790482773626e+01
8.485281177912715123e+01
8.342429065856802595e+01
8.197218124464617972e+01
8.049570889875741386e+01
7.899558465234754578e+01
7.747251953686237869e+01
7.592722458374774419e+01
7.435966798942443745e+01
7.277130362036325550e+01
7.116105970395000213e+01
6.953076152416801392e+01
6.788097154545809531e+01
6.621232651576353589e+01
6.452561175003268090e+01
6.282161256321379739e+01
6.110096570325022469e+01
5.936453076859275768e+01
5.761301879068721377e+01
5.584706651747691097e+01
5.406753354741263706e+01
5.227505662843770295e+01
5.047042107550044676e+01
4.865441220354914975e+01
4.682759247702463057e+01
4.499082149437770539e+01
4.314473600355167804e+01
4.129004703599235171e+01
3.942753990664805031e+01
3.755792564696456992e+01
3.568184100488522148e+01
3.380007129535832888e+01
3.191340183333217695e+01
3.002269221725759962e+01
2.812865347858039655e+01
2.623221949925387975e+01
2.433410131072385241e+01
2.243515851144113071e+01
2.053617641635402080e+01
1.863794034041083947e+01
1.674123559855988219e+01
1.484684750574947110e+01
1.295548709342540938e+01
1.106786539303351091e+01
9.184842003024582979e+00
7.307120526494183643e+00
5.435471421690125204e+00
3.570613148408465332e+00
1.713301308196515604e+00
-1.357278111090658435e-01
-1.975740520757162999e+00
-3.805977872257638062e+00
-5.625705801256645877e+00
-7.434142701958742272e+00
-9.230551538669985234e+00
-1.101426213084867989e+01
-1.278440373249638107e+01
-1.454025416461963971e+01
-1.628109124822502451e+01
-1.800611852081658526e+01
-1.971483665390837103e+01
-2.140644918500444049e+01
-2.308045678561886049e+01
-2.473613727675817131e+01
-2.637291704643394397e+01
-2.799022248265771751e+01
-2.958725712293356835e+01
-3.116352163877553139e+01
-3.271829385119016820e+01
-3.425100014818904981e+01
-3.576099263428120878e+01
-3.724754913047322447e+01
-3.871009602477663947e+01
-4.014805970520300349e+01
-4.156086655976388045e+01
-4.294824011048083889e+01
-4.430968102886791371e+01
-4.564476426994166758e+01
-4.695313907222116256e+01
-4.823423182371794127e+01
-4.948776604645357935e+01
-5.071331669544461818e+01
-5.191031015870261456e+01
-5.307846995824911573e+01
-5.421722248209571404e+01
-5.532621696876141471e+01
-5.640502837326280883e+01
-5.745323165061645909e+01
-5.847040175583887844e+01
-5.945633649445416324e+01
-6.041068510498134003e+01
-6.133317110944200579e+01
-6.222336946285267345e+01
-6.308107797073741096e+01
-6.390602015511779399e+01
-6.469791953801535556e+01
-6.545679677546165465e+01
-6.618244967298075210e+01
-6.687475031959922944e+01
-6.753364508784608233e+01
-6.815899975997940885e+01
-6.875058060768068913e+01
-6.930822187936541923e+01
-6.983168353994659583e+01
-7.032079983783971500e+01
-7.077533073795777341e+01
-7.119511048871625292e+01
-7.157982477152563661e+01
-7.192953068530893290e+01
-7.224428532898915023e+01
-7.252332868296176116e+01
-7.276887206772227046e+01
-7.297941262864114265e+01
-7.315567601616390903e+01
-7.329764504571103600e+01
-7.340604536772804067e+01
-7.348011696261039560e+01
-7.352058548080358946e+01
-7.352743373772814550e+01
-7.350064454880454434e+01
-7.343945789442824434e+01
-7.334534226006978486e+01
-7.321679479109964461e+01
-7.305602680801331417e+01
-7.286153545618128646e+01
-7.263404638604906438e+01
-7.237428524806210817e+01
-7.208223485764095528e+01
-7.175891799924106351e+01
-7.140372322026296104e+01
-7.101737617115209389e+01
-7.060015680133899707e+01
-7.015241934375666233e+01
-6.967451803133805299e+01
-6.916673281351368985e+01
-6.862949220671903561e+01
-6.806307616038463948e+01
-6.746798747444842093e+01
-6.684472894884842731e+01
-6.619372910002013555e+01
-6.551556501140404976e+01
-6.481059091593313326e+01
-6.407945818055040377e+01
-6.332244675468634654e+01
-6.254028228878644313e+01
-6.173331901578372793e+01
-6.090213401911864821e+01
-6.004730438223173650e+01
-5.916933290506094067e+01
-5.826864810404179451e+01
-5.734589882050346432e+01
-5.640172379331985297e+01
-5.543661066874609844e+01
-5.445141851054979298e+01
-5.344670924848854554e+01
-5.242311909582246443e+01
-5.138128426581165797e+01
-5.032191525521874098e+01
-4.924564827730380046e+01
-4.815319382882947252e+01
-4.704511383955335191e+01
-4.592211880623803921e+01
-4.478491922564615635e+01
-4.363407702753530515e+01
-4.247030270866808621e+01
-4.129438104930962083e+01
-4.010687397921751085e+01
-3.890856627865687045e+01
-3.770016844439029313e+01
-3.648231668967790142e+01
-3.525579579478479531e+01
-3.402124197297108310e+01
-3.277936572099937962e+01
-3.153095181913478129e+01
-3.027663648063741419e+01
-2.901713020226987183e+01
-2.775314348079476545e+01
-2.648546109647720215e+01
-2.521464497907478730e+01
-2.394162847585763743e+01
-2.266704780008585374e+01
-2.139183629902954920e+01
-2.011655590244632918e+01
-1.884213995760629956e+01
-1.756922467776957220e+01
-1.629874341020624939e+01
-1.503125808467394897e+01
-1.376755348143777091e+01
-1.250841438076282763e+01
-1.125447699590922568e+01
-1.000645182363957097e+01
-8.765123644218974164e+00
-7.531150955958290538e+00
-6.305236827269882660e+00
-5.088032328114353575e+00
-3.880195956802565238e+00
-2.682401068345873885e+00
-1.495291304354638084e+00
-3.195496766955403523e-01
8.441720018357856681e-01
1.995182857580402924e+00
3.132779883421005884e+00
4.256254438953110508e+00
5.364912740472729702e+00
6.458038719225131175e+00
7.534923734805828666e+00
8.594933430312838851e+00
9.637329451940676250e+00
1.066160372474160312e+01
1.166709960676289093e+01
1.265316045605180051e+01
1.361935248116309793e+01
1.456487047313904704e+01
1.548920635703191628e+01
1.639185205789397060e+01
1.727229950077747134e+01
1.812989204372968643e+01
1.896419589530537664e+01
1.977470298055681752e+01
2.056090522453626690e+01
2.132222026879348675e+01
2.205836288888825081e+01
2.276875072637031394e+01
2.345309855679945343e+01
2.411104687223292942e+01
2.474216188122550264e+01
2.534600979233194451e+01
2.592215681410701578e+01
2.647039200561298955e+01
2.699028157540461592e+01
2.748139173203667340e+01
2.794336296756642568e+01
2.837591005755363227e+01
2.877859921055306458e+01
2.915114520212447857e+01
2.949318852432514859e+01
2.980459251971984713e+01
3.008507196386831239e+01
3.033441591583283525e+01
3.055233915117317167e+01
3.073870501245408349e+01
3.089315399173284504e+01
3.101562371507671756e+01
3.110597752505045932e+01
3.116407876421884282e+01
3.118979077514662279e+01
3.118290261689608300e+01
3.114342619903698406e+01
3.107115058063157775e+01
3.096608767124963535e+01
3.082824382112475448e+01
3.065767742664831630e+01
3.045421847436804086e+01
3.021791980133913569e+01
2.994875996111431604e+01
2.964679179074879656e+01
2.931191956029279666e+01
2.894427039030401971e+01
2.854397140134018684e+01
2.811100114695401686e+01
2.764541246420071019e+01
2.714725819013548858e+01
2.661666544531606604e+01
2.605383563380265599e+01
2.545897015965546828e+01
2.483241899393972574e+01
2.417430925721313528e+01
2.348499092054091264e+01
2.276466538798326766e+01
2.201360834710292380e+01
2.123202120196008735e+01
2.042025392361997049e+01
1.957858219964529312e+01
1.870720743409626863e+01
1.780640531453560982e+01
1.687652581202852886e+01
1.591777033063523739e+01
1.493048884142095822e+01
1.391517988245589343e+01
1.287219342480526763e+01
1.180187943953428764e+01
1.070473646471317153e+01
9.581040187904630301e+00
8.431289147178880228e+00
7.255952167205133918e+00
6.055475787601855231e+00
4.830351118089008189e+00
3.581069268386556814e+00
2.308099063163715492e+00
1.011930126470397262e+00
-3.069419749632837369e-01
-1.647956304925013216e+00
-3.010545984522277507e+00
-4.394130763832111874e+00
-5.798145249632054465e+00
-7.222024048699639209e+00
-8.665120055959654621e+00
-1.012699416014388554e+01
-1.160685068917211460e+01
-1.310419110497413264e+01
-1.461829568102125698e+01
-1.614852562248342593e+01
-1.769431808008211959e+01
-1.925503592103630268e+01
-2.083004201256495591e+01
-2.241855065488204346e+01
-2.402007328221154836e+01
-2.563374991126494251e+01
-2.725901769276369180e+01
-2.889516521042427399e+01
-3.054148104796317398e+01
-3.219732807259934759e+01
-3.386192058454676612e+01
-3.553454716752192155e+01
-3.721457068874377683e+01
-3.890127973192880262e+01
-4.059388859729097732e+01
-4.229168586854677159e+01
-4.399403441291516259e+01
-4.570014853061010740e+01
-4.740931680534810511e+01
-4.912090210434811155e+01
-5.083404444432160574e+01
-5.254818097599006421e+01
-5.426245171606495177e+01
-5.597614524826274618e+01
-5.768862443980241750e+01
-5.939895502389295245e+01
-6.110642558425080040e+01
-6.281032470459246753e+01
-6.450971811812689793e+01
-6.620396869207306167e+01
-6.789221644314245907e+01
-6.957389852205655245e+01
-7.124830351253180538e+01
-7.291434858077219872e+01
-7.457221371252421704e+01
-7.622118749150429551e+01
-7.785981566640396068e+01
-7.948738682093964769e+01
-8.110393237385284237e+01
-8.270874090886002250e+01
-8.430110100967765163e+01
-8.587955842499721371e+01
-8.744414457356016612e+01
-8.899340520405800703e+01
-9.052737173523217962e+01
-9.204458991577416782e+01
-9.354509116442545746e+01
-9.502816406490251211e+01
-9.649309345757774281e+01
-9.793914920944727953e+01
-9.936634027918819356e+01
-1.007724471204025605e+02
-1.021582215267924312e+02
-1.035221867869848893e+02
-1.048643518596570061e+02
-1.061847257034858387e+02
-1.074810887720734343e+02
-1.087541928591219289e+02
-1.100033040882833149e+02
-1.112269457481847184e+02
-1.124251267975031539e+02
-1.135971133598907699e+02
-1.147429143940245666e+02
-1.158617960235566073e+02
-1.169522815371140041e+02
-1.180143798933738140e+02
-1.190473572159880717e+02
-1.200519652986588710e+02
-1.210267274300132954e+02
-1.219716525687284161e+02
-1.228867496734812619e+02
-1.237712848679239528e+02
-1.246245242757085094e+02
-1.254472196905370254e+02
-1.262378944010365558e+02
-1.269973002009091800e+02
-1.277232175437569737e+02
-1.284171410583069814e+02
-1.290783368682112950e+02
-1.297053282620969696e+02
-1.302988670336660846e+02
-1.308574764715456809e+02
-1.313826512044628885e+02
-1.318729145210447200e+02
-1.323282753799682325e+02
-1.327487427399105400e+02
-1.331335827245236771e+02
-1.334820614574597641e+02
-1.337956735674458173e+02
-1.340736851781339283e+02
-1.343153624131761603e+02
-1.345207142312495421e+02
-1.346897495910312159e+02
-1.348232202862232327e+02
-1.349196496054526051e+02
-1.349797893424214408e+02
-1.350036484558068253e+02
-1.349912359042858156e+02
-1.349418124771451915e+02
-1.348553604612356764e+02
-1.347333424790927552e+02
-1.345742498131518801e+02
-1.343788022509234565e+02
-1.341469767448929815e+02
-1.338787502475458950e+02
-1.335755853814176533e+02
-1.332359734289436801e+02
-1.328606341776344948e+02
-1.324495445799755089e+02
-1.320026815884521625e+02
-1.315207649905749179e+02
-1.310022860687792559e+02
-1.304487074456006326e+02
-1.298592632384994374e+02
-1.292339303999611957e+02
-1.285726858824713190e+02
-1.278769923085652778e+02
-1.271468266307285120e+02
-1.263821658014465186e+02
-1.255829867732046807e+02
-1.247507521685385115e+02
-1.238854389399334224e+02
-1.229870240398748820e+02
-1.220569700908983606e+02
-1.210945112104643187e+02
-1.201011100211081413e+02
-1.190760006402903741e+02
-1.180213885255714104e+02
-1.169365077944117246e+02
-1.158220782343217650e+02
-1.146773339627619634e+02
-1.135037376022678188e+02
-1.123005232702997489e+02
-1.110676679193432648e+02
-1.098066341719337089e+02
-1.085159133105066331e+02
-1.071977107926224733e+02
-1.058512607357416613e+02
-1.044795114324496410e+02
-1.030816970002069013e+02
-1.016592800615488699e+02
-1.002129804039860090e+02
-9.874426065005376074e+01
-9.725235491721261383e+01
-9.573872582799796760e+01
-9.420335033489531895e+01
-9.264694822541511599e+01
-9.106875361701779070e+01
-8.947097063643910531e+01
-8.785282674701596761e+01
-8.621503375131057112e+01
-8.455904628691010316e+01
-8.288409048632676956e+01
-8.119236382217280834e+01
-7.948234959193534621e+01
-7.775698810325164345e+01
-7.601550548863387746e+01
-7.425861355064424174e+01
-7.248791549387493660e+01
-7.070404883738567037e+01
-6.890794823424613469e+01
-6.710047405402352183e+01
-6.528248666628503827e+01
-6.345484644059789048e+01
-6.161804232901675960e+01
-5.977226614958637185e+01
-5.791793257085890190e+01
-5.605545626138654569e+01
-5.418517760621902113e+01
-5.230736270690352541e+01
-5.042250051549474676e+01
-4.853159996856489045e+01
-4.663581856969113915e+01
-4.473631382245071819e+01
-4.283424323042081028e+01
-4.093061573017362065e+01
-3.902666310878884559e+01
-3.712339430283869035e+01
-3.522114969737283730e+01
-3.332041824444599598e+01
-3.142139176210286777e+01
-2.952441063539315280e+01
-2.762988953286904348e+01
-2.573802027257524117e+01
-2.384936609006895125e+01
-2.196463878791236013e+01
-2.008492158618017598e+01
-1.821107485443959462e+01
-1.634418181276531712e+01
-1.448510283072453753e+01
-1.263484684488945931e+01
-1.079434850832978121e+01
-8.964096773100200366e+00
-7.144781156712168624e+00
-5.336838612768630696e+00
-3.540847233527289806e+00
-1.757334598464142417e+00
1.315537057426245139e-02
1.770095884401796660e+00
3.512981143032416931e+00
5.241307622440002589e+00
6.954571798598430554e+00
8.652270147481580409e+00
1.033393628681457876e+01
1.199905926422105473e+01
1.364705384382213893e+01
1.527711193923145316e+01
1.688842546406263168e+01
1.848011204842680399e+01
2.005128932243509254e+01
2.160114919970112979e+01
2.312873502683354232e+01
2.463338728445095782e+01
2.611474358718200861e+01
2.757281296716782037e+01
2.900723303903701833e+01
3.041801283493073527e+01
3.180486425298008868e+01
3.316772204182372974e+01
3.450637238309526111e+01
3.582023004091583118e+01
3.710885834641155867e+01
3.837159778020106415e+01
3.960801167341049478e+01
4.081736622315596463e+01
4.199929904406610603e+01
4.315315061675954666e+01
4.427848427236241236e+01
4.537478905849833666e+01
4.644162830629345251e+01
4.747841677986887987e+01
4.848479209385324395e+01
4.946016901236767183e+01
5.040418515004081002e+01
5.131670097200876768e+01
5.219765122691018178e+01
5.304711923038867383e+01
5.386489116407788202e+01
5.465105034362142788e+01
5.540545723415543478e+01
5.612812086782106036e+01
5.681890170975437826e+01
5.747758594158907641e+01
5.810418259546623432e+01
5.869847785301951859e+01
5.926033217938503128e+01
5.978968032320140225e+01
6.028630846610226968e+01
6.075014665737493402e+01
6.118110614890141363e+01
6.157894492620735605e+01
6.194364382532595670e+01
6.227503511528539804e+01
6.257295106511384830e+01
6.283729822734198223e+01
6.306813172150549462e+01
6.326543238363755961e+01
6.342925533327383647e+01
6.355965568995003423e+01
6.365668857320180507e+01
6.372040910256482960e+01
6.375079811407229613e+01
6.374798501076237756e+01
6.371209919567326097e+01
6.364312150483809916e+01
6.354132990830010641e+01
6.340670524209242842e+01
6.323937690925327360e+01
6.303947431282079350e+01
6.280734970634067338e+01
6.254320677635360681e+01
6.224739777640525062e+01
6.192020067653880488e+01
6.156204201380242580e+01
6.117312547473679274e+01
6.075380331288760516e+01
6.030435349829802050e+01
5.982497971750871812e+01
5.931595994056290522e+01
5.877749785400121851e+01
5.820994571136936457e+01
5.761343291570550917e+01
5.698831172055531624e+01
5.633486009596200006e+01
5.565350457897371683e+01
5.494452313963365242e+01
5.420834231498997013e+01
5.344531435858835522e+01
5.265571724047199353e+01
5.183997749768906260e+01
5.099852166728773284e+01
5.013185056981868826e+01
4.924031645882759989e+01
4.832442015486515885e+01
4.738466247848202784e+01
4.642146996672639858e+01
4.543519487314393501e+01
4.442648658529033412e+01
4.339562168371057282e+01
4.234316832496696748e+01
4.126947042561612022e+01
4.017509475272215980e+01
3.906045950634419484e+01
3.792605717004384758e+01
3.677238022738272605e+01
3.560014401242995064e+01
3.440998957575214234e+01
3.320248368441341569e+01
3.197819310547789229e+01
3.073783317301467832e+01
2.948204493759039835e+01
2.821124659926416456e+01
2.692600492510009857e+01
2.562688668216231491e+01
2.431445863751493164e+01
2.298921327471956388e+01
2.165171736084032972e+01
2.030246337943884782e+01
1.894209238108172499e+01
1.757124541633559289e+01
1.619041496876205954e+01
1.480024208892774418e+01
1.340144211090176185e+01
1.199443323474323186e+01
1.058000507802376688e+01
9.158575840802489765e+00
7.730816287047010071e+00
6.297263470420452869e+00
4.858484157986929119e+00
3.415052545160808251e+00
1.967542827356455248e+00
5.165061721024634123e-01
-9.375329951334763212e-01
-2.394062134244070883e+00
-3.852580590482429734e+00
-5.312581023586435691e+00
-6.773556093293971792e+00
-8.234939032540919968e+00
-9.696326497968666303e+00
-1.115700315550809130e+01
-1.261640223809507866e+01
-1.407380841166051155e+01
-1.552872919264277662e+01
-1.698044924697274993e+01
-1.842840180758631874e+01
-1.987194582391687092e+01
-2.131029167839277960e+01
-2.274287260394993737e+01
-2.416897005102368468e+01
-2.558785260806724082e+01
-2.699878564803828240e+01
-2.840110882739698894e+01
-2.979416180260354707e+01
-3.117750708062561671e+01
-3.255085573543589561e+01
-3.391399312450955250e+01
-3.526648175481427216e+01
-3.660803270032273815e+01
-3.793828275150511331e+01
-3.925701726583658768e+01
-4.056379875028483895e+01
-4.185804114481254601e+01
-4.313938123988989304e+01
-4.440738154248454350e+01
-4.566160455956419639e+01
-4.690153851459401579e+01
-4.812674591454169359e+01
-4.933649213236488862e+01
-5.053011682452380171e+01
-5.170695964747860529e+01
-5.286621169068446591e+01
-5.400728689410407668e+01
-5.512937634719262547e+01
-5.623189398991276988e+01
-5.731492231374968327e+01
-5.837839524318358286e+01
-5.942239526969961361e+01
-6.044700488478295597e+01
-6.145238086342129691e+01
-6.243845713009483234e+01
-6.340531617628872141e+01
-6.435237194196562882e+01
-6.527896408358577673e+01
-6.618450654111181564e+01
-6.706833897100391084e+01
-6.792987531322478389e+01
-6.876852950773707107e+01
-6.958364121100096611e+01
-7.037514434749665782e+01
-7.114297284170432079e+01
-7.188683776759663147e+01
-7.260734160117627312e+01
-7.330374971540092588e+01
-7.397681315327825757e+01
-7.462579728776594834e+01
-7.525071032684668637e+01
-7.585081764347815181e+01
-7.642761311569300631e+01
-7.698035829316641809e+01
-7.750829943244339404e+01
-7.801142180181145136e+01
-7.848971066955806464e+01
-7.894389413899571650e+01
-7.937321464338693033e+01
-7.977691461599415845e+01
-8.015646499515493417e+01
-8.051036537910670177e+01
-8.083860103613700687e+01
-8.114264290458332596e+01
-8.142024774765810946e+01
-8.167362933872391295e+01
-8.190128727601818071e+01
-8.210320682782842994e+01
-8.228085893249215133e+01
-8.243274318824683178e+01
-8.255958769840495393e+01
-8.266137773125403498e+01
-8.273809855508154953e+01
-8.278973543817498637e+01
-8.281701648384687076e+01
-8.281918412535964080e+01
-8.279696646602583598e+01
-8.275034877413291667e+01
-8.267857348294340625e+01
-8.258311153079475275e+01
-8.246394818597451604e+01
-8.232032588174512000e+01
-8.215371555644409796e+01
-8.196261680830892260e+01
-8.174850057567709882e+01
-8.151135212683612963e+01
-8.125115673007347539e+01
-8.096864248870164715e+01
-8.066230900095813183e+01
-8.033437004020542815e+01
-7.998406803970604528e+01
-7.961138826774742938e+01
-7.921705882764211992e+01
-7.880180782270257112e+01
-7.836487768619132055e+01
-7.790773935644581627e+01
-7.742963526672858166e+01
-7.693203635537707896e+01
-7.641418505565383157e+01
-7.587680947087130789e+01
-7.532063770434201899e+01
-7.474565502435345365e+01
-7.415258953421808030e+01
-7.354068255155698353e+01
-7.291139943650034638e+01
-7.226397592846193163e+01
-7.159972770492552741e+01
-7.091878190733487486e+01
-7.022141424413875654e+01
-6.950804899079093957e+01
-6.877911042274516262e+01
-6.803494853195272185e+01
-6.727598759386737015e+01
-6.650265188394287463e+01
-6.571521711062797522e+01
-6.491433039988397979e+01
-6.410019317665711469e+01
-6.327330399990366772e+01
-6.243416142857989826e+01
-6.158304117113456044e+01
-6.072036750302144270e+01
-5.984671326669928249e+01
-5.896227988711437007e+01
-5.806764020672544291e+01
-5.716314421748379715e+01
-5.624921619484317858e+01
-5.532628041425734011e+01
-5.439476115118007016e+01
-5.345523124807012039e+01
-5.250811498038127212e+01
-5.155398519057226281e+01
-5.059319187059438150e+01
-4.962630786290637275e+01
-4.865383172646452437e+01
-4.767611345322008276e+01
-4.669365160212932864e+01
-4.570687044864600068e+01
-4.471619426822388732e+01
-4.372197305281424917e+01
-4.272477964487584501e+01
-4.172496403635994255e+01
-4.072295050272030181e+01
-3.971923760291319638e+01
-3.871432389589489276e+01
-3.770863365711914383e+01
-3.670259116203972383e+01
-3.569669496961289212e+01
-3.469136935529241583e+01
-3.368711287803456145e+01
-3.268427552979058959e+01
-3.168328158601427091e+01
-3.068462960566186482e+01
-2.968866958068463191e+01
-2.869582816882432041e+01
-2.770661584047708459e+01
-2.672139688132204327e+01
-2.574060986054081468e+01
-2.476469334731503480e+01
-2.379416019432882123e+01
-2.282930040375880054e+01
-2.187070111179159682e+01
-2.091872660410634310e+01
-1.997374116638214758e+01
-1.903618336780065334e+01
-1.810634321053847273e+01
-1.718465926377723463e+01
-1.627157009669856791e+01
-1.536736571147908847e+01
-1.447248467730042698e+01
-1.358721699633921176e+01
-1.271200123777706104e+01
-1.184712740379060314e+01
-1.099295978005896224e+01
-1.014993693576376188e+01
-9.318274589579129241e+00
-8.498411310686687870e+00
-7.690674243014312239e+00
-6.895316246987379216e+00
-6.112664466533761498e+00
-5.343001475479836060e+00
-4.586646989403226016e+00
-3.843891010480557480e+00
-3.115038397588953512e+00
-2.400364296204541059e+00
-1.700121566752694102e+00
-1.014593525894812664e+00
-3.440374910664213415e-01
3.112743635964544398e-01
9.510772923080405006e-01
1.575117691807936149e+00
2.183194700122516707e+00
2.775100026927908026e+00
3.350647666950984149e+00
3.909644186568371538e+00
4.451888723806443515e+00
4.977202701742326596e+00
5.485385258402394548e+00
5.976287530264775327e+00
6.449768082157841143e+00
6.905678050559718173e+00
7.343890856999280459e+00
7.764175926101904324e+00
8.166540389700964298e+00
8.550691071714528135e+00
8.916693517951927106e+00
9.264312966307182151e+00
9.593537505181821246e+00
9.904206655972362938e+00
1.019630850708032987e+01
1.046975686340474709e+01
1.072439124634213847e+01
1.096027402779652782e+01
1.117724472916443723e+01
1.137544000585238813e+01
1.155477366275940732e+01
1.171515950478451451e+01
1.185658562032923236e+01
1.197911438129758643e+01
1.208265959258860001e+01
1.216728362610629333e+01
1.223297457025219259e+01
1.227964622992532107e+01
1.230750954403469954e+01
1.231632975047435252e+01
1.230631778815330257e+01
1.227753602897557528e+01
1.222997256134268795e+01
1.216391260766616966e+01
1.207934425634754128e+01
1.197632987929082482e+01
1.185515469890754403e+01
1.171580680359922511e+01
1.155842284877238590e+01
1.138306520633105556e+01
1.119001909868675249e+01
1.097919833073849816e+01
1.075088812489782342e+01
1.050507656956624558e+01
1.024197460365278900e+01
9.961718882563975086e+00
9.664520345208829966e+00
9.350515646993876828e+00
9.019915726828134694e+00
8.672931523620631467e+00
8.309773976280387942e+00
7.930579740213928197e+00
7.535485470827773646e+00
7.124835817335450017e+00
6.698789720194227471e+00
6.257565546663381717e+00
5.801374235651935329e+00
5.330426726068909993e+00
4.844963670224329277e+00
4.345254507664139787e+00
3.831594686674968386e+00
3.304278729378366641e+00
2.763586301195385619e+00
2.209826780948075609e+00
1.643279834057487010e+00
1.064234782799996060e+00
4.729862978641583005e-01
-1.301760013396407456e-01
-7.449586326588851781e-01
-1.371076879394354409e+00
-2.008237705094547909e+00
-2.656154015988164474e+00
-3.314516433253153593e+00
-3.983015578067465423e+00
-4.661304929857798207e+00
-5.349067681451851186e+00
-6.045964740626574851e+00
-6.751657015158918362e+00
-7.465849982927329265e+00
-8.188130268206258222e+00
-8.918292489077154883e+00
-9.655834129611466921e+00
-1.040054980789064487e+01
-1.115201129148863757e+01
-1.190993891498439794e+01
-1.267397872945436887e+01
-1.344370250247250276e+01
-1.421890485212025190e+01
-1.499915754597156159e+01
-1.578418091860538119e+01
-1.657354673759566310e+01
-1.736697533752135314e+01
-1.816403848595640014e+01
-1.896445651747975703e+01
-1.976787548316787380e+01
-2.057394143409719334e+01
-2.138222613784167336e+01
-2.219237564547775321e+01
-2.300411029158439291e+01
-2.381700184373553597e+01
-2.463077063651012821e+01
-2.544491415397962797e+01
-2.625930129772797983e+01
-2.707342955182663147e+01
-2.788701925085453581e+01
-2.869971644588812865e+01
-2.951116718800388128e+01
-3.032109181178073243e+01
-3.112906208479263270e+01
-3.193487070651744375e+01
-3.273800556800870964e+01
-3.353832405922889137e+01
-3.433531215262792813e+01
-3.512875295466580639e+01
-3.591820672129495762e+01
-3.670338227547284760e+01
-3.748398844015694209e+01
-3.825965975480217907e+01
-3.902995647536103263e+01
-3.979473599179595311e+01
-4.055355856005939330e+01
-4.130605871960631958e+01
-4.205209386039918229e+01
-4.279114995488793483e+01
-4.352308439303504173e+01
-4.424760599779795456e+01
-4.496434930863163970e+01
-4.567302314849354872e+01
-4.637341062384363966e+01
-4.706514627413685758e+01
-4.774801320583317477e+01
-4.842172024189004276e+01
-4.908597620526491312e+01
-4.974048991891525873e+01
-5.038504448930101631e+01
-5.101942302288215814e+01
-5.164326005911363637e+01
-5.225633870445540197e+01
-5.285851634886992656e+01
-5.344950181531464750e+01
-5.402907821024954416e+01
-5.459702864013453905e+01
-5.515306192792713347e+01
-5.569696118008724994e+01
-5.622865807007986660e+01
-5.674786142086242791e+01
-5.725442862239740549e+01
-5.774806849764223671e+01
-5.822871272006187837e+01
-5.869614439611630274e+01
-5.915007234876296138e+01
-5.959050253496932470e+01
-6.001714377769281583e+01
-6.042985346689591353e+01
-6.082848899254108233e+01
-6.121290774459076545e+01
-6.158289282950491383e+01
-6.193830163724601334e+01
-6.227921440828399113e+01
-6.260548599549606763e+01
-6.291696110341848680e+01
-6.321363046650723305e+01
-6.349541053571577010e+01
-6.376214347849511910e+01
-6.401382002930127157e+01
-6.425035663908768413e+01
-6.447159547530537793e+01
-6.467760155591281546e+01
-6.486814276485849007e+01
-6.504320983659840749e+01
-6.520279350558854503e+01
-6.534673593927986701e+01
-6.547510215563090696e+01
-6.558788288909764219e+01
-6.568499459063352219e+01
-6.576642799469459533e+01
-6.583217383573681047e+01
-6.588222284821615915e+01
-6.591664005009113225e+01
-6.593541617581773551e+01
-6.593854195985193201e+01
-6.592608242015222686e+01
-6.589810257467711097e+01
-6.585459315788256163e+01
-6.579554490422455615e+01
-6.572109711516411323e+01
-6.563124052515721019e+01
-6.552604015216232369e+01
-6.540541244713294589e+01
-6.526957099503258064e+01
-6.511843224681470588e+01
-6.495206122043779828e+01
-6.477059721736287656e+01
-6.457417953905088837e+01
-6.436302177046535178e+01
-6.413711464606224411e+01
-6.389674603430758282e+01
-6.364198095315980908e+01
-6.337295870407993448e+01
-6.308989287203144158e+01
-6.279277419147032901e+01
-6.248181624736008644e+01
-6.215708405765919764e+01
-6.181879120733114519e+01
-6.146692843083192059e+01
-6.110178359662752001e+01
-6.072334743917392785e+01
-6.033198211043961123e+01
-5.992782691188559596e+01
-5.951109459372004551e+01
-5.908184600012490506e+01
-5.864043827453685509e+01
-5.818700570988502108e+01
-5.772168259909855692e+01
-5.724467751860912301e+01
-5.675627332835087913e+01
-5.625653003775045846e+01
-5.574573050674199948e+01
-5.522408331175718388e+01
-5.469172274572515846e+01
-5.414900595208255396e+01
-5.359599294025602489e+01
-5.303318942068724340e+01
-5.246065540280284978e+01
-5.187874803003947477e+01
-5.128767587882879297e+01
-5.068779609260745644e+01
-5.007916868080209838e+01
-4.946222507035189153e+01
-4.883717383768846076e+01
-4.820414927574097419e+01
-4.756350852794609096e+01
-4.691538588723294367e+01
-4.626013849703819147e+01
-4.559804921729597993e+01
-4.492925234093546294e+01
-4.425403072789079317e+01
-4.357281580510112917e+01
-4.288566758199310414e+01
-4.219301748550589082e+01
-4.149499980856861470e+01
-4.079197169461794203e+01
-4.008414172008552612e+01
-3.937186702840801189e+01
-3.865535619601705264e+01
-3.793496636634929331e+01
-3.721083183233388780e+01
-3.648338402091000177e+01
-3.575275722500676068e+01
-3.501930858806083080e+01
-3.428324668650385831e+01
-3.354485438027000299e+01
-3.280448881279590267e+01
-3.206228427701072548e+01
-3.131852363284859209e+01
-3.057363830724868947e+01
-2.982768830963764728e+01
-2.908117935045711633e+01
-2.833424572263625407e+01
-2.758724597977418469e+01
-2.684047003261741082e+01
-2.609420920207490724e+01
-2.534875480905567002e+01
-2.460432389096616745e+01
-2.386113348521288202e+01
-2.311954919620729498e+01
-2.237978806135588172e+01
-2.164206711806512828e+01
-2.090675197074651237e+01
-2.017398537330401354e+01
-1.944413293014910593e+01
-1.871741167868828271e+01
-1.799403865632801569e+01
-1.727423090047478027e+01
-1.655842829904256774e+01
-1.584669932243284940e+01
-1.513940957505710472e+01
-1.443677609432181796e+01
-1.373894163413097402e+01
-1.304627179889604172e+01
-1.235890934252100415e+01
-1.167714558591484675e+01
-1.100119756648404312e+01
-1.033135660513757692e+01
-9.667691172276926537e+00
-9.010566872313573228e+00
-8.360126459151494771e+00
-7.716572113496673602e+00
-7.080158014506837461e+00
-6.451078914537718312e+00
-5.829536994295295038e+00
-5.215704721084547302e+00
-4.609784275611456650e+00
-4.011962981881500134e+00
-3.422413307199660082e+00
-2.841344860622166291e+00
-2.268922681103747507e+00
-1.705326664299634309e+00
-1.150716649319382112e+00
-6.052539609425953149e-01
-6.910140961892904943e-02
4.575692801816619304e-01
9.746034691947971229e-01
1.481843546815997614e+00
1.979146759141282574e+00
2.466407494017922364e+00
2.943490425892186124e+00
3.410275085910845938e+00
3.866633576870420086e+00
4.312435985866848398e+00
4.747566622244500323e+00
5.171892922946664584e+00
5.585326895018126514e+00
5.987750832102677556e+00
6.379054456194353406e+00
6.759127489287193313e+00
7.127844796674733807e+00
7.485207525604766765e+00
7.830986544467325672e+00
8.165249855662452205e+00
8.487916894585183059e+00
8.798981380133056973e+00
9.098288464198610370e+00
9.385906149181884928e+00
9.661679586975415290e+00
9.925602496476740200e+00
1.017766859658340017e+01
1.041787160619293040e+01
1.064605667719786908e+01
1.086229181199825788e+01
1.106657072949163378e+01
1.125873858157053142e+01
1.143886337063499248e+01
1.160693881558255214e+01
1.176295863531075270e+01
1.190699083221962695e+01
1.203895484170421781e+01
1.215899294966705924e+01
1.226695030800069652e+01
1.236289491910515892e+01
1.244689478538048988e+01
1.251894362572422814e+01
1.257910944253640828e+01
1.262738595471456904e+01
1.266376688115625093e+01
1.268832022426149209e+01
1.270111398643032885e+01
1.270221617006279935e+01
1.269176906106144287e+01
1.266969209482129699e+01
1.263620184074739861e+01
1.259129201773728823e+01
1.253510491169350338e+01
1.246770852501608040e+01
1.238917086010506097e+01
1.229955991936047788e+01
1.219901798868487397e+01
1.208761307047828737e+01
1.196541316714075265e+01
1.183255979191222629e+01
1.168911708387982173e+01
1.153529697647306662e+01
1.137108855261399576e+01
1.119670374573213323e+01
1.101220592225201145e+01
1.081780701560315983e+01
1.061357039221010723e+01
1.039970798550238484e+01
1.017620887840202037e+01
9.943433571343545552e+00
9.701371147248989857e+00
9.450233539547880923e+00
9.190158398167250553e+00
8.921357656536626379e+00
8.643894681080539044e+00
8.357981405228517957e+00
8.063681195405095536e+00
7.761280268542296135e+00
7.450916274567153330e+00
7.132682293305195209e+00
6.806767973135203320e+00
6.473362962435954771e+00
6.132671766286730275e+00
5.784876604716060022e+00
5.430189411153473422e+00
5.068784977277250192e+00
4.700882664867169325e+00
4.326657265601511426e+00
3.946298427859055380e+00
3.559988371668330931e+00
3.167909317057867824e+00
2.770236055705946665e+00
2.367158235991345006e+00
1.958858077942594811e+00
1.545502944887723995e+00
1.127304770256263300e+00
7.044569166021169559e-01
2.771505179741146074e-01
-1.544143775586139522e-01
-5.900436646071394176e-01
-1.029530609587106627e+00
-1.472692992469985862e+00
-1.919318879826248159e+00
-2.369211194926863495e+00
-2.822165432692552045e+00
-3.277984516394283787e+00
-3.736463940952781115e+00
-4.197399201288761539e+00
-4.660593220673196591e+00
-5.125855419890464226e+00
-5.592991496377569760e+00
-6.061798788384424874e+00
-6.532082062511191722e+00
-7.003675798759034343e+00
-7.476340193626614727e+00
-7.949835443612595753e+00
-8.424092597271389593e+00
-8.898745569147406442e+00
-9.373725407795063802e+00
-9.848666027758767427e+00
-1.032349847759293837e+01
-1.079793095534448177e+01
-1.127174594256281459e+01
-1.174480020429984428e+01
-1.221695050560748896e+01
-1.268790504453265910e+01
-1.315752058612726394e+01
-1.362565389544322159e+01
-1.409201317052744251e+01
-1.455660374343683827e+01
-1.501905952871582173e+01
-1.547931157491880505e+01
-1.593706808009270226e+01
-1.639226009279192198e+01
-1.684467009456588116e+01
-1.729408056696399143e+01
-1.774027399153566265e+01
-1.818325570033781347e+01
-1.862265960791485142e+01
-1.905849104632368096e+01
-1.949045821361123032e+01
-1.991849215833190456e+01
-2.034237536203511709e+01
-2.076203887327528008e+01
-2.117719089009930400e+01
-2.158783674456410395e+01
-2.199368463471659041e+01
-2.239466560911117909e+01
-2.279071071630228218e+01
-2.318152815433681013e+01
-2.356704897176917157e+01
-2.394720421715378933e+01
-2.432177637204006615e+01
-2.469062220147991837e+01
-2.505374703753026111e+01
-2.541093336174050066e+01
-2.576203793916255691e+01
-2.610699181835083849e+01
-2.644565176435725462e+01
-2.677794728822272674e+01
-2.710380175093419552e+01
-2.742306269246258310e+01
-2.773557765277882936e+01
-2.804134273885889073e+01
-2.834027977417618871e+01
-2.863216201519916382e+01
-2.891698556890375471e+01
-2.919467225876340777e+01
-2.946514390825154805e+01
-2.972832234084162550e+01
-2.998405509650456580e+01
-3.023241256571882474e+01
-3.047324228845532090e+01
-3.070639180468499774e+01
-3.093193150488630394e+01
-3.114978321253266813e+01
-3.135979446759503020e+01
-3.156196137704933236e+01
-3.175620576436901032e+01
-3.194252373652999211e+01
-3.212083711700573474e+01
-3.229121629627466206e+01
-3.245350881430771750e+01
-3.260778506158333556e+01
-3.275404114507745845e+01
-3.289219888826352189e+01
-3.302225439811746810e+01
-3.314420378161522507e+01
-3.325796886223024984e+01
-3.336362003044095559e+01
-3.346115339322329874e+01
-3.355041649054822273e+01
-3.363155399639663301e+01
-3.370448773424200795e+01
-3.376921381106025422e+01
-3.382587690083234122e+01
-3.387439882703166916e+01
-3.391477569663420866e+01
-3.394707790011838000e+01
-3.397130154446012540e+01
-3.398744273663539417e+01
-3.399564615062509887e+01
-3.399575932640020426e+01
-3.398792693794163000e+01
-3.397214509222533252e+01
-3.394848417972972499e+01
-3.391686602392826444e+01
-3.387750958230439124e+01
-3.383033667833152691e+01
-3.377549131996283194e+01
-3.371296628403526086e+01
-3.364297653186549297e+01
-3.356551417426270945e+01
-3.348064560553857660e+01
-3.338851150350726016e+01
-3.328902969547544899e+01
-3.318241514275981530e+01
-3.306865995616952603e+01
-3.294783053001625461e+01
-3.282006754211418098e+01
-3.268543738677496435e+01
-3.254400645831029948e+01
-3.239576686752935331e+01
-3.224100785925128321e+01
-3.207972154428529166e+01
-3.191197431694302367e+01
-3.173798113854117986e+01
-3.155765983638641003e+01
-3.137129965529790354e+01
-3.117889270608483088e+01
-3.098057966656135775e+01
-3.077657549804416703e+01
-3.056679802783993694e+01
-3.035153650076782483e+01
-3.013078302763702254e+01
-2.990467828626169222e+01
-2.967336295445600314e+01
-2.943697771003414587e+01
-2.919551466380528026e+01
-2.894918877708608917e+01
-2.869806644418823538e+01
-2.844228834292590236e+01
-2.818192086761075998e+01
-2.791717897955948757e+01
-2.764820335658625083e+01
-2.737506039300272676e+01
-2.709803933362809047e+01
-2.681713228927151960e+01
-2.653255422124967211e+01
-2.624437152387424277e+01
-2.595287344196439250e+01
-2.565797780282679597e+01
-2.535989956777812893e+01
-2.505877941463256775e+01
-2.475475802120428170e+01
-2.444782749830244484e+01
-2.413835137424873523e+01
-2.382624747634982398e+01
-2.351180504942488625e+01
-2.319509107868338305e+01
-2.287632347993095649e+01
-2.255557219286602333e+01
-2.223298144068950322e+01
-2.190876973010482942e+01
-2.158293271730792640e+01
-2.125576319250470902e+01
-2.092733109539361180e+01
-2.059778064917555440e+01
-2.026718179354896066e+01
-1.993575303521725672e+01
-1.960356431387886644e+01
-1.927090841973971180e+01
-1.893778100899571726e+01
-1.860432630484781313e+01
-1.827083709750191787e+01
-1.793730904315395591e+01
-1.760396064850735343e+01
-1.727086185326053780e+01
-1.693823116411692453e+01
-1.660621280427744040e+01
-1.627480242993802051e+01
-1.594421854780207326e+01
-1.561460538107053431e+01
-1.528603286944182393e+01
-1.495871951961936652e+01
-1.463266098779908653e+01
-1.430807578068440655e+01
-1.398503383797375399e+01
-1.366375366637054789e+01
-1.334423092207072159e+01
-1.302675839528018997e+01
-1.271125745869238521e+01
-1.239794661901072459e+01
-1.208697009943613665e+01
-1.177832355616454230e+01
-1.147229977940187062e+01
-1.116882014184154137e+01
-1.086817743368948186e+01
-1.057029302763911538e+01
-1.027538543039386632e+01
-9.983524581652156726e+00
-9.694854704614913388e+00
-9.409445738980561913e+00
-9.127367624447524364e+00
-8.848690300714224577e+00
-8.573632274484085158e+00
-8.302263485455535275e+00
-8.034505306321996443e+00
-7.770650527289395093e+00
-7.510688499364029269e+00
-7.254724491448465429e+00
-7.002864895605898532e+00
-6.755186390498516324e+00
-6.511758226438265851e+00
-6.272664510437585328e+00
-6.037974492808420024e+00
-5.807764852212960349e+00
-5.582119695663650738e+00
-5.361108273472432018e+00
-5.144792407600997208e+00
-4.933226491660788859e+00
-4.726479775963747798e+00
-4.524614082471569709e+00
-4.327683804795693590e+00
-4.135743336547563764e+00
-3.948861928039121949e+00
-3.767079116181310638e+00
-3.590441866235322799e+00
-3.418997143462349619e+00
-3.252791913123584511e+00
-3.091865712129969523e+00
-2.936272934092946763e+00
-2.786053115923458723e+00
-2.641223509481698706e+00
-2.501823651678607874e+00
-2.367863366024129501e+00
-2.239367332728705584e+00
-2.116367660353027702e+00
-1.998889029107540072e+00
-1.886941262502183525e+00
-1.780541612397151141e+00
-1.679707330652635111e+00
-1.584440812428328016e+00
-1.494759309584422047e+00
-1.410665217280609784e+00
-1.332175787377083420e+00
-1.259293415033535535e+00
-1.192020495409658265e+00
-1.130344566964644137e+00
-1.074260596507935706e+00
-1.023756122498725496e+00
-9.788261117464551742e-01
-9.394655310605678489e-01
-9.056544905500055753e-01
-8.773879570242106851e-01
-8.546460405921258996e-01
-8.374014230124432467e-01
-8.256416427443552530e-01
-8.193393815465546126e-01
-8.184901680183332973e-01
-8.230620645173839511e-01
-8.330236951912490806e-01
-8.483362558372211648e-01
-8.689460855520925175e-01
-8.948292368336557834e-01
-9.259394771289536363e-01
-9.622305738850284174e-01
-1.003663722899172273e+00
-1.050192691618428098e+00
-1.101763819139587985e+00
-1.158323444559445026e+00
-1.219832763675291032e+00
-1.286238115583919095e+00
-1.357485839382121195e+00
-1.433522274166690202e+00
-1.514293759034418319e+00
-1.599724348031348109e+00
-1.689760380254272221e+00
-1.784333338099482802e+00
-1.883374703963272445e+00
-1.986823388592184214e+00
-2.094610874382509369e+00
-2.206668643730541834e+00
-2.322913322332072816e+00
-2.443276392583395573e+00
-2.567681908530552448e+00
-2.696053924219585785e+00
-2.828316493696537925e+00
-2.964393671007452546e+00
-3.104209510198370214e+00
-3.247680636965084133e+00
-3.394723677003387508e+00
-3.545270112709572263e+00
-3.699243998129680744e+00
-3.856547102259006543e+00
-4.017118335844090282e+00
-4.180852039529975528e+00
-4.347657410662203681e+00
-4.517443646586320583e+00
-4.690119944647864969e+00
-4.865580645491879963e+00
-5.043742374814159213e+00
-5.224514329960245007e+00
-5.407790851575179580e+00
-5.593488565354754805e+00
-5.781524096994764328e+00
-5.971806643840749551e+00
-6.164245403238253651e+00
-6.358742144182570222e+00
-6.555213120426937934e+00
-6.753558241253899475e+00
-6.953654758952694692e+00
-7.155506207766811677e+00
-7.358856129680990676e+00
-7.563708058938721557e+00
-7.769991246280993025e+00
-7.977486375443793243e+00
-8.186196980670615631e+00
-8.396052312702448006e+00
-8.606833055275279420e+00
-8.818468459130098580e+00
-9.030962058510398904e+00
-9.244094537152163227e+00
-9.457869429298890296e+00
-9.672141702189060553e+00
-9.886766323061166872e+00
-1.010174682615870267e+01
-1.031686389521765257e+01
-1.053212106448150820e+01
-1.074737330118875889e+01
-1.096254985608039334e+01
-1.117750569639490266e+01
-1.139217007287327377e+01
-1.160647223625650071e+01
-1.182034143728557041e+01
-1.203355835969647103e+01
-1.224620082123519360e+01
-1.245804950563772806e+01
-1.266903366364506311e+01
-1.287908254599818925e+01
-1.308812540343809516e+01
-1.329609148670577135e+01
-1.350283576303970712e+01
-1.370828748318089474e+01
-1.391237589787031403e+01
-1.411495597434646498e+01
-1.431603124685283390e+01
-1.451545668262790834e+01
-1.471323581591518170e+01
-1.490922361395314155e+01
-1.510327504398027543e+01
-1.529546792374257436e+01
-1.548558293697602828e+01
-1.567362361792413061e+01
-1.585944493382536180e+01
-1.604305041892321881e+01
-1.622429504045618742e+01
-1.640310804916526166e+01
-1.657949297929392785e+01
-1.675330397899163870e+01
-1.692446620355421061e+01
-1.709297827269090320e+01
-1.725876452260849803e+01
-1.742167500601127017e+01
-1.758178262611098930e+01
-1.773901171911442987e+01
-1.789313805422337111e+01
-1.804430881815207499e+01
-1.819229978010232429e+01
-1.833718384328588513e+01
-1.847881106040703614e+01
-1.861718005117504759e+01
-1.875221515179669041e+01
-1.888384069847874969e+01
-1.901205531093048506e+01
-1.913678332535867455e+01
-1.925802336147259197e+01
-1.937569975547901535e+01
-1.948981112708720431e+01
-1.960020752900145169e+01
-1.970703614793601233e+01
-1.981007275309267257e+01
-1.990931596418069560e+01
-2.000483868441186175e+01
-2.009649096649044253e+01
-2.018427143012571179e+01
-2.026817869502693981e+01
-2.034813709740090459e+01
-2.042414525695687644e+01
-2.049620179340412562e+01
-2.056430532645193665e+01
-2.062845447580956915e+01
-2.068857357768380467e+01
-2.074466125178390996e+01
-2.079671611781916596e+01
-2.084473679549884295e+01
-2.088872190453221123e+01
-2.092859578112604879e+01
-2.096443132849212887e+01
-2.099615288283721881e+01
-2.102375906387059601e+01
-2.104732277480403724e+01
-2.106669406834180691e+01
-2.108202013119818830e+01
-2.109322529957994874e+01
-2.110030819319635853e+01
-2.110334171525919800e+01
-2.110225020197524159e+01
-2.109710655655625544e+01
-2.108783464734393931e+01
-2.107457932172719239e+01
-2.105726210872233750e+01
-2.103587882084819327e+01
-2.101049955412608483e+01
-2.098112012107483437e+01
-2.094781061771575636e+01
-2.091049257306518427e+01
-2.086923608314443257e+01
-2.082403696047231989e+01
-2.077489101756768264e+01
-2.072186835045182463e+01
-2.066496477164357870e+01
-2.060425037716426644e+01
-2.053972097953270648e+01
-2.047144667477022040e+01
-2.039949755889813332e+01
-2.032386944443526744e+01
-2.024463242740293722e+01
-2.016185660382247491e+01
-2.007546350271019264e+01
-1.998559750358992204e+01
-1.989232870248297758e+01
-1.979557862840568561e+01
-1.969541737737936415e+01
-1.959198932892783773e+01
-1.948521601206742915e+01
-1.937516752281945642e+01
-1.926191395720524469e+01
-1.914552541124611906e+01
-1.902599769746089109e+01
-1.890347519537339238e+01
-1.877795371750244158e+01
-1.864950335986936025e+01
-1.851811993499296705e+01
-1.838394782239709357e+01
-1.824690855109805199e+01
-1.810722078412216973e+01
-1.796480605048576251e+01
-1.781980872971265839e+01
-1.767222463432167956e+01
-1.752212386033414759e+01
-1.736957650377137696e+01
-1.721465266065469635e+01
-1.705742242700543088e+01
-1.689788161534239208e+01
-1.673624888869191452e+01
-1.657252005957280971e+01
-1.640676522400640280e+01
-1.623898019451151598e+01
-1.606930955412799022e+01
-1.589775013295473371e+01
-1.572437324810917758e+01
-1.554932450021124701e+01
-1.537252663937337616e+01
-1.519419954971798603e+01
-1.501426598135750545e+01
-1.483294581841436965e+01
-1.465023609450349973e+01
-1.446613384323982743e+01
-1.428085894874578266e+01
-1.409433416113379067e+01
-1.390677936452628138e+01
-1.371819159253818299e+01
-1.352856787878442368e+01
-1.333812810738742982e+01
-1.314679502845963199e+01
-1.295478852612345833e+01
-1.276203135049133941e+01
-1.256866910218319688e+01
-1.237477309831646544e+01
-1.218041465600857087e+01
-1.198566509237694078e+01
-1.179052144103650690e+01
-1.159512930260719443e+01
-1.139948571070392980e+01
-1.120373626594664884e+01
-1.100795228545277205e+01
-1.081213080283723116e+01
-1.061641741871995492e+01
-1.042080916671586799e+01
-1.022545164744490620e+01
-1.003041617802449004e+01
-9.835699792069553027e+00
-9.641448090200020360e+00
-9.447658106030822012e+00
-9.254401156679385565e+00
-9.061748559263142155e+00
-8.869771630899512260e+00
-8.678541688705934121e+00
-8.488055766297328830e+00
-8.298459464293630461e+00
-8.109824099812263043e+00
-7.922072422965657168e+00
-7.735424317876237410e+00
-7.549876818158937297e+00
-7.365456670829683361e+00
-7.182264906406901517e+00
-7.000343128607021903e+00
-6.819740369496723353e+00
-6.640513673292092633e+00
-6.462722419405852570e+00
-6.286419142699635643e+00
-6.111671234735574387e+00
-5.938523802025049037e+00
-5.767021951079444264e+00
-5.597233073460889052e+00
-5.429202275680767187e+00
-5.262989520950961619e+00
-5.098632487432602112e+00
-4.936191138337572504e+00
-4.775718008527502612e+00
-4.617235919463027471e+00
-4.460812262706276954e+00
-4.306469859717884319e+00
-4.154261245359480270e+00
-4.004224097792198123e+00
-3.856410951877669469e+00
-3.710852057426775374e+00
-3.567577664250398239e+00
-3.426632878859921405e+00
-3.288047951066225938e+00
-3.151860559030443820e+00
-3.018108380913707478e+00
-2.886821666526897978e+00
-2.758030665680899052e+00
-2.631773056536840905e+00
-2.508071660555356797e+00
-2.386949299197078211e+00
-2.268451078973387158e+00
-2.152599821344915121e+00
-2.039425776122545386e+00
-1.928936908066409606e+00
-1.821163466987389290e+00
-1.716128274346116811e+00
-1.613839294902724264e+00
-1.514319350117843133e+00
-1.417583833101856206e+00
-1.323655565315394966e+00
-1.232549939868841982e+00
-1.144274921522328459e+00
-1.058838475035986937e+00
-9.762634218704495659e-01
-8.965525269406730002e-01
-8.197248975321645981e-01
-7.457892412400812798e-01
-6.747520371545048246e-01
-6.066167930254175999e-01
-5.413877594378263547e-01
-4.790699298117633842e-01
-4.196679414205213288e-01
-3.631872354555107929e-01
-3.096328969614035032e-01
-2.590040683026707535e-01
-2.112969947871865262e-01
-1.665080702898299458e-01
-1.246342086699973317e-01
-8.567195236957277082e-02
-4.961821524795266558e-02
-1.646797979346857621e-02
1.378577716011561601e-02
4.115431293867836265e-02
6.564517069297325091e-02
8.726886491385371647e-02
1.060344244221233384e-01
1.219508780385856056e-01
1.350309687591690622e-01
1.452941250950272878e-01
1.527642325674636870e-01
1.574636910277318613e-01
1.594149003270853016e-01
1.586424888218525286e-01
1.551673706932371055e-01
1.490141742975674977e-01
1.402045566510722596e-01
1.287624032750548930e-01
1.147101140207689718e-01
9.807083157449296429e-02
7.886695578748038893e-02
5.712237218103478203e-02
3.286074342595218800e-02
6.113086259776112294e-03
-2.308846832741244179e-02
-5.471156649502490615e-02
-8.872437438699033729e-02
-1.250934981936851487e-01
-1.637878468940633103e-01
-2.047753637815463157e-01
-2.480217636444806695e-01
-2.934935041062378125e-01
-3.411592712952642992e-01
-3.909832943298565122e-01
-4.429335165034359867e-01
-4.969771382743991550e-01
-5.530783887610424276e-01
-6.111962972364874958e-01
-6.712913786439058672e-01
-7.333130054010935650e-01
-7.972306064715225515e-01
-8.629950399430390551e-01
-9.305719386226963818e-01
-9.999043223416244075e-01
-1.070964842350659474e+00
-1.143703864849888507e+00
-1.218079184389647907e+00
-1.294063452220774346e+00
-1.371607034543354198e+00
-1.450667725907724304e+00
-1.531203320864221062e+00
-1.613171613963181317e+00
-1.696522971404691216e+00
-1.781215187739087602e+00
-1.867191200816207264e+00
-1.954416233536636627e+00
-2.042840652100462062e+00
-2.132407394357520136e+00
-2.223081683208397941e+00
-2.314806456502931820e+00
-2.407539508791458172e+00
-2.501238634624313395e+00
-2.595854200201584305e+00
-2.691329143373108135e+00
-2.787628687039470421e+00
-2.884695769050508396e+00
-2.982495612306808042e+00
-3.080971154658207034e+00
-3.180080190655040884e+00
-3.279780514847645989e+00
-3.380015065085860027e+00
-3.480741635920018950e+00
-3.581910593550210464e+00
-3.683479732526768302e+00
-3.785399419049781500e+00
-3.887620019319336429e+00
-3.990091899535519460e+00
-4.092765425898416964e+00
-4.195605821308614480e+00
-4.298556023615950572e+00
-4.401573827370760306e+00
-4.504624455473630995e+00
-4.607650845774399428e+00
-4.710618221173652032e+00
-4.813469519521224704e+00
-4.916177392067954344e+00
-5.018684776663678626e+00
-5.120964324559232672e+00
-5.222958973604454158e+00
-5.324626518349678150e+00
-5.425939610045742434e+00
-5.526841186542483797e+00
-5.627296070505147796e+00
-5.727260055307368702e+00
-5.826688534087442584e+00
-5.925551756684161120e+00
-6.023797687885570795e+00
-6.121396577530465066e+00
-6.218296390406887753e+00
-6.314467376353632311e+00
-6.409864928508994808e+00
-6.504451868361519118e+00
-6.598191017399749114e+00
-6.691052625462478254e+00
-6.782992085688001715e+00
-6.873972219564864261e+00
-6.963955848581608876e+00
-7.052950364328279598e+00
-7.140829448090421749e+00
-7.227630204859082141e+00
-7.313278314371547850e+00
-7.397848023370118931e+00
-7.481190728089589292e+00
-7.563306391769750725e+00
-7.644194977650398570e+00
-7.723782165468828786e+00
-7.802067918464832275e+00
-7.879052199878205265e+00
-7.954660689446241939e+00
-8.028893350408736751e+00
-8.101750146005484154e+00
-8.173156755973774779e+00
-8.243038860050909022e+00
-8.311470704979177171e+00
-8.378452253998373678e+00
-8.443834903343294229e+00
-8.507692899756232663e+00
-8.569951922974480496e+00
-8.630686219740335119e+00
-8.689747186288592218e+00
-8.747209069361540301e+00
-8.802997548696479768e+00
-8.857186871035700904e+00
-8.909702716116500554e+00
-8.960470763676168460e+00
-9.009639543959504948e+00
-9.056986169698799216e+00
-9.102659171138848038e+00
-9.146584228016948259e+00
-9.188835587075386613e+00
-9.229264644548962337e+00
-9.267871363677471663e+00
-9.304803976031477575e+00
-9.339838100972130519e+00
-9.373194760201359443e+00
-9.404649274406081005e+00
-9.434348381785726545e+00
-9.462215970032215040e+00
-9.488250210339971957e+00
-9.512449273903422764e+00
-9.534811331916985822e+00
-9.555408839077591310e+00
-9.574165683077158207e+00
-9.591005751607614371e+00
-9.606075782868382262e+00
-9.619373948053883794e+00
-9.630749851353543889e+00
-9.640350230966786782e+00
-9.648098974585536780e+00
-9.653994253404217574e+00
-9.658108522119750461e+00
-9.660439951926562685e+00
-9.660912430516576777e+00
-9.659598412586717586e+00
-9.656496069331405252e+00
-9.651603571945068794e+00
-9.644993375124627732e+00
-9.636589366562006376e+00
-9.626389717451630190e+00
-9.614541165992925187e+00
-9.600967599877810343e+00
-9.585667190300712903e+00
-9.568712391958554164e+00
-9.550027092543258433e+00
-9.529683746751754114e+00
-9.507680525778457792e+00
-9.484015600817798486e+00
-9.458761426566697494e+00
-9.431916174219578508e+00
-9.403403731468369386e+00
-9.373370836512487259e+00
-9.341815660546359368e+00
-9.308662091261911797e+00
-9.273982583356065845e+00
-9.237849591525746362e+00
-9.200261286965377039e+00
-9.161141557366882182e+00
-9.120637140929680697e+00
-9.078671925345702221e+00
-9.035318365311869826e+00
-8.990574632022605428e+00
-8.944513180174833877e+00
-8.897057916645605857e+00
-8.848355675559984590e+00
-8.798330459720659746e+00
-8.747129122437824478e+00
-8.694601383011665519e+00
-8.640894094752372467e+00
-8.586079827467639092e+00
-8.530082583960153286e+00
-8.472974934037603489e+00
-8.414680880502686477e+00
-8.355421560168084127e+00
-8.295046692333992056e+00
-8.233703130310598084e+00
-8.171314876900595436e+00
-8.108028785414171935e+00
-8.043768858654017251e+00
-7.978607666427822487e+00
-7.912543495040778474e+00
-7.845723197803076587e+00
-7.777996494014902673e+00
-7.709510236986449883e+00
-7.640262713022909047e+00
-7.570326491931969493e+00
-7.499699860018819386e+00
-7.428381103588654000e+00
-7.356442792449159107e+00
-7.283883212905525539e+00
-7.210745221364446067e+00
-7.137071674232609020e+00
-7.062890571216202673e+00
-6.988222483671171048e+00
-6.913095411303703308e+00
-6.837544782170238200e+00
-6.761591167626715304e+00
-6.685269995729577808e+00
-6.608609266185014874e+00
-6.531651835399714834e+00
-6.454425703079870402e+00
-6.376958868931671631e+00
-6.299279332661305908e+00
-6.221429950675466891e+00
-6.143438722680342856e+00
-6.065326220031874271e+00
-5.987120442436252077e+00
-5.908856817949915019e+00
-5.830563346279054926e+00
-5.752260598779611378e+00
-5.673984003508023122e+00
-5.595754131820235067e+00
-5.517606411772680630e+00
-5.439569074844701646e+00
-5.361663851257963742e+00
-5.283934988058032189e+00
-5.206397018889472150e+00
-5.129086762447597536e+00
-5.052026180727223093e+00
-4.975252092423662731e+00
-4.898779031181481614e+00
-4.822636387345744069e+00
-4.746860979611764897e+00
-4.671467341624108371e+00
-4.596484863727838821e+00
-4.521942936268021462e+00
-4.447863521239470153e+00
-4.374276008987250108e+00
-4.301202361506175187e+00
-4.228671969141310605e+00
-4.156714222237718914e+00
-4.085343654439967054e+00
-4.014589656093119352e+00
-3.944466760841739195e+00
-3.875011787381141826e+00
-3.806231841005641048e+00
-3.738156312060302522e+00
-3.670807162539938773e+00
-3.604198926089117183e+00
-3.538353564702650278e+00
-3.473293040375353247e+00
-3.409039315102039946e+00
-3.345599494177026401e+00
-3.283010396295625632e+00
-3.221279126752152777e+00
-3.160427647541422136e+00
-3.100470492307998427e+00
-3.041422194696446812e+00
-2.983304716701580261e+00
-2.926132591967964824e+00
-2.869912925789914304e+00
-2.814667680162243002e+00
-2.760411388729516524e+00
-2.707158585136298257e+00
-2.654916374676903335e+00
-2.603699290995895588e+00
-2.553521867737840623e+00
-2.504398638547302713e+00
-2.456329280368345636e+00
-2.409343183546034606e+00
-2.363432596674183372e+00
-2.318619481747607569e+00
-2.274903515710370971e+00
-2.232299566989215389e+00
-2.190808986439090944e+00
-2.150455744747874043e+00
-2.111248955902942370e+00
-2.073182877191171780e+00
-2.036274050950189540e+00
-2.000524162817123308e+00
-1.965949755129599241e+00
-1.932552513524744553e+00
-1.900334123639686013e+00
-1.869303699461800417e+00
-1.839470354978465672e+00
-1.810828347476557187e+00
-1.783386790943453093e+00
-1.757147371016279491e+00
-1.732111773332164040e+00
-1.708281683528233064e+00
-1.685658787241613554e+00
-1.664244770109432725e+00
-1.644041317768817345e+00
-1.625042687506644379e+00
-1.607250564960040595e+00
-1.590666635766132986e+00
-1.575285157211798737e+00
-1.561115243284414422e+00
-1.548143722920607201e+00
-1.536364853407253594e+00
-1.525780320381481259e+00
-1.516376952779916243e+00
-1.508163864589936010e+00
-1.501113028047667219e+00
-1.495240985490737362e+00
-1.490534565855772486e+00
-1.486980598079400195e+00
-1.484580767798747036e+00
-1.483321903950439946e+00
-1.483198263821356555e+00
-1.484211533048622522e+00
-1.486341112218615645e+00
-1.489581258618212889e+00
-1.493926229534290551e+00
-1.499362853903476234e+00
-1.505885389012646236e+00
-1.513473235448178134e+00
-1.522120650496948446e+00
-1.531821891445833916e+00
-1.542556358881211898e+00
-1.554318310089959132e+00
-1.567094574008702335e+00
-1.580871979574068664e+00
