# tt
1.045610065480253070e+03
9.877974992185575047e+02
9.305440052082617512e+02
8.860422924625786436e+02
8.540281155019980588e+02
8.323221289012477655e+02
8.182889623371625021e+02
8.102033399938478624e+02
8.067749511415214556e+02
8.065340911130035693e+02
8.098844072792372799e+02
8.147905235832587323e+02
8.211765993988270793e+02
8.279037125656798253e+02
8.366645889352540735e+02
8.472471146872912868e+02
8.584604328632487977e+02
8.710642768189969729e+02
8.834549663991299440e+02
8.963150265994754591e+02
9.096550107978628148e+02
9.230798161526440708e+02
9.369021353246359922e+02
9.512470297387374103e+02
9.656166792894018727e+02
9.804184162932177742e+02
9.954841068773914685e+02
1.010744215850721503e+03
1.026404064346388623e+03
1.041864711002764579e+03
1.057935438848421200e+03
1.074085208255791940e+03
1.090287847397917858e+03
1.107113632013406459e+03
1.123652746375667903e+03
1.140434324449506676e+03
1.157569711917050199e+03
1.174957208235823600e+03
1.192510563547012907e+03
1.210140045356078190e+03
1.227853415879320892e+03
1.245669811397814101e+03
1.263645509943882416e+03
1.281851646250349859e+03
1.300259711674761320e+03
1.318851183337295424e+03
1.337597035185852519e+03
1.356483097868832601e+03
1.375562057186885795e+03
1.394890283573047327e+03
1.414412604035648656e+03
1.434055245164655389e+03
1.453796432001783842e+03
1.473629246289250659e+03
1.493663885983469754e+03
1.514003599481644187e+03
1.534608759136425306e+03
1.555395167198963236e+03
1.576345481072660050e+03
1.597469291011577525e+03
1.618772493418675595e+03
1.640273060847075612e+03
1.661974109149399283e+03
1.683901039229017442e+03
1.706091128983307271e+03
1.728525167382166273e+03
1.751166106988496949e+03
1.773969472014952544e+03
1.796905643374685269e+03
1.819952525487280127e+03
1.843222113701548778e+03
1.866826498522483917e+03
1.890773773551578415e+03
1.915064604040075892e+03
1.939653697073651074e+03
1.964415923979202717e+03
1.989336193273312801e+03
2.014458840274561226e+03
2.039805915250779208e+03
2.065401883237366746e+03
2.091258583289245962e+03
2.117353127477658290e+03
2.143684912924595210e+03
2.170245908401798260e+03
2.197032447703752950e+03
2.224013754614430582e+03
2.251170846290794543e+03
2.278514453290811616e+03
2.306047877822195915e+03
2.333781359893146146e+03
2.361715748962545604e+03
2.389866260640010296e+03
2.418225825484407324e+03
2.446809659105353148e+03
2.475610692061713507e+03
2.504629283262606350e+03
2.533873219967396835e+03
2.563320576034452642e+03
2.592986567073389324e+03
2.622864123643074436e+03
2.652953604652623198e+03
2.683240512310653685e+03
2.713725205526281115e+03
2.744400614858372592e+03
2.775259670865794305e+03
2.806295304107414267e+03
2.837493016791846912e+03
2.868860596178460128e+03
2.900383544475869257e+03
2.932054677096203704e+03
2.963873777214883830e+03
2.995833084510342360e+03
3.027924838661012927e+03
3.060141279345328257e+03
3.092482074591971013e+03
3.124939464079373920e+03
3.157498259135720218e+03
3.190158127789692116e+03
3.222911309719722794e+03
3.255750044604244977e+03
3.288659143771441904e+03
3.321638275249995786e+03
3.354679678718339801e+03
3.387768165504657190e+03
3.420903403637629253e+03
3.454070204445441050e+03
3.487260807606523485e+03
3.520474881149561497e+03
3.553697236402734688e+03
3.586912940809118481e+03
3.620130371322092742e+03
3.653328447608929764e+03
3.686508374387648928e+03
3.719656499675771101e+03
3.752774028191317939e+03
3.785847307951810308e+03
3.818870115325019015e+03
3.851828798328464927e+03
3.884731990030418729e+03
3.917558610098152258e+03
3.950302434899435411e+03
3.982964669152288479e+03
4.015524232523984665e+03
4.047982329732542894e+03
4.080310452094984612e+03
4.112502375979080171e+03
4.144544449402353166e+03
4.176423020382320829e+03
4.208124436936505845e+03
4.239627389895954366e+03
4.270939368147810455e+03
4.302045346692246312e+03
4.332945157229930373e+03
4.363631203111282048e+03
4.394110744387224258e+03
4.424361327707675628e+03
4.454390213123557260e+03
4.484182375635037715e+03
4.513730218592538222e+03
4.543011288645979221e+03
4.572017989145780120e+03
4.600742723442363058e+03
4.629163038185645746e+03
4.657278765076299351e+03
4.685074879114494252e+03
4.712543783650651676e+03
4.739677882035190123e+03
4.766469577618529911e+03
4.792911273751091358e+03
4.818987945433046661e+03
4.844706852715314199e+03
4.870045542247813501e+03
4.894996417380966705e+03
4.919559309815443157e+03
4.943719331303865147e+03
4.967469568958914351e+03
4.990795818295475328e+03
5.013698731528931603e+03
5.036171532524418581e+03
5.058200016796819000e+03
5.079784836561518205e+03
5.100919215683648872e+03
5.121588949678096469e+03
5.141794690760245430e+03
5.161522234444978494e+03
5.180772232947680095e+03
5.199537910133485639e+03
5.217805061517276954e+03
5.235574339314440294e+03
5.252838967390110156e+03
5.269584741259168368e+03
5.285804884786750335e+03
5.301507478538490432e+03
5.316678318029273214e+03
5.331318055474481298e+03
5.345427343089500027e+03
5.359006833089712927e+03
5.372034892639754617e+03
5.384527030655508497e+03
5.396468908749076036e+03
5.407853081271667179e+03
5.418657111971212544e+03
5.428888277996638863e+03
5.438516714745624085e+03
5.447549699367097674e+03
5.455972223959237454e+03
5.463776708970471191e+03
5.470992716600476342e+03
5.477605238947431644e+03
5.483621553160265648e+03
5.489056364738155935e+03
5.493909522479781117e+03
5.498188303534069746e+03
5.501892556699699526e+03
5.505007274074847373e+03
5.507532304458193721e+03
5.509467496648415363e+03
5.510805271093940974e+03
5.511538048243197409e+03
5.511673105245115039e+03
5.511195434197870782e+03
5.510112312250392279e+03
5.508431016551608081e+03
5.506151395900196803e+03
5.503265870744587119e+03
5.499781718233705760e+03
5.495698787166231341e+03
5.491024354691092412e+03
5.485750841256717649e+03
5.479885524012032874e+03
5.473435680105969368e+03
5.466393729986953986e+03
5.458759522453663521e+03
5.450547763005277375e+03
5.441743443739974282e+03
5.432368698507180852e+03
5.422415947755327579e+03
5.411892468633340286e+03
5.400798109939898495e+03
5.389132720473679910e+03
5.376911005733861202e+03
5.364132814519123713e+03
5.350797995628144236e+03
5.336921254560098532e+03
5.322509868463918792e+03
5.307556257788030962e+03
5.292082556381862560e+03
5.276081184693843170e+03
5.259566848223150373e+03
5.242531925183586281e+03
5.224983481550950273e+03
5.206921112716167045e+03
5.188359270770656622e+03
5.169282694404842914e+03
5.149705835710151405e+03
5.129635718427754909e+03
5.109086794649074363e+03
5.088066088115284401e+03
5.066595479268058625e+03
5.044674563498319003e+03
5.022325221247740046e+03
4.999554476257494571e+03
4.976369352268755392e+03
4.952769444672447207e+03
4.928761777209740103e+03
4.904360801972060472e+03
4.879566114350329372e+03
4.854377309735472409e+03
4.828801411868660580e+03
4.802860301191567487e+03
4.776546144744866979e+03
4.749888251320480776e+03
4.722878787959084548e+03
4.695532206752100137e+03
4.667870388141201147e+03
4.639892927517308635e+03
4.611606848621599966e+03
4.583026603545495163e+03
4.554166644380418802e+03
4.525026566517292849e+03
4.495620822047541878e+03
4.465963863062588644e+03
4.436055284953355113e+03
4.405909539811266768e+03
4.375533651377495516e+03
4.344949500093714050e+03
4.314156681350847066e+03
4.283162218890067379e+03
4.251987993153046773e+03
4.220641027880958973e+03
4.189120918464729584e+03
4.157442116995778633e+03
4.125619075565531602e+03
4.093651389564910005e+03
4.061553511085337959e+03
4.029325035517738797e+03
3.996987843303785212e+03
3.964548958184650928e+03
3.932015403901508762e+03
3.899401635557755526e+03
3.866722120304686541e+03
3.833983899955319430e+03
3.801201444672922207e+03
3.768389224620764253e+03
3.735546853261611432e+03
3.702696229108984880e+03
3.669844393975900402e+03
3.636998389675377439e+03
3.604157829670183673e+03
3.571352040824087908e+03
3.538573208249607433e+03
3.505843230460261111e+03
3.473169149269067930e+03
3.440550578138794208e+03
3.408009415582960173e+03
3.375552703414582993e+03
3.343194911796930683e+03
3.310935654192771835e+03
3.278781972415124073e+03
3.246763193327756198e+03
3.214864073692937382e+03
3.183113940374433696e+03
3.151504978484765161e+03
3.120059086537448820e+03
3.088775877995253722e+03
3.057669823021447883e+03
3.026747963429048923e+03
2.996017341031076285e+03
2.965492425990797074e+03
2.935172831770979428e+03
2.905073028534892728e+03
2.875192629745303748e+03
2.845546105565481867e+03
2.816147926158695100e+03
2.786997704987711131e+03
2.758102483865548038e+03
2.729469304605225261e+03
2.701112637370008997e+03
2.673039523972920051e+03
2.645249577876724743e+03
2.617749840894441604e+03
2.590547354839089621e+03
2.563641733173436023e+03
2.537040017710499342e+03
2.510749250263298563e+03
2.484769044294600917e+03
2.459106441617424935e+03
2.433775912395039086e+03
2.408777070090211510e+03
2.384124450580157372e+03
2.359825424247632327e+03
2.335879998839089694e+03
2.312295610451231369e+03
2.289087123531011002e+03
2.266247117474630613e+03
2.243783028378793460e+03
2.221702292340202803e+03
2.200004917105310597e+03
2.178690910420570162e+03
2.157767708382683850e+03
2.137235318738104979e+03
2.117108605933785839e+03
2.097372721015679417e+03
2.078049956780988850e+03
2.059132892625916156e+03
2.040628964647165503e+03
2.022538180591188620e+03
2.004860548204438373e+03
1.987610931933867732e+03
1.970774482825429686e+03
1.954366065326076978e+03
1.938378258832012079e+03
1.922818499439938478e+03
1.907679366546057963e+03
1.892968296247074022e+03
1.878692724639689231e+03
1.864837802769856808e+03
1.851418395084529038e+03
1.838434509330158789e+03
1.825878724902949216e+03
1.813758477899602667e+03
1.802073776066572236e+03
1.790817198800060623e+03
1.779988753846521149e+03
1.769595877302655936e+03
1.759638576914917621e+03
1.750102003729260105e+03
1.740993593842384598e+03
1.732313355000745332e+03
1.724061294950794718e+03
1.716222564738484834e+03
1.708812028810769561e+03
1.701814838213600979e+03
1.695231000693432179e+03
1.689060523996715801e+03
1.683295987519654773e+03
1.677944827358951670e+03
1.672999622910809649e+03
1.668460381921681346e+03
1.664327158289009049e+03
1.660592762163942552e+03
1.657257478198871013e+03
1.654321591046184039e+03
1.651770528657770683e+03
1.649604575686020098e+03
1.647824016783322350e+03
1.646421708251815517e+03
1.645383078043390014e+03
1.644723267510934193e+03
1.644412847905838134e+03
1.644466960580990872e+03
1.644878461838531621e+03
1.645640207980599371e+03
1.646737626959083855e+03
1.648185860126874104e+03
1.649962907085609686e+03
1.652076480837929694e+03
1.654512009335723633e+03
1.657277205581630369e+03
1.660357497527539408e+03
1.663745741475590194e+03
1.667449650428421819e+03
1.671454652337923790e+03
1.675753603506235322e+03
1.680346788585745571e+03
1.685212207178093422e+03
1.690365000636169043e+03
1.695775740211361381e+03
1.701444710556059817e+03
1.707372196322653281e+03
1.713543625463031049e+03
1.719966710979833124e+03
1.726619452474697937e+03
1.733509562950265263e+03
1.740629898708674318e+03
1.747973316052063865e+03
1.755532671282574711e+03
1.763308249052594192e+03
1.771285477314013178e+03
1.779457212368969977e+03
1.787808882169354092e+03
1.796340771367555135e+03
1.805038307915461928e+03
1.813894348115214370e+03
1.822901748268951224e+03
1.832053364678811931e+03
1.841356910347436042e+03
1.850797813226712378e+03
1.860368929618780612e+03
1.870070538088496733e+03
1.879902892850585886e+03
1.889843956981489100e+03
1.899893978608398811e+03
1.910038349158005985e+03
1.920269888407252893e+03
1.930581416133080666e+03
1.940958323762181863e+03
1.951386002721246768e+03
1.961879557837968150e+03
1.972409523838537325e+03
1.982998433900896316e+03
1.993616822751236441e+03
2.004287223567499268e+03
2.014980171075876797e+03
2.025710770104060884e+03
2.036464412078742271e+03
2.047226488426613969e+03
2.057997247274866822e+03
2.068762080050192708e+03
2.079506378179282819e+03
2.090230389789329365e+03
2.100919506307024221e+03
2.111573975859558686e+03
2.122186618223874575e+03
2.132757681527164095e+03
2.143272557196117759e+03
2.153738921708178168e+03
2.164157023190536620e+03
2.174504824719634598e+03
2.184797431123164188e+03
2.195005377127317388e+03
2.205136339209534981e+03
2.215175708796509298e+03
2.225108877314931760e+03
2.234943521242244515e+03
2.244665032005138528e+03
2.254266229380555615e+03
2.263754789845937921e+03
2.273116104827976415e+03
2.282350422453864212e+03
2.291457990850791248e+03
2.300439058145950185e+03
2.309286444116282382e+03
2.317992968538729656e+03
2.326558879540483304e+03
2.334969568548236111e+03
2.343225283689178468e+03
2.351318844740252644e+03
2.359243071478400452e+03
2.366990740880525209e+03
2.374561887073627986e+03
2.381949073034422781e+03
2.389152290089871258e+03
2.396178957917188200e+03
2.403014211142835393e+03
2.409665469444026257e+03
2.416125295797474791e+03
2.422386253179893174e+03
2.428463189618744309e+03
2.434333811390242317e+03
2.440012966521849648e+03
2.445485789640029452e+03
2.450752272071745210e+03
2.455812405143959950e+03
2.460666180183636243e+03
2.465306160167488088e+03
2.469724908072227663e+03
2.473929843575069299e+03
2.477906101302474781e+03
2.481661100931658439e+03
2.485187405439332451e+03
2.488477577802210362e+03
2.491546466047755075e+03
2.494379204802429740e+03
2.496990642093698625e+03
2.499373340898272545e+03
2.501527292543116801e+03
2.503452488355193509e+03
2.505156348011715636e+03
2.506624006139147241e+03
2.507870310764950318e+03
2.508887824865838411e+03
2.509669111418524608e+03
2.510229018450472722e+03
2.510552680588144995e+03
2.510654945859004783e+03
2.510528377239765177e+03
2.510180394407639596e+03
2.509596131989090281e+03
2.508797866361831893e+03
2.507778160502577066e+03
2.506529577388037524e+03
2.505066965045677989e+03
2.503390314802460580e+03
2.501492189635099294e+03
2.499380009220806187e+03
2.497053764886545650e+03
2.494513447959280256e+03
2.491759049765972577e+03
2.488805384790951393e+03
2.485637419945002421e+03
2.482269801996778369e+03
2.478709749364679283e+03
2.474949623766608056e+03
2.470989215270715249e+03
2.466850598995902601e+03
2.462518708309821250e+03
2.458000761630873058e+03
2.453296549027209494e+03
2.448420717267481450e+03
2.443358199719341428e+03
2.438123643151439865e+03
2.432724265982179077e+03
2.427145001579209747e+03
2.421400496711183678e+03
2.415497969796502730e+03
2.409429782553067980e+03
2.403203153399280836e+03
2.396817872403292768e+03
2.390281157983505636e+03
2.383600228558320396e+03
2.376774874195888060e+03
2.369804884964361008e+03
2.362712335982640980e+03
2.355482160618379112e+03
2.348136433990475780e+03
2.340667517816833879e+03
2.333082630515854362e+03
2.325388990505938182e+03
2.317593816205488110e+03
2.309696897682653798e+03
2.301698025005588534e+03
2.293611844942942298e+03
2.285438147562867471e+03
2.277176722933515066e+03
2.268834789473286946e+03
2.260426993950834458e+03
2.251938269733808738e+03
2.243390691941111982e+03
2.234784050640894748e+03
2.226118135901308506e+03
2.217400166140755573e+03
2.208629931427386964e+03
2.199822078529854025e+03
2.190976397516308680e+03
2.182092678454902398e+03
2.173178139764035222e+03
2.164239999862110835e+03
2.155278048817278432e+03
2.146306944116375689e+03
2.137311672717976762e+03
2.128321802400341312e+03
2.119322330840227551e+03
2.110320540765145324e+03
2.101331143252853508e+03
2.092346564330361616e+03
2.083381515075428524e+03
2.074443278215563168e+03
2.065516851427526035e+03
2.056631802489574966e+03
2.047773129078469765e+03
2.038948113921718914e+03
2.030178896447333045e+03
2.021443045981819978e+03
2.012770130303439828e+03
2.004152575439200746e+03
1.995597664116612805e+03
1.987105250712934776e+03
1.978682617955676278e+03
1.970344476922596414e+03
1.962083253640704015e+03
1.953898802487258536e+03
1.945805834540019077e+03
1.937804204176244866e+03
1.929901194123445293e+03
1.922089230408628737e+03
1.914390452459805829e+03
1.906789857953734554e+03
1.899302157968174242e+03
1.891927206880384801e+03
1.884664859067624320e+03
1.877529825607653720e+03
1.870514532527480014e+03
1.863626262554614186e+03
1.856872298416564490e+03
1.850252494490590379e+03
1.843766705153951079e+03
1.837422213134155754e+03
1.831218872808463175e+03
1.825163966904383415e+03
1.819249921448925306e+03
1.813498875870097891e+03
1.807888399494410578e+03
1.802440631749871955e+03
1.797155427013741246e+03
1.792025211313029331e+03
1.787057267375243100e+03
1.782251449577643143e+03
1.777622468997988335e+03
1.773155358337798361e+03
1.768857575448387024e+03
1.764736613205828689e+03
1.760792536135946420e+03
1.757032837114815266e+03
1.753442723967759321e+03
1.750037117921102208e+03
1.746816083500668810e+03
1.743779685232283100e+03
1.740927987641768368e+03
1.738261055254949497e+03
1.735786380947900852e+03
1.733496600896196469e+03
1.731399207975910031e+03
1.729494266712866192e+03
1.727774413282638761e+03
1.726247140561302103e+03
1.724919941424929902e+03
1.723778023698847164e+03
1.722836308609377511e+03
1.722087432332094977e+03
1.721531459392823535e+03
1.721168454317388296e+03
1.720998481631612322e+03
1.721029034211570206e+03
1.721252748232836666e+03
1.721669688221234992e+03
1.722272490352339446e+03
1.723076075852474560e+03
1.724073080897214140e+03
1.725256141662132904e+03
1.726625322673053915e+03
1.728188116806052903e+03
1.729944588586952705e+03
1.731879945841077188e+03
1.734001681444502083e+03
1.736309859923050226e+03
1.738804545802546500e+03
1.741485803608814194e+03
1.744346269517428254e+03
1.747386008054212880e+03
1.750605083744991589e+03
1.754003561115589036e+03
1.757574076341579030e+03
1.761324122299036162e+03
1.765231478463033909e+03
1.769318494410147196e+03
1.773562949615449725e+03
1.777979765305265801e+03
1.782554149304919065e+03
1.787286186369187590e+03
1.792168613818413405e+03
1.797209045902390471e+03
1.802407668520664402e+03
1.807742382522029857e+03
1.813235658856781583e+03
1.818865398373714925e+03
1.824631786972375039e+03
1.830542438902556341e+03
1.836582683363303886e+03
1.842752706254163286e+03
1.849060121824928729e+03
1.855482830924395557e+03
1.862028447802358414e+03
1.868697158358362685e+03
1.875474291791453197e+03
1.882360034001174427e+03
1.889354570887071986e+03
1.896450659998440642e+03
1.903648487234825097e+03
1.910940810145521027e+03
1.918327814630072453e+03
1.925809686588025215e+03
1.933379183568673398e+03
1.941036491471562385e+03
1.948774367845987399e+03
1.956592998591493142e+03
1.964492569607624546e+03
1.972450981743176271e+03
1.980483277598194036e+03
1.988582214721972150e+03
1.996733122313555896e+03
2.004943614622740142e+03
2.013206449198819882e+03
2.021506955240840171e+03
2.029860175348845587e+03
2.038244010371631248e+03
2.046666074558992705e+03
2.055119125460224041e+03
2.063595920624620703e+03
2.072089217601477685e+03
2.080599202290339690e+03
2.089126060590751422e+03
2.097655121701758617e+03
2.106186571522905979e+03
2.114713167603488273e+03
2.123235095843050203e+03
2.131745113790887444e+03
2.140243407346544245e+03
2.148722734059316281e+03
2.157175839746137171e+03
2.165595423294500961e+03
2.173989028560039515e+03
2.182349342697886186e+03
2.190669052863173874e+03
2.198940846211034568e+03
2.207179694947351436e+03
2.215370857877006983e+03
2.223514450505383593e+03
2.231603159987614163e+03
2.239637101829081985e+03
2.247608963184919048e+03
2.255518859560508645e+03
2.263352049760732825e+03
2.271108649290974427e+03
2.278788773656617195e+03
2.286377681662541818e+03
2.293882917164382889e+03
2.301282310616772520e+03
2.308590834225592516e+03
2.315793746795726747e+03
2.322883735482307657e+03
2.329868344140967565e+03
2.336732831576589433e+03
2.343477313294556097e+03
2.350109333150499879e+03
2.356621578299553221e+03
2.363014164247100325e+03
2.369287206498521755e+03
2.375433392208951773e+03
2.381460265234022245e+03
2.387353084378617041e+03
2.393119393498367572e+03
2.398744451398156798e+03
2.404228373583368011e+03
2.409556418858883717e+03
2.414736131080335781e+03
2.419760197402858012e+03
2.424613876631332460e+03
2.429312140971642293e+03
2.433840249228669563e+03
2.438205745258047955e+03
2.442401316214908547e+03
2.446427077604635542e+03
2.450275716582361838e+03
2.453954777003718846e+03
2.457464374374089857e+03
2.460797195848607771e+03
2.463960785282904908e+03
2.466947829832114166e+03
2.469758416976289936e+03
2.472399950444422757e+03
2.474857520889424904e+03
2.477138504014958016e+03
2.479227990473934824e+03
2.481118499269517088e+03
2.482809977755117416e+03
2.484302373284147961e+03
2.485588204859770030e+03
2.486667419835396686e+03
2.487539965564440081e+03
2.488220646100812246e+03
2.488701980447674941e+03
2.488991344308691168e+03
2.489096113387522109e+03
2.489016235037580827e+03
2.488744228262028628e+03
2.488280040414278119e+03
2.487616190497491971e+03
2.486745197514831943e+03
2.485659580469459343e+03
2.484359286714787686e+03
2.482836835253978734e+03
2.481099601790694578e+03
2.479154962028596856e+03
2.477002863321098175e+03
2.474650681371861538e+03
2.472098363534297732e+03
2.469360713862319699e+03
2.466437679709339136e+03
2.463329208428768197e+03
2.460027819023770007e+03
2.456526030497505872e+03
2.452831218553638337e+03
2.448928473845079225e+03
2.444810315374990751e+03
2.440484118847035006e+03
2.435957259964874993e+03
2.431214829381422533e+03
2.426286487851088623e+03
2.421164754377036843e+03
2.415857004662928830e+03
2.410363186062176737e+03
2.404705530978942534e+03
2.398861701715888557e+03
2.392846502326927293e+03
2.386645023464971018e+03
2.380264640833681369e+03
2.373697873436220107e+03
2.366937240275750810e+03
2.359997526833982647e+03
2.352871159253068072e+03
2.345565401803457917e+03
2.338080090405352166e+03
2.330437346029701985e+03
2.322622147896207480e+03
2.314656616975819361e+03
2.306540589188737613e+03
2.298273900455163130e+03
2.289856386695296351e+03
2.281295312179587654e+03
2.272583084477987086e+03
2.263734396211196326e+03
2.254741654949164513e+03
2.245604696612092994e+03
2.236338213820681631e+03
2.226927185794631896e+03
2.217378876804393258e+03
2.207700551120416094e+03
2.197884616312651815e+03
2.187938336651550344e+03
2.177868976407562513e+03
2.167668943150637915e+03
2.157352929501477774e+03
2.146920771380282531e+03
2.136379733057503017e+03
2.125729650453338763e+03
2.114992644538740478e+03
2.104153694533409634e+03
2.093227493058045638e+03
2.082206447682598537e+03
2.071105251027770464e+03
2.059916310663510558e+03
2.048639462510019712e+03
2.037281970837748986e+03
2.025843671566898365e+03
2.014324400617667379e+03
2.002738850610758163e+03
1.991072000765869689e+03
1.979345972053953574e+03
1.967553172044959865e+03
1.955700865009339850e+03
1.943788886867291922e+03
1.931831930239518897e+03
1.919814974345719520e+03
1.907760140156844727e+03
1.895659835242845929e+03
1.883521323874172595e+03
1.871351870321275555e+03
1.859151310504355251e+03
1.846919489874869669e+03
1.834671148709804584e+03
1.822406180116905944e+03
1.810124477203915376e+03
1.797833361428828994e+03
1.785532725899390016e+03
1.773237320423842448e+03
1.760939609759680252e+03
1.748646915364898177e+03
1.736359130347239216e+03
1.724083576164698115e+03
1.711827574275269171e+03
1.699591017786695602e+03
1.687373799806722218e+03
1.675175813443092466e+03
1.663011808504050578e+03
1.650874249747090971e+03
1.638763030279957320e+03
1.626692899910893857e+03
1.614663751747644483e+03
1.602668050547703388e+03
1.590720546119314577e+03
1.578828559920471889e+03
1.566977128358419577e+03
1.555188429591652039e+03
1.543454928377662782e+03
1.531783946174445873e+03
1.520182804439995607e+03
1.508651396282056112e+03
1.497189614808371289e+03
1.485797353126685039e+03
1.474489361045241367e+03
1.463258103321534918e+03
1.452110901413559304e+03
1.441047648429058427e+03
1.430068237475776414e+03
1.419179990011707787e+03
1.408382799144595992e+03
1.397683986332435325e+03
1.387076016332719746e+03
1.376573638953693717e+03
1.366169318952850745e+03
1.355870377788185124e+03
1.345676708567440755e+03
1.335595632748612161e+03
1.325619615089192848e+03
1.315763405397427050e+03
1.306019468430808729e+03
1.296387697297082241e+03
1.286882841804491363e+03
1.277497388351356221e+03
1.268231338249551300e+03
1.259092142802027638e+03
1.250072396611235035e+03
1.241186979330374925e+03
1.232428485561897332e+03
1.223804366608753071e+03
1.215307217073392394e+03
1.206944488258766341e+03
1.198723631467825271e+03
1.190637241303019437e+03
1.182692769067300333e+03
1.174890237713367696e+03
1.167229670193922630e+03
1.159711089461665324e+03
1.152334518469296654e+03
1.145107408519766977e+03
1.138022354215527002e+03
1.131086806859527542e+03
1.124300789404468787e+03
1.117656896452801448e+03
1.111162579307476335e+03
1.104817860921193642e+03
1.098630192596904180e+03
1.092584740586808948e+03
1.086688956193857621e+03
1.080950290721001465e+03
1.075361338770690509e+03
1.069922123295626079e+03
1.064640095598758535e+03
1.059507850282538129e+03
1.054525410299665509e+03
1.049692798602841549e+03
1.045017466495016834e+03
1.040492008578641617e+03
1.036116447806416545e+03
1.031898235481292431e+03
1.027829966205719757e+03
1.023911662932399167e+03
1.020143348614030970e+03
1.016525046203316151e+03
1.013064207003205183e+03
1.009745997265898495e+03
1.006585296644596838e+03
1.003567271391500299e+03
1.000699372809560373e+03
9.979816238514770248e+02
9.954140474699507877e+02
9.929892382674327109e+02
9.907146475468729250e+02
9.885754574213727892e+02
9.865866268486350918e+02
9.847334172462639117e+02
9.830233750826121195e+02
9.814417617752840215e+02
9.800035521428826542e+02
9.786940076030117552e+02
9.775206746240248776e+02
9.764836713240257495e+02
9.755682591206175402e+02
9.747894128324044232e+02
9.741323938769892266e+02
9.735973203724761333e+02
9.731991671374685211e+02
9.729157672393199618e+02
9.727620954966337194e+02
9.727382700275138632e+02
9.728295522495634486e+02
9.730434886311367109e+02
9.733801972903366959e+02
9.738323679950169662e+02
9.744001188632813637e+02
9.750687113127332850e+02
9.758531201619765625e+02
9.767311784783643134e+02
9.777178610805001426e+02
9.787984293859881291e+02
9.799730015129315461e+02
9.812565522799336577e+02
9.826269147543486042e+02
9.840990637547795359e+02
9.856582606988300768e+02
9.873194804051039455e+02
9.890679842912047661e+02
9.909113188254857505e+02
9.928347454255506364e+02
9.948309538592532135e+02
9.969149189451969733e+02
9.990719021009851986e+02
1.001294593094471793e+03
1.003590538394010196e+03
1.005952427767453855e+03
1.008372950982656562e+03
1.010867082858221579e+03
1.013420084811752758e+03
1.016032074961353601e+03
1.018703171425127834e+03
1.021433492321178733e+03
1.024215727417359858e+03
1.027049994831775166e+03
1.029928978190200496e+03
1.032852764900353804e+03
1.035821436227875665e+03
1.038835073438406880e+03
1.041878901097087464e+03
1.044960428819808158e+03
1.048072309521959596e+03
1.051214624469182127e+03
1.054380026576866385e+03
1.057576025460902883e+03
1.060795274036682031e+03
1.064037853569844401e+03
1.067296416975780630e+03
1.070571045520131293e+03
1.073854392118286796e+03
1.077153966386137427e+03
1.080454992888824108e+03
1.083772409592487293e+03
1.087084012712017284e+03
1.090404740213554760e+03
1.093719816662240419e+03
1.097036751673964545e+03
1.100340769813867610e+03
1.103639380697840124e+03
1.106925237241272953e+03
1.110205849060056380e+03
1.113466440719331104e+03
1.116714521834987181e+03
1.119935316972165765e+03
1.123143764097006851e+03
1.126325087774651365e+03
1.129479369270739653e+03
1.132606689850912062e+03
1.135707130780809393e+03
1.138773344975822283e+03
1.141805413701590851e+03
1.144803418223755898e+03
1.147760011457707833e+03
1.150675274669087457e+03
1.153549289123534663e+03
1.156382136086690707e+03
1.159166468473945770e+03
1.161902367550940198e+03
1.164589914583315021e+03
1.167229190836710131e+03
1.169812849226516391e+03
1.172348399368624769e+03
1.174828494178424990e+03
1.177245786571307917e+03
1.179615214513414230e+03
1.181914558103959962e+03
1.184158674730713528e+03
1.186332692264769321e+03
1.188451451978221712e+03
1.190500081742164639e+03
1.192478566128192369e+03
1.194394318058149565e+03
1.196232465403129936e+03
1.198007849435228081e+03
1.199705598025537711e+03
1.201333124095903486e+03
1.202882983867669736e+03
1.204362590262680442e+03
1.205764499502279705e+03
1.207088696158062021e+03
1.208335164801621659e+03
1.209503890004552204e+03
1.210594856338448608e+03
1.211600620024655200e+03
1.212521165634765566e+03
1.213363906090624369e+03
1.214121397613575482e+03
1.214793624775213630e+03
1.215388000497382791e+03
1.215889652651176903e+03
1.216298565808190460e+03
1.216629581240517837e+03
1.216875255169503362e+03
1.217028143816490683e+03
1.217103088453574628e+03
1.217085216951848906e+03
1.216981942233157952e+03
1.216793248869096033e+03
1.216511693081007706e+03
1.216144687790736498e+03
1.215692217569877130e+03
1.215146838639773932e+03
1.214515963922270430e+03
1.213799577988961573e+03
1.212982808710941526e+03
1.212087925710554146e+03
1.211100056858893595e+03
1.210026615077804763e+03
1.208860156588631071e+03
1.207608094313217407e+03
1.206270412823157812e+03
1.204847096690046101e+03
1.203330702135227057e+03
1.201728642080544660e+03
1.200040901097593178e+03
1.198267452932814194e+03
1.196408228032040142e+03
1.194470574366200253e+03
1.192439554855473943e+03
1.190329945821041292e+03
1.188134238533331654e+03
1.185859780963274488e+03
1.183506492731549088e+03
1.181074293458835655e+03
1.178563102765813710e+03
1.175972840273162319e+03
1.173310853951811168e+03
1.170569635072190067e+03
1.167756531605228702e+03
1.164871463171606138e+03
1.161906921041752184e+03
1.158870253186596528e+03
1.155761379226818917e+03
1.152587647133348355e+03
1.149341548176614651e+03
1.146030430327547720e+03
1.142654213206826853e+03
1.139212816435131344e+03
1.135706159633141169e+03
1.132134162421535848e+03
1.128504172771244839e+03
1.124816110302947664e+03
1.121062466287074130e+03
1.117258017044803410e+03
1.113395253846565538e+03
1.109474096313039581e+03
1.105501892415155453e+03
1.101478561773592901e+03
1.097404024009030991e+03
1.093278198742149698e+03
1.089101005593628315e+03
1.084879792534396529e+03
1.080614479185133860e+03
1.076304985166520055e+03
1.071943801748984697e+03
1.067553133603956894e+03
1.063118043651616745e+03
1.058645879862893707e+03
1.054143990208716787e+03
1.049604865959516474e+03
1.045028426735971607e+03
1.040422020509012100e+03
1.035792995249567412e+03
1.031133842228067124e+03
1.026444481065190985e+03
1.021732263530040200e+03
1.016997128234154161e+03
1.012239017587243666e+03
1.007465302349269678e+03
1.002668496579693397e+03
9.978559710384756727e+02
9.930276681353275308e+02
9.881909586302099342e+02
9.833457849328343627e+02
9.784846611026611072e+02
9.736149578996516993e+02
9.687440460837672163e+02
9.638644397144680624e+02
9.589835095517157697e+02
9.541086263554711877e+02
9.492248758349455784e+02
9.443470571003496161e+02
9.394751125613942122e+02
9.346089846277908464e+02
9.297411873590002642e+02
9.248939482154834195e+02
9.200449245562015221e+02
9.152163438416152985e+02
9.103932917809361243e+02
9.055905674843746738e+02
9.008006850113923747e+02
8.960310151219497357e+02
8.912815002257577817e+02
8.865595110827780445e+02
8.818575617524711561e+02
8.771755946445483687e+02
8.725209805189703047e+02
8.679010901356983823e+02
8.633010092039434085e+02
8.587355368339163988e+02
8.541971870850783262e+02
8.496933307173903813e+02
8.452239101405633619e+02
8.407888677643085202e+02
8.363881459983366540e+02
8.320291156026088402e+02
8.277117189868361038e+02
8.234284702104795315e+02
8.191867400335000866e+02
8.149864708656087942e+02
8.108350334667665038e+02
8.067249418964345296e+02
8.026635669145736074e+02
7.986434225806449376e+02
7.946793080048593083e+02
7.907563209413294771e+02
7.868818923745242273e+02
7.830634653338137241e+02
7.792936261480681424e+02
7.755798178466577610e+02
7.719220551087032618e+02
7.683203526133244168e+02
7.647747250396419076e+02
7.612777587165256818e+02
7.578517533738460088e+02
7.544744386399735276e+02
7.511606858945283420e+02
7.479105098166304515e+02
7.447164967351504856e+02
7.415860896794586097e+02
7.385118749784249985e+02
7.355087240116702105e+02
7.325692231080641932e+02
7.296933869467272871e+02
7.268812302067799465e+02
7.241327675673423983e+02
7.214554420577848077e+02
7.188418400069774634e+02
7.162912332590157121e+02
7.138110648432699463e+02
7.113991209337851842e+02
7.090554162096818800e+02
7.067799653500801469e+02
7.045727830341005529e+02
7.024346267758880913e+02
7.003655112545631027e+02
6.983654511492459278e+02
6.964344611390569071e+02
6.945725559031161538e+02
6.927804929555690023e+02
6.910575441405107995e+02
6.894044669720867660e+02
6.878205332943922485e+02
6.863057577865473604e+02
6.848616407977225435e+02
6.834867113369879235e+02
6.821809840834639544e+02
6.809444737162707497e+02
6.797779377495536437e+02
6.786791623573579955e+02
6.776496478888540196e+02
6.766879233531119553e+02
6.757947462642771370e+02
6.749686456314199177e+02
6.742096361336604105e+02
6.735177405374885211e+02
6.728922711238483316e+02
6.723325482610530344e+02
6.718378923174161628e+02
6.714098521663261181e+02
6.710455196710216796e+02
6.707457008698659138e+02
6.705097161311724676e+02
6.703368858232546472e+02
6.702257874794012196e+02
6.701772271379753647e+02
6.701897823322656222e+02
6.702627734305856393e+02
6.703955208012486082e+02
6.705873448125679488e+02
6.708375658328575355e+02
6.711455042304304470e+02
6.715104803736002168e+02
6.719318146306803783e+02
6.724080845349593574e+02
6.729393532897756813e+02
6.735249412634427699e+02
6.741626831542240552e+02
6.748526421654580645e+02
6.755933958304329963e+02
6.763842645174627251e+02
6.772245685948604432e+02
6.781128855959146904e+02
6.790477930539140061e+02
6.800293541721966903e+02
6.810561464840512826e+02
6.821260046877413288e+02
6.832397348216301225e+02
6.843951715839812096e+02
6.855908925080831295e+02
6.868269607972741824e+02
6.881012111498179138e+02
6.894137067690528511e+02
6.907622823532423126e+02
6.921455154356749517e+02
6.935634692196890683e+02
6.950139784035480943e+02
6.964963633555655633e+02
6.980084587740051347e+02
6.995503278622048811e+02
7.011198053184285754e+02
7.027162115109895240e+02
7.043373811381512724e+02
7.059833774032522342e+02
7.076520350045558416e+02
7.093426714717347750e+02
7.110538501448739908e+02
7.127863600304922329e+02
7.145313332797833255e+02
7.162992157545913869e+02
7.180826252761604565e+02
7.198816080159843978e+02
7.216962101455571883e+02
7.235190494861226398e+02
7.253501722091748434e+02
7.271896244862078902e+02
7.290448808389654687e+02
7.309011307384416796e+02
7.327658487063805524e+02
7.346390809142757234e+02
7.365060168331215209e+02
7.383815593349115716e+02
7.402583262408901419e+02
7.421289353723010436e+02
7.440082896011381308e+02
7.458741500481454523e+02
7.477414195853169758e+02
7.496027160338967406e+02
7.514580855653783829e+02
7.533001460010062829e+02
7.551363718625240153e+02
7.569668093214258988e+02
7.587840761989556313e+02
7.605882186666071902e+02
7.623718545456246147e+02
7.641498867080017590e+02
7.659075046247327236e+02
7.676447544673112588e+02
7.693616824072316831e+02
7.710657629662373438e+02
7.727496139655728484e+02
7.744058532264816677e+02
7.760419552707081721e+02
7.776505379194958323e+02
7.792390756945890189e+02
7.808001864172315436e+02
7.823339162589172702e+02
7.838477397413903418e+02
7.853268463356444045e+02
7.867712822131736630e+02
7.881885218957221468e+02
7.895786115547836062e+02
7.909267406613520279e+02
7.922478120874213801e+02
7.935270153039858769e+02
7.947792440072651061e+02
7.959896417893836542e+02
7.971656281174418837e+02
7.983071941082903322e+02
7.994069025285291445e+02
8.004647444950089721e+02
8.014807111245802389e+02
8.024622218843431938e+02
8.033944111906482703e+02
8.042921268608459968e+02
8.051405033112866931e+02
8.059469600090707218e+02
8.067040597207987958e+02
8.074192219135708228e+02
8.080850093539877435e+02
8.087088415091496927e+02
8.092832811456571562e+02
8.098157477306103829e+02
8.102988040306099720e+02
8.107324411625062339e+02
8.111166502431498202e+02
8.114514223893907001e+02
8.117441770683296909e+02
8.119800486963171124e+02
8.121664567404532136e+02
8.123033923175885320e+02
8.123834181943234398e+02
8.124139538377584131e+02
8.123949903647438759e+02
8.123265188921301387e+02
8.122011021865176872e+02
8.120261597150068837e+02
8.117942542441983278e+02
8.115128052411920407e+02
8.111743754725887356e+02
8.107863844054887750e+02
8.103413948064927581e+02
8.098393977924507681e+02
8.092878128304632810e+02
8.086866310373808346e+02
8.080284151798038010e+02
8.073131563745824906e+02
8.065408457385675547e+02
8.057189027388592422e+02
8.048398901420579250e+02
8.039037990650140273e+02
8.029180489748281389e+02
8.018752026381004043e+02
8.007752511716815889e+02
7.996256140426717138e+02
7.984262760155057777e+02
7.971697680947055460e+02
7.958560432826274109e+02
7.944924829318777029e+02
7.930790400448125865e+02
7.916156676237883403e+02
7.901023186711613562e+02
7.885315178390378605e+02
7.869106464800239564e+02
7.852396575964759222e+02
7.835185041907504910e+02
7.817471392652033728e+02
7.799255158221910733e+02
7.780535868640698709e+02
7.761313053931960440e+02
7.741660527621759229e+02
7.721503536231157341e+02
7.700915893286214668e+02
7.679822845307999160e+02
7.658223922320069050e+02
7.636267221350990440e+02
7.613803705419323933e+02
7.590832904548632314e+02
7.567502915767479408e+02
7.543664702094426957e+02
7.519466360558038787e+02
7.494833137679376023e+02
7.469764563482003723e+02
7.444334451491981781e+02
7.418468048230374734e+02
7.392239167223245886e+02
7.365573054991655226e+02
7.338543525061669470e+02
7.311224390959348511e+02
7.283466615703255229e+02
7.255418296321952312e+02
7.226930395834004912e+02
7.198151011267971171e+02
7.169079672647418420e+02
7.139604484742156956e+02
7.109836402829502049e+02
7.079760100232513196e+02
7.049382535325003118e+02
7.018703238130535738e+02
6.987736595373174850e+02
6.956489565426732042e+02
6.924976535015271111e+02
6.893197034162351429e+02
6.861165449592041341e+02
6.828888739678147886e+02
6.796373877184261119e+02
6.763642749133558709e+02
6.730687543537997044e+02
6.697522733460276640e+02
6.664162791963102563e+02
6.630607335408677727e+02
6.596863408509457258e+02
6.562945484328142811e+02
6.528860607577189512e+02
6.494615822969049077e+02
6.460218175216175496e+02
6.425696994081774847e+02
6.391044467577797832e+02
6.356282497117200592e+02
6.321425555762682507e+02
6.286473259876451039e+02
6.251440082521207842e+02
6.216340496759657981e+02
6.181174118954003234e+02
6.145955422166948665e+02
6.110691451110948265e+02
6.075389250498451474e+02
6.040055865041917968e+02
6.004705767804045990e+02
5.969346003497292941e+02
5.933991045184359336e+02
5.898640509227452640e+02
5.863308868689272231e+02
5.828010596632523175e+02
5.792745309419409523e+02
5.757527480112635203e+02
5.722356725074401993e+02
5.687254945717664896e+02
5.652221758404627963e+02
5.617264207847744046e+02
5.582396767109715938e+02
5.547611624202498888e+02
5.512938108889294426e+02
5.478375837532308879e+02
5.443931854843992824e+02
5.409613205536800251e+02
5.375441791023686164e+02
5.341409799316603539e+02
5.307539131828506243e+02
5.273821976571347250e+02
5.240280234958080428e+02
5.206920951701159765e+02
5.173736314812538239e+02
5.140748225705169716e+02
5.107956300741256541e+02
5.075367650891367362e+02
5.042989652158511262e+02
5.010837175154069314e+02
4.978902805438665951e+02
4.947201413623675990e+02
4.915740441970228289e+02
4.884527332739447729e+02
4.853569528192458620e+02
4.822874470590389819e+02
4.792442173844116269e+02
4.762280080214763984e+02
4.732403060313710057e+02
4.702803699701579490e+02
4.673504297339999880e+02
4.644497438789596231e+02
4.615797994661745065e+02
4.587398550517071953e+02
4.559313976966955124e+02
4.531551716272516614e+02
4.504104353994387111e+02
4.476994189094190801e+02
4.450206378782303318e+02
4.423755793670101752e+02
4.397649876018712689e+02
4.371888639739011069e+02
4.346472098741873538e+02
4.321415123638676050e+02
4.296717728340295821e+02
4.272387355107857161e+02
4.248416589501988483e+02
4.224820302134064036e+02
4.201598506914960467e+02
4.178751217755554990e+02
4.156278448566721977e+02
4.134180213259339780e+02
4.112471382444782080e+02
4.091144541683677289e+02
4.070199704886900349e+02
4.049644314315577844e+02
4.029478383880585852e+02
4.009701927492799882e+02
3.990322387413347656e+02
3.971332349202854175e+02
3.952739255122445456e+02
3.934543119082998714e+02
3.916736526645139520e+02
3.899334348420243259e+02
3.882329169968937208e+02
3.865713576851846938e+02
3.849509868030598909e+02
3.833695821906635501e+02
3.818279128447665585e+02
3.803260098812464776e+02
3.788639044159806986e+02
3.774416275648467263e+02
3.760584676086971285e+02
3.747151984984344608e+02
3.734111085149111204e+02
3.721462287740046122e+02
3.709205903915925546e+02
3.697342244835523388e+02
3.685871621657615833e+02
3.674786917190726285e+02
3.664088442593630930e+02
3.653776509025105383e+02
3.643851427643922989e+02
3.634306081258610561e+02
3.625140781027942012e+02
3.616348409760443019e+02
3.607929278614888062e+02
3.599883698750052190e+02
3.592204552974461080e+02
3.584892152446889781e+02
3.577939379975862266e+02
3.571346546720154720e+02
3.565113963838541622e+02
3.559227085789298712e+02
3.553693652081449841e+02
3.548506545523521254e+02
3.543658648924036925e+02
3.539150273441773038e+02
3.534974301885254135e+02
3.531123617063005327e+02
3.527605958484051598e+02
3.524406780606667553e+02
3.521518966239378869e+02
3.518950254891209966e+02
3.516686101020436581e+02
3.514726815785833764e+02
3.513065281995926625e+02
3.511694382459239137e+02
3.510614428334547483e+02
3.509818302430376207e+02
3.509306315905500924e+02
3.509063923218195669e+02
3.509091435527236627e+02
3.509381735641147770e+02
3.509927706368454778e+02
3.510729658867933267e+02
3.511773047597857271e+02
3.513058179372679888e+02
3.514585343629564704e+02
3.516332540410602405e+02
3.518314911509135072e+02
3.520510456967252821e+02
3.522912033527547351e+02
3.525527354633110235e+02
3.528341848676282098e+02
3.531355800749904006e+02
3.534554639246317151e+02
3.537938649258362602e+02
3.541493259178382118e+02
3.545226182449466705e+02
3.549122847463956987e+02
3.553176110964444661e+02
3.557378829693520856e+02
3.561731288744026074e+02
3.566226344858552579e+02
3.570849426429439859e+02
3.575600818549531255e+02
3.580473377961416190e+02
3.585459961407686365e+02
3.590553425630932907e+02
3.595754055723998022e+02
3.601047280079221196e+02
3.606433383789444065e+02
3.611905223597258328e+02
3.617463084595505052e+02
3.623084966826274922e+02
3.628771155382409574e+02
3.634529363706999447e+02
3.640330163491887561e+02
3.646181268180162647e+02
3.652075534514417541e+02
3.658005819237242235e+02
3.663964979091228997e+02
3.669945870818968388e+02
3.675948779513301474e+02
3.681966561916818819e+02
3.687984646421863317e+02
3.694003318121275470e+02
3.700022862107895207e+02
3.706021278423815488e+02
3.712013708862375552e+02
3.717970725115418986e+02
3.723907468976284463e+02
3.729809368837314878e+02
3.735661853090849718e+02
3.741472635179982831e+02
3.747234571847302504e+02
3.752940475193454972e+02
3.758582978751298356e+02
3.764162099761995250e+02
3.769670427116456608e+02
3.775107978055845024e+02
3.780459913120823217e+02
3.785726249552551508e+02
3.790899576241943123e+02
3.795987338780410596e+02
3.800967269358364433e+02
3.805846813567217737e+02
3.810611131947631520e+02
3.815260241740769516e+02
3.819794160187792045e+02
3.824205476179612333e+02
3.828494206957391839e+02
3.832645513061792144e+02
3.836659411733976413e+02
3.840543348565355473e+02
3.844275055746342105e+02
3.847869407218598212e+02
3.851311563522785377e+02
3.854594113549815688e+02
3.857731931241352186e+02
3.860702748787805945e+02
3.863506583430338992e+02
3.866150880760363293e+02
3.868620801318541567e+02
3.870916362346035271e+02
3.873037581084005865e+02
3.874977046423366573e+02
3.876734775605279424e+02
3.878303357520654799e+02
3.879682809410655864e+02
3.880865720166195274e+02
3.881866963728934934e+02
3.882671700639534720e+02
3.883279948139159501e+02
3.883691723468969030e+02
3.883907043870127040e+02
3.883925926583794421e+02
3.883740960500883830e+02
3.883352162862556725e+02
3.882752122559725763e+02
3.881955713534052848e+02
3.880940667975949054e+02
3.879714431476828054e+02
3.878284449628100106e+02
3.876628454620178559e+02
3.874768748744974687e+02
3.872690455523450623e+02
3.870400835448514272e+02
3.867899683643124149e+02
3.865179366879987128e+02
3.862239680282061727e+02
3.859087847322556399e+02
3.855716234774178020e+02
3.852124637759886241e+02
3.848312851402637307e+02
3.844288099175640241e+02
3.840042747851602485e+02
3.835576592553481419e+02
3.830896856754486066e+02
3.825995907227323869e+02
3.820888395795452652e+02
3.815566689231580426e+02
3.810030582658665139e+02
3.804287299549915247e+02
3.798336635028287560e+02
3.792178384216741733e+02
3.785812342238233441e+02
3.779238304215722337e+02
3.772463493622416308e+02
3.765480277231022228e+02
3.758303306864998490e+02
3.750917520946803734e+02
3.743337571299895785e+02
3.735563253047230887e+02
3.727586932961519324e+02
3.719423262866217783e+02
3.711064609534033707e+02
3.702518196438176119e+02
3.693783818701602399e+02
3.684868699797521003e+02
3.675765206498639941e+02
3.666487990628415901e+02
3.657036847309807399e+02
3.647404143315523015e+02
3.637604530469020574e+02
3.627637803893257455e+02
3.617496330360941670e+02
3.607194761695531611e+02
3.596732893019984658e+02
3.586103091107009391e+02
3.575320007780063065e+02
3.564376009811854260e+02
3.553285749025840801e+02
3.542041592194729560e+02
3.530658191141980069e+02
3.519127912640299201e+02
3.507465409676604509e+02
3.495670483191142921e+02
3.483742935287622231e+02
3.471689996420000170e+02
3.459518897042233334e+02
3.447229439258028947e+02
3.434821425171094234e+02
3.422302085235386357e+02
3.409671221554611975e+02
3.396936064582728818e+02
3.384096416423444111e+02
3.371159507530713313e+02
3.358125140008245921e+02
3.345000544309997963e+02
3.331792950889926033e+02
3.318502161851737924e+02
3.305135407649390231e+02
3.291692490386590748e+02
3.278180640517296638e+02
3.264599660145213988e+02
3.250956779724300532e+02
3.237259229708513999e+02
3.223499383851309972e+02
3.209684472606647319e+02
3.195829154778732573e+02
3.181925804121021883e+02
3.167981651087473551e+02
3.154003926132043603e+02
3.139999859708690337e+02
3.125961825570869337e+02
3.111911910873039915e+02
3.097842489368657652e+02
3.083760791511679713e+02
3.069666619405813890e+02
3.055567203505016209e+02
3.041469774263244972e+02
3.027366705433956895e+02
3.013272655821359081e+02
2.999179999178908247e+02
2.985103394310811495e+02
2.971042643320776051e+02
2.956997548312510276e+02
2.942982768090219565e+02
2.928990676407361775e+02
2.915028503717894068e+02
2.901103480475773040e+02
2.887222837134956421e+02
2.873371519098651561e+02
2.859571613521314930e+02
2.845815494156403815e+02
2.832110422255180424e+02
2.818463782258131118e+02
2.804868132702544585e+02
2.791338317176463875e+02
2.777874322567428749e+02
2.764483564113229477e+02
2.751158600351157020e+02
2.737914274869251585e+02
2.724743146204804134e+02
2.711667486296106517e+02
2.698664996979948683e+02
2.685757950194619639e+02
2.672946332827662559e+02
2.660230131766616068e+02
2.647609333899023909e+02
2.635083926112423001e+02
2.622668751994855825e+02
2.610363798433863849e+02
2.598161623966736329e+02
2.586077072181515177e+02
2.574110129965739588e+02
2.562253355856702228e+02
2.550521593442442168e+02
2.538907401260250651e+02
2.527425622898167887e+02
2.516068816893485405e+02
2.504844398483993189e+02
2.493752354557232707e+02
2.482792672000744290e+02
2.471965337702068553e+02
2.461285195249245987e+02
2.450744803179567270e+02
2.440344148380573586e+02
2.430083217739804979e+02
2.419969426495052858e+02
2.410010189884107490e+02
2.400190638094009330e+02
2.390525614712799438e+02
2.381007678277768491e+02
2.371644244026707327e+02
2.362435298847156275e+02
2.353388257976905606e+02
2.344495679953247418e+02
2.335757551663720903e+02
2.327181288346117469e+02
2.318766876887978299e+02
2.310514304176842870e+02
2.302423557100252935e+02
2.294494622545748825e+02
2.286734915751121093e+02
2.279129592435662914e+02
2.271693623848678953e+02
2.264419721720975645e+02
2.257315454483859867e+02
2.250373533868138622e+02
2.243601528305117654e+02
2.236992149525605669e+02
2.230545537610657902e+02
2.224276689341832025e+02
2.218170888099683680e+02
2.212228273965271512e+02
2.206456415369900697e+02
2.200848024044378519e+02
2.195403240069761921e+02
2.190129631877358065e+02
2.185019911197972817e+02
2.180074218112663118e+02
2.175292692702487045e+02
2.170682903398749204e+02
2.166230133582009216e+02
2.161941951683571403e+02
2.157818497784493275e+02
2.153852483615582116e+02
2.150058905958394462e+02
2.146415619843236868e+02
2.142930193701417068e+02
2.139610195964240233e+02
2.136440910012264567e+02
2.133429904276796094e+02
2.130577318838891756e+02
2.127875865429358839e+02
2.125318255779003778e+02
2.122919486669383105e+02
2.120664841481053600e+02
2.118561888645323279e+02
2.116603339892996871e+02
2.114789335305133022e+02
2.113120014962787820e+02
2.111588090596767699e+02
2.110193702288129884e+02
2.108936990117931600e+02
2.107818094167228367e+02
2.106837154517077977e+02
2.105979454548037211e+02
2.105252562691412663e+02
2.104656619028260707e+02
2.104184335289388628e+02
2.103835851555853367e+02
2.103603879558461642e+02
2.103488559378269542e+02
2.103497461872439089e+02
2.103615882550798233e+02
2.103843976049529090e+02
2.104181897004814346e+02
2.104629800052836117e+02
2.105180411479527436e+02
2.105833885921070419e+02
2.106590378013647182e+02
2.107442614043191327e+02
2.108390748645883548e+02
2.109434936457908236e+02
2.110560475414946495e+02
2.111782376853680887e+02
2.113085938709794789e+02
2.114463887269219242e+02
2.115931233868637662e+02
2.117473276443732573e+02
2.119082741280436437e+02
2.120774639715430965e+02
2.122526841334149594e+02
2.124346929123023529e+02
2.126235057718236590e+02
2.128176525055470165e+02
2.130178914121157447e+02
2.132242379551480553e+02
2.134352219282122007e+02
2.136508587949263926e+02
2.138711640189089280e+02
2.140954102287530247e+02
2.143243557231019452e+02
2.145565302955239133e+02
2.147926922446621916e+02
2.150321141991099978e+02
2.152740687874606351e+02
2.155193143083573091e+02
2.157663805553682437e+02
2.160160258271367013e+02
2.162675227522559567e+02
2.165201439593191992e+02
2.167746477469697481e+02
2.170303067438007645e+02
2.172863935784055514e+02
2.175421808793773550e+02
2.177991697803844318e+02
2.180551472399699549e+02
2.183116143918022658e+02
2.185671010294495034e+02
2.188208797815049991e+02
2.190744517816369523e+02
2.193256039883886501e+02
2.195758353297662779e+02
2.198236645710280186e+02
2.200690939418200855e+02
2.203121256717886070e+02
2.205527619905797110e+02
2.207902622928146741e+02
2.210238859731146306e+02
2.212543780961506457e+02
2.214809980565440242e+02
2.217037480839407522e+02
2.219218875729622198e+02
2.221354187532543847e+02
2.223436010194385233e+02
2.225471794361858429e+02
2.227454133981173925e+02
2.229375622998545055e+02
2.231251140410931555e+02
2.233058423464046029e+02
2.234812351154849921e+02
2.236498089079305487e+02
2.238123087884123663e+02
2.239687369865766300e+02
2.241176100620195086e+02
2.242596730794122095e+02
2.243949282684008608e+02
2.245218921885816030e+02
2.246413099046256718e+02
2.247531836461791386e+02
2.248567728078633081e+02
2.249520796193241665e+02
2.250398491452330347e+02
2.251185979451859396e+02
2.251883282488292082e+02
2.252497851208339625e+02
2.253022279558211949e+02
2.253456589834373176e+02
2.253793375983033513e+02
2.254040088650904750e+02
2.254189321784199649e+02
2.254241097679378356e+02
2.254188010282653352e+02
2.254037510240736424e+02
2.253789619850088286e+02
2.253436933056921418e+02
2.252986900507947610e+02
2.252432116149378487e+02
2.251765173927424826e+02
2.251000952839049489e+02
2.250132046830463253e+02
2.249158478198128250e+02
2.248072821222233699e+02
2.246882428219381609e+02
2.245579775139650565e+02
2.244164766283371364e+02
2.242637305950872815e+02
2.241004726792733663e+02
2.239252076408783978e+02
2.237394115799853296e+02
2.235415892565771117e+02
2.233332167707366409e+02
2.231127988824469242e+02
2.228818116917908014e+02
2.226387599587513364e+02
2.223843769483864321e+02
2.221193959257539916e+02
2.218423216508370501e+02
2.215538873886933970e+02
2.212548264043811628e+02
2.209436434578831552e+02
2.206218146492823564e+02
2.202885875735867955e+02
2.199432098258042458e+02
2.195871575060178031e+02
2.192196782092353544e+02
2.188415052005148880e+02
2.184511432398392117e+02
2.180500684272914498e+02
2.176375283578794040e+02
2.172142562966611194e+02
2.167802426736694485e+02
2.163354779189373858e+02
2.158799524624979540e+02
2.154136567343839488e+02
2.149365811646284214e+02
2.144502018533142405e+02
2.139522807253994188e+02
2.134442938809668533e+02
2.129269745850745039e+02
2.123988275977053206e+02
2.118605861839172633e+02
2.113122407737432411e+02
2.107537817972161918e+02
2.101859425193941036e+02
2.096087133703099141e+02
2.090213419449715673e+02
2.084253043434619883e+02
2.078198481607891210e+02
2.072049638269858747e+02
2.065813846071102660e+02
2.059483580961702103e+02
2.053066172360567236e+02
2.046561508409681949e+02
2.039969474019359268e+02
2.033289954099914780e+02
2.026530261911911737e+02
2.019682854015415217e+02
2.012762472021238125e+02
2.005754144139196171e+02
1.998680040330352483e+02
1.991525188804521349e+02
1.984304331172517664e+02
1.977009923994405085e+02
1.969649280530748001e+02
1.962214857341610639e+02
1.954721396037807040e+02
1.947161353179401431e+02
1.939542042026958200e+02
1.931855919140541573e+02
1.924117726130965593e+02
1.916312491208044548e+02
1.908462384332842703e+02
1.900552433715174061e+02
1.892589952615602726e+02
1.884589682644943593e+02
1.876529223662760444e+02
1.868430745630116974e+02
1.860286705107078262e+02
1.852104415354208129e+02
1.843883761281820455e+02
1.835617199449980319e+02
1.827319471469500911e+02
1.818983033900447026e+02
1.810615200003382768e+02
1.802215854688622585e+02
1.793792311216730297e+02
1.785344454498019786e+02
1.776864741092556415e+02
1.768367912611153372e+02
1.759853853964125392e+02
1.751322450061786355e+02
1.742773585814450712e+02
1.734214574482682281e+02
1.725637872626545857e+02
1.717058221856854914e+02
1.708468078733674531e+02
1.699867328167318306e+02
1.691263283418350625e+02
1.682655829397085938e+02
1.674052279364088065e+02
1.665445089879421232e+02
1.656841588175210802e+02
1.648241729019576098e+02
1.639652909502447073e+02
1.631067670013254371e+02
1.622500835992177599e+02
1.613937519478397746e+02
1.605392545912094704e+02
1.596865884032948770e+02
1.588350074230389737e+02
1.579859941944598347e+02
1.571388027565004961e+02
1.562941728181539247e+02
1.554521012533882072e+02
1.546125849361712881e+02
1.537756207404713109e+02
1.529419483752811857e+02
1.521115647145689991e+02
1.512844666323027525e+02
1.504606510024504473e+02
1.496408575340051641e+02
1.488243402659098535e+02
1.480125817421826184e+02
1.472048360017664379e+02
1.464018427536543641e+02
1.456035988718143415e+02
1.448101012302145136e+02
1.440213467028228251e+02
1.432373321636073058e+02
1.424587973215609793e+02
1.416857390506519039e+02
1.409174113898230587e+02
1.401552968830925465e+02
1.393986495694032897e+02
1.386482091577483686e+02
1.379032296870707910e+02
1.371644508663635804e+02
1.364326124046197890e+02
1.357062255057574021e+02
1.349867727137944655e+02
1.342742509026989808e+02
1.335679141114140123e+02
1.328685020489325552e+02
1.321760115892226111e+02
1.314896967712272442e+02
1.308110401389644721e+02
1.301400385664022963e+02
1.294759460924837811e+02
1.288187595911768994e+02
1.281692187714747320e+02
1.275273205073452232e+02
1.268930631435040652e+02
1.262664509076572301e+02
1.256474894982582953e+02
1.250369274487858604e+02
1.244340276226685091e+02
1.238387957183598473e+02
1.232519802693384179e+02
1.226728441390328612e+02
1.221021358609217486e+02
1.215398611334586434e+02
1.209852828200721717e+02
1.204391494542409049e+02
1.199014667344184488e+02
1.193722403590583241e+02
1.188507331915891854e+02
1.183384366005146404e+02
1.178346134492632302e+02
1.173392694362885749e+02
1.168516674250192011e+02
1.163732987839587594e+02
1.159034263765358332e+02
1.154420559012040144e+02
1.149899358914418315e+02
1.145455863756529737e+02
1.141104987223409353e+02
1.136831929599093343e+02
1.132651604568617927e+02
1.128556640766268799e+02
1.124539666826331654e+02
1.120615596433842853e+02
1.116777058223087522e+02
1.113024109178602146e+02
1.109349377934672276e+02
1.105767778176334275e+02
1.102264510187623756e+02
1.098854487653576371e+02
1.095522910858228158e+02
1.092277265136365116e+02
1.089110179122273223e+02
1.086036566500987988e+02
1.083034199206295511e+02
1.080117990923231872e+02
1.077287998636332702e+02
1.074536850979883980e+02
1.071864604938421621e+02
1.069271317496481544e+02
1.066757045638599237e+02
1.064321846349311045e+02
1.061965776613152741e+02
1.059688893414660384e+02
1.057491257355799945e+02
1.055365515158009941e+02
1.053311745510409452e+02
1.051337455452367067e+02
1.049427866972501988e+02
1.047597915460432745e+02
1.045840251255028335e+02
1.044154953045407694e+02
1.042534671170439680e+02
1.040986912669492881e+02
1.039511756231686519e+02
1.038101852195889307e+02
1.036749850900970102e+02
1.035470687736547859e+02
1.034257013041491433e+02
1.033108905504919477e+02
1.032019015465701131e+02
1.030987421612955046e+02
1.030021630986050383e+02
1.029114293923855712e+02
1.028265489115490112e+02
1.027475295250072236e+02
1.026743791016721019e+02
1.026063626754305318e+02
1.025434881151944211e+02
1.024865061249006430e+02
1.024339389034110752e+02
1.023865371546626051e+02
1.023443087475671263e+02
1.023072615510365466e+02
1.022746605989577091e+02
1.022465137602425074e+02
1.022220860687778696e+02
1.022028710635256346e+02
1.021873909433477365e+02
1.021763964121810062e+02
1.021691525039123718e+02
1.021656670874537127e+02
1.021659480317169084e+02
1.021700032056138383e+02
1.021770976430314022e+02
1.021879820479064875e+02
1.022019214541259657e+02
1.022189237306017588e+02
1.022389967462457037e+02
1.022614055349447142e+02
1.022869008006356779e+02
1.023147475772054804e+02
1.023456965685910092e+02
1.023782699736541417e+02
1.024132177339841832e+02
1.024505439067550867e+02
1.024887661167431787e+02
1.025301161638498399e+02
1.025723688378264171e+02
1.026162702685242749e+02
1.026618237507697557e+02
1.027082897443641940e+02
1.027556715441339890e+02
1.028047152799304769e+02
1.028546814115550063e+02
1.029048303988089259e+02
1.029559083715436287e+02
1.030079186245854146e+02
1.030601216177356747e+02
1.031125206458207373e+02
1.031651190036670016e+02
1.032179199861007817e+02
1.032701840529234403e+02
1.033226573339863563e+02
1.033746002890908642e+02
1.034260162130633205e+02
1.034776512357550757e+02
1.035280229819424846e+02
1.035778775814769119e+02
1.036264754941597204e+02
1.036745628498422320e+02
1.037214001083258381e+02
1.037677333994618607e+02
1.038120803480266829e+02
1.038551870838716411e+02
1.038970569018231060e+02
1.039376930967074202e+02
1.039763561283259463e+02
1.040130492915050411e+02
1.040477758810710469e+02
1.040812820268753285e+02
1.041120853536942263e+02
1.041409319913791194e+02
1.041678252347563500e+02
1.041920255436272669e+02
1.042142790478432346e+02
1.042338462072056018e+02
1.042507303165407109e+02
1.042649346706749469e+02
1.042772053994596746e+02
1.042860601276711918e+02
1.042922449851608775e+02
1.042950204317301228e+02
1.042951325972302357e+02
1.042925837194728729e+02
1.042866289731856142e+02
1.042772653111064045e+02
1.042644896859731176e+02
1.042490418855486496e+02
1.042294331925209008e+02
1.042071462296777753e+02
1.041806922797071735e+02
1.041515539653969427e+02
1.041182425694350258e+02
1.040814978795843189e+02
1.040405740135576877e+02
1.039962107591180427e+02
1.039476622339782921e+02
1.038956682259013178e+02
1.038402256876250078e+02
1.037798459018372768e+02
1.037160114913260003e+02
1.036487194088290948e+02
1.035764809370344466e+02
1.035007786987299454e+02
1.034208668116284855e+02
1.033374850634929629e+02
1.032491447370113065e+02
1.031573284549713492e+02
1.030612903350860279e+02
1.029602844950682368e+02
1.028557935577058799e+02
1.027470716407118232e+02
1.026348585318489910e+02
1.025176655138052411e+02
1.023962323743435121e+02
1.022705560662016637e+02
1.021406335421176124e+02
1.020072045898542683e+02
1.018687804920995035e+02
1.017261010366161997e+02
1.015799060111672816e+02
1.014294495334656290e+02
1.012739857212241503e+02
1.011149971972307213e+02
1.009524809142232442e+02
1.007849481548896335e+02
1.006138815420177792e+02
1.004385351933205470e+02
1.002596488965608756e+02
1.000764767694516166e+02
9.988901576473070065e+01
9.969800567016100956e+01
9.950270060345542333e+01
9.930309687532324858e+01
9.910067389840932606e+01
9.889319626820484643e+01
9.868288559035100604e+01
9.846824929536406046e+01
9.825002331883521833e+01
9.802820076133069449e+01
9.780203188839170991e+01
9.757299547063446710e+01
9.733959893857516477e+01
9.710332106283007647e+01
9.686266927391535830e+01
9.661912234244726960e+01
9.637193053396701714e+01
9.612108694904078732e+01
9.586732752325983142e+01
9.560990252216535623e+01
9.534954788134858461e+01
9.508551386635070912e+01
9.481927924778797490e+01
9.454935145617658065e+01
9.427646642710776348e+01
9.400136009617270361e+01
9.372253989388764239e+01
9.344148459086881076e+01
9.315744445265737284e+01
9.287041257981960030e+01
9.258112490794668759e+01
9.228957453760484952e+01
9.199501173433530710e+01
9.169817243372926896e+01
9.139904973635294994e+01
9.109763674277257905e+01
9.079466938857937919e+01
9.048865510428953485e+01
9.018107266051929116e+01
8.987117232280985490e+01
8.955969002675244894e+01
8.924587603788828005e+01
8.893046629180857110e+01
8.861345388907953691e+01
8.829483193026737808e+01
8.797385068091335825e+01
8.765198891163362305e+01
8.732923972299444415e+01
8.700411054551202028e+01
8.667882298482757619e+01
8.635188447145732482e+01
8.602328810596746678e+01
8.569451265897423298e+01
8.536406733083592258e+01
8.503343974137921180e+01
8.470114794017280246e+01
8.436868131688547123e+01
8.403530075611095640e+01
8.370175281249298394e+01
8.336804120565032861e+01
8.303342682017668608e+01
8.269791337569084533e+01
8.236299026186154038e+01
8.202791836328249531e+01
8.169195856454746263e+01
8.135734309035018441e+01
8.102184715523441128e+01
8.068696014886889145e+01
8.035194295584733482e+01
8.001754213081353839e+01
7.968376139338617747e+01
7.935060446318406946e+01
7.901733222480091001e+01
7.868543406790544736e+01
7.835417087709143402e+01
7.802354637197760212e+01
7.769356427218271222e+01
7.736497113235049028e+01
7.703702783707470303e+01
7.671048094099906223e+01
7.638533416374234264e+01
7.606159122492326219e+01
7.573851300913557338e+01
7.541758890604802446e+01
7.509807980025435370e+01
7.477998941137330746e+01
7.446332145902361788e+01
7.414882249784903934e+01
7.383649624746830398e+01
7.352560359247517852e+01
7.321689108751338892e+01
7.290961961717665929e+01
7.260453573610878664e+01
7.230238599895345430e+01
7.200168845527944939e+01
7.170318965973049785e+01
7.140726474943784297e+01
7.111362031001021933e+01
7.082248291157388564e+01
7.053378199024507467e+01
7.024766983264754572e+01
6.996407587489751734e+01
6.968315240361874885e+01
