# d_c
0.000000000000000000e+00
8.959610616904608094e+01
1.783214669576227038e+02
2.661676523477124761e+02
3.531273210247607039e+02
4.391942027654197318e+02
5.243630767107159727e+02
6.086297459412608077e+02
6.919910087755530412e+02
7.744446272109909160e+02
8.559892929204656866e+02
9.366245912060885530e+02
1.016350963296310283e+03
1.095169667354145986e+03
1.173082738543051391e+03
1.250092948473841943e+03
1.326203764331522507e+03
1.401419307955465456e+03
1.475744315120622332e+03
1.549184095241694649e+03
1.621744491696888872e+03
1.693431842943272613e+03
1.764252944572123170e+03
1.834215012430201114e+03
1.903325646911754802e+03
1.971592798506336976e+03
2.039024734669336340e+03
2.105630008065393213e+03
2.171417426219772551e+03
2.236396022599077241e+03
2.300575029130547136e+03
2.363963850158401328e+03
2.426572037826315409e+03
2.488409268866884304e+03
2.549485322772086420e+03
2.609810061312740800e+03
2.669393409370217796e+03
2.728245337039591050e+03
2.786375842960382670e+03
2.843794938828604245e+03
2.900512635042121474e+03
2.956538927430182412e+03
3.011883785017395894e+03
3.066557138772199778e+03
3.120568871290116022e+03
3.173928807362612133e+03
3.226646705383211156e+03
3.278732249543519174e+03
3.330195042773115347e+03
3.381044600378597806e+03
3.431290344338598061e+03
3.480941598213193174e+03
3.530007582627762531e+03
3.578497411293078585e+03
3.626420087525114923e+03
3.673784501229792568e+03
3.720599426319602117e+03
3.766873518530749607e+03
3.812615313611125657e+03
3.857833225851035877e+03
3.902535546930216697e+03
3.946730445056208737e+03
3.990425964370620022e+03
4.033630024601256537e+03
4.076350420939452306e+03
4.118594824123267244e+03
4.160370780708432903e+03
4.201685713510147252e+03
4.242546922199923756e+03
4.282961584042809591e+03
4.322936754761258271e+03
4.362479369512925587e+03
4.401596243970569958e+03
4.440294075493066885e+03
4.478579444377381151e+03
4.516458815182051694e+03
4.553938538113502545e+03
4.591024850467118995e+03
4.627723878115671141e+03
4.664041637038229055e+03
4.699984034883283130e+03
4.735556872560277952e+03
4.770765845854234612e+03
4.805616547058592005e+03
4.840114466621803331e+03
4.874264994803608715e+03
4.908073423337266831e+03
4.941544947094334930e+03
4.974684665748938642e+03
5.007497585438710303e+03
5.039988620419881045e+03
5.072162594714221086e+03
5.104024243745772765e+03
5.135578215965530944e+03
5.166829074462407334e+03
5.197781298558990784e+03
5.228439285390807527e+03
5.258807351467909029e+03
5.288889734217773366e+03
5.318690593508619713e+03
5.348214013152376538e+03
5.377464002386635002e+03
5.406444497335013693e+03
5.435159362445489933e+03
5.463612391906282028e+03
5.491807311038997796e+03
5.519747777668787421e+03
5.547437383471347857e+03
5.574879655296643250e+03
5.602078056469288640e+03
5.629035988065576930e+03
5.655756790167181862e+03
5.682243743091595206e+03
5.708500068599416409e+03
5.734528931078611095e+03
5.760333438705923982e+03
5.785916644585610811e+03
5.811281547865733046e+03
5.836431094832214512e+03
5.861368179980941022e+03
5.886095647068144899e+03
5.910616290139376360e+03
5.934932854537336425e+03
5.959048037888887848e+03
5.982964491071542398e+03
6.006684819159760082e+03
6.030211582351360448e+03
6.053547296874407039e+03
6.076694435874867850e+03
6.099655430285402872e+03
6.122432669675625220e+03
6.145028503084145086e+03
6.167445239832776679e+03
6.189685150323201015e+03
6.211750466816471089e+03
6.233643384195645922e+03
6.255366060711936370e+03
6.276920618714647389e+03
6.298309145365291442e+03
6.319533693336158649e+03
6.340596281493699280e+03
6.361498895567006912e+03
6.382243488801747844e+03
6.402831982599819639e+03
6.423266267145067104e+03
6.443548202015337665e+03
6.463679616781190816e+03
6.483662311591542675e+03
6.503498057746537597e+03
6.523188598257925150e+03
