# k_h
1.049778529704781249e-05
1.159185740107204765e-05
1.279995194636285305e-05
1.413395420968299732e-05
1.560698547109495848e-05
1.723353307170327753e-05
1.902959957078564912e-05
2.101285281241871417e-05
2.320279600098729134e-05
2.562097506597638130e-05
2.829117511282674968e-05
3.123966234852559865e-05
3.449543874012306333e-05
3.809052577707916498e-05
4.206029552733525634e-05
4.644379077944904566e-05
5.128412885824218392e-05
5.662892363034188747e-05
6.253075116546824574e-05
6.904765905346721411e-05
7.624375575687736273e-05
8.418982906732708216e-05
9.296403732150793076e-05
1.026526806526817381e-04
1.133510668296366930e-04
1.251644425792619586e-04
1.382089831167832017e-04
1.526130363345146179e-04
1.685182505752891302e-04
1.860811025835573673e-04
2.054743526969105005e-04
2.268887328682467341e-04
2.505349111743271351e-04
2.766454999800771475e-04
3.054772969335317612e-04
3.373139188624918461e-04
3.724685229826718569e-04
4.112869501113891602e-04
4.541509842965751886e-04
5.014822818338871002e-04
5.537464166991412640e-04
6.114574498496949673e-04
6.751831388100981712e-04
7.455502054654061794e-04
8.232509717345237732e-04
9.090495877899229527e-04
1.003790064714848995e-03
1.108404365368187428e-03
1.223921542987227440e-03
1.351477694697678089e-03
1.492327777668833733e-03
1.647857134230434895e-03
1.819595578126609325e-03
2.009232528507709503e-03
2.218633424490690231e-03
2.449857769533991814e-03
2.705180319026112556e-03
2.987112151458859444e-03
3.298426978290081024e-03
3.642186755314469337e-03
4.021772649139165878e-03
4.440919030457735062e-03
4.903748631477355957e-03
5.414813756942749023e-03
5.979141686111688614e-03
6.602283567190170288e-03
7.290368899703025818e-03
8.050166070461273193e-03
8.889148943126201630e-03
9.815569967031478882e-03
1.083854120224714279e-02
1.196812652051448822e-02
1.321543660014867783e-02
1.459273975342512131e-02
1.611358486115932465e-02
1.779293082654476166e-02
1.964729838073253632e-02
2.169492468237876892e-02
2.395595423877239227e-02
2.645262703299522400e-02
2.920950204133987427e-02
3.225369378924369812e-02
3.561515361070632935e-02
3.932693973183631897e-02
4.342556372284889221e-02
4.776811972260475159e-02
5.211067944765090942e-02
5.645323544740676880e-02
6.079579144716262817e-02
6.513834744691848755e-02
6.948090344667434692e-02
7.382345944643020630e-02
7.816601544618606567e-02
8.250857144594192505e-02
8.685113489627838135e-02
9.119369089603424072e-02
9.658042341470718384e-02
1.019671559333801270e-01
1.073538884520530701e-01
1.127406284213066101e-01
1.181273609399795532e-01
1.235140934586524963e-01
1.289008259773254395e-01
1.342875659465789795e-01
1.396742910146713257e-01
1.450610309839248657e-01
1.504477709531784058e-01
1.558344960212707520e-01
1.612212359905242920e-01
1.666079610586166382e-01
1.719947010278701782e-01
1.773814409971237183e-01
1.827681660652160645e-01
1.881549060344696045e-01
1.935416460037231445e-01
1.989283710718154907e-01
2.043151110410690308e-01
2.097018361091613770e-01
2.150885760784149170e-01
2.204753160476684570e-01
2.258620411157608032e-01
2.312487810850143433e-01
2.366355061531066895e-01
2.420222461223602295e-01
2.474089860916137695e-01
2.527957260608673096e-01
2.581824362277984619e-01
2.635691761970520020e-01
2.689559161663055420e-01
2.743426561355590820e-01
2.797293961048126221e-01
2.851161360740661621e-01
2.905028462409973145e-01
2.958895862102508545e-01
3.012763261795043945e-01
3.066630661487579346e-01
3.120498061180114746e-01
3.174365162849426270e-01
3.228232562541961670e-01
3.282099962234497070e-01
3.335967361927032471e-01
3.389834761619567871e-01
3.443701863288879395e-01
3.497569262981414795e-01
3.551436662673950195e-01
3.605304062366485596e-01
3.659171462059020996e-01
3.713038563728332520e-01
3.766905963420867920e-01
3.820773363113403320e-01
3.874640762805938721e-01
3.928508162498474121e-01
3.982375562191009521e-01
4.036242663860321045e-01
4.090110063552856445e-01
4.143977463245391846e-01
4.197844862937927246e-01
4.251712262630462646e-01
4.305579364299774170e-01
4.359446763992309570e-01
4.413314163684844971e-01
4.467181563377380371e-01
4.521048963069915771e-01
4.574916064739227295e-01
4.628783464431762695e-01
4.682650864124298096e-01
4.736518263816833496e-01
4.790385663509368896e-01
4.844252765178680420e-01
4.898120164871215820e-01
4.951987564563751221e-01
5.005854964256286621e-01
5.059722065925598145e-01
5.113589763641357422e-01
5.167456865310668945e-01
5.221324563026428223e-01
5.275191664695739746e-01
5.329058766365051270e-01
5.382926464080810547e-01
5.436793565750122070e-01
5.490661263465881348e-01
5.544528365135192871e-01
5.598395466804504395e-01
5.652263164520263672e-01
5.706130266189575195e-01
5.759997963905334473e-01
5.813865065574645996e-01
5.867732167243957520e-01
5.921599864959716797e-01
5.975466966629028320e-01
6.029334664344787598e-01
6.083201766014099121e-01
6.137068867683410645e-01
6.190936565399169922e-01
6.244803667068481445e-01
6.298671364784240723e-01
6.561115980148315430e-01
8.149768114089965820e-01
1.015830636024475098e+00
1.266185402870178223e+00
1.578240990638732910e+00
1.967203736305236816e+00
2.452027797698974609e+00
3.056338071823120117e+00
3.809582710266113281e+00
4.748466968536376953e+00
5.918742656707763672e+00
7.377436637878417969e+00
9.195630073547363281e+00
1.146192359924316406e+01
1.428675365447998047e+01
1.780777168273925781e+01
2.219655609130859375e+01
2.766697120666503906e+01
3.448558807373046875e+01
4.298467636108398438e+01
5.357839202880859375e+01
6.678296661376953125e+01
8.324185180664062500e+01
1.037570800781250000e+02
1.293283538818359375e+02
1.612017669677734375e+02
2.009304656982421875e+02
2.504504547119140625e+02
3.121748046875000000e+02
