# lsst_data
2.520130350457686654e-09
1.700520607559848279e-09
1.125722180269899427e-09
7.480633510326038168e-10
5.032461497915130633e-10
3.393847453232170642e-10
2.325914158683890875e-10
1.604605366880262219e-10
1.099684547974639636e-10
7.377055032805903135e-11
4.775945084813087202e-11
2.958699693132671887e-11
1.755719773586551076e-11
1.001131014387647701e-11
5.509565122096705033e-12
4.223478716757175787e-09
2.846145739591986324e-09
1.875256365968555948e-09
1.216640121260615153e-09
7.978236116706383760e-10
5.357200427291958451e-10
3.652677867645907223e-10
2.545873956299039545e-10
1.781248040294681885e-10
1.226554537325392324e-10
8.143514103101328728e-11
5.130123009827781881e-11
3.050752896081602947e-11
1.717160878722198722e-11
9.241792183585152468e-12
4.296616354942862905e-09
2.841119247759470030e-09
1.843027119456251982e-09
1.171137566171269922e-09
7.519342233537174450e-10
5.064027869007318290e-10
3.470220396795869844e-10
2.455619913184332019e-10
1.744241897648708144e-10
1.214889234269805936e-10
8.101827766861471846e-11
5.074230445419694775e-11
2.960415107988710528e-11
1.611488932400930644e-11
8.293435849392113407e-12
4.363731422784891615e-09
2.858405224807943121e-09
1.839359687709702950e-09
1.155661207999871004e-09
7.333087263616636040e-10
4.945256413254871002e-10
3.398307392516826756e-10
2.424574043379044527e-10
1.736455007843157283e-10
1.217094046598513102e-10
8.138012173517351311e-11
5.083227224268423244e-11
2.936547499821509584e-11
1.569448076266601856e-11
7.867986414668196926e-12
4.421937559420256841e-09
2.873608247768733471e-09
1.836402324771825851e-09
1.142430795916489523e-09
7.173581085040470153e-10
4.843681770571678783e-10
3.336813404953389663e-10
2.398174001204542512e-10
1.729982682768016252e-10
1.219156949533880691e-10
8.170303131015164012e-11
5.091665190874954799e-11
2.916301544425267162e-11
1.533282202368797204e-11
7.500963104200054949e-12
1.423249628621198515e-08
1.033134947743679482e-08
7.262120597673866713e-09
4.983665177781219167e-09
3.312864468793956121e-09
2.164476659176188045e-09
1.419382848438573749e-09
9.430561820015438078e-10
6.386016215494138498e-10
4.388028775360959096e-10
3.014203567863112760e-10
2.032091220193789668e-10
1.324555921848726848e-10
8.249746814615713860e-11
4.890537514455778791e-11
1.788634503702553027e-08
1.312983952954244545e-08
9.295486703137219273e-09
6.436004120040800534e-09
4.303860955653623519e-09
2.790490468551879068e-09
1.826331940320755410e-09
1.201953077810571454e-09
8.091761735170326785e-10
5.547566567576674437e-10
3.822204142017169808e-10
2.598545712083700744e-10
1.714624988641813345e-10
1.082273297293150391e-10
6.490494136067748108e-11
1.981224079939909927e-08
1.456046988406307700e-08
1.030685673985111170e-08
7.145198623512176364e-09
4.777837360049955031e-09
3.079521891820133673e-09
2.012968059879904097e-09
1.320420438871301272e-09
8.887046787886957411e-10
6.100287823087506893e-10
4.215934907022572890e-10
2.878786962464783826e-10
1.908370846501508368e-10
1.208936490613513287e-10
7.261061120765306131e-11
2.149555875779694177e-08
1.581602417195707698e-08
1.119791251421601764e-08
7.771504669423383784e-09
5.197504882814086762e-09
3.336981164691860238e-09
2.179255796668459033e-09
1.426095939035778902e-09
9.594330814687900110e-10
6.590262877979709329e-10
4.563846489793542120e-10
3.125848538163029789e-10
2.079048170911423878e-10
1.320640785452710969e-10
7.942714772645856941e-11
2.700933059298982631e-08
2.083444099800694613e-08
1.526667532428015746e-08
1.086076197898133635e-08
7.500549855738507668e-09
4.956188885069778393e-09
3.211196329125251357e-09
2.087320306046114433e-09
1.371622736193025173e-09
9.187456817661692068e-10
6.243426448640660312e-10
4.249672199232297340e-10
2.854754664273960921e-10
1.861363892225659906e-10
1.163508041428003409e-10
3.243253914097026927e-08
2.544860189119250072e-08
1.886362996623313467e-08
1.352487910844593908e-08
9.424227753539386252e-09
6.274942617981775603e-09
4.046453731984312498e-09
2.626516085242307234e-09
1.711337684387808729e-09
1.138046437808619552e-09
7.698893996186867266e-10
5.240084443756350093e-10
3.538048120992220928e-10
2.328962473360273929e-10
1.473576422568361597e-10
3.694005855393270437e-08
2.924821214282706581e-08
2.179509764425432386e-08
1.567810985587823588e-08
1.097145573983947415e-08
7.328262271353313870e-09
4.705859436652280232e-09
3.052617358814593910e-09
1.979170818193822423e-09
1.311869645165231923e-09
8.861328284092013101e-10
6.037218493061413911e-10
4.091200205270473977e-10
2.708433340087171822e-10
1.724817731965256971e-10
4.270676655236596557e-08
3.489377404173083382e-08
2.676863337872436734e-08
1.965309034900386497e-08
1.395968726755687310e-08
9.531725409619694356e-09
6.223052432017368817e-09
4.010098934232772972e-09
2.582923109243402718e-09
1.686793494625681418e-09
1.120234803542822057e-09
7.531403328846170947e-10
5.075552025759255992e-10
3.374768316576937803e-10
2.180532566552744173e-10
5.165931265350665763e-08
4.315912140203095194e-08
3.372608962111847937e-08
2.507307478836177353e-08
1.797510170692209699e-08
1.241492021949192884e-08
8.170012542770239183e-09
5.237599387629991225e-09
3.362866298113114633e-09
2.176267694715632823e-09
1.431589256564001366e-09
9.560749467479037641e-10
6.433238623770032042e-10
4.296352568310490556e-10
2.803271824557346332e-10
6.830212677171090528e-08
5.967030923475894023e-08
4.874368938976077441e-08
3.759113032568376190e-08
2.765087684546777339e-08
1.953344890684074671e-08
1.325995781767939317e-08
8.577443673484188258e-09
5.478308981293176825e-09
3.489142778259872332e-09
2.244185739688152422e-09
1.463684347006443493e-09
9.675051628728434000e-10
6.417306578512264700e-10
4.213649374770044337e-10
