# bin_9
0.000000000000000000e+00
0.000000000000000000e+00
7.143671195514218639e-102
0.000000000000000000e+00
-2.857468478205687456e-101
1.142987391282274982e-100
0.000000000000000000e+00
0.000000000000000000e+00
0.000000000000000000e+00
-2.926047721682623954e-98
0.000000000000000000e+00
0.000000000000000000e+00
0.000000000000000000e+00
0.000000000000000000e+00
0.000000000000000000e+00
-5.992545734006013859e-95
2.397018293602405544e-94
0.000000000000000000e+00
0.000000000000000000e+00
-1.534091707905539548e-92
0.000000000000000000e+00
2.454546732648863277e-91
0.000000000000000000e+00
0.000000000000000000e+00
0.000000000000000000e+00
-3.141819817790544994e-89
1.256727927116217998e-88
-5.026911708464871990e-88
2.010764683385948796e-87
0.000000000000000000e+00
0.000000000000000000e+00
0.000000000000000000e+00
0.000000000000000000e+00
-2.059023035787211567e-84
8.236092143148846269e-84
-1.647218428629769254e-83
0.000000000000000000e+00
0.000000000000000000e+00
0.000000000000000000e+00
-4.216879177292209290e-81
0.000000000000000000e+00
0.000000000000000000e+00
0.000000000000000000e+00
0.000000000000000000e+00
2.159042138773611156e-78
0.000000000000000000e+00
0.000000000000000000e+00
0.000000000000000000e+00
0.000000000000000000e+00
-2.210859150104177824e-75
8.843436600416711296e-75
-3.537374640166684519e-74
0.000000000000000000e+00
-5.659799424266695230e-73
0.000000000000000000e+00
0.000000000000000000e+00
0.000000000000000000e+00
0.000000000000000000e+00
-2.897817305224547958e-70
0.000000000000000000e+00
0.000000000000000000e+00
0.000000000000000000e+00
0.000000000000000000e+00
-2.967364920549937109e-67
5.934729841099874217e-67
-2.373891936439949687e-66
9.495567745759798747e-66
1.823149007185881360e-63
2.841073869531331785e-61
3.737394693097483924e-59
4.257796776573964814e-57
4.219059867753871239e-55
3.650552666580929090e-53
2.768573035932782052e-51
1.847131700443835439e-49
1.087988845300261912e-47
5.677117008067102494e-46
2.633018084706329052e-44
1.088938922919128419e-42
4.028421284712889902e-41
1.337101454416203226e-39
3.993634400367872959e-38
1.076426486142263479e-36
2.625505355579461000e-35
5.810562977483411641e-34
1.169849030997140335e-32
2.148046542475551131e-31
3.605980332469114656e-30
5.547547767904519994e-29
7.839326817264594611e-28
1.019833553486379523e-26
1.224044461658242468e-25
1.358312691020627182e-24
1.396458206555364744e-23
1.332745525040822903e-22
1.183037486052988486e-21
9.785856638471089224e-21
7.556876989686222867e-20
5.457589612410244493e-19
3.692536358370298237e-18
2.344464428866193237e-17
1.399158656131671047e-16
7.861126456925046865e-16
4.164552785367062983e-15
2.083391216672654176e-14
9.856612650341351153e-14
4.416289187646700252e-13
1.876559776135462612e-12
7.572314537939163300e-12
2.905541940789019784e-11
1.061485352133073303e-10
3.696842804047727149e-10
1.228870211544646493e-09
3.903495440523239267e-09
1.186248399452940400e-08
3.452718249842980839e-08
9.635791963828799604e-08
2.581190967215735382e-07
6.643758579155780598e-07
1.644797192828133408e-06
3.920569892926020297e-06
9.006333214482768182e-06
1.995827215884195244e-05
4.270503346085937344e-05
8.831059137026905166e-05
1.766494363355768777e-04
3.421036663249257511e-04
6.419807853873349228e-04
1.168344551947364963e-03
2.063780995428429656e-03
3.541220779929711397e-03
5.907263236459308134e-03
9.587501751093508578e-03
1.515121398074313792e-02
2.333162015653823806e-02
3.503697485687157914e-02
5.134733350156162057e-02
7.349220039743731281e-02
1.028056048416341739e-01
1.406574851592334585e-01
1.883633945401381182e-01
2.470780685022462564e-01
3.176817394463419264e-01
4.006706149719538868e-01
4.960640890903972311e-01
6.033406651230044382e-01
7.214121677855376280e-01
8.486418723144768528e-01
9.829072363102930865e-01
1.121702731951057075e+00
1.262273636474863903e+00
1.401768237903731729e+00
1.537394213541314114e+00
1.666565103600790909e+00
1.787024686326831091e+00
1.896940263106935420e+00
1.994959819923963540e+00
2.080232134359647489e+00
2.152392592628792567e+00
2.211520354545943423e+00
2.258074322973507631e+00
2.292816091013576862e+00
2.316727766078545248e+00
2.330931526415470856e+00
2.336616228976216458e+00
2.334974637441235679e+00
2.327153119172472806e+00
2.314214152930493817e+00
2.297110809241531104e+00
2.276671560911766257e+00
2.253593347612343756e+00
2.228440713314035371e+00
2.201648994144499216e+00
2.173529883226536175e+00
2.144278164251184116e+00
2.113978918012911379e+00
2.082615004484404952e+00
2.050075054367794358e+00
2.016162524879820062e+00
1.980606552002622589e+00
1.943075345786487995e+00
1.903192722560981709e+00
1.860558062317120731e+00
1.814769554365875504e+00
1.765450100494814212e+00
1.712274746120347357e+00
1.654998076013328490e+00
1.593479708230591152e+00
1.527705900853803422e+00
1.457805382170693331e+00
1.384057829674504969e+00
1.306893931146227095e+00
1.226886610168460345e+00
1.144733717298400233e+00
1.061233195894758952e+00
9.772523491157120157e-01
8.936932952568998889e-01
8.114569567575571352e-01
7.314079642717061791e-01
6.543426786017928487e-01
5.809621715862040014e-01
5.118515119521449552e-01
4.474661337324462584e-01
3.881254850588617411e-01
3.340136202233169871e-01
2.851859524525715561e-01
2.415810582633894921e-01
2.030362295928453964e-01
1.693054048942042589e-01
1.400781603023348032e-01
1.149985833231974425e-01
9.368305619613727375e-02
7.573621526473096888e-02
6.076459992893425144e-02
4.838773822664304419e-02
3.824661984796952352e-02
3.000967161263813285e-02
2.337647104218712121e-02
1.807951129640732527e-02
1.388436962044431282e-02
1.058863802629023132e-02
8.019956747652330631e-03
6.033455696775382252e-03
4.508863729375342348e-03
3.347495920752219072e-03
2.469279898395800900e-03
1.809936852095075108e-03
1.318393206869534475e-03
9.544661087178116145e-04
6.868400355952613071e-04
4.913326220012899153e-04
3.494344217849473301e-04
2.470988855136507529e-04
1.737542968987234920e-04
1.215078407036847692e-04
8.451250906416134202e-05
5.846947598641861359e-05
4.024130710880196102e-05
2.755448823256160897e-05
1.877293949246595958e-05
1.272722345741598270e-05
8.586928154952216822e-06
5.766145250906245819e-06
3.854048975496715537e-06
2.564322144964759963e-06
1.698599224392216986e-06
1.120239814777813089e-06
7.356497015077155459e-07
4.810705847119183345e-07
3.133007224622885646e-07
2.032195512875915101e-07
1.312977221666808502e-07
8.450299325293613487e-08
5.418077961856477493e-08
3.461076494371535472e-08
2.202946500089232035e-08
1.397194934534716088e-08
8.830866847239527438e-09
5.562569166986800622e-09
3.492249246155630934e-09
2.185366225445559915e-09
1.363211930923935934e-09
8.477214401185672922e-10
5.255615545116899439e-10
3.248659229028414240e-10
2.002275889014684043e-10
1.230584502532373990e-10
7.542144364416603192e-11
4.610008983686311780e-11
2.810343713855404703e-11
1.708813249987365184e-11
1.036414753486930939e-11
6.270501561294026084e-12
3.784653708742220821e-12
2.278926058875040922e-12
1.369112605739795260e-12
8.206862824144263324e-13
4.908717854902044855e-13
2.929781828683250390e-13
1.745025753604841000e-13
1.037266613276457205e-13
6.153514502840755543e-14
3.643528972122240910e-14
2.153321754558457247e-14
1.270294746926805060e-14
7.480485158116758158e-15
4.397493280205771007e-15
2.580779382986999940e-15
1.512121320830748990e-15
8.845693823484577566e-16
5.166611427481239599e-16
3.013194228515245435e-16
1.754746415798600400e-16
1.020435783807236830e-16
5.925962987876264772e-17
3.436779641519353225e-17
1.990587155538170463e-17
1.151501302251198152e-17
6.653008447355616752e-18
3.839357189963109328e-18
2.213104293414382564e-18
1.274277475281955499e-18
7.329265751151988772e-19
4.211206882150823610e-19
2.417226680663447515e-19
1.386141818571734012e-19
7.941306835124612775e-20
4.545530767807689417e-20
2.599558458844214535e-20
1.485425047358302668e-20
8.481089292342093950e-21
4.838554145154685107e-21
2.758390584101464811e-21
1.571393636119150833e-21
8.945733472407806761e-22
5.089335753373143736e-22
2.893561174727046943e-22
1.644154685463073541e-22
9.336904948349143380e-23
5.299380111784890500e-23
3.006218131133777568e-23
1.704513359494066424e-23
9.659971702846650017e-24
5.472145768235583458e-24
3.098535430246450949e-24
1.753810812418194160e-24
9.923086333129208478e-25
5.612529676015937876e-25
3.173425548842959956e-25
1.793764883798607389e-25
1.013630920084605678e-25
5.726387496173549737e-26
3.234278583992115909e-26
1.826329043282233099e-26
1.031085016375646481e-26
5.820128364783495483e-27
3.284747001949417333e-27
1.853578787625559606e-27
1.045847319977455993e-27
5.900405310030926635e-28
3.328586128030825958e-28
1.877630360259306115e-28
1.059108800346529674e-28
5.973913839363759501e-29
3.369557390651137844e-29
1.900596076566037158e-29
1.072055683832734267e-29
6.047318425351400606e-30
3.411408488558085172e-30
1.924586526970328514e-30
1.085879087632389689e-30
6.127359983519828613e-31
3.457967926811025366e-31
1.951785651723681424e-31
1.101831346997600381e-31
6.221263404357320596e-32
3.513432417318215402e-32
1.984649516451546255e-32
1.121361345919792397e-32
6.337646608257434502e-33
3.582970248758729710e-33
2.026302400878095371e-33
1.146371849690560565e-33
6.488175884340517277e-34
3.673775969729083126e-34
2.081202589488951845e-34
1.179636065595411806e-34
6.690150016057587958e-35
3.796660606027615666e-35
2.156113729532537125e-35
1.225387070822669913e-35
6.970057006639088398e-36
3.968188547735384958e-36
2.261385030851611829e-36
1.290083936222343541e-36
7.368162819923602823e-37
4.213434070593566976e-37
2.412615430224425801e-37
1.383423334124645158e-37
7.944712422266254968e-38
4.569818253093859503e-38
2.633050921050409154e-38
1.519851693268668275e-38
8.789551570253434620e-39
5.093277955983558272e-39
2.957564648842395798e-39
1.721145739278204086e-39
1.003891968761912599e-39
5.869222483235295024e-40
3.439818493060796766e-40
2.021099065300114813e-40
1.190614328476403963e-40
7.032646938365386284e-41
4.165449863837656706e-41
2.474172236690429933e-41
1.473841314460141232e-41
8.805427977908633081e-42
5.276593389419572126e-42
3.171633469616515359e-42
1.912316094531477297e-42
1.156653239858476253e-42
