# rs_dv
inf
1.644387061323784982e+00
8.275844127013376461e-01
5.553958680027695216e-01
4.193600474457088167e-01
3.377846443816277522e-01
2.834388670793377418e-01
2.446523589293375933e-01
2.155899284400412119e-01
1.930097925127934599e-01
1.749668736941845104e-01
1.602233897789689943e-01
1.479541485555773417e-01
1.375878603072900608e-01
1.287164591896340082e-01
1.210406960075071786e-01
1.143361336542787904e-01
1.084311441168273327e-01
1.031922397712897038e-01
9.851403686310203356e-02
9.431222990771642722e-02
9.051857337280268256e-02
8.707723196259752052e-02
8.394208297451329071e-02
8.107469304149639289e-02
7.844278043336744277e-02
7.601903219095529352e-02
7.378018410054150433e-02
7.170629779970200124e-02
6.978018743222345888e-02
6.798696095837324094e-02
6.631365023161030214e-02
6.474891042502245453e-02
6.328277409782642748e-02
6.190644865332636804e-02
6.061214851080178739e-02
5.939295524209536881e-02
5.824270038292787832e-02
5.715586674260755146e-02
5.612750489244916485e-02
5.515316217711983826e-02
5.422882211129635699e-02
5.335085243115220838e-02
5.251596039211229444e-02
5.172115416038731983e-02
5.096370935066039942e-02
5.024113992707874427e-02
4.955117281793087330e-02
4.889172570263929096e-02
4.826088751806584948e-02
4.765690130359028637e-02
4.707814906409816397e-02
4.652313837936419144e-02
4.599049052928600584e-02
4.547892993856696153e-02
4.498727477300223238e-02
4.451442854349144107e-02
4.405937259408438528e-02
4.362115936742063521e-02
4.319890635537536328e-02
4.279179065500929302e-02
4.239904406039414486e-02
4.201994862983784301e-02
4.165383267570935827e-02
4.130006713065822316e-02
4.095806224970786197e-02
4.062726461260954963e-02
4.030715439509414272e-02
3.999724288134497846e-02
3.969707019322370189e-02
3.940620321457341535e-02
3.912423369136597273e-02
3.885077649059457544e-02
3.858546800268647381e-02
3.832796467385472805e-02
3.807794165625632415e-02
3.783509156510007909e-02
3.759912333297515258e-02
3.736976115266829601e-02
3.714674350062201896e-02
3.692982223396998331e-02
3.671876175478355764e-02
3.651333823578438442e-02
3.631333890233096745e-02
3.611856136598251554e-02
3.592881300538437045e-02
3.574391039061589059e-02
3.556367874749594149e-02
3.538795145866058950e-02
3.521656959851302698e-02
3.504938149940450831e-02
3.488624234663671025e-02
3.472701380008588745e-02
3.457156364043863922e-02
3.441976543819975920e-02
3.427149824378844523e-02
3.412664629717886838e-02
3.398509875566924077e-02
3.384674943847851974e-02
3.371149658697590590e-02
3.357924263944343790e-02
3.344989401935956341e-02
3.332336093627087659e-02
3.319955719839194630e-02
3.307840003613955748e-02
3.295980993586786201e-02
3.284371048312704350e-02
3.273002821481818536e-02
3.261869247966441010e-02
3.250963530646013011e-02
3.240279127960051658e-02
3.229809742142833451e-02
3.219549308096902873e-02
3.209491982865565751e-02
3.199632136857161191e-02
3.189964339720052777e-02
3.180483358324115439e-02
3.171184143735179817e-02
3.162061824295630402e-02
3.153111697996088120e-02
3.144329225234490655e-02
3.135710021939886599e-02
3.127249853039887340e-02
3.118944626251963018e-02
3.110790386180163278e-02
3.102783308699944356e-02
3.094919695614952934e-02
3.087195969570614290e-02
3.079608669210307653e-02
3.072154444560836264e-02
3.064830052634700749e-02
3.057632353237451153e-02
3.050558304969118451e-02
3.043604961409384149e-02
3.036769467476775619e-02
3.030049055952750356e-02
3.023441044162076402e-02
3.016942830801411929e-02
3.010551892908486238e-02
3.004265782964683426e-02
2.998082126124293478e-02
2.991998617564042839e-02
2.986013019946891917e-02
2.980123160994434944e-02
2.974326931162546775e-02
2.968622281415213282e-02
2.963007221091778359e-02
2.957479815863095843e-02
2.952038185772293960e-02
2.946680503356157582e-02
