# lsst_simulation
2.325910794915674117e-09
1.585558404703511462e-09
1.104833927942818495e-09
7.940248965419847098e-10
5.374487398497773953e-10
3.499009087862877844e-10
2.157268756750185676e-10
1.643965310936332166e-10
9.226051686575223886e-11
7.092190530341980737e-11
4.743956707894566718e-11
2.495681364248828021e-11
1.582427525349291007e-11
1.169258262417998385e-11
5.471885512716178338e-12
3.861498883636819016e-09
2.545683288882182258e-09
1.971471227747074253e-09
1.227429900019390911e-09
9.046044010916286159e-10
5.556141754616323302e-10
3.476767876430050961e-10
2.472660957610253865e-10
1.707880492271305780e-10
1.186322367155472444e-10
8.502221388526980928e-11
4.877655297799222560e-11
2.933066420058701324e-11
1.938914656833074289e-11
8.961570352533375479e-12
4.228015726449095867e-09
2.424719232668518116e-09
2.023198329244917285e-09
1.244879518614432850e-09
9.405108704423745787e-10
4.850856296889158794e-10
3.035762889343545558e-10
2.305060140808160890e-10
1.701109601707854797e-10
1.164208227993405500e-10
8.213195321948946884e-11
4.934522377940020928e-11
2.839060272512742436e-11
1.637323942287856838e-11
8.307062918054757336e-12
4.867926400768364609e-09
2.797743621721469865e-09
2.164266818869050865e-09
1.288392644979549024e-09
8.872433051095793741e-10
4.717047732964775769e-10
2.810784900340430004e-10
2.207514756079634477e-10
1.579994497467708592e-10
1.197125793989585300e-10
8.531466430777046516e-11
4.844979479736055959e-11
2.926998632459631371e-11
1.515390273972137924e-11
8.215490958891425703e-12
5.789228698589916660e-09
3.404863147286085693e-09
2.138965072468888319e-09
1.321498589232543236e-09
8.928915681162462561e-10
4.749319861969299171e-10
2.763819196470799825e-10
1.947084262061741746e-10
1.614387855909729364e-10
1.219624519230381900e-10
8.334682688754860738e-11
5.358485836190282427e-11
2.706158690255215575e-11
1.504856352912819294e-11
6.668156501858696780e-12
1.167359373672934577e-08
1.013125936040483425e-08
7.411715535206955819e-09
4.660055136078287495e-09
3.370750622877897462e-09
2.157226612152113022e-09
1.466276939524784163e-09
9.443154911864107511e-10
6.447637458511874507e-10
4.423098926899331618e-10
3.090191352866635330e-10
2.091115890260286550e-10
1.336472845970334086e-10
8.280585243674017645e-11
4.828759230166783355e-11
1.397774041862053816e-08
1.294426614186431433e-08
9.337677487580217684e-09
6.252771544180711378e-09
4.453981085839930499e-09
2.830713767135042248e-09
1.843400902151027908e-09
1.212077571789391788e-09
8.177899597346475458e-10
5.565812646132756982e-10
3.819352045441275483e-10
2.611170679436142120e-10
1.726834672463048500e-10
1.085350527642870923e-10
6.511244070704961969e-11
1.563402302653678483e-08
1.495842678475882108e-08
1.062179558373648776e-08
7.065933954978610515e-09
4.856057122795683809e-09
3.161296886280171508e-09
2.034924378649285932e-09
1.319847119803205191e-09
9.064469738474915015e-10
6.193013448837347153e-10
4.193193210057427740e-10
2.904364783296061191e-10
1.909018628736080212e-10
1.219285000012531521e-10
7.331961090321123484e-11
1.682322357003980571e-08
1.754848120645535115e-08
1.129973287930309685e-08
7.927248860258585953e-09
5.390198991233535267e-09
3.547794937718078652e-09
2.161586560569776644e-09
1.401038881308282430e-09
9.809506394259304161e-10
6.787000329601610228e-10
4.541564622029601871e-10
3.123632175005737084e-10
2.066231622714951876e-10
1.329056238707018640e-10
8.004132606893271376e-11
1.980657068062113727e-08
2.063752610294984060e-08
1.491548262734628982e-08
1.083668105637003991e-08
7.680902799068286796e-09
5.019960824014468022e-09
3.154471337094127680e-09
2.088172477021358309e-09
1.385605766211418404e-09
9.092922230249632433e-10
6.207861045876766272e-10
4.241360481588406900e-10
2.820614998106728525e-10
1.853174172986458971e-10
1.153130476500563585e-10
2.390439145495590711e-08
2.549501155081115038e-08
1.878723737499159144e-08
1.364006442130922382e-08
9.529207533068199810e-09
6.324902623802651468e-09
3.980007178221246570e-09
2.645867255232742938e-09
1.733532664932817932e-09
1.132727118836853228e-09
7.600350702380236550e-10
5.222750413113326413e-10
3.518974823918460301e-10
2.334370709932423411e-10
1.473751874567677445e-10
2.636897409458906363e-08
3.078528741244883960e-08
2.161576969874729204e-08
1.613058847265350507e-08
1.119192698234991303e-08
7.501083109121048129e-09
4.614452610106772648e-09
3.098944220971229808e-09
2.041999664849189503e-09
1.311217032798317220e-09
8.785227085844792745e-10
6.057537816258833480e-10
4.066459760563727623e-10
2.676097888885776550e-10
1.713616740052614506e-10
3.317291728241284689e-08
3.490599657068734350e-08
2.687126948450522076e-08
1.984772682510782247e-08
1.416177452755508914e-08
9.536798443550480117e-09
6.232260156752948862e-09
4.053102062155976854e-09
2.620023919368754387e-09
1.685318597368624626e-09
1.115408809577433803e-09
7.577353809659765635e-10
5.055086110380011948e-10
3.381256575555878720e-10
2.200277171352712840e-10
4.067173897550102256e-08
4.498281239610440245e-08
3.356774609409959497e-08
2.565787189802822085e-08
1.832562690808462505e-08
1.234988361355935209e-08
8.176302672313730969e-09
5.316330838044985922e-09
3.439978570739600781e-09
2.180570387875670659e-09
1.424892179266939120e-09
9.551019306283984151e-10
6.410621193377822495e-10
4.294068019158228138e-10
2.823629966181782754e-10
5.659884547035874194e-08
6.320051026729484593e-08
4.850800678453608560e-08
3.883224268812170908e-08
2.824428128053254251e-08
1.947587840882435560e-08
1.333994054268462551e-08
8.706004876930477243e-09
5.586511236461207724e-09
3.510262829965727660e-09
2.228913568490507764e-09
1.457421476711100618e-09
9.620407871418086282e-10
6.389337090491446868e-10
4.210353339296082051e-10
4.621749111828621734e-07
2.937025803033539227e-07
2.557594712795894776e-07
1.492343971410103482e-07
1.093255832494705045e-07
6.675616099243315761e-08
4.264668609312915876e-08
2.974629200940896531e-08
2.073593171947929702e-08
1.505015650044001478e-08
1.033081119794536048e-08
6.625805523860512916e-09
4.084143821369908267e-09
2.470021845130649420e-09
1.342681482139737301e-09
1.358124278800575461e-06
1.057516021381991982e-06
8.362951439850550614e-07
5.134755410589045116e-07
3.601422067663646025e-07
2.274442265071829811e-07
1.545017516498313813e-07
9.906630488947551776e-08
6.874628549415550143e-08
4.788559106321244901e-08
3.337296577845574625e-08
2.274563943566683508e-08
1.467452598621822155e-08
9.028568890999635565e-09
5.302560346903526353e-09
1.592973387510295589e-06
1.300346647996391518e-06
9.986582329936860770e-07
6.488501193080597931e-07
4.402561410817558619e-07
2.786688091563707664e-07
1.821676589927211821e-07
1.196839195313861183e-07
8.261890591714675426e-08
5.683167103666564088e-08
3.971351726777596902e-08
2.728227382113375027e-08
1.775363085259266890e-08
1.097470928475517280e-08
6.437877666939424976e-09
1.762017344776406544e-06
1.506815976535056581e-06
1.114105993661782486e-06
7.146331854240859976e-07
4.755179547276852658e-07
3.099811530061621388e-07
1.986893114786812974e-07
1.323527037898171707e-07
9.270372859023475270e-08
6.277351318797342965e-08
4.384867805644380170e-08
3.016343458147420466e-08
1.968332479684417620e-08
1.224116219571667414e-08
7.192032733736010858e-09
1.895007354159599493e-06
1.803402107573189613e-06
1.162265115263410576e-06
7.764047613303885921e-07
5.227505179359544281e-07
3.432214451716028131e-07
2.135875334486215970e-07
1.421148428034642541e-07
9.956196542940322739e-08
6.812283816291094714e-08
4.740813867509797874e-08
3.260263170878847065e-08
2.134984176034198867e-08
1.320531047863784512e-08
7.787029179194890437e-09
-3.328507290171819476e-08
-6.745760731569905075e-08
-4.926573322275576534e-08
-3.095907462696576382e-08
-2.237292449341499578e-08
-1.665815656727979517e-08
-1.337822621300661283e-08
-7.189596820045475462e-09
-4.376600123400495327e-09
-2.877418752099742347e-09
-1.920267636464103417e-09
-1.369131636956399971e-09
-9.595517122333202671e-10
-6.255383542003379346e-10
-4.058791618934927083e-10
4.159479783735861442e-07
4.824265473960181649e-07
3.425025638919715221e-07
2.639006367779558271e-07
1.943235050349589998e-07
1.262929675222404044e-07
8.056195165369494862e-08
5.070452125161234062e-08
3.272914820719969308e-08
2.126829997879986244e-08
1.456577201568352273e-08
1.035409998667271252e-08
7.315291475989171869e-09
4.958753930786046984e-09
3.199588785787404368e-09
6.333618178295151695e-07
8.360880035149865291e-07
6.047420040862902285e-07
4.712002677137314017e-07
3.586338541262484412e-07
2.323183090949825280e-07
1.446635480805496361e-07
9.210675496996099908e-08
5.911563659307351849e-08
3.783682450183936040e-08
2.611122247420594206e-08
1.822324541627173380e-08
1.284422963191784205e-08
8.866350667927212337e-09
5.756851554439618665e-09
7.894446926730169439e-07
1.003704236838837832e-06
7.680063089577121027e-07
6.061972547325985910e-07
4.402254406890286332e-07
2.842958257232119974e-07
1.806315143827716044e-07
1.144585247284609077e-07
7.254087373188447276e-08
4.688377045365173962e-08
3.211582088031290158e-08
2.264034385848943155e-08
1.606446581611951381e-08
1.102440422097455885e-08
7.203578651719565432e-09
7.842487962875253586e-07
1.181535491494370495e-06
9.360303505353734183e-07
7.476081711517515028e-07
5.191238513808992276e-07
3.414533479966521540e-07
2.125869311918357415e-07
1.333511394701457850e-07
8.606713378040384511e-08
5.481753291234138245e-08
3.741554243173299290e-08
2.617984839562507630e-08
1.854365380498352097e-08
1.280231228627832736e-08
8.392368058001719084e-09
2.041082612687917023e-08
-2.709515007323961395e-08
-2.488057831336975580e-08
-1.382062811803721163e-08
-1.686077540491563902e-09
-1.051847641482338092e-08
-7.800661851031936348e-09
-4.161736707127829323e-09
-2.044666306954436412e-09
-1.654010110771363946e-09
-9.573707621302295957e-10
-6.446600980254492116e-10
-4.575555390626925465e-10
-3.494041893450333295e-10
-2.299524649795946816e-10
4.246219372669727795e-08
1.279029396342023081e-07
8.785971257345960395e-08
6.898498882616103780e-08
4.252664089996358478e-08
3.057943621726787387e-08
1.545605821212912295e-08
1.119791451268813132e-08
7.019231594476940754e-09
4.378751928096005299e-09
2.857444121025739693e-09
1.992300782163300224e-09
1.436578377299284083e-09
9.545183497161360357e-10
6.378533451394139882e-10
4.043641945095523854e-07
5.465558625297416742e-07
4.237560186445043374e-07
3.500239284233214062e-07
2.373026421641102670e-07
1.679760326622878932e-07
1.007850815870611731e-07
6.597632349292566374e-08
4.182939271634536153e-08
2.635709160184991842e-08
1.703581270328334058e-08
1.172243634703426797e-08
8.005437911445602357e-09
5.600505567421828622e-09
3.866063257057898712e-09
5.653194208514170272e-07
7.704503779574726611e-07
6.233031463527250662e-07
4.975944949710891221e-07
3.467612702630766980e-07
2.412256008252017025e-07
1.515549746307272498e-07
9.795091655613098375e-08
6.131089477350985035e-08
3.823613605302957902e-08
2.456232521673487588e-08
1.695405499598625676e-08
1.169946719510835274e-08
8.232307647886876295e-09
5.666624091466364415e-09
6.866664293372711657e-07
9.825613000222023574e-07
7.889208573929694329e-07
6.246879012019081700e-07
4.459017896066024007e-07
2.998694671378481237e-07
1.933142995372345436e-07
1.242039616537530609e-07
7.898432811671364891e-08
4.904291713732014215e-08
3.116833386669762628e-08
2.130628099545116432e-08
1.473149801768926860e-08
1.036632662085613975e-08
7.154904412586962051e-09
7.698040261148815672e-09
5.645559080947052452e-09
2.031907985054178971e-09
4.268166249381411797e-09
-1.154633162749087603e-09
-4.108007267314571378e-10
-9.889837961739234354e-10
-7.365396657267833016e-10
-9.883385123645984567e-10
-6.354538863811748763e-11
-5.616777538951229997e-11
-1.512392422868614297e-10
-9.507923637430404284e-11
-5.551007995806223222e-11
-3.502301449825283056e-11
-7.511879431132142066e-08
-2.349037303866192919e-09
-3.804903758798288965e-08
-1.013059618873233116e-08
-2.027328220552985418e-08
-7.378283619941722518e-09
-9.667043442297389686e-09
-5.746387937717835543e-09
-3.403545470917990756e-09
-2.068647197134366174e-09
-1.468319997688934867e-09
-8.280170903218849933e-10
-6.017585922768007017e-10
-4.035317598401734379e-10
-2.666805343288897660e-10
1.759275709424671310e-07
3.057714836190634501e-07
1.845079616966197128e-07
1.787541628969923724e-07
1.210565760452226329e-07
9.134098490757668385e-08
5.733650932589114022e-08
3.856061029894012704e-08
2.343581229751925914e-08
1.433767065821134995e-08
8.730400528346693478e-09
5.991082713697564578e-09
3.968555061094938264e-09
2.778942490894588025e-09
1.954474604282150241e-09
4.526816688274613146e-07
5.428917572552747467e-07
4.097295611580904932e-07
3.601764984043773823e-07
2.604911198960729864e-07
1.867459381605295090e-07
1.259865249874675645e-07
7.957370502562934786e-08
4.906331582981637245e-08
3.023377722769398678e-08
1.855756354333799536e-08
1.246139156559491529e-08
8.247485556452497901e-09
5.786702571846296033e-09
4.059933607942900057e-09
6.948225176156592760e-07
7.512620064422878249e-07
5.826971117349009775e-07
5.127834352140260977e-07
3.642356857626153165e-07
2.570918442136134508e-07
1.783921485750235970e-07
1.148578675619155055e-07
7.019006305944912528e-08
4.278869590412953133e-08
2.648576412600745741e-08
1.754338733284913185e-08
1.175596843945842538e-08
8.127137703226275508e-09
5.721755493891921042e-09
1.680561122621506113e-08
9.033676308798805616e-09
8.210771519714613918e-09
3.426989846955107556e-09
-5.050190702327583804e-09
-2.270062392927593207e-09
1.706118202201346651e-10
-5.762530650079910873e-11
-1.127480056479342996e-10
-3.123213107673322928e-11
-2.881654203189415325e-11
1.242990830918014225e-11
-3.546608175645740128e-11
9.748342189835478717e-14
-2.791270467241022379e-12
-9.823288502540467534e-09
1.140065195632994475e-08
-2.655929480782329338e-08
-3.114374301922729217e-09
-1.063455272008743130e-08
-4.617796957492633605e-09
-5.203735149854449886e-09
-3.907187523243616453e-09
-1.598362337509593197e-09
-1.058028414404195440e-09
-8.534113317333290385e-10
-4.890714635599249369e-10
-3.315442868690595573e-10
-1.580356730958818210e-10
-1.250451565679067618e-10
3.392998932501882373e-09
7.038829527423946942e-08
2.982520439072525693e-08
4.572892036992933097e-08
2.121273223409231852e-08
1.903135866747413369e-08
9.188868378508313927e-09
8.179799972065538534e-09
5.564148569779166869e-09
2.987061735471431528e-09
1.682176204928479510e-09
1.198462446162956022e-09
7.812719854068134055e-10
5.592967082660698396e-10
3.948228708466399353e-10
2.697070055066027685e-07
3.091518038495131800e-07
2.451388275097137923e-07
2.345799025217319179e-07
1.783448178938004663e-07
1.314334946968298934e-07
8.799731846306897411e-08
5.769884323416451378e-08
3.547925026686826157e-08
2.155723013171732205e-08
1.314712466520554279e-08
8.377138551373821098e-09
5.430006737798471521e-09
3.719152116670968464e-09
2.595270395975049978e-09
5.293396466820971964e-07
5.213415084906228700e-07
4.187006579095894652e-07
3.855400003519976140e-07
3.012693986628393699e-07
2.186011901613045216e-07
1.488078829062942974e-07
9.842558512785129940e-08
5.980646330939008493e-08
3.664958963266566232e-08
2.226860898459343041e-08
1.422028637735422302e-08
9.227597877723567034e-09
6.239367115482924382e-09
4.350245987317848738e-09
3.405350892180496967e-08
3.152507997198586600e-08
4.835487788804138264e-10
3.289322763854312855e-09
-3.027439448065487044e-09
7.003680565812891778e-10
5.190371191514422390e-10
-5.553564322196681940e-10
1.220814565235139700e-10
7.348790632192871911e-11
-1.463090388912617102e-10
-8.935248664564908123e-12
2.848170923002608933e-12
-4.747863585799107823e-12
-1.510712750122215233e-11
5.279648854763552189e-08
5.021850359069717129e-08
5.350341564177356675e-09
4.356030112583296814e-10
-1.023181162051191378e-09
-2.947250250452671911e-10
-2.455010848762482844e-09
-1.685157867073398414e-09
-1.559349917775444932e-11
-3.828052135995851920e-11
-1.008712174119222524e-10
-1.140910186469196912e-10
-5.961621443553695442e-11
-3.620078661665190519e-11
-1.500095600243263725e-12
5.010430155839707025e-09
2.213945980468604260e-08
-6.350767446615145082e-09
-1.224625589090321335e-08
-1.390852829583905738e-08
-9.326136394928567974e-09
-9.423704231164109537e-09
-3.607949197222614833e-09
-2.075779378700235977e-09
-9.466106067127333013e-10
-9.814970956196891351e-10
-5.573178398911716609e-10
-3.997577373398639601e-10
-2.395214421533360300e-10
-1.615834897905446188e-10
1.927710390344869021e-07
2.072697783924777101e-07
1.477003565062534344e-07
1.115241102756896254e-07
9.549153709800558355e-08
6.574879464048031934e-08
4.935698839094308644e-08
3.176009997478054025e-08
2.145905786940760256e-08
1.314001166423832782e-08
7.658891203147332252e-09
4.626703046267768829e-09
2.867340137114220734e-09
1.929073339491701885e-09
1.334343116870723225e-09
4.162420234012903356e-07
4.207151623792815521e-07
3.445973506204804042e-07
2.845652500486778595e-07
2.262327325839215303e-07
1.617138404976395757e-07
1.237999019506854493e-07
7.781146444344248373e-08
5.070224532882417395e-08
3.130155141150940816e-08
1.860863680656290534e-08
1.137324294542810908e-08
7.092058300251769261e-09
4.670189079407436777e-09
3.158843743068414008e-09
1.216095406995087168e-08
2.719394848071880735e-08
3.099651337543304513e-09
2.976018905858165774e-09
1.058736111616786387e-09
2.273555316930490730e-09
5.268939900501036919e-10
-3.201741860125379552e-10
2.778025397840978006e-10
1.008674349457861001e-10
1.044979636986192272e-10
-2.934346092277530338e-11
4.886779368792111231e-11
1.324689917888293641e-11
-2.983503013600921337e-12
-7.277812871436818805e-09
4.792098489951932162e-08
7.494045206362804284e-09
4.533650803203705048e-09
3.738736847061598953e-09
2.461505142843653359e-09
-8.200849774830722344e-11
-1.631964670573613553e-10
7.385497542584438955e-10
2.724645201294946405e-10
7.811937565236897156e-11
1.550826465108865517e-11
-1.846350018820833150e-11
-7.622664297961439445e-13
1.201384065045971249e-12
-1.252310016104780146e-08
4.759299711431360493e-08
-4.614131071379466028e-09
9.053403807244581555e-09
2.877758211779292676e-09
4.796928719353066989e-10
-2.514780470371146118e-09
1.810618762225902865e-10
-1.376763120915149980e-10
-5.503309588283075928e-10
-3.761984034994552141e-10
-2.998913861149163734e-10
-1.648124607984980173e-10
-1.277003908434195522e-10
-8.326293621185095248e-11
5.820436192776166779e-08
1.051513448432000605e-07
2.550180087640099047e-08
5.570298786044162280e-08
2.553811070375146988e-08
1.914412181049701298e-08
1.575122117643230178e-08
1.148961125884630454e-08
7.061986488882396077e-09
3.687114218748131916e-09
2.243557575572224220e-09
1.247265979214138358e-09
7.829273202201255388e-10
4.782505274104840655e-10
3.421372589790929793e-10
2.639407871500564551e-07
2.853446815807643015e-07
2.193386036974070309e-07
2.401102938770841954e-07
1.596709898120902316e-07
1.202994444622999219e-07
9.609308596938889753e-08
6.284257311867324851e-08
4.043669078074966825e-08
2.426885273524230941e-08
1.456085893898802015e-08
8.478247052006808047e-09
5.209593044213716248e-09
3.317485287393155804e-09
2.164069723611005211e-09
6.002520498681369282e-09
2.332481603800609834e-09
-3.535169864858627412e-09
-6.301690859050444309e-09
1.333622986183352024e-10
7.437620107112486479e-10
3.781015039880251202e-10
-8.255333008456600697e-11
2.704545212987157404e-11
8.433696429582806146e-11
4.031029078908848681e-11
2.423009231685201968e-11
1.894975080206561354e-11
-3.830856055322932524e-12
-3.453632104368240747e-12
-1.061604411164055350e-08
7.886483371343856818e-09
-5.926917342448326588e-09
9.153980270142426465e-10
1.595151259088066716e-09
1.131506848222183085e-09
5.857419588395446015e-11
-4.173202981267850911e-10
1.728667719650781576e-10
2.416732113314326887e-10
7.206327421303423808e-11
4.243470493841181288e-11
3.632605426898719579e-12
-8.020193032890998614e-12
-1.022951209289027328e-12
-2.414317391456516567e-08
7.886519427466924729e-09
9.793423567610518669e-09
-7.112705528814414105e-09
-2.393440858180318627e-10
1.339597227223590889e-09
-4.590191245248615762e-11
4.850201029019022833e-10
2.788612624338163961e-10
-1.740899830288657986e-10
1.735215668189142072e-10
2.777645046238754132e-11
1.227789400678692422e-12
4.503332388190880516e-12
-1.738433655329607871e-11
-9.778746248043774524e-11
9.371894262351606177e-09
1.609352049054584778e-08
-6.311154344308616684e-09
-5.571721329942344889e-09
-7.416430423251783896e-09
-2.121970199715162761e-09
-1.469087328571601603e-09
-1.061690472500564206e-09
-7.759921084192052365e-10
-3.618871581635173263e-10
-3.310887373602883177e-10
-1.586356069047595728e-10
-1.037824447501994670e-10
-5.759147619763283922e-11
1.171312318154334262e-07
1.184720104725370895e-07
1.617397843802191951e-07
1.296994434761629804e-07
9.707770153198996607e-08
6.865032093479124371e-08
5.891574144960261657e-08
4.182255132149328328e-08
2.506865041354801281e-08
1.519939999627570972e-08
9.348107289087844795e-09
5.489206810106681449e-09
3.255856151187905369e-09
1.990812680158767827e-09
1.259536617447807646e-09
-4.972993375834812231e-09
-4.499637591070854167e-09
5.247963639799929642e-10
-9.331944118993017708e-10
1.539120574193434727e-09
-9.018374405402511287e-10
-7.731862017911138499e-10
2.000523497006928859e-10
-9.866241035989496920e-11
-1.693741781711160814e-11
5.364203817081725103e-11
-1.350928902882897980e-11
3.052856051334747321e-11
-1.073492301425141377e-11
-3.209057175042913877e-13
-5.768534118863599715e-09
-3.277418740897686812e-09
-3.733305678605402845e-09
1.440968183945203601e-09
1.187041302471318370e-09
2.540391253641615227e-11
2.645520128895523363e-10
2.055186585621297840e-10
-7.027302772026346264e-11
-4.794302629565021604e-11
-2.921812976094112269e-11
-6.058973377589079265e-12
1.643150672032215616e-11
-9.248165236070371630e-12
-7.894584383159697881e-12
-6.010284735760646910e-09
1.857067893729724696e-09
-6.453464768814322945e-10
-1.036296511334452218e-09
-8.714956172688206049e-10
-1.073583540296257404e-09
4.901411811113472508e-10
-1.393625323600337077e-10
2.817049173871816688e-10
1.564120844662822287e-11
3.762812189502573172e-11
3.444666526006796053e-12
5.916726853881480171e-12
-9.703461402055328075e-12
4.761405839384620383e-12
-6.396736162617447028e-09
-2.177448348164875465e-09
-7.512967552741193423e-09
-6.198017981919292869e-09
5.376970059072085903e-10
-6.524565831447393786e-09
-3.367533939538994488e-10
-2.215354570841041053e-10
-4.043718195290018719e-10
-3.261955599233449056e-10
-1.337828944306139991e-10
-1.126548256468299907e-10
-2.208711181482805724e-11
-5.449536092491023381e-11
-1.771482562721500132e-11
2.738156790345151320e-08
2.465114637496084964e-08
3.155054554234281453e-08
3.449037012284655017e-08
4.172059887342257412e-08
2.496277418692371786e-08
2.110900110709114078e-08
1.679413402973539046e-08
9.997676706682730065e-09
6.306183366280813730e-09
3.971920456079258249e-09
2.235978810563437631e-09
1.304376671310141233e-09
7.679159249164089685e-10
4.745680906233922787e-10
1.244655959124538009e-09
3.625685456137476158e-09
5.246858849086128233e-10
-3.229746448407291487e-10
1.104891119603072960e-09
-3.755162986217832732e-10
-3.772318591715029942e-10
-7.312549356341486790e-11
3.733820730644851219e-11
1.313843150339660418e-11
3.179616829070470089e-12
-2.581670564671740894e-11
-5.269839939326469777e-12
4.771448661038028409e-12
2.661265403528274480e-12
-1.593680178127252130e-09
7.339113760337649441e-09
3.420975784418983426e-09
1.787477014814279965e-10
7.139328795430695061e-10
1.391824465873100039e-10
-4.349942515506919967e-11
-1.480303057318783617e-10
-8.822269852066025473e-11
4.336351119009025061e-11
-4.492096672515634351e-11
-3.055689884597248963e-12
-3.501864132352478221e-12
-2.350534423908145635e-12
-1.217921998575267695e-12
-1.405312334367490699e-09
2.858073742926305633e-09
1.463436217469428457e-09
-4.527444545485097498e-10
1.607271736437984578e-09
9.063344978511632322e-10
4.337732930306654201e-11
-2.012587662915713270e-10
-5.275290360470555381e-11
-4.747824203087496246e-11
-1.025142744490165538e-10
-2.550564227112295606e-11
1.455726858159793205e-11
3.638443635330186582e-12
1.420914038366065128e-13
1.709302268940157739e-09
-2.007246817001208860e-09
-1.485070889989335735e-09
-3.080690726710555597e-09
2.973590169604663914e-09
6.783327700966958704e-10
-3.981537911925242589e-10
-1.850079396962253026e-10
-1.862366408421060208e-10
-5.414035485482540455e-12
-3.413243897470791409e-11
6.227393862747163821e-12
2.594103058779038131e-11
3.850196419114972892e-12
-4.657293371896857952e-13
3.415461530298700816e-09
4.277915961162138968e-09
-4.823466535920672353e-09
9.558558220960033321e-10
1.100982647865189108e-08
5.132278373283624096e-09
2.816409025556675488e-09
2.102573995817106608e-09
1.584489528526157450e-09
9.511228412514747963e-10
5.049717788605952400e-10
3.190095688169545678e-10
2.157143961248478452e-10
1.111389815398720187e-10
6.577421180074159743e-11
1.838916101251256792e-04
1.311399211452880093e-04
1.114292200643425556e-04
7.041105058094400198e-05
4.750521139630852570e-05
2.949280656460960074e-05
1.985550993289454718e-05
1.279521938440084725e-05
8.802637585882414019e-06
6.229259379793711317e-06
4.361534604370582246e-06
2.996242771406072294e-06
1.955434838487492774e-06
1.207124559655827640e-06
7.043162631585340675e-07
1.924586135737981735e-05
2.374895344881523414e-05
1.617268086964092794e-05
1.079175321641467374e-05
8.493902790805845401e-06
5.787843992340593013e-06
3.519722224204687724e-06
2.114549967760532174e-06
1.482108217152193416e-06
9.232141826707139297e-07
6.708580075993420209e-07
4.649973838037350890e-07
3.297200017539177889e-07
2.204109309962709791e-07
1.384609056106367299e-07
-4.469725852612087955e-06
5.580346036577170247e-06
1.270406662460821254e-06
1.853680048430203774e-06
-1.066471797777093517e-07
3.365264314326021531e-07
-2.162203720496261112e-07
1.727891753576826634e-08
7.309373919372274686e-08
-5.138106720721488459e-10
4.549745439437121258e-09
6.865351414523107084e-09
2.987665337821965004e-09
-1.116718623433338968e-09
3.460894791930556899e-10
-2.497306576105810542e-07
4.844205213311301857e-06
-2.000415051684123110e-06
1.728431208262747252e-06
-5.212062968641792801e-07
3.461577271642954710e-07
-7.097175477396913213e-08
1.864133555232686722e-08
3.196975468636735606e-08
6.176665761160218070e-09
-9.140282234796811692e-09
1.192009887374062566e-08
2.856953876570477706e-10
-9.669315914325655030e-10
-2.508715975366358455e-10
9.423587219236955121e-07
3.280736075032064310e-06
-1.918869296958110271e-06
-2.186236218209662902e-08
-5.071974689017300095e-07
2.352879261280010036e-07
-1.660747594759071910e-07
1.835278234719132964e-08
8.481824196766237643e-08
7.662069390487232711e-10
-8.182969543309798550e-09
-5.873490583003111319e-10
-9.258510839584360282e-10
-2.424314141669852367e-11
-1.334217559571740119e-10
5.269705816545161892e-06
6.251180535224598176e-06
4.835177620455879080e-07
-1.080971822419255437e-06
-8.539647125295824404e-08
-8.169406361901934787e-08
-1.678600643490354268e-07
3.267147373960775261e-08
5.361032837031227647e-08
1.316719977770652019e-08
7.801110319152071979e-09
2.032406028410107899e-09
-4.714193367922150582e-10
2.851279817613897358e-11
-3.427788359526476884e-12
-1.583579681952874218e-06
5.469371510477488444e-06
8.202689840807300148e-07
6.882255614676752728e-08
3.302649018584966758e-07
2.091920095022386480e-07
3.829440542166732002e-08
6.124945635299905626e-08
4.176030909032188326e-08
-1.595064888100687164e-09
8.277300341528736696e-09
-1.414118692300237319e-09
1.002386466324602116e-09
-2.388202130875715394e-11
-4.892962295329532253e-11
-1.568664721228950403e-06
1.568922031369549362e-06
-4.938495168051637741e-07
-6.028270083536821058e-07
1.342290630613564138e-07
-4.120132227243852858e-08
7.699246260771133241e-08
-7.833684565906246825e-10
-1.560609481557037936e-08
5.786335478960568382e-09
9.689794078334003935e-09
1.312653571326317102e-09
-2.349677855133369386e-10
2.894607118757074263e-10
2.164149950299099206e-10
-1.194972034098253260e-06
-1.437672318911423730e-06
-2.121416810159547148e-07
2.060128957873615369e-07
5.700329773827102137e-08
-8.933379352502952227e-08
5.493100521571756885e-08
3.144151083852517682e-08
8.011521265757168262e-09
3.731441897620921723e-10
3.027960193130184380e-09
-1.528950138813235478e-09
9.861963898470100644e-10
-5.440764242603395886e-10
-8.982433740997787527e-11
-6.264808877025506964e-07
3.638915940691371816e-07
4.436655645350723047e-08
-4.976514619885238903e-08
1.550586533498676711e-07
2.904486131411683322e-08
3.473684426571854205e-08
5.606483246020618598e-09
-2.409302182037348884e-09
3.508399822639369168e-09
-1.888530427356237233e-09
3.326421850735681664e-10
1.136473893641201561e-09
2.271188673081368872e-10
1.864773645970194833e-10
8.221092599180900202e-05
8.850838460520685420e-05
6.747375657947319357e-05
5.268679264293378892e-05
3.831745972975638542e-05
2.458804125722172183e-05
1.598297157202875244e-05
9.996470398741636961e-06
6.349389489035943022e-06
4.143563188429773822e-06
2.842538089927466234e-06
2.003243707200363087e-06
1.417410806399923003e-06
9.748363112808967434e-07
6.351744162668962906e-07
9.283391307531078479e-06
1.926821087557222515e-05
1.706487056696537026e-05
1.287038328518172910e-05
9.711738940813153246e-06
6.171366639904896000e-06
4.063098023402455246e-06
2.499850517757305851e-06
1.600674987443847578e-06
1.015128580744384567e-06
6.480343026112089177e-07
4.581207873459177453e-07
3.225225702515033098e-07
2.261076648721576394e-07
1.531953504743907965e-07
-6.866973891230425056e-06
-5.250323503260436130e-07
-1.389901050386465157e-06
4.452128040318326179e-07
7.999543555395981916e-07
4.419911712735734459e-07
1.410428306533170613e-07
9.473852029899748667e-08
6.748853048287296130e-08
1.718343647787684036e-08
-4.676776578848155671e-09
9.217095479838299501e-09
6.838609089019306766e-09
3.125508989318491004e-09
3.202889858722581348e-09
-3.740582417276218166e-06
4.255117849214504722e-07
-8.548149319664157920e-07
1.783642569582859575e-06
3.718299100200874982e-07
2.364537282242007805e-07
-4.455911659754022587e-08
5.183065860754263292e-08
5.157056187724364262e-09
-1.721784107543436009e-08
-6.038041137551792794e-09
6.422791082598896597e-10
-1.014128122683730828e-09
1.289746087712694514e-10
4.473356936154449600e-10
-1.721951249180471237e-06
4.295811284506428376e-07
1.348612845375124423e-06
3.067979009745131792e-07
-2.452472921650171847e-07
1.216735567941535925e-07
-1.053181156595469267e-07
-2.473853983680220472e-08
-1.121053189557313610e-08
1.249126936870008681e-08
1.711682545554689733e-10
-1.177551385190073903e-09
-3.317383866171417745e-09
-1.235215356415040957e-10
8.865640444410645880e-11
-2.008121320959054466e-06
-3.746174260431296294e-07
1.849590144889162116e-07
1.575143715605230278e-06
1.556425371165177736e-07
5.708083727341394807e-08
5.128558010948046286e-08
6.615657720642754305e-08
1.794313072928720068e-08
1.016078815129413922e-08
5.067899838370323452e-09
-2.020710877198555506e-09
-7.569501361874012656e-10
-1.690750122087785405e-10
2.572030606615578413e-10
-2.429967852694124320e-06
-4.155967029816165200e-07
4.741402677765046414e-07
9.118556345470078474e-07
-1.186105208885619486e-07
1.023002178036082970e-07
-2.485132916485394383e-08
-3.307626821441411250e-08
1.704235802955835915e-08
3.482647467297527592e-09
6.830096854047452689e-09
-8.159927723439191729e-10
8.155914153904487596e-10
-1.867451919750187753e-10
2.084259153296404681e-10
9.822857524054792105e-07
7.143702797354646956e-07
-2.020244618440009012e-07
1.072623898081943751e-07
-1.287904130150548391e-07
1.234751434229002321e-07
3.841945120435988340e-08
-3.713363574155745292e-08
-5.249020632695147013e-09
-1.107486631434518900e-09
5.579502296472338480e-10
-4.131841737311894174e-10
-2.146596051466160671e-10
-7.215659296433556881e-10
-3.883716109041565000e-11
1.204540962624939010e-08
-3.179433153147932384e-07
1.996664555593732978e-07
2.936104703768392980e-07
1.849765033666544369e-07
2.686387261547173239e-08
-3.047480852836677615e-08
-3.161943774098831706e-08
-5.764548742831123341e-09
2.680219368112490020e-09
-1.052007834989262722e-09
-1.619277012666527892e-09
8.268074566129523538e-10
-1.009626316845498398e-10
-5.037972636230224705e-11
5.987235656907225433e-05
6.284671601505997438e-05
4.874579341897900377e-05
4.038280079255422315e-05
2.767805425316789138e-05
1.976526862242068165e-05
1.245472094091955220e-05
7.993198829706132260e-06
4.902958451486831820e-06
3.119457447344032449e-06
2.018093289728176762e-06
1.363227115799487428e-06
9.486395901382437690e-07
6.677261003214234851e-07
4.593579028345311296e-07
1.196026292066950991e-05
1.534674581888320627e-05
1.232370009302411130e-05
1.013143359751063032e-05
7.491633939277173703e-06
5.272278928803182172e-06
3.521945082456430859e-06
2.274104286422594953e-06
1.398869344782230091e-06
8.561841708569520407e-07
5.393473161161678955e-07
3.610098474238624888e-07
2.441864860569063499e-07
1.707356658741459459e-07
1.195709373317777916e-07
-5.750799217300350343e-06
-1.826461025433911444e-06
1.748112267284772019e-07
1.274555475991895165e-07
8.453371669375961361e-07
-9.096574631899299225e-08
-2.558065991419452355e-08
3.963882771816989048e-08
4.043347029840113086e-08
2.028889012603714786e-08
7.221563322410245831e-09
8.841708225801656214e-09
3.296759962714018390e-09
2.565456367635634201e-09
2.484132563537445346e-09
-2.076141149492016498e-07
-1.326144421356515941e-06
-4.166614885683208567e-07
2.292911034968694885e-07
-2.656088673164917169e-07
-1.477001507126673901e-07
-1.663618290581432328e-08
-5.750866777367783473e-08
2.194048336226651705e-08
2.635948813009333335e-08
-5.403031098014312866e-09
-1.173616851717341883e-09
-1.870020315648027331e-09
3.102322492249002986e-10
-2.053556414687047687e-10
1.443205657978024779e-06
1.330703956573745577e-06
-9.466650433330060376e-07
1.086070405418237629e-07
-1.009712839184462741e-07
8.182150988445446123e-08
7.169718199581984790e-08
4.748074857816883361e-08
2.258089069560351394e-08
5.690222327433311561e-09
1.562346437171160540e-09
-1.262632302584711238e-09
-4.104632228109503554e-10
3.214410462164649720e-10
1.546416306218844328e-10
-1.094286858625291181e-06
-1.531477185283020712e-07
1.726166432022168843e-06
-5.644579909399036790e-07
1.415601111466289576e-07
-1.025471154580728953e-07
-2.785837333615142104e-08
8.053195158327913341e-09
-6.344079630741577017e-09
-1.052836427401577909e-08
3.230569533158503677e-09
-1.483041908142579074e-09
-1.784688813471758187e-10
3.200395910997507865e-10
9.449495841097830974e-11
-3.078935840967392793e-07
1.042390391303150704e-06
-1.636581605071701292e-07
-2.924328022874427269e-07
-2.924146683473089210e-08
-1.099787429735579102e-07
2.697897019438011177e-08
-1.089879139339251124e-08
1.518359501821989586e-08
-4.927248532746609576e-09
3.873457613223596761e-09
3.770451172918709876e-10
4.274949489177237266e-10
-2.682864043082125920e-10
1.168862022903617091e-10
4.696820137105062222e-07
2.807892691601585351e-07
-2.290934676834499463e-07
-1.605619903166337491e-07
-6.041955509162530900e-08
-3.466455206568971042e-09
-1.927059352686712947e-08
-1.660912518180693029e-08
2.548469884866341876e-09
7.895200468806336621e-10
-1.997216990563742497e-09
-8.544860730913148610e-11
1.758526451515344095e-10
-1.550559229779962049e-10
1.086225914256731517e-10
4.614201599041766887e-05
4.183612057819546289e-05
3.583882692107268427e-05
2.710607665834200840e-05
2.001736189485130033e-05
1.451003504951128727e-05
9.878336054903920168e-06
6.304273218311684385e-06
3.852891326362425147e-06
2.378452471817637340e-06
1.483174418388920046e-06
9.712319487577645365e-07
6.529113556810882143e-07
4.548142238336417803e-07
3.181288589257615797e-07
1.106660617885753893e-05
9.466405642750343755e-06
8.648476648417274972e-06
7.300030829859223774e-06
5.560449826372532987e-06
3.806809595743562678e-06
2.755756125024545242e-06
1.751280123600103856e-06
1.056456348757143282e-06
6.698986330832413697e-07
4.121018234883636085e-07
2.684389014038744916e-07
1.751435824654877922e-07
1.211361976863440806e-07
8.465145296552130907e-08
-2.673085894804387536e-06
-1.168856876633765082e-06
-1.452375844943652935e-07
2.088579845781633268e-07
3.745415623487560941e-07
-1.207477613118608257e-07
3.993138604663979730e-08
7.414363523884193482e-08
2.593521445332983871e-08
2.153561611846090123e-08
1.293253576508819208e-08
3.594223137139271901e-09
3.758033076499241540e-09
2.395309954220459593e-09
1.508858332392643397e-09
1.318100055592908258e-06
1.548922458225533744e-07
-7.671154763775959093e-07
8.929808796632230442e-07
9.612182325965683681e-08
-1.730653612104082326e-07
4.622609659317265719e-08
6.713741311093201756e-08
9.587949483014016530e-09
-4.150827056323936938e-09
8.090129361813230053e-09
-1.716580018608825071e-09
6.832476563913659763e-12
-3.553846156157461652e-10
1.323694959784289495e-11
2.551022044609327271e-06
5.966885497720099773e-07
7.238071632399026004e-07
1.587162489445264953e-07
1.300208862636465025e-07
-1.447678015975211905e-07
2.188667249971385427e-08
1.986971809990355046e-08
-2.074862898186045549e-10
-1.358258120831996171e-09
-1.277953132503761772e-09
-1.617881832608295981e-09
-3.946318648663694849e-10
-4.151577676889122561e-10
1.904490532990450378e-10
1.300320014102790026e-07
-6.496371508164088388e-08
-1.435936504155726640e-08
-5.281336943341775905e-07
7.149570603406477929e-08
-2.130710588711813416e-07
-2.341574437744733150e-08
1.169092853709813459e-08
-1.417359861210081806e-08
5.208918718212686784e-09
5.070464340854357820e-10
-7.356433121363466663e-10
1.329786236380136113e-10
1.341855661914739751e-10
1.963587761384604691e-10
1.178463851577908053e-07
-7.019007447634589104e-07
-2.781330460541418708e-07
-1.805359437213146243e-07
3.105093361542989289e-08
7.030544505591773314e-08
1.826792092516841088e-08
-8.531412809424996478e-10
6.214731997849252983e-10
-5.294268641715094377e-11
-1.073391328054815805e-09
4.245727248149031934e-10
-5.617999918292430348e-11
-3.973660431895972058e-10
1.210974572029064280e-11
2.646129436462975429e-05
2.538419075504523285e-05
2.312650539101376954e-05
1.899587055269696709e-05
1.486703244944971477e-05
1.130155287778233782e-05
7.836064683762489032e-06
5.016840229702220918e-06
3.025698536964432433e-06
1.879591449135705663e-06
1.155023959800481860e-06
7.311545133893837376e-07
4.747210055370898255e-07
3.215450646174008914e-07
2.228616125343876827e-07
8.888760999141103836e-06
7.958048059585603673e-06
5.786909340523013222e-06
4.914243748744445591e-06
4.343584946431035197e-06
3.011289227481502935e-06
2.262069044193837831e-06
1.409031855438718826e-06
8.556790206324219449e-07
5.285999909241583398e-07
3.212383811695080084e-07
1.982264796222693747e-07
1.276176453686800447e-07
8.424871903129074899e-08
5.791471100210140600e-08
2.863022012581691581e-06
4.082115469321876811e-07
-5.714749374240623699e-07
2.143159920647996837e-07
8.882727767945842807e-08
8.967897791980922513e-08
8.924975500429700455e-08
4.849972990562048955e-08
2.066298072628316429e-08
1.280596735412494557e-08
6.816001538463557787e-09
4.179020303342592603e-09
2.519910164225522009e-09
6.230200556624150463e-10
9.488066586221230307e-10
1.969260230324648968e-06
-3.499848680431058685e-07
3.687843298065838990e-08
-2.377888065344510787e-07
-1.207887310350330585e-07
-4.389343637580591157e-09
7.592572445663823616e-10
4.137452736602497559e-08
1.053002989252164067e-08
-5.692558111043265514e-09
-2.591462491833100264e-09
3.229945724927628293e-10
-1.106697810021914991e-09
-4.536525351546870670e-10
-9.714813980914963940e-11
8.857230611713931522e-08
-3.900641081255002257e-07
2.892157163043490123e-09
-1.125959935612669262e-07
1.579844294549633277e-07
-1.656614354291090152e-07
-3.611661839532153514e-08
3.925722842976232116e-08
9.077463760722605545e-10
-7.058642751486170576e-10
-5.234684319259135450e-10
-5.345670759135651973e-11
-1.511745933664144269e-10
2.969010901652544266e-10
1.003227135423020310e-10
-8.115988728606169462e-08
-1.501691830289294855e-07
-2.463842193622260876e-08
-1.508258920450835490e-07
1.128007611566205861e-07
1.238307340564474603e-08
-1.142322336690330348e-09
9.641027878748326238e-09
-2.599804910322949314e-09
-1.863168527763943608e-09
2.743937580157771066e-10
6.323807371904190421e-10
1.440412246077020244e-10
-2.108883604296179564e-10
-3.455296360276303314e-11
1.820274879998024572e-05
1.909438943645504208e-05
1.620659468276069737e-05
1.371838508674599052e-05
1.137616539906825728e-05
8.194113752287349094e-06
6.203963821749332109e-06
3.779162763659035557e-06
2.476024681140214604e-06
1.507020965400018785e-06
9.097875360071768618e-07
5.573004159484006266e-07
3.500764501883914122e-07
2.288581499122354870e-07
1.553478614791213224e-07
5.357181553275541122e-06
4.368196926755543250e-06
4.354077604205447868e-06
3.951301172172868613e-06
2.535196082005628394e-06
2.038388861187873153e-06
1.610085867342723853e-06
9.915954171591381779e-07
6.481148146359911322e-07
4.024916669354924174e-07
2.356640961597305774e-07
1.433614554047535476e-07
8.744200510574183425e-08
5.592081652983563476e-08
3.748036576656505152e-08
3.159746686835203130e-07
-7.255418998582902570e-07
7.551899857114718619e-07
5.225975724257161798e-07
-1.607157251985185325e-07
-1.178244947706937344e-07
8.341956762799400514e-08
3.656090083390695430e-08
-1.974986177438091324e-09
5.607329964310313412e-10
2.548344679830227873e-09
3.580615131999068899e-09
8.085519753777964160e-10
1.859109703852809919e-10
4.032459963889302095e-10
-3.190237721614484290e-08
-3.838281893326917363e-07
-2.120590589208491209e-07
2.252402807947851034e-09
2.158839633629463925e-07
-4.325321244791484574e-08
-6.000870515014359130e-09
6.756597385316594124e-09
9.812972994541103855e-09
-2.382661534595669188e-09
-9.213227292188651362e-11
-4.773005780775746585e-10
-8.587972970372593234e-11
8.268779069599478684e-11
5.592285995066760326e-11
3.829393348999411986e-07
-3.353060094498507060e-08
-2.451529652217232125e-07
1.071607691102560404e-08
1.141000440629926459e-07
-5.745934075008159025e-08
-2.936360930193102365e-08
7.540877770746987842e-09
4.074435528747858642e-10
-1.733317131561592508e-09
7.211478805816194363e-10
-2.545911240832324117e-10
3.240004820749803807e-10
-1.720988388188650889e-10
6.251755193087073569e-12
1.027300801947086320e-05
1.099680570056386415e-05
1.131899548131470618e-05
1.006170875412836524e-05
7.803215878307471576e-06
5.736160168289713811e-06
4.574067966347059060e-06
3.001383187606165014e-06
1.985938493932923881e-06
1.203833461986410692e-06
7.106278660631072295e-07
4.250458802130763206e-07
2.590631621943059969e-07
1.641502318593268248e-07
1.075975112289676646e-07
1.839730477501352085e-06
1.550385906526743029e-06
2.516568905572722955e-06
2.428927450469802582e-06
1.596983250346836627e-06
1.081192255929910128e-06
9.673778939125642906e-07
6.316184609570702159e-07
3.887909559761485610e-07
2.378156970655611470e-07
1.426591046533568130e-07
8.532396678552715790e-08
5.165556150077311639e-08
3.161660916136934751e-08
2.064830483153434036e-08
-2.968835796622035173e-08
-3.582260994340820809e-07
-1.509127844962145124e-07
2.816057926190174222e-07
-7.494304284427634962e-08
8.314723485049748256e-08
-1.363236482652877882e-08
-6.021107338452592653e-09
3.123755990267944996e-09
-5.141154878799409999e-10
2.141512086207343272e-11
-2.111114602973176356e-10
2.421849538030497835e-10
5.088361734626807663e-11
8.098862269769545485e-11
-5.152023862974890956e-08
-1.684003186595326103e-07
-1.903369517568399525e-07
1.660641474752113389e-08
-4.519281108909093439e-08
4.772889576718677077e-08
-6.533425206858074604e-09
-6.768651174669991488e-09
-3.665043488834985619e-09
-7.317328943345690635e-10
-5.486925242178834355e-10
1.085602782529173515e-10
-2.986354646748767910e-10
-5.089917343762522241e-11
-6.803539879312727778e-11
5.128755088875508981e-06
6.733942858461448572e-06
6.576026337986796292e-06
6.641320618054791477e-06
5.199582193257006145e-06
3.910698805999810902e-06
2.967855564924443450e-06
2.176979662264878844e-06
1.313057797347347124e-06
8.164865674489140304e-07
4.925171587499635337e-07
2.930344946846122296e-07
1.745153125198322640e-07
1.059693083122508408e-07
6.708297850602443646e-08
4.890430049468043576e-07
5.850076086702846738e-07
8.785128017853178018e-07
8.283594475258737810e-07
6.751937751363496284e-07
5.590370944245967072e-07
3.767299672522891325e-07
2.975921817222166375e-07
1.734431460578560299e-07
1.063018175458055509e-07
6.564895826449079004e-08
3.881507042482360723e-08
2.300786177069208653e-08
1.363819681829020011e-08
8.447767445852412278e-09
-1.703311231295726296e-07
1.407703853037693641e-07
-2.637127756623721462e-08
-1.118985514973461293e-08
3.639933852533743975e-08
9.808614901977418283e-09
1.228819846444594027e-08
-1.923855765324844649e-09
1.256483105397486821e-09
-3.983441489663193916e-11
-2.416956133366390094e-10
3.391242793307952744e-10
-1.173657608375718227e-10
-7.053354614558314743e-11
-3.323797082552640500e-13
2.348288246069795471e-06
2.579037465267012797e-06
3.040237410338112782e-06
3.019627346023022940e-06
2.889893946151456180e-06
2.221995660330555876e-06
1.579298682767945425e-06
1.239180913266388301e-06
7.542425163575574662e-07
4.971008289869624827e-07
3.012712969925328126e-07
1.742085347605232477e-07
1.011465293708396777e-07
5.929285479748332647e-08
3.557667936248361565e-08
4.897142792748946631e-08
2.630133345114718931e-07
6.334803560378980801e-08
1.482352556701645026e-07
1.870621249711430313e-07
1.280314889532960497e-07
9.153346677560928894e-08
7.333821547372000097e-08
4.916410354250397527e-08
2.950155099302187545e-08
1.819862813750431796e-08
1.040536331587496034e-08
5.977098238269726327e-09
3.551936475428631916e-09
2.010404490610449314e-09
5.476709353501649922e-07
7.660363644448108172e-07
7.489331192888819715e-07
8.249110394273754001e-07
7.594267011981315566e-07
6.335674788973700357e-07
4.654018667596927506e-07
3.623876161372517221e-07
2.580803873483003911e-07
1.591797597926279674e-07
9.572203203316021365e-08
5.626782387141871924e-08
3.249071359091068558e-08
1.846553039169321132e-08
1.045656201876793395e-08
