# lsst_theory
2.519335530657936822e-09
1.700069760055822148e-09
1.125426064973257517e-09
7.478845939825543045e-10
5.031374408266434129e-10
3.393020202747939072e-10
2.325365590547373231e-10
1.604239373834443985e-10
1.099477174259133711e-10
7.376276138788844431e-11
4.776273957781603366e-11
2.960000452748189250e-11
1.757902282810461520e-11
1.004144413154092022e-11
5.547177838106095754e-12
4.221960688392351050e-09
2.845474943733777667e-09
1.874869228065177235e-09
1.216298430337893627e-09
7.976583383852528290e-10
5.356043151378619343e-10
3.651821544519913540e-10
2.545245981009776033e-10
1.780827132033621237e-10
1.226338943464101410e-10
8.143036707784620856e-11
5.131056729935356118e-11
3.052923449942777613e-11
1.720486700875363021e-11
9.286230731936924548e-12
4.295056923901878141e-09
2.840537031569473469e-09
1.842751092670750476e-09
1.170833268526621619e-09
7.517618919279118596e-10
5.063217643418108037e-10
3.469341205015626814e-10
2.454995232189156187e-10
1.743807895464675978e-10
1.214666094990236870e-10
8.101355951145004376e-11
5.075219877916707690e-11
2.962680901495766638e-11
1.614952599575809974e-11
8.339862854010139700e-12
4.362137346561361779e-09
2.857865457758078134e-09
1.839139101005655006e-09
1.155371342101518609e-09
7.331319471561921711e-10
4.944611434880209597e-10
3.397414422200446219e-10
2.423947394953048470e-10
1.736010613434835299e-10
1.216864621505128359e-10
8.137529000579737559e-11
5.084238229978067214e-11
2.938861317404520066e-11
1.572988494844277115e-11
7.915598704226274941e-12
4.420314810307410232e-09
2.873105527630778908e-09
1.836229354076482932e-09
1.142152825701128525e-09
7.171771522399868182e-10
4.843177729686857998e-10
3.335907010696371749e-10
2.397545036100741822e-10
1.729529146448845813e-10
1.218922104828096084e-10
8.169810521900434975e-11
5.092694856273867512e-11
2.918656612213136256e-11
1.536889590536821813e-11
7.549642049301181926e-12
1.422588542758160563e-08
1.032710588202457229e-08
7.259897081865058958e-09
4.982504559264273877e-09
3.311930743764669932e-09
2.164013548128592114e-09
1.419055842600852028e-09
9.428425202341484444e-10
6.384489837536414036e-10
4.386956733063387121e-10
3.013548988802574016e-10
2.031786240390632138e-10
1.324535995760645361e-10
8.251966671166897998e-11
4.894931613653347770e-11
1.787784504931599517e-08
1.312409323172487179e-08
9.292367627197904816e-09
6.434478236322290799e-09
4.302713896421274554e-09
2.789778289193761832e-09
1.825965540291044365e-09
1.201684262643338452e-09
8.089849470952276433e-10
5.546187979823525515e-10
3.821324098134229875e-10
2.598085515088029333e-10
1.714505825909228368e-10
1.082440274903888279e-10
6.494675979136178165e-11
1.980270216769340213e-08
1.455393586278158264e-08
1.030331269248384497e-08
7.143560842395063526e-09
4.776650590210219664e-09
3.078677032488734345e-09
2.012613200809011929e-09
1.320118487661665545e-09
8.884952596650719450e-10
6.098762028833518467e-10
4.214942080463427510e-10
2.878250759665018773e-10
1.908205058526652659e-10
1.209079539944042208e-10
7.265178770153206496e-11
2.148514986760460285e-08
1.580882572539440693e-08
1.119400971555118970e-08
7.769771449575166850e-09
5.196279447154680259e-09
3.336025876949182494e-09
2.178909175012505752e-09
1.425767702528021137e-09
9.592089194404486976e-10
6.588615805183989958e-10
4.562760866438821218e-10
3.125249905244189329e-10
2.078844229735274135e-10
1.320764490059364262e-10
7.946784078631612444e-11
2.699674823151560709e-08
2.082471119916640389e-08
1.526032109357411734e-08
1.085732670949399108e-08
7.498865674270512358e-09
4.954797539887712397e-09
3.210509149267077496e-09
2.086848142519075232e-09
1.371315545965803141e-09
9.185303649009167947e-10
6.241930404464757913e-10
4.248760875012848998e-10
2.854325654387662891e-10
1.861329403560795648e-10
1.163808822442250322e-10
3.241758679873681594e-08
2.543651773498423570e-08
1.885535622581504644e-08
1.352022307581760602e-08
9.421986577414216154e-09
6.273198472266662873e-09
4.045439282201061993e-09
2.625958917672476757e-09
1.710962251116735752e-09
1.137781194026368324e-09
7.697010384420843327e-10
5.238891545187614124e-10
3.537424639164826095e-10
2.328801126200427882e-10
1.473803400582381438e-10
3.692318789448707729e-08
2.923423224072666444e-08
2.178530210800276551e-08
1.567252713883356939e-08
1.096885345225895838e-08
7.326297456306833034e-09
4.704585587648356316e-09
3.052021322107325390e-09
1.978745427700091440e-09
1.311567266137609675e-09
8.859148851415069664e-10
6.035810682327345233e-10
4.090429150467580639e-10
2.708176963919719567e-10
1.724991211568528331e-10
4.268804554887789504e-08
3.487738374395443234e-08
2.675623947914746505e-08
1.964513815115161582e-08
1.395544904481181229e-08
9.529642408383952094e-09
6.221238810895736295e-09
4.009307734379874714e-09
2.582336616283560056e-09
1.686407110047788623e-09
1.119967506772228012e-09
7.529606678739895298e-10
5.074493677717064614e-10
3.374312891720285508e-10
2.180569927269835171e-10
5.163749433572204439e-08
4.313916135459979026e-08
3.371023238313198412e-08
2.506234476284698799e-08
1.796918536112020818e-08
1.241234918228696716e-08
8.167600768779221747e-09
5.236508098638131865e-09
3.362104791959761517e-09
2.175790291805442290e-09
1.431259754006043566e-09
9.558462906363667738e-10
6.431827182103772338e-10
4.295657844774960497e-10
2.803155014186697399e-10
6.827586932995085514e-08
5.964456319028913332e-08
4.872136576576033171e-08
3.757432251269981782e-08
2.764017112117828665e-08
1.952793064880532269e-08
1.325713257084288110e-08
8.575061176703426189e-09
5.477317437310952082e-09
3.488442724264819699e-09
2.243722753133235081e-09
1.463367696300520297e-09
9.672978506586939478e-10
6.416139113695300242e-10
4.213217102681432784e-10
5.012513433774042843e-07
3.481396047362715694e-07
2.337515689009394828e-07
1.530214529990403180e-07
1.005304131297857004e-07
6.626016358452930547e-08
4.458094083772337492e-08
3.072124339419033578e-08
2.151588009482978573e-08
1.502203577083311391e-08
1.021847011983032198e-08
6.644533069213384981e-09
4.098745143616622233e-09
2.400084960207036708e-09
1.344350095888425607e-09
1.575501791677292023e-06
1.135746745730702329e-06
7.955844404658842611e-07
5.365390681079846499e-07
3.497898075631786529e-07
2.281831316148012868e-07
1.490973647670992671e-07
9.963135563057834082e-08
6.840953468157566759e-08
4.782229705724986673e-08
3.334370726632061179e-08
2.263998212485200506e-08
1.470471882396015467e-08
9.045130816698152355e-09
5.276493008696045110e-09
1.884557564004445163e-06
1.364511101486819432e-06
9.605906592929987112e-07
6.506648626571101469e-07
4.240611634608093593e-07
2.764279954983767960e-07
1.800458570725307501e-07
1.198624119713811958e-07
8.205377498649349634e-08
5.731809187653173986e-08
4.004992435607442018e-08
2.731804284334138609e-08
1.784613919698074890e-08
1.103967961934868630e-08
6.470129039286409622e-09
2.067306006418081558e-06
1.499736510030084387e-06
1.058106341135988709e-06
7.180817542434419725e-07
4.679209020269278260e-07
3.049200758718420269e-07
1.983248491049446613e-07
1.318138103096705246e-07
9.011643197382467335e-08
6.293084372047880918e-08
4.401425209509065879e-08
3.008310581107358871e-08
1.970233540371224535e-08
1.221771184015173875e-08
7.174827328879251772e-09
2.225197629309988723e-06
1.616569012260841194e-06
1.142357645163636019e-06
7.763292746800958600e-07
5.058152779204082671e-07
3.295369030069395426e-07
2.141176953290742760e-07
1.421396968090223272e-07
9.708247935629145152e-08
6.778020517411544871e-08
4.743938419694160775e-08
3.247206917168095897e-08
2.130604669952286138e-08
1.323550768312757893e-08
7.783675502074831566e-09
-7.568285217450270621e-08
-6.290695594842057185e-08
-4.742043184618192285e-08
-3.570478388211801948e-08
-2.601504482077078583e-08
-1.635124723422218713e-08
-1.066793109486371414e-08
-6.692141919573792588e-09
-4.225619280773893463e-09
-2.746915264769611342e-09
-1.856944527435680458e-09
-1.300319451737502538e-09
-9.237183938032666014e-10
-6.421731539749302388e-10
-4.229621827922053339e-10
6.209131190857844306e-07
4.968264126629455202e-07
3.719667890295688221e-07
2.774872053029076154e-07
1.935621435413715914e-07
1.235486281414818891e-07
7.928332139580967755e-08
5.006722029215379816e-08
3.202452771087591021e-08
2.117902262019967232e-08
1.455698249345636307e-08
1.027957289063073323e-08
7.263772337108973270e-09
4.960692495571207306e-09
3.193102534838954436e-09
1.090556805597431075e-06
8.838704897501823661e-07
6.643469235598778709e-07
4.963404426444695424e-07
3.508834738643316113e-07
2.237673079811603727e-07
1.444339595544562976e-07
9.092680773681612569e-08
5.792677429716556870e-08
3.809044948531968980e-08
2.602696824339536584e-08
1.831114787670251775e-08
1.294500644691028422e-08
8.884326487039992438e-09
5.762573367529654263e-09
1.346745152460705087e-06
1.094449220736589896e-06
8.232942104296852898e-07
6.152899120754819623e-07
4.361720542575817733e-07
2.781096163002248760e-07
1.797131492712232059e-07
1.130676295540157639e-07
7.197364521954249853e-08
4.727156620942862688e-08
3.226110486306866422e-08
2.267977974168029055e-08
1.603506509074472598e-08
1.101639352065342327e-08
7.156737511518264074e-09
1.568061507489147433e-06
1.276362839590453066e-06
9.606038118970008166e-07
7.180457155176534603e-07
5.098496104597667747e-07
3.250531920194977992e-07
2.101892047832759857e-07
1.321940594765833803e-07
8.410810681341180267e-08
5.520275958549559064e-08
3.764655759841173131e-08
2.645371214627231047e-08
1.870448195003881185e-08
1.285821962372536034e-08
8.361102447871932250e-09
-3.503328332391767537e-08
-3.098157828621803478e-08
-2.418156387333964397e-08
-1.811962632647661322e-08
-1.364883523340126601e-08
-9.020837924378688310e-09
-5.889998135905460637e-09
-3.653917162198390777e-09
-2.289831301830516101e-09
-1.458854878242325165e-09
-9.604975663633631713e-10
-6.568852062432782427e-10
-4.619739838804759505e-10
-3.245185106428090466e-10
-2.198656516703343625e-10
1.076126490325490106e-07
9.327165827596811848e-08
7.162145392499280626e-08
5.354412935587184441e-08
4.020270590042917104e-08
2.578489233023733850e-08
1.712055054484896409e-08
1.051800881266440793e-08
6.602745133368915341e-09
4.235008954347791907e-09
2.815267003452174401e-09
1.943981166558300183e-09
1.375203638633272272e-09
9.652429598506610406e-10
6.487808398003603998e-10
5.909999685785261776e-07
5.341628434817381333e-07
4.243645848696736366e-07
3.187244291225296787e-07
2.406143345150024182e-07
1.642226703031175378e-07
1.051627666660941613e-07
6.589454557157658806e-08
4.126388969404025404e-08
2.612917447055845125e-08
1.703833495881903921e-08
1.153733866905572231e-08
8.063320570970273844e-09
5.667818481550479157e-09
3.871387645717928212e-09
8.542922786643393359e-07
7.751459026770552061e-07
6.178388781802482260e-07
4.643204095394414220e-07
3.506060261398743338e-07
2.405977656644404001e-07
1.536087565831548914e-07
9.647179373808616212e-08
6.038659940630546351e-08
3.819186377169838101e-08
2.486146925297899661e-08
1.680423979901035761e-08
1.173004494855589163e-08
8.245116257278660205e-09
5.639368884524288050e-09
1.079852447090390493e-06
9.814981271785769149e-07
7.834366643122123224e-07
5.889214879457072063e-07
4.447386671410287417e-07
3.059191278323668749e-07
1.950553182835413781e-07
1.226199725837946683e-07
7.674130861412856368e-08
4.851039098702134876e-08
3.155491755451673339e-08
2.131167461986658341e-08
1.486862373650541089e-08
1.045128250825464656e-08
7.152553501557752688e-09
-2.789675284664541259e-09
-2.634710103427749526e-09
-2.173164152599363841e-09
-1.644677028282965529e-09
-1.242039315330576665e-09
-8.991629724058209186e-10
-5.568795587707448296e-10
-3.588014993394615953e-10
-2.235706655550560006e-10
-1.397864055871366005e-10
-8.950481612279528748e-11
-5.941806210736189712e-11
-4.095358393503421611e-11
-2.875974267781411078e-11
-1.992211883766359725e-11
-3.520355087159171888e-08
-3.506799407393221680e-08
-3.062331031319192303e-08
-2.380119242789734871e-08
-1.782591055332171982e-08
-1.357825099627677717e-08
-8.523071364453268974e-09
-5.711881812860414056e-09
-3.490569984269142201e-09
-2.141577903900216263e-09
-1.339171614670473884e-09
-8.641982199589128068e-10
-5.806437293852373450e-10
-4.028227904312360652e-10
-2.813840227281665992e-10
2.546882988067646102e-07
2.479014149129999100e-07
2.112103092044158699e-07
1.622142742445309347e-07
1.219100415109488565e-07
9.105700413802090258e-08
5.663848395026446478e-08
3.744013054593179754e-08
2.306061636607113641e-08
1.424898946628562109e-08
8.996777315637796121e-09
5.874960006614357187e-09
3.990776128190928778e-09
2.784032296966582138e-09
1.938703055137532836e-09
5.203715097089095228e-07
5.104570216629886486e-07
4.388711754026570556e-07
3.388901423969906556e-07
2.544454200580180127e-07
1.910438621260045176e-07
1.198762501388316261e-07
7.931304816123188007e-08
4.872092363476115230e-08
3.006510746121087833e-08
1.891646324064900942e-08
1.229528682504763512e-08
8.314573587378249631e-09
5.784879663025229993e-09
4.030395318587393369e-09
7.341848346810286107e-07
7.215033251365289922e-07
6.216210070413002450e-07
4.806009647764362502e-07
3.607673558159288464e-07
2.711956076893643211e-07
1.705031586885079177e-07
1.128308321953993959e-07
6.926997391428087045e-08
4.273298262210368936e-08
2.686570790189772275e-08
1.744372957488235669e-08
1.178408002209003911e-08
8.193778522919264965e-09
5.709358092978871971e-09
-5.226674197485998173e-11
-5.214980744953270036e-11
-4.568662481381391886e-11
-3.563394589976576945e-11
-2.668745578029606855e-11
-2.028856867330398924e-11
-1.288832051319523849e-11
-8.589944028385151384e-12
-5.243987465271906773e-12
-3.221674592866426480e-12
-2.012197748389530402e-12
-1.296090376215325621e-12
-8.689580898682265470e-13
-6.016784291957126200e-13
-4.199033083111213825e-13
-1.636076631016547071e-08
-1.677356373018803594e-08
-1.519935816476881369e-08
-1.216032791996130053e-08
-9.111933491700605195e-09
-6.956050436120904339e-09
-4.677873594918767644e-09
-3.028519507271591785e-09
-1.848355175347969373e-09
-1.141021450435912915e-09
-7.067421969586413075e-10
-4.478849539318154623e-10
-2.949097546548103572e-10
-2.014713520369434970e-10
-1.402174036208393118e-10
4.711987313613169781e-08
4.781180980045150215e-08
4.273074617297055242e-08
3.376269041777046988e-08
2.523037522321395908e-08
1.929763679808656764e-08
1.262537814599167747e-08
8.331523983005897147e-09
5.037389720729432377e-09
3.107466824261259102e-09
1.931000926954332418e-09
1.232359751370996853e-09
8.183500120900987908e-10
5.630745875350741276e-10
3.930754383687145346e-10
2.926811552594428088e-07
3.033447269523077138e-07
2.788540392955208213e-07
2.260278864411898169e-07
1.698733222309323945e-07
1.293420556879355251e-07
8.945172483014539058e-08
5.674394573363444020e-08
3.498304764284993263e-08
2.161299620683681500e-08
1.335182072638185705e-08
8.403496494461897074e-09
5.486019719896082579e-09
3.720200217920992562e-09
2.580541786907060202e-09
4.898851857216038899e-07
5.088375395827522243e-07
4.690972165172539019e-07
3.812355537740345954e-07
2.867208423685873924e-07
2.181845923424793693e-07
1.516971438108929111e-07
9.587461391424155958e-08
5.924766320369781569e-08
3.660349905183777168e-08
2.259643201633878715e-08
1.420250000028083869e-08
9.255978079299312104e-09
6.267191433886378351e-09
4.344092034037735526e-09
-2.300583630603089885e-13
-2.388118549551334991e-13
-2.198111267185736118e-13
-1.781170466108324842e-13
-1.336468507979505419e-13
-1.019173357166700631e-13
-7.056002674090878932e-14
-4.476871764962172255e-14
-2.740156106233039145e-14
-1.697157802271754291e-14
-1.049840399855702789e-14
-6.607513099166713793e-15
-4.313824374368848518e-15
-2.926961558093706038e-15
-2.032538988954457437e-15
-1.353269834237244154e-09
-1.434332722466598683e-09
-1.357675522375940351e-09
-1.130741502348955154e-09
-8.564271316805472238e-10
-6.477118099633107429e-10
-4.718625247323164341e-10
-2.886043848967631633e-10
-1.826586457251878526e-10
-1.127301626837618386e-10
-6.913958659038719869e-11
-4.293536431317469806e-11
-2.755648557763091026e-11
-1.839809428935100046e-11
-1.266043723605759789e-11
-1.507016704479559772e-08
-1.642743188821001522e-08
-1.615312225724168093e-08
-1.401071031927847070e-08
-1.083133029660351261e-08
-8.089887892156104974e-09
-6.199857796982345299e-09
-3.743428618773844351e-09
-2.492263482514837540e-09
-1.522102066185471561e-09
-9.131449375463772609e-10
-5.561561666602421155e-10
-3.485504741944279273e-10
-2.269024955143417956e-10
-1.533622763867572615e-10
1.338250363224672368e-07
1.441833930140740721e-07
1.395767044325802205e-07
1.190818798443418756e-07
9.128829574028804337e-08
6.852306146006582004e-08
5.150984664821383343e-08
3.121328180007357620e-08
2.038376840370851675e-08
1.250013539882619059e-08
7.564668247912556327e-09
4.642501861345718279e-09
2.937042694582124623e-09
1.931520868965755725e-09
1.315191160753812466e-09
3.182827613038364607e-07
3.442644209578877818e-07
3.350850080781357868e-07
2.876521704641988789e-07
2.213382148339581750e-07
1.658650191971697083e-07
1.253927633428340216e-07
7.617442381585458120e-08
5.002428065001203988e-08
3.061777276088137513e-08
1.847757422350411709e-08
1.130525039040111135e-08
7.125319180415935804e-09
4.666985152478974202e-09
3.167801441096441100e-09
-1.073315836218930962e-17
-1.132111729022635510e-17
-1.064092435081499334e-17
-8.790512866604238145e-18
-6.628208262312954044e-18
-5.027566549210776751e-18
-3.623525980667113504e-18
-2.225304925020082787e-18
-1.386638074381399063e-18
-8.584678484468567873e-19
-5.304756734898864778e-19
-3.307614122308321722e-19
-2.132840068308531687e-19
-1.431469472338501996e-19
-9.887774665024784042e-20
-2.150939488770528002e-11
-2.347952850735034163e-11
-2.313932061562277195e-11
-2.013497722298354603e-11
-1.561099602126101171e-11
-1.165270488668705212e-11
-8.930588188137748962e-12
-5.433789178676698210e-12
-3.620727225815468490e-12
-2.207955338177845784e-12
-1.322797703121506661e-12
-8.041737281356416976e-13
-5.029035260474770487e-13
-3.265950972083570066e-13
-2.202426144918418750e-13
-6.482763381810439680e-09
-7.182151411294029287e-09
-7.226175378423420694e-09
-6.445473169268250317e-09
-5.088688774582585384e-09
-3.783547482691717856e-09
-2.928373910181509624e-09
-1.845655920635003433e-09
-1.229599604135319745e-09
-7.435329258151926123e-10
-4.451247951687915473e-10
-2.677471263012120181e-10
-1.649434329086705869e-10
-1.053323705096169905e-10
-6.997646769408815318e-11
3.068574524659381911e-08
3.394844698775198385e-08
3.408820066227369850e-08
3.032859994857752115e-08
2.389240589258208430e-08
1.776356679553690763e-08
1.374808149528779649e-08
8.619057287283670738e-09
5.756520386017931201e-09
3.481579080121537981e-09
2.083336172012037910e-09
1.253739699623905752e-09
7.734651555807554887e-10
4.948643246435969481e-10
3.293508412155411078e-10
1.950830608809633995e-07
2.177877474682806295e-07
2.215079253554628224e-07
2.002879026138507475e-07
1.599916304849803627e-07
1.189867988343830400e-07
9.204119221911985816e-08
5.975536786945290608e-08
3.923513056377203578e-08
2.366268729076419042e-08
1.423062383012767752e-08
8.536983470520203105e-09
5.219239984605395243e-09
3.300395190561802227e-09
2.171569060877410461e-09
0.000000000000000000e+00
0.000000000000000000e+00
0.000000000000000000e+00
0.000000000000000000e+00
0.000000000000000000e+00
0.000000000000000000e+00
0.000000000000000000e+00
0.000000000000000000e+00
0.000000000000000000e+00
0.000000000000000000e+00
0.000000000000000000e+00
0.000000000000000000e+00
0.000000000000000000e+00
0.000000000000000000e+00
0.000000000000000000e+00
-3.549443095815479697e-14
-3.964490014946208377e-14
-4.034110663069889872e-14
-3.647735249696239301e-14
-2.910762796043913638e-14
-2.161561001882330846e-14
-1.676701074397551437e-14
-1.083072722323242509e-14
-7.165436142263364051e-15
-4.310574511425140460e-15
-2.590527779571580209e-15
-1.550430409362830299e-15
-9.475076461608606086e-16
-5.995582888897936826e-16
-3.948454190730680077e-16
-3.036378632734038317e-10
-3.433993739675593579e-10
-3.556503919615421772e-10
-3.289581810271273598e-10
-2.680940647086118927e-10
-1.997641254422024191e-10
-1.539706692055862328e-10
-1.050576062397912694e-10
-6.704427108629778755e-11
-4.040251581278637917e-11
-2.447300234529852206e-11
-1.464991639064533305e-11
-8.854019015990532656e-12
-5.508755869991014755e-12
-3.565302457029869526e-12
-4.627833265419370334e-09
-5.358717952946762739e-09
-5.736230424023712929e-09
-5.539377825015221037e-09
-4.717914306600817352e-09
-3.572232947451360878e-09
-2.696612244037165726e-09
-2.025720053063089436e-09
-1.207802715689103389e-09
-7.586758398622028641e-10
-4.607610397827958643e-10
-2.742121422769871518e-10
-1.623608603626997519e-10
-9.781271115975841024e-11
-6.101880092886886407e-11
1.009787605424263834e-07
1.157642975114173795e-07
1.222230349510303683e-07
1.159597500660831883e-07
9.701722871544384543e-08
7.297932615488808664e-08
5.555990221642479716e-08
4.021108582461549819e-08
2.461525605611105365e-08
1.519967788477783063e-08
9.224580504263163311e-09
5.503190707087429189e-09
3.284385682156810433e-09
2.003784390876157765e-09
1.268594864782820752e-09
0.000000000000000000e+00
0.000000000000000000e+00
0.000000000000000000e+00
0.000000000000000000e+00
0.000000000000000000e+00
0.000000000000000000e+00
0.000000000000000000e+00
0.000000000000000000e+00
0.000000000000000000e+00
0.000000000000000000e+00
0.000000000000000000e+00
0.000000000000000000e+00
0.000000000000000000e+00
0.000000000000000000e+00
0.000000000000000000e+00
0.000000000000000000e+00
0.000000000000000000e+00
0.000000000000000000e+00
0.000000000000000000e+00
0.000000000000000000e+00
0.000000000000000000e+00
0.000000000000000000e+00
0.000000000000000000e+00
0.000000000000000000e+00
0.000000000000000000e+00
0.000000000000000000e+00
0.000000000000000000e+00
0.000000000000000000e+00
0.000000000000000000e+00
0.000000000000000000e+00
-5.152050381848615687e-13
-5.957397738796604143e-13
-6.365701907112641657e-13
-6.135316953641220794e-13
-5.218835496367229375e-13
-3.953641926189904970e-13
-2.985207194174921787e-13
-2.233037031970960653e-13
-1.336308155899224210e-13
-8.420695193857486736e-14
-5.108857036411147848e-14
-3.032669574725010534e-14
-1.796175193100798288e-14
-1.083434094801188660e-14
-6.765203505435145657e-15
-1.431960305137333178e-09
-1.672829985551297409e-09
-1.813430704896611264e-09
-1.782353085292391331e-09
-1.550999928918710556e-09
-1.191975789017263022e-09
-8.908191619484466926e-10
-6.862877982656930474e-10
-4.089716612075779051e-10
-2.663294213082126610e-10
-1.612996251340409587e-10
-9.407805455923498321e-11
-5.505152780552047712e-11
-3.272735792476281123e-11
-2.003646169618501939e-11
3.197771807560056878e-08
3.757856455140742584e-08
4.107925004135965968e-08
4.084579044113356101e-08
3.605772705116828097e-08
2.802497023152969461e-08
2.085170421709685253e-08
1.621093082394885386e-08
9.814327560997426221e-09
6.451601265940640514e-09
3.892410976501816820e-09
2.261183506859911929e-09
1.313553601203723141e-09
7.729709563134500927e-10
4.672383003772530968e-10
0.000000000000000000e+00
0.000000000000000000e+00
0.000000000000000000e+00
0.000000000000000000e+00
0.000000000000000000e+00
0.000000000000000000e+00
0.000000000000000000e+00
0.000000000000000000e+00
0.000000000000000000e+00
0.000000000000000000e+00
0.000000000000000000e+00
0.000000000000000000e+00
0.000000000000000000e+00
0.000000000000000000e+00
0.000000000000000000e+00
0.000000000000000000e+00
0.000000000000000000e+00
0.000000000000000000e+00
0.000000000000000000e+00
0.000000000000000000e+00
0.000000000000000000e+00
0.000000000000000000e+00
0.000000000000000000e+00
0.000000000000000000e+00
0.000000000000000000e+00
0.000000000000000000e+00
0.000000000000000000e+00
0.000000000000000000e+00
0.000000000000000000e+00
0.000000000000000000e+00
0.000000000000000000e+00
0.000000000000000000e+00
0.000000000000000000e+00
0.000000000000000000e+00
0.000000000000000000e+00
0.000000000000000000e+00
0.000000000000000000e+00
0.000000000000000000e+00
0.000000000000000000e+00
0.000000000000000000e+00
0.000000000000000000e+00
0.000000000000000000e+00
0.000000000000000000e+00
0.000000000000000000e+00
0.000000000000000000e+00
-1.354566568581993469e-12
-1.614584953053338113e-12
-1.800206984662369569e-12
-1.838890054779534076e-12
-1.678385645727199751e-12
-1.340928546228210487e-12
-9.907409298493168627e-13
-7.789034867440059299e-13
-4.959546658601773734e-13
-3.273312281073646869e-13
-1.951354304501926363e-13
-1.136678031824122146e-13
-6.516127435140659213e-14
-3.748917343759136499e-14
-2.202626318458106290e-14
3.717327134182548045e-09
4.474980278409888576e-09
5.058700186409757106e-09
5.267315610228033482e-09
4.930995585225927128e-09
4.043207666914048767e-09
3.001035637354524019e-09
2.332160600288489707e-09
1.585655356405414778e-09
1.009342070049377584e-09
5.994092509043489845e-10
3.533661787758271148e-10
2.034887645438771437e-10
1.157736597982122340e-10
6.651568754547518662e-11
2.051978851136243012e-04
1.487479706689644134e-04
1.047890773181140041e-04
7.043566845368804438e-05
4.572835105971614813e-05
2.969480613874684154e-05
1.932629103775940097e-05
1.287398795400007796e-05
8.850058225327530440e-06
6.222473259886689987e-06
4.375745671231142226e-06
2.995675400355784421e-06
1.956337386856435120e-06
1.206114649620344135e-06
7.038355158906793021e-07
2.961604089393682932e-05
2.271056479619310538e-05
1.689399332850795453e-05
1.243240555333693096e-05
8.185776980950629708e-06
5.361542010950935902e-06
3.370378923292342244e-06
2.143757039268053985e-06
1.394389786685305716e-06
9.425473420417748966e-07
6.609854810401809768e-07
4.711743093752489003e-07
3.305085021530809609e-07
2.206362141117053286e-07
1.378812925572414720e-07
1.942456043616161766e-07
1.591489823139880515e-07
1.193950434956494969e-07
8.964726638596650457e-08
6.454406719958789899e-08
4.037567658151598400e-08
2.624426135432834469e-08
1.653476029431854985e-08
1.049203994095697459e-08
6.864894002051106715e-09
4.670993077646556062e-09
3.283455697078525490e-09
2.330304786902218681e-09
1.610879560519385909e-09
1.052264040281378978e-09
5.504576505988327956e-11
4.804377922434781599e-11
3.706047805434049668e-11
2.773640330399150584e-11
2.089183514116284136e-11
1.345490452761175588e-11
8.964577907423904150e-12
5.529712631746198888e-12
3.455357420872716558e-12
2.207089339135971866e-12
1.462138786422005316e-12
1.006502002449022438e-12
7.108539867781173235e-13
4.992643058421183679e-13
3.365087788425423242e-13
0.000000000000000000e+00
0.000000000000000000e+00
0.000000000000000000e+00
0.000000000000000000e+00
0.000000000000000000e+00
0.000000000000000000e+00
0.000000000000000000e+00
0.000000000000000000e+00
0.000000000000000000e+00
0.000000000000000000e+00
0.000000000000000000e+00
0.000000000000000000e+00
0.000000000000000000e+00
0.000000000000000000e+00
0.000000000000000000e+00
0.000000000000000000e+00
0.000000000000000000e+00
0.000000000000000000e+00
0.000000000000000000e+00
0.000000000000000000e+00
0.000000000000000000e+00
0.000000000000000000e+00
0.000000000000000000e+00
0.000000000000000000e+00
0.000000000000000000e+00
0.000000000000000000e+00
0.000000000000000000e+00
0.000000000000000000e+00
0.000000000000000000e+00
0.000000000000000000e+00
0.000000000000000000e+00
0.000000000000000000e+00
0.000000000000000000e+00
0.000000000000000000e+00
0.000000000000000000e+00
0.000000000000000000e+00
0.000000000000000000e+00
0.000000000000000000e+00
0.000000000000000000e+00
0.000000000000000000e+00
0.000000000000000000e+00
0.000000000000000000e+00
0.000000000000000000e+00
0.000000000000000000e+00
0.000000000000000000e+00
0.000000000000000000e+00
0.000000000000000000e+00
0.000000000000000000e+00
0.000000000000000000e+00
0.000000000000000000e+00
0.000000000000000000e+00
0.000000000000000000e+00
0.000000000000000000e+00
0.000000000000000000e+00
0.000000000000000000e+00
0.000000000000000000e+00
0.000000000000000000e+00
0.000000000000000000e+00
0.000000000000000000e+00
0.000000000000000000e+00
0.000000000000000000e+00
0.000000000000000000e+00
0.000000000000000000e+00
0.000000000000000000e+00
0.000000000000000000e+00
0.000000000000000000e+00
0.000000000000000000e+00
0.000000000000000000e+00
0.000000000000000000e+00
0.000000000000000000e+00
0.000000000000000000e+00
0.000000000000000000e+00
0.000000000000000000e+00
0.000000000000000000e+00
0.000000000000000000e+00
0.000000000000000000e+00
0.000000000000000000e+00
0.000000000000000000e+00
0.000000000000000000e+00
0.000000000000000000e+00
0.000000000000000000e+00
0.000000000000000000e+00
0.000000000000000000e+00
0.000000000000000000e+00
0.000000000000000000e+00
0.000000000000000000e+00
0.000000000000000000e+00
0.000000000000000000e+00
0.000000000000000000e+00
0.000000000000000000e+00
1.190225570687140742e-04
9.675231155427272138e-05
7.257636436712743043e-05
5.439557434606924968e-05
3.871404986415494888e-05
2.446435669850632175e-05
1.581589126029395062e-05
9.965964235625718407e-06
6.338153955893473739e-06
4.160698038532035487e-06
2.839989661896351437e-06
1.999142354789276479e-06
1.416663294165960614e-06
9.753725575621851798e-07
6.341420656053663071e-07
2.524468290070645693e-05
2.190701429176516459e-05
1.687252075745910757e-05
1.263849296595847791e-05
9.472709949456336822e-06
6.100971861911676812e-06
4.036920512494975691e-06
2.500101004691327793e-06
1.565948443987708159e-06
1.002949478470141908e-06
6.658122338272065047e-07
4.589749666806519077e-07
3.241414404258652681e-07
2.272523785597450708e-07
1.527468835047501993e-07
4.063182490759198831e-07
3.725047022510210631e-07
2.985388451922029105e-07
2.240450606809439192e-07
1.697602240265490546e-07
1.178746840523824566e-07
7.473362407210932957e-08
4.670394812432524192e-08
2.931546436481583022e-08
1.852490154280014352e-08
1.201861198713516634e-08
8.098319896935555750e-09
5.646789748797032911e-09
3.976838397883939228e-09
2.731938190672626857e-09
2.609029113178671875e-10
2.510359428867674888e-10
2.108286374701221224e-10
1.604562084068618279e-10
1.208389911120328886e-10
8.958221087019983206e-11
5.476563970128657151e-11
3.605513727723651647e-11
2.234386684497178715e-11
1.385705993156475362e-11
8.806693471838612529e-12
5.795542811944375926e-12
3.965962535484910123e-12
2.779248934455168450e-12
1.934241863889524398e-12
7.925423048741940014e-17
7.875933773443309743e-17
6.858422110629948417e-17
5.318276200411280058e-17
3.980422590022077360e-17
3.031825068839541337e-17
1.891278770832220214e-17
1.278435862864303045e-17
7.810781205777853931e-18
4.769789086506223218e-18
2.983820438085525269e-18
1.928461673095063128e-18
1.297826992006525461e-18
9.014749395842704523e-19
6.299033443083443955e-19
0.000000000000000000e+00
0.000000000000000000e+00
0.000000000000000000e+00
0.000000000000000000e+00
0.000000000000000000e+00
0.000000000000000000e+00
0.000000000000000000e+00
0.000000000000000000e+00
0.000000000000000000e+00
0.000000000000000000e+00
0.000000000000000000e+00
0.000000000000000000e+00
0.000000000000000000e+00
0.000000000000000000e+00
0.000000000000000000e+00
0.000000000000000000e+00
0.000000000000000000e+00
0.000000000000000000e+00
0.000000000000000000e+00
0.000000000000000000e+00
0.000000000000000000e+00
0.000000000000000000e+00
0.000000000000000000e+00
0.000000000000000000e+00
0.000000000000000000e+00
0.000000000000000000e+00
0.000000000000000000e+00
0.000000000000000000e+00
0.000000000000000000e+00
0.000000000000000000e+00
0.000000000000000000e+00
0.000000000000000000e+00
0.000000000000000000e+00
0.000000000000000000e+00
0.000000000000000000e+00
0.000000000000000000e+00
0.000000000000000000e+00
0.000000000000000000e+00
0.000000000000000000e+00
0.000000000000000000e+00
0.000000000000000000e+00
0.000000000000000000e+00
0.000000000000000000e+00
0.000000000000000000e+00
0.000000000000000000e+00
0.000000000000000000e+00
0.000000000000000000e+00
0.000000000000000000e+00
0.000000000000000000e+00
0.000000000000000000e+00
0.000000000000000000e+00
0.000000000000000000e+00
0.000000000000000000e+00
0.000000000000000000e+00
0.000000000000000000e+00
0.000000000000000000e+00
0.000000000000000000e+00
0.000000000000000000e+00
0.000000000000000000e+00
0.000000000000000000e+00
6.914839307374466473e-05
6.298043044124049543e-05
5.023927659053396220e-05
3.770049744521188875e-05
2.854061472112194426e-05
1.963786040328390013e-05
1.252671905665997371e-05
7.824799521825169635e-06
4.906468677584728164e-06
3.103374581091941002e-06
2.018394976661724593e-06
1.363487768467541903e-06
9.521034523904038225e-07
6.701860255771328614e-07
4.592544345142798956e-07
1.651342180930379341e-05
1.571895961972400981e-05
1.306173922670861804e-05
9.905771281246398915e-06
7.473186185598638891e-06
5.466718376242955582e-06
3.364076461010198871e-06
2.185806677695715037e-06
1.359363486363719505e-06
8.474669486363536163e-07
5.409344588294853218e-07
3.578013017979163610e-07
2.459025339348057058e-07
1.725633961384112339e-07
1.197885447652320126e-07
2.885471495841541619e-07
2.856036950100198436e-07
2.477330432235866642e-07
1.918765254137467318e-07
1.437825719553646132e-07
1.090118725268421013e-07
6.816008657218191668e-08
4.567533816655434389e-08
2.795144047985607064e-08
1.715164528323404963e-08
1.074967064421181727e-08
6.959352253264573604e-09
4.690276320660656132e-09
3.259324977919749250e-09
2.275261103525953105e-09
2.113315437458315362e-10
2.163760794121770150e-10
1.956262350702357558e-10
1.560579134235337983e-10
1.167765519783814630e-10
8.930822406756003670e-11
5.965522348519666220e-11
3.890322995038154473e-11
2.362168532015351428e-11
1.458872554394829255e-11
9.031965036292745141e-12
5.730921020581502642e-12
3.780658349667235120e-12
2.587467447959358174e-12
1.802982444135951099e-12
0.000000000000000000e+00
0.000000000000000000e+00
0.000000000000000000e+00
0.000000000000000000e+00
0.000000000000000000e+00
0.000000000000000000e+00
0.000000000000000000e+00
0.000000000000000000e+00
0.000000000000000000e+00
0.000000000000000000e+00
0.000000000000000000e+00
0.000000000000000000e+00
0.000000000000000000e+00
0.000000000000000000e+00
0.000000000000000000e+00
0.000000000000000000e+00
0.000000000000000000e+00
0.000000000000000000e+00
0.000000000000000000e+00
0.000000000000000000e+00
0.000000000000000000e+00
0.000000000000000000e+00
0.000000000000000000e+00
0.000000000000000000e+00
0.000000000000000000e+00
0.000000000000000000e+00
0.000000000000000000e+00
0.000000000000000000e+00
0.000000000000000000e+00
0.000000000000000000e+00
0.000000000000000000e+00
0.000000000000000000e+00
0.000000000000000000e+00
0.000000000000000000e+00
0.000000000000000000e+00
0.000000000000000000e+00
0.000000000000000000e+00
0.000000000000000000e+00
0.000000000000000000e+00
0.000000000000000000e+00
0.000000000000000000e+00
0.000000000000000000e+00
0.000000000000000000e+00
0.000000000000000000e+00
0.000000000000000000e+00
0.000000000000000000e+00
0.000000000000000000e+00
0.000000000000000000e+00
0.000000000000000000e+00
0.000000000000000000e+00
0.000000000000000000e+00
0.000000000000000000e+00
0.000000000000000000e+00
0.000000000000000000e+00
0.000000000000000000e+00
0.000000000000000000e+00
0.000000000000000000e+00
0.000000000000000000e+00
0.000000000000000000e+00
0.000000000000000000e+00
4.066278203833616618e-05
4.005066850009316999e-05
3.455593586772593643e-05
2.669602033016930042e-05
2.002330766280552521e-05
1.511802150685726237e-05
9.433624078201965769e-06
6.294491837826934098e-06
3.859799296281050475e-06
2.373967891502820087e-06
1.491192065017435883e-06
9.678472888849443256e-07
6.538088336358299981e-07
4.548804931465138788e-07
3.173288937913382061e-07
1.005433414560019242e-05
1.021627245127414903e-05
9.150769447592764180e-06
7.249650318936968158e-06
5.425064368990407115e-06
4.145109394455172964e-06
2.725002202848530822e-06
1.792085277139581099e-06
1.089710051278280666e-06
6.713319046805100169e-07
4.165172848308122345e-07
2.654194680325169392e-07
1.759345092171033712e-07
1.208408615811045599e-07
8.425986046816459588e-08
1.835288064494975015e-07
1.916816337154378036e-07
1.778674095875229255e-07
1.452252622291236853e-07
1.091893902327237162e-07
8.309884424947784322e-08
5.843925588210043216e-08
3.663126855811171458e-08
2.258716136026730657e-08
1.398753932465147247e-08
8.641450094396644415e-09
5.418329993388055275e-09
3.520303093610637010e-09
2.378227571519593338e-09
1.647952927129795466e-09
9.592698920775956698e-11
1.027575819599862130e-10
9.865115465066180509e-11
8.333369699958187930e-11
6.346955251424181269e-11
4.777784389664564826e-11
3.562085317936066460e-11
2.144895248160180401e-11
1.385125906079596791e-11
8.523530515814807181e-12
5.193168362423077088e-12
3.204165762546933256e-12
2.039680856413485643e-12
1.350470884603633454e-12
9.244864453935196243e-13
0.000000000000000000e+00
0.000000000000000000e+00
0.000000000000000000e+00
0.000000000000000000e+00
0.000000000000000000e+00
0.000000000000000000e+00
0.000000000000000000e+00
0.000000000000000000e+00
0.000000000000000000e+00
0.000000000000000000e+00
0.000000000000000000e+00
0.000000000000000000e+00
0.000000000000000000e+00
0.000000000000000000e+00
0.000000000000000000e+00
0.000000000000000000e+00
0.000000000000000000e+00
0.000000000000000000e+00
0.000000000000000000e+00
0.000000000000000000e+00
0.000000000000000000e+00
0.000000000000000000e+00
0.000000000000000000e+00
0.000000000000000000e+00
0.000000000000000000e+00
0.000000000000000000e+00
0.000000000000000000e+00
0.000000000000000000e+00
0.000000000000000000e+00
0.000000000000000000e+00
0.000000000000000000e+00
0.000000000000000000e+00
0.000000000000000000e+00
0.000000000000000000e+00
0.000000000000000000e+00
0.000000000000000000e+00
0.000000000000000000e+00
0.000000000000000000e+00
0.000000000000000000e+00
0.000000000000000000e+00
0.000000000000000000e+00
0.000000000000000000e+00
0.000000000000000000e+00
0.000000000000000000e+00
0.000000000000000000e+00
2.505289135678887214e-05
2.607302079370845963e-05
2.408544708448221580e-05
1.959053971507882918e-05
1.472055896798466230e-05
1.121087577597083994e-05
7.817841116064935659e-06
4.932144880017115921e-06
3.036148662124168839e-06
1.878818110608990389e-06
1.160800915746254240e-06
7.292192368081035734e-07
4.749481286437744611e-07
3.215257617971551176e-07
2.229750924777886135e-07
6.140303328905758272e-06
6.534251598302241078e-06
6.217905460638463061e-06
5.205481395530617782e-06
3.949905525658279811e-06
2.982303387134395245e-06
2.192396176213640413e-06
1.332028620021454465e-06
8.488574667338970976e-07
5.234219603554970551e-07
3.204311674972138088e-07
1.985155171873098721e-07
1.270209731328106279e-07
8.455092124933411903e-08
5.807952787145392559e-08
8.808121650504393321e-08
9.571347740456911556e-08
9.372569599193850688e-08
8.094129743002123868e-08
6.242923220202535565e-08
4.668002365993110747e-08
3.561154782110606222e-08
2.149158462989408044e-08
1.426696958081813642e-08
8.723304967966482207e-09
5.237522748601127954e-09
3.196377517319324970e-09
2.008452247281179667e-09
1.311035946254548112e-09
8.879283703974227831e-10
1.665995370565047362e-11
1.847208935644799034e-11
1.860337651837080560e-11
1.660681922612053859e-11
1.311010647813768160e-11
9.738741701167012029e-12
7.553813596928311807e-12
4.747688090457816970e-12
3.179430739611635327e-12
1.921443767543448322e-12
1.148165001319814615e-12
6.896376023617890724e-13
4.245951802879293459e-13
2.710830553628673110e-13
1.800953378064752581e-13
0.000000000000000000e+00
0.000000000000000000e+00
0.000000000000000000e+00
0.000000000000000000e+00
0.000000000000000000e+00
0.000000000000000000e+00
0.000000000000000000e+00
0.000000000000000000e+00
0.000000000000000000e+00
0.000000000000000000e+00
0.000000000000000000e+00
0.000000000000000000e+00
0.000000000000000000e+00
0.000000000000000000e+00
0.000000000000000000e+00
0.000000000000000000e+00
0.000000000000000000e+00
0.000000000000000000e+00
0.000000000000000000e+00
0.000000000000000000e+00
0.000000000000000000e+00
0.000000000000000000e+00
0.000000000000000000e+00
0.000000000000000000e+00
0.000000000000000000e+00
0.000000000000000000e+00
0.000000000000000000e+00
0.000000000000000000e+00
0.000000000000000000e+00
0.000000000000000000e+00
1.556423982918557597e-05
1.686408914048482559e-05
1.644963038251091197e-05
1.414662002294089542e-05
1.088731175232894461e-05
8.151561357021849555e-06
6.189234113047652742e-06
3.738339730602804737e-06
2.467498445868394969e-06
1.510268087936605337e-06
9.094936117128986589e-07
5.561183157859048112e-07
3.502477914621528593e-07
2.292184801434040567e-07
1.555385521905533925e-07
3.543911039951614396e-06
3.906657867567121548e-06
3.902915191670386010e-06
3.450961314051119426e-06
2.705430287438233494e-06
2.012851896917105254e-06
1.555892256701876563e-06
9.642877913152352706e-07
6.458820315592078359e-07
3.917267866783292519e-07
2.339815341367694710e-07
1.411670930495536799e-07
8.742325781951085553e-08
5.617102161055597684e-08
3.753240337876732690e-08
2.856421683242764706e-08
3.202321849113689882e-08
3.275744705924487940e-08
2.981875341624856818e-08
2.393725456038472861e-08
1.778549478362222324e-08
1.377921644267988752e-08
9.042315444310138537e-09
5.926110477657522515e-09
3.561468657175971405e-09
2.146388157947426729e-09
1.283994843419406951e-09
7.819886174322851330e-10
4.924289336820853240e-10
3.227062433385745879e-10
1.452091678183430470e-13
1.658048888331265425e-13
1.740395716074023148e-13
1.637808899333530813e-13
1.357308034091804413e-13
1.015651003375197566e-13
7.772289378079454265e-14
5.526842761235038728e-14
3.420779709016521662e-14
2.076451396796614099e-14
1.262102287891583493e-14
7.574563627942455024e-15
4.543171713824743694e-15
2.789725409150153157e-15
1.780681365400558843e-15
0.000000000000000000e+00
0.000000000000000000e+00
0.000000000000000000e+00
0.000000000000000000e+00
0.000000000000000000e+00
0.000000000000000000e+00
0.000000000000000000e+00
0.000000000000000000e+00
0.000000000000000000e+00
0.000000000000000000e+00
0.000000000000000000e+00
0.000000000000000000e+00
0.000000000000000000e+00
0.000000000000000000e+00
0.000000000000000000e+00
9.624456924625654901e-06
1.076255599686737966e-05
1.097070086360958516e-05
9.943984715337512699e-06
7.955106783434631252e-06
5.911722673027301627e-06
4.579414985950744700e-06
2.980085521994054948e-06
1.959737826754718479e-06
1.179638700664846844e-06
7.096889441583989513e-07
4.250627024996889060e-07
2.594875490854355075e-07
1.638674484666551252e-07
1.076908906799337476e-07
1.735117994772021792e-06
1.967799372585383070e-06
2.045954794374003692e-06
1.901832144931278499e-06
1.557232891522028821e-06
1.161435193549776775e-06
8.936339476644070452e-07
6.169983113334343016e-07
3.904808168863292230e-07
2.355515360707119795e-07
1.428826414914160287e-07
8.557581354964078598e-08
5.160470429813746842e-08
3.198902090374722527e-08
2.062370471275607142e-08
2.105882144702474417e-09
2.426955172774744126e-09
2.581095869245228004e-09
2.471891360728427335e-09
2.087645748031362474e-09
1.575416352337885173e-09
1.193798320359318898e-09
8.822918857383788256e-10
5.313856613838838812e-10
3.310271486270847706e-10
2.009161333260176252e-10
1.198892567250770011e-10
7.126460574973846146e-11
4.318096269826009319e-11
2.712775035601462047e-11
0.000000000000000000e+00
0.000000000000000000e+00
0.000000000000000000e+00
0.000000000000000000e+00
0.000000000000000000e+00
0.000000000000000000e+00
0.000000000000000000e+00
0.000000000000000000e+00
0.000000000000000000e+00
0.000000000000000000e+00
0.000000000000000000e+00
0.000000000000000000e+00
0.000000000000000000e+00
0.000000000000000000e+00
0.000000000000000000e+00
5.285650272772987113e-06
6.072914901295347332e-06
6.431187352891379577e-06
6.125120009231703398e-06
5.143679574035601856e-06
3.873252316024821528e-06
2.943542454541848578e-06
2.149112070765248790e-06
1.306441969045038634e-06
8.087633836418111978e-07
4.909848841900711774e-07
2.930897300350805702e-07
1.746512790134431536e-07
1.062578323336750608e-07
6.706831426052687635e-08
6.152694903539331729e-07
7.164935618245295904e-07
7.732538319917039438e-07
7.553572949872870845e-07
6.524917778284162505e-07
4.988671455640035975e-07
3.739396065964266284e-07
2.859698660599260485e-07
1.699218874947195635e-07
1.096533871066856098e-07
6.647165283352500463e-08
3.896820067602385038e-08
2.289603091989648325e-08
1.367870114519366817e-08
8.429074597068358945e-09
5.504030901490662706e-12
6.518676357325329510e-12
7.203372936862888277e-12
7.267666047302011100e-12
6.528763100284866698e-12
5.140676012765440949e-12
3.802637455437135496e-12
2.991681390908915131e-12
1.839763641240360791e-12
1.226130477137899001e-12
7.372096358929585534e-13
4.255513776992412198e-13
2.449304118503079750e-13
1.424294506630246566e-13
8.481956097231244190e-14
2.383495161662448637e-06
2.809926362708626176e-06
3.085353786310480773e-06
3.086246164907860447e-06
2.743951627664024573e-06
2.143719190421957358e-06
1.591039557489081184e-06
1.243813719413709271e-06
7.568732703743708054e-07
5.006908393159729800e-07
3.016954422551581317e-07
1.747120026146294639e-07
1.011214258198906657e-07
5.922489969208839337e-08
3.558184452698858627e-08
1.227146072618114530e-07
1.467843998391163829e-07
1.644594478716138540e-07
1.691278944846107003e-07
1.557181228650572899e-07
1.254559741195128220e-07
9.272121170597494715e-08
7.273556035030240228e-08
4.729695428290329535e-08
3.093283763852911767e-08
1.835977637896918619e-08
1.075340203013034945e-08
6.163238967999561369e-09
3.528824266788287655e-09
2.058160757941059287e-09
5.494739953147846499e-07
6.650114462727698097e-07
7.573620144002113153e-07
7.968135278094573833e-07
7.565462770168217858e-07
6.303291903298194163e-07
4.710340844973683182e-07
3.626400743716715727e-07
2.551543346178619930e-07
1.595117456403473598e-07
9.578865906823122249e-08
5.667419355325695396e-08
3.262099480356399344e-08
1.845159611846597405e-08
1.047656972642254454e-08
