# lsst_theory
2.519344625770699825e-09
1.700078525655129663e-09
1.125433128487802166e-09
7.478890935143568298e-10
5.031387170593779547e-10
3.393004988071221779e-10
2.325344178008106966e-10
1.604233350186959552e-10
1.099474533635306044e-10
7.376258389681188552e-11
4.776255025854365332e-11
2.959977065260640892e-11
1.757872231485477900e-11
1.004106853057719955e-11
5.546731617882041221e-12
4.221972378496038723e-09
2.845487956457130299e-09
1.874881409959441594e-09
1.216307945913318401e-09
7.976641794045351378e-10
5.356046610172278066e-10
3.651779666256441581e-10
2.545200514513969846e-10
1.780828491881493685e-10
1.226339190438675734e-10
8.143024250489554366e-11
5.131032808846183257e-11
3.052890312829702185e-11
1.720443559589018951e-11
9.285690033236646307e-12
4.295069041695982059e-09
2.840550825591747570e-09
1.842764390082862887e-09
1.170843884022132618e-09
7.517686435600121872e-10
5.063227068338766016e-10
3.469290978365241345e-10
2.454932916485979697e-10
1.743807533878225298e-10
1.214670722206824926e-10
8.101355724804169191e-11
5.075196885769485736e-11
2.962647176351552302e-11
1.614908242246595468e-11
8.339301015293512115e-12
4.362149718970179028e-09
2.857879721162152833e-09
1.839153052024316248e-09
1.155382598151777001e-09
7.331392519386809677e-10
4.944624389417052058e-10
3.397359726993928231e-10
2.423875478511668746e-10
1.736009479241862649e-10
1.216871510662149149e-10
8.137535133985793949e-11
5.084215740971798323e-11
2.938827256422054760e-11
1.572943413480994112e-11
7.915023872595133270e-12
4.420327403570628692e-09
2.873120198023644413e-09
1.836243871689221855e-09
1.142164637285022938e-09
7.171849352138324545e-10
4.843193740662316294e-10
3.335848460093111254e-10
2.397464829971314845e-10
1.729527347241110351e-10
1.218930941700911019e-10
8.169822140711567947e-11
5.092672792265736256e-11
2.918622256988119905e-11
1.536843866917446940e-11
7.549055405640416881e-12
1.422589626503788577e-08
1.032712297204065830e-08
7.259918765423352349e-09
4.982528633254149681e-09
3.311951958637365492e-09
2.164030229746308269e-09
1.419062609823426825e-09
9.428384469549866016e-10
6.384401539916277361e-10
4.386936539516016772e-10
3.013543432407164647e-10
2.031783096388196086e-10
1.324532402170342290e-10
8.251918222591903508e-11
4.894867216259514366e-11
1.787785634749212673e-08
1.312411119429491345e-08
9.292391124123470567e-09
6.434505753566298048e-09
4.302739694381717604e-09
2.789800003991184529e-09
1.825978590147405096e-09
1.201683203718012572e-09
8.089727051121253693e-10
5.546148858065067394e-10
3.821316097863222793e-10
2.598082937174174893e-10
1.714502371920735235e-10
1.082435349572473875e-10
6.494609855139421704e-11
1.980271375169732758e-08
1.455395434335158082e-08
1.030333731433097161e-08
7.143590591605350444e-09
4.776679325909740148e-09
3.078701600065830571e-09
2.012629767759069613e-09
1.320118714948596878e-09
8.884808769742142730e-10
6.098708850966368195e-10
4.214935231527719950e-10
2.878249374415302390e-10
1.908201731654563719e-10
1.209074561936128192e-10
7.265111541748774208e-11
2.148516169792490866e-08
1.580884465249651092e-08
1.119403530717923340e-08
7.769803101710241770e-09
5.196310675406655252e-09
3.336052920917863651e-09
2.178928779385217434e-09
1.425769088794254812e-09
9.591927014467795327e-10
6.588550929434293420e-10
4.562754732201044545e-10
3.125249441028718852e-10
2.078841004533822161e-10
1.320759466865899165e-10
7.946715900646894604e-11
2.699675792389851586e-08
2.082473641223412852e-08
1.526034843949280947e-08
1.085735882749612655e-08
7.498900195201036700e-09
4.954827438271812194e-09
3.210532827765337319e-09
2.086857992060489027e-09
1.371310040581748541e-09
9.185181545079151128e-10
6.241895990573133023e-10
4.248752653881312744e-10
2.854321254349152508e-10
1.861324393504187300e-10
1.163802081504679729e-10
3.241759669235134046e-08
2.543654369326423836e-08
1.885538469652226235e-08
1.352025734445188765e-08
9.422024955471371712e-09
6.273233279596369351e-09
4.045468532449461247e-09
2.625976023005644835e-09
1.710960344260450943e-09
1.137765189084906392e-09
7.696956186825366885e-10
5.238878394965947655e-10
3.537419912868377281e-10
2.328796183993554590e-10
1.473796569325756698e-10
3.692319800424874645e-08
2.923425884643804403e-08
2.178533155719131816e-08
1.567256331245509229e-08
1.096889532513274491e-08
7.326336728527322240e-09
4.704619610603686289e-09
3.052044597908175992e-09
1.978746352005557806e-09
1.311547760485583799e-09
8.859078597095580422e-10
6.035794743806690266e-10
4.090424722284508925e-10
2.708172168778195211e-10
1.724984296314983110e-10
4.268807823032315741e-08
3.487741904073968390e-08
2.675627138035270219e-08
1.964517481665255957e-08
1.395549196803714347e-08
9.529688189683639814e-09
6.221276417605463524e-09
4.009335943646617707e-09
2.582343277019301532e-09
1.686395270210120533e-09
1.119954327469683147e-09
7.529568661879552783e-10
5.074485776687138895e-10
3.374307404382095590e-10
2.180563032603754019e-10
5.163752755963670675e-08
4.313919760322346675e-08
3.371026551399805891e-08
2.506238338333831216e-08
1.796923236169571257e-08
1.241240267732062656e-08
8.167645338295638540e-09
5.236544784002808034e-09
3.362119748611599562e-09
2.175782162817213605e-09
1.431239950326876442e-09
9.558402063601631316e-10
6.431814487053958494e-10
4.295651277906527117e-10
2.803148052530691754e-10
6.827588670156724654e-08
5.964459215216811045e-08
4.872139032468624617e-08
3.757436064644470442e-08
2.764021947857620759e-08
1.952799043632920156e-08
1.325719298048350179e-08
8.575109775797602810e-09
5.477349500012687046e-09
3.488444823724661916e-09
2.243702228817109622e-09
1.463352389954958170e-09
9.672931943406532393e-10
6.416128916995660988e-10
4.213209665606211956e-10
5.012521141983831737e-07
3.481407581658469759e-07
2.337529333582692715e-07
1.530227507014653585e-07
1.005314271874045333e-07
6.626045175670109931e-08
4.458054532719860805e-08
3.072072681841191534e-08
2.151584482624198305e-08
1.502203172293923606e-08
1.021846697231768534e-08
6.644527428181705986e-09
4.098734773952241174e-09
2.400067008236895216e-09
1.344320873067151709e-09
1.575502732343386260e-06
1.135748517309043051e-06
7.955870482578728059e-07
5.365419443299052211e-07
3.497928920932464355e-07
2.281857966220574268e-07
1.490983156235662871e-07
9.962942565165944258e-08
6.840888546335524594e-08
4.782215401477917558e-08
3.334369075321109580e-08
2.263997654086478395e-08
1.470470753532714958e-08
9.045109964429393602e-09
5.276456769113078005e-09
1.884558528705564300e-06
1.364512978523068346e-06
9.605935355817336647e-07
6.506681127109195398e-07
4.240647603506459732e-07
2.764313831450452156e-07
1.800473180358418414e-07
1.198601606849730061e-07
8.205288717667662094e-08
5.731789639656319446e-08
4.004990294141675636e-08
2.731803731498981351e-08
1.784612780823545733e-08
1.103965830009390670e-08
6.470091617171383225e-09
2.067306985518498853e-06
1.499738450585255029e-06
1.058109377367430723e-06
7.180852254603549256e-07
4.679248030675898704e-07
3.049238918020510901e-07
1.983266117478922057e-07
1.318113640614055593e-07
9.011540511165509894e-08
6.293061742864070185e-08
4.401422778414459812e-08
3.008310031774193490e-08
1.970232395292133048e-08
1.221769023904915967e-08
7.174789197948326089e-09
2.225198620897598237e-06
1.616571007744706155e-06
1.142360819601190025e-06
7.763329369771304584e-07
5.058194417513354787e-07
3.295410890080984336e-07
2.141197186061353183e-07
1.421370821139195825e-07
9.708133234458175868e-08
6.777995226240204560e-08
4.743935738216804097e-08
3.247206370827030065e-08
2.130603519432118702e-08
1.323548583705913081e-08
7.783636756706334985e-09
-7.568285584812307228e-08
-6.290695797718714148e-08
-4.742046631555098082e-08
-3.570486764303550594e-08
-2.601508067258806757e-08
-1.635123661981152289e-08
-1.066805638321923316e-08
-6.692470390551554964e-09
-4.225482552834286969e-09
-2.746875110701093330e-09
-1.856929912041634914e-09
-1.300316941461876017e-09
-9.237184143390339514e-10
-6.421731796617837009e-10
-4.229621821158234177e-10
6.209131675244763089e-07
4.968262432401496821e-07
3.719667995281416626e-07
2.774878140560055438e-07
1.935624148282899240e-07
1.235492151963127787e-07
7.928443314407338858e-08
5.006935124896954489e-08
3.202321203349149384e-08
2.117875462617298566e-08
1.455692027436962706e-08
1.027956307303476379e-08
7.263772566469649915e-09
4.960692642474636879e-09
3.193102496549729614e-09
1.090556887432858376e-06
8.838703059056912303e-07
6.643469527438146746e-07
4.963412795747676963e-07
3.508839412062594362e-07
2.237680714940208378e-07
1.444359318575758588e-07
9.093039808674477195e-08
5.792490241781564352e-08
3.808986290740540714e-08
2.602680493983819727e-08
1.831112396701288831e-08
1.294500680908881072e-08
8.884326781327013384e-09
5.762573335957198468e-09
1.346745252417106334e-06
1.094449021886871771e-06
8.232942507165427775e-07
6.152908906021536560e-07
4.361726303928982231e-07
2.781104892874228104e-07
1.797155887617255662e-07
1.130720321191627046e-07
7.197144373499761521e-08
4.727081211292871541e-08
3.226088973378048762e-08
2.267974858519402740e-08
1.603506552888034308e-08
1.101639389251766896e-08
7.156737481344479705e-09
1.568061623102220450e-06
1.276362627740809962e-06
9.606038617439332506e-07
7.180468162725745060e-07
5.098502805348692638e-07
3.250541595662429691e-07
2.101920478938164750e-07
1.321991637728298837e-07
8.410562045093528432e-08
5.520186080353347293e-08
3.764629770821110001e-08
2.645367472891290093e-08
1.870448245380838821e-08
1.285822006259997729e-08
8.361102418905192164e-09
-3.503328409574289149e-08
-3.098158025556950480e-08
-2.418153381535605025e-08
-1.811958062940179881e-08
-1.364885881062808302e-08
-9.020842715459757160e-09
-5.890063838792589245e-09
-3.653950109357660397e-09
-2.289916360591467852e-09
-1.458789926020276685e-09
-9.604810182399639398e-10
-6.568840505597232994e-10
-4.619739971149950193e-10
-3.245185193690921372e-10
-2.198656592967381659e-10
1.076126527145895327e-07
9.327166673242790297e-08
7.162135092351482336e-08
5.354395472384039413e-08
4.020274029538325454e-08
2.578488675329995275e-08
1.712080091830210821e-08
1.051812073308146638e-08
6.602934683021351457e-09
4.234829298807013371e-09
2.815213432274823631e-09
1.943977451840076668e-09
1.375204128198464071e-09
9.652429882069180531e-10
6.487808643148584312e-10
5.909999754958792925e-07
5.341628575569033584e-07
4.243642421342357749e-07
3.187241141971744792e-07
2.406150527356354532e-07
1.642228813443869396e-07
1.051635210486732370e-07
6.589510796380210337e-08
4.126580210904938089e-08
2.612789592559081980e-08
1.703808846246162086e-08
1.153732810453551869e-08
8.063318883725401657e-09
5.667818604853909013e-09
3.871387750895388182e-09
8.542922879437814671e-07
7.751459244563452873e-07
6.178384241045740320e-07
4.643200400706651042e-07
3.506071174701720658e-07
2.405980946149816457e-07
1.536097505107814376e-07
9.647261527994192677e-08
6.038944245568339774e-08
3.819000904832952224e-08
2.486111740759056113e-08
1.680422223325521246e-08
1.173004134125179468e-08
8.245116432690400578e-09
5.639369033411314102e-09
1.079852458316669350e-06
9.814981553090412662e-07
7.834361131791823170e-07
5.889210698306607222e-07
4.447400785666330819e-07
3.059195576701811600e-07
1.950565208265646906e-07
1.226210153964743361e-07
7.674494941822780201e-08
4.850804003369787521e-08
3.155447573222624888e-08
2.131165148789371107e-08
1.486861857448499513e-08
1.045128272881785042e-08
7.152553687824035819e-09
-2.789675301492654837e-09
-2.634710516263689418e-09
-2.173164700042848182e-09
-1.644679250745732191e-09
-1.242045022943175633e-09
-8.991646601255569197e-10
-5.568788890740637023e-10
-3.588051679888435845e-10
-2.235814803874100074e-10
-1.397805400065968777e-10
-8.950391974143651297e-11
-5.941790778862248040e-11
-4.095352626361668832e-11
-2.875974363518253767e-11
-1.992211922675240019e-11
-3.520355262488370554e-08
-3.506799540856470278e-08
-3.062332586246396521e-08
-2.380119016684419586e-08
-1.782584709003674138e-08
-1.357826352371935163e-08
-8.523039835408141829e-09
-5.711941173561099459e-09
-3.490612018186946354e-09
-2.141599233488172884e-09
-1.339132016083193310e-09
-8.641790329629329632e-10
-5.806406008580188961e-10
-4.028227790578323774e-10
-2.813840411638780390e-10
2.546883084045535396e-07
2.479014419115787925e-07
2.112104060512541096e-07
1.622143790513658755e-07
1.219100629140393921e-07
9.105712084941844803e-08
5.663829935154861707e-08
3.744052116551773585e-08
2.306125008733814038e-08
1.424884964523035743e-08
8.996591827735724941e-09
5.874876488072939827e-09
3.990760641221859023e-09
2.784032283883998208e-09
1.938703140171100100e-09
5.203715246493718431e-07
5.104570655985137191e-07
4.388713426196337799e-07
3.388901884839204904e-07
2.544451116135392150e-07
1.910441083187908500e-07
1.198759252197326551e-07
7.931394431100649019e-08
4.872202732288977655e-08
3.006505898406117639e-08
1.891601403235595377e-08
1.229508877250006167e-08
8.314540922858493913e-09
5.784879611789863029e-09
4.030395479159920525e-09
7.341848543696402077e-07
7.215033834636712204e-07
6.216212335996691011e-07
4.806009786060127426e-07
3.607668120703118311e-07
2.711959568937999535e-07
1.705027157867731705e-07
1.128321245973877479e-07
6.927146856097915008e-08
4.273299441819275340e-08
2.686505074934514243e-08
1.744344098510347744e-08
1.178403358228897845e-08
8.193778444377900012e-09
5.709358315441307330e-09
-5.226674294741067223e-11
-5.214980781398443282e-11
-4.568664037576326426e-11
-3.563392156688191718e-11
-2.668733004792568181e-11
-2.028859015447941301e-11
-1.288829491173019799e-11
-8.590044718818931970e-12
-5.244025812582042572e-12
-3.221705588220673323e-12
-2.012135895839663608e-12
-1.296062486759477113e-12
-8.689538911127000875e-13
-6.016784227696347224e-13
-4.199033364756219488e-13
-1.636076544773527435e-08
-1.677356396502623311e-08
-1.519935407127113525e-08
-1.216030624730535514e-08
-9.111904141452493768e-09
-6.956064367297458554e-09
-4.677879097688370266e-09
-3.028557159693735032e-09
-1.848368480304436327e-09
-1.141081020440301982e-09
-7.067142188638066451e-10
-4.478757001626337199e-10
-2.949093819978153494e-10
-2.014713662616386270e-10
-1.402173973239469578e-10
4.711987015455756520e-08
4.781181085311927328e-08
4.273073181061137513e-08
3.376261045653696523e-08
2.523024834853371370e-08
1.929764468952110334e-08
1.262538449169078285e-08
8.331662362792686156e-09
5.037434249820598748e-09
3.107623068410941679e-09
1.930932376476243185e-09
1.232330551046228785e-09
8.183474259443821565e-10
5.630746769048628872e-10
3.930754169225788790e-10
2.926811462057485106e-07
3.033447253253043294e-07
2.788540060466852387e-07
2.260277022375857752e-07
1.698732033228601574e-07
1.293425910788456591e-07
8.945186023094940366e-08
5.674431823305684442e-08
3.498312233087069869e-08
2.161412597272083209e-08
1.335120086328819191e-08
8.403342469050434395e-09
5.486024199655124144e-09
3.720200528096000752e-09
2.580541754715235552e-09
4.898851727108703471e-07
5.088375360886374494e-07
4.690971731097732471e-07
3.812352929051150148e-07
2.867207252088303073e-07
2.181855562215879713e-07
1.516973890773157844e-07
9.587515730479856282e-08
5.924777852069866562e-08
3.660539233863910877e-08
2.259537760430933249e-08
1.420225017402460547e-08
9.255988022742007234e-09
6.267191639253383482e-09
4.344091997426177330e-09
-2.300583507122809016e-13
-2.388118497160816415e-13
-2.198110658125923437e-13
-1.781169495938155791e-13
-1.336469449020639455e-13
-1.019173838511356493e-13
-7.056006907115385081e-14
-4.476882431136188317e-14
-2.740118136459290658e-14
-1.697250446067968213e-14
-1.049791431206424964e-14
-6.607358396608461786e-15
-4.313821830649737416e-15
-2.926963081254908859e-15
-2.032539036063223835e-15
-1.353269874180787807e-09
-1.434332692246807561e-09
-1.357675861343374788e-09
-1.130741835539077505e-09
-8.564280119527237575e-10
-6.477170709854672987e-10
-4.718637188362653308e-10
-2.886040169547258745e-10
-1.826586877306385705e-10
-1.127343666335043191e-10
-6.913611524790946068e-11
-4.293493465047901286e-11
-2.755658134312452854e-11
-1.839808451411145091e-11
-1.266043784386556607e-11
-1.507016729478558644e-08
-1.642743362995481530e-08
-1.615312380002324597e-08
-1.401071866026190276e-08
-1.083134582991458540e-08
-8.089894827641392791e-09
-6.199867598923923300e-09
-3.743399405098390502e-09
-2.492285311020138148e-09
-1.522154938892022014e-09
-9.131406089767049355e-10
-5.561413380439850076e-10
-3.485432126859736299e-10
-2.269010134154170277e-10
-1.533622638270491120e-10
1.338250401970769407e-07
1.441834006804420375e-07
1.395767301076695141e-07
1.190819405768580786e-07
9.128839584670940062e-08
6.852328763210120196e-08
5.150995924590401378e-08
3.121311324606584646e-08
2.038393259775024486e-08
1.250056974907479342e-08
7.564519159180510340e-09
4.642423224886034339e-09
2.937013136216346323e-09
1.931513140314886577e-09
1.315191125283780885e-09
3.182827667148253881e-07
3.442644408983096214e-07
3.350850557970869350e-07
2.876523205162675971e-07
2.213384971876533957e-07
1.658654435882545108e-07
1.253929946887332044e-07
7.617400927448680749e-08
5.002463645609824053e-08
3.061868604290377081e-08
1.847725169738069598e-08
1.130502918316850775e-08
7.125226117597474483e-09
4.666962795842967689e-09
3.167801354647918945e-09
-1.073315826464821947e-17
-1.132111601575999304e-17
-1.064092993742026771e-17
-8.790502331766809101e-18
-6.628194316806728802e-18
-5.027696363544975316e-18
-3.623514552806264126e-18
-2.225310045628548441e-18
-1.386420909343846648e-18
-8.584236372922966112e-19
-5.303752657629445875e-19
-3.307427404929785015e-19
-2.132849998269554909e-19
-1.431472021193458304e-19
-9.887778722832868362e-20
-2.150939460197330208e-11
-2.347953060936028833e-11
-2.313932090739452546e-11
-2.013498814996640039e-11
-1.561103449438232338e-11
-1.165274799775304268e-11
-8.930594583103870722e-12
-5.433755108207998169e-12
-3.620727171193737344e-12
-2.208024621249853868e-12
-1.322772579349976334e-12
-8.041442756992076218e-13
-5.028913045765657970e-13
-3.265927510918331186e-13
-2.202425986225076875e-13
-6.482762997663798534e-09
-7.182151360307830630e-09
-7.226175355463371740e-09
-6.445474820098528420e-09
-5.088684335619614347e-09
-3.783512139006024535e-09
-2.928379311970395299e-09
-1.845652086305289987e-09
-1.229616892269721294e-09
-7.435288524570340904e-10
-4.451223495249335106e-10
-2.677410855778774980e-10
-1.649402298509918055e-10
-1.053317570198134049e-10
-6.997647135332864645e-11
3.068574339761293067e-08
3.394844686272604301e-08
3.408820069777374929e-08
3.032860795744268964e-08
2.389238359636952380e-08
1.776339447202049997e-08
1.374811115478985381e-08
8.619037518120510985e-09
5.756606536661578799e-09
3.481572687698425152e-09
2.083310073151027928e-09
1.253705613665989090e-09
7.734495351623034329e-10
4.948614642644881602e-10
3.293508500011831962e-10
1.950830529682892910e-07
2.177877381400766644e-07
2.215079298871416062e-07
2.002878825212306133e-07
1.599913448629554430e-07
1.189859245034051204e-07
9.204134984598666852e-08
5.975534081853261518e-08
3.923573052884130960e-08
2.366292358474486085e-08
1.423098734219183882e-08
8.536754520340553347e-09
5.219122131114357706e-09
3.300382012666189841e-09
2.171568969590111679e-09
0.000000000000000000e+00
0.000000000000000000e+00
0.000000000000000000e+00
0.000000000000000000e+00
0.000000000000000000e+00
0.000000000000000000e+00
0.000000000000000000e+00
0.000000000000000000e+00
0.000000000000000000e+00
0.000000000000000000e+00
0.000000000000000000e+00
0.000000000000000000e+00
0.000000000000000000e+00
0.000000000000000000e+00
0.000000000000000000e+00
-3.549442885360787566e-14
-3.964489675960080241e-14
-4.034110930460822309e-14
-3.647733807166191612e-14
-2.910745584589593913e-14
-2.161514345878306273e-14
-1.676712730287407001e-14
-1.083073554130084403e-14
-7.165694639659248220e-15
-4.310723873834093614e-15
-2.590336417571503985e-15
-1.550305785607007868e-15
-9.474831905322927536e-16
-5.995577583903901964e-16
-3.948453841129685986e-16
-3.036378653200661123e-10
-3.433993523570924863e-10
-3.556503966910300476e-10
-3.289580551678016933e-10
-2.680939910204684147e-10
-1.997651487072007944e-10
-1.539705329713313707e-10
-1.050577324488018918e-10
-6.704451479375599220e-11
-4.040314006264483120e-11
-2.447539919181524417e-11
-1.464970807412191495e-11
-8.853789541368071953e-12
-5.508740396112662732e-12
-3.565302145006074962e-12
-4.627833361105461344e-09
-5.358718384630874810e-09
-5.736230104714021022e-09
-5.539380447077398524e-09
-4.717917175785485031e-09
-3.572227405854830054e-09
-2.696655712742259023e-09
-2.025727561511963407e-09
-1.207801429381819253e-09
-7.586571305439249982e-10
-4.607547533298729938e-10
-2.741957914250306801e-10
-1.623607154658380335e-10
-9.781424437996197977e-11
-6.101883709203615434e-11
1.009787625051695405e-07
1.157642993038603539e-07
1.222230308354195415e-07
1.159597634386874438e-07
9.701725344059214735e-08
7.297940600288373518e-08
5.556030783829819574e-08
4.021118020854773017e-08
2.461523821972205265e-08
1.519949640766795971e-08
9.224882516669276357e-09
5.503018917021505043e-09
3.284351552946693014e-09
2.003796218232647726e-09
1.268595187142350946e-09
0.000000000000000000e+00
0.000000000000000000e+00
0.000000000000000000e+00
0.000000000000000000e+00
0.000000000000000000e+00
0.000000000000000000e+00
0.000000000000000000e+00
0.000000000000000000e+00
0.000000000000000000e+00
0.000000000000000000e+00
0.000000000000000000e+00
0.000000000000000000e+00
0.000000000000000000e+00
0.000000000000000000e+00
0.000000000000000000e+00
0.000000000000000000e+00
0.000000000000000000e+00
0.000000000000000000e+00
0.000000000000000000e+00
0.000000000000000000e+00
0.000000000000000000e+00
0.000000000000000000e+00
0.000000000000000000e+00
0.000000000000000000e+00
0.000000000000000000e+00
0.000000000000000000e+00
0.000000000000000000e+00
0.000000000000000000e+00
0.000000000000000000e+00
0.000000000000000000e+00
-5.152050402522089715e-13
-5.957398191261033739e-13
-6.365701908201715002e-13
-6.135319242712256202e-13
-5.218841230564848791e-13
-3.953649024898417600e-13
-2.985240579463230648e-13
-2.233048764700255399e-13
-1.336306978888175857e-13
-8.420824477443734945e-14
-5.108976834330522681e-14
-3.032580644094975015e-14
-1.796205469856418717e-14
-1.083455824361099601e-14
-6.765203921256771036e-15
-1.431960251285386521e-09
-1.672830032182616788e-09
-1.813430907205565032e-09
-1.782353279884329631e-09
-1.551000394282534682e-09
-1.191974921266784888e-09
-8.908134156950679374e-10
-6.862897982740999079e-10
-4.089678442760818759e-10
-2.663319903678598567e-10
-1.613040882082333448e-10
-9.407854663379599640e-11
-5.505014615371876033e-11
-3.272659222526662304e-11
-2.003631817005761295e-11
3.197771700267253717e-08
3.757856409739932121e-08
4.107925311920527405e-08
4.084579209934570891e-08
3.605773821250198489e-08
2.802499220355198500e-08
2.085163403858341897e-08
1.621096513116192109e-08
9.814267052731402654e-09
6.451644908148687504e-09
3.892495985699788752e-09
2.261122635352489780e-09
1.313510358522847226e-09
7.729551302454481711e-10
4.672346655123493091e-10
0.000000000000000000e+00
0.000000000000000000e+00
0.000000000000000000e+00
0.000000000000000000e+00
0.000000000000000000e+00
0.000000000000000000e+00
0.000000000000000000e+00
0.000000000000000000e+00
0.000000000000000000e+00
0.000000000000000000e+00
0.000000000000000000e+00
0.000000000000000000e+00
0.000000000000000000e+00
0.000000000000000000e+00
0.000000000000000000e+00
0.000000000000000000e+00
0.000000000000000000e+00
0.000000000000000000e+00
0.000000000000000000e+00
0.000000000000000000e+00
0.000000000000000000e+00
0.000000000000000000e+00
0.000000000000000000e+00
0.000000000000000000e+00
0.000000000000000000e+00
0.000000000000000000e+00
0.000000000000000000e+00
0.000000000000000000e+00
0.000000000000000000e+00
0.000000000000000000e+00
0.000000000000000000e+00
0.000000000000000000e+00
0.000000000000000000e+00
0.000000000000000000e+00
0.000000000000000000e+00
0.000000000000000000e+00
0.000000000000000000e+00
0.000000000000000000e+00
0.000000000000000000e+00
0.000000000000000000e+00
0.000000000000000000e+00
0.000000000000000000e+00
0.000000000000000000e+00
0.000000000000000000e+00
0.000000000000000000e+00
-1.354566586172250517e-12
-1.614584841837635105e-12
-1.800206809836308829e-12
-1.838890176228634379e-12
-1.678385312582814997e-12
-1.340921163982184843e-12
-9.907035423078756650e-13
-7.789090404017736306e-13
-4.959546376947945450e-13
-3.273437320598431713e-13
-1.951424037763874541e-13
-1.136620325386613932e-13
-6.516108081560465756e-14
-3.749005266020724300e-14
-2.202641896233274341e-14
3.717327171654872869e-09
4.474980297874428599e-09
5.058699879324938521e-09
5.267315689175870852e-09
4.930994416479319126e-09
4.043203017418567074e-09
3.001041905954042322e-09
2.332166521596292349e-09
1.585657931874109162e-09
1.009349465587509196e-09
5.994206604099742113e-10
3.533832526064555460e-10
2.034796084163836803e-10
1.157686636826603610e-10
6.651549877455805004e-11
2.051979412547063459e-04
1.487481560274678889e-04
1.047894010742462048e-04
7.043602892439441564e-05
4.572879949015857859e-05
2.969522452018834275e-05
1.932648093407313201e-05
1.287363935313503039e-05
8.849990704896775934e-06
6.222457361529635247e-06
4.375743914638078538e-06
2.995675326043403696e-06
1.956336994367292076e-06
1.206113630360591750e-06
7.038332346664488070e-07
2.961604557187707477e-05
2.271054650600025878e-05
1.689397184402975318e-05
1.243242045355418586e-05
8.185785373063917772e-06
5.361606940104438126e-06
3.370434898223309349e-06
2.143815193905166587e-06
1.394328489313063209e-06
9.425350194468343958e-07
6.609845172587945660e-07
4.711743191584111490e-07
3.305085165476045534e-07
2.206362186158599091e-07
1.378812893240624493e-07
1.942456337735691146e-07
1.591490222772203757e-07
1.193952155817254501e-07
8.964760283360884681e-08
6.454416105675601222e-08
4.037566985439250624e-08
2.624467765361151529e-08
1.653561257642118576e-08
1.049161264658102962e-08
6.864840469670589249e-09
4.670972344395692920e-09
3.283451105755817394e-09
2.330304905518880410e-09
1.610879601514645044e-09
1.052264008188039486e-09
5.504576486874876214e-11
4.804378971518656089e-11
3.706037304745305887e-11
2.773620573607965352e-11
2.089187768391219003e-11
1.345490795407017986e-11
8.964722343608329703e-12
5.529735363752502072e-12
3.455379531381537971e-12
2.206995796581665401e-12
1.462108792891961903e-12
1.006498405021914966e-12
7.108539406266683947e-13
4.992643390824754887e-13
3.365087949050779127e-13
0.000000000000000000e+00
0.000000000000000000e+00
0.000000000000000000e+00
0.000000000000000000e+00
0.000000000000000000e+00
0.000000000000000000e+00
0.000000000000000000e+00
0.000000000000000000e+00
0.000000000000000000e+00
0.000000000000000000e+00
0.000000000000000000e+00
0.000000000000000000e+00
0.000000000000000000e+00
0.000000000000000000e+00
0.000000000000000000e+00
0.000000000000000000e+00
0.000000000000000000e+00
0.000000000000000000e+00
0.000000000000000000e+00
0.000000000000000000e+00
0.000000000000000000e+00
0.000000000000000000e+00
0.000000000000000000e+00
0.000000000000000000e+00
0.000000000000000000e+00
0.000000000000000000e+00
0.000000000000000000e+00
0.000000000000000000e+00
0.000000000000000000e+00
0.000000000000000000e+00
0.000000000000000000e+00
0.000000000000000000e+00
0.000000000000000000e+00
0.000000000000000000e+00
0.000000000000000000e+00
0.000000000000000000e+00
0.000000000000000000e+00
0.000000000000000000e+00
0.000000000000000000e+00
0.000000000000000000e+00
0.000000000000000000e+00
0.000000000000000000e+00
0.000000000000000000e+00
0.000000000000000000e+00
0.000000000000000000e+00
0.000000000000000000e+00
0.000000000000000000e+00
0.000000000000000000e+00
0.000000000000000000e+00
0.000000000000000000e+00
0.000000000000000000e+00
0.000000000000000000e+00
0.000000000000000000e+00
0.000000000000000000e+00
0.000000000000000000e+00
0.000000000000000000e+00
0.000000000000000000e+00
0.000000000000000000e+00
0.000000000000000000e+00
0.000000000000000000e+00
0.000000000000000000e+00
0.000000000000000000e+00
0.000000000000000000e+00
0.000000000000000000e+00
0.000000000000000000e+00
0.000000000000000000e+00
0.000000000000000000e+00
0.000000000000000000e+00
0.000000000000000000e+00
0.000000000000000000e+00
0.000000000000000000e+00
0.000000000000000000e+00
0.000000000000000000e+00
0.000000000000000000e+00
0.000000000000000000e+00
0.000000000000000000e+00
0.000000000000000000e+00
0.000000000000000000e+00
0.000000000000000000e+00
0.000000000000000000e+00
0.000000000000000000e+00
0.000000000000000000e+00
0.000000000000000000e+00
0.000000000000000000e+00
0.000000000000000000e+00
0.000000000000000000e+00
0.000000000000000000e+00
0.000000000000000000e+00
0.000000000000000000e+00
0.000000000000000000e+00
1.190225643875574951e-04
9.675229829781545592e-05
7.257640894712061048e-05
5.439572372908897739e-05
3.871410642903836167e-05
2.446440567369249228e-05
1.581609934667436616e-05
9.966446435922093596e-06
6.337898469971518176e-06
4.160648419198040551e-06
2.839974836053558004e-06
1.999139685525091727e-06
1.416663334946762082e-06
9.753725887900188380e-07
6.341420586138366112e-07
2.524468385692980478e-05
2.190702020079855224e-05
1.687250306052405114e-05
1.263845332392615723e-05
9.472718419121577986e-06
6.100967851176807186e-06
4.036971466967981729e-06
2.500132578900204397e-06
1.565979458294076648e-06
1.002914315581581194e-06
6.658001970460768117e-07
4.589735546474727933e-07
3.241414407763676075e-07
2.272523909528082653e-07
1.527468899898037177e-07
4.063182453324859895e-07
3.725046412020442321e-07
2.985387177296625330e-07
2.240452967862806280e-07
1.697608960243743794e-07
1.178748943768004238e-07
7.473396874182773862e-08
4.670412436090912423e-08
2.931737175842208395e-08
1.852370165933178778e-08
1.201843370933004948e-08
8.098329974553911096e-09
5.646790658776762975e-09
3.976838376706939295e-09
2.731938267617999759e-09
2.609029271135601511e-10
2.510360053058074130e-10
2.108287457491675060e-10
1.604563514434355268e-10
1.208393187242340564e-10
8.958238211141063769e-11
5.476536602735431582e-11
3.605566325379969789e-11
2.234503102863690226e-11
1.385685623550062957e-11
8.806582881612829841e-12
5.795491912143851359e-12
3.965950782963851511e-12
2.779248894094181315e-12
1.934241833224330774e-12
7.925423449085109720e-17
7.875932761535709706e-17
6.858434035066173019e-17
5.318343010019655856e-17
3.980517179665684330e-17
3.031786369029984627e-17
1.891268704240558898e-17
1.278387082488616383e-17
7.809056081291591871e-18
4.770264667726412699e-18
2.983837518624870823e-18
1.928406035126670944e-18
1.297814757166856851e-18
9.014747134182568374e-19
6.299033485667845623e-19
0.000000000000000000e+00
0.000000000000000000e+00
0.000000000000000000e+00
0.000000000000000000e+00
0.000000000000000000e+00
0.000000000000000000e+00
0.000000000000000000e+00
0.000000000000000000e+00
0.000000000000000000e+00
0.000000000000000000e+00
0.000000000000000000e+00
0.000000000000000000e+00
0.000000000000000000e+00
0.000000000000000000e+00
0.000000000000000000e+00
0.000000000000000000e+00
0.000000000000000000e+00
0.000000000000000000e+00
0.000000000000000000e+00
0.000000000000000000e+00
0.000000000000000000e+00
0.000000000000000000e+00
0.000000000000000000e+00
0.000000000000000000e+00
0.000000000000000000e+00
0.000000000000000000e+00
0.000000000000000000e+00
0.000000000000000000e+00
0.000000000000000000e+00
0.000000000000000000e+00
0.000000000000000000e+00
0.000000000000000000e+00
0.000000000000000000e+00
0.000000000000000000e+00
0.000000000000000000e+00
0.000000000000000000e+00
0.000000000000000000e+00
0.000000000000000000e+00
0.000000000000000000e+00
0.000000000000000000e+00
0.000000000000000000e+00
0.000000000000000000e+00
0.000000000000000000e+00
0.000000000000000000e+00
0.000000000000000000e+00
0.000000000000000000e+00
0.000000000000000000e+00
0.000000000000000000e+00
0.000000000000000000e+00
0.000000000000000000e+00
0.000000000000000000e+00
0.000000000000000000e+00
0.000000000000000000e+00
0.000000000000000000e+00
0.000000000000000000e+00
0.000000000000000000e+00
0.000000000000000000e+00
0.000000000000000000e+00
0.000000000000000000e+00
0.000000000000000000e+00
6.914839294713547881e-05
6.298042360332904634e-05
5.023922902479553872e-05
3.770047650689946453e-05
2.854071771746498633e-05
1.963789580406082467e-05
1.252680719566581620e-05
7.824844053839914964e-06
4.906746596834932242e-06
3.103194414086632896e-06
2.018365754865547490e-06
1.363488405720267611e-06
9.521034886954524929e-07
6.701860298555950632e-07
4.592544461504561537e-07
1.651342212277488833e-05
1.571896331741614940e-05
1.306174438764797173e-05
9.905782617814445931e-06
7.473216603882591455e-06
5.466729179573542707e-06
3.364067341643033231e-06
2.185836041011573517e-06
1.359425438896096284e-06
8.474400949410458689e-07
5.409301090419456394e-07
3.577999309482270192e-07
2.459020679441248189e-07
1.725634022733561508e-07
1.197885458980202067e-07
2.885471657454570334e-07
2.856036923837137225e-07
2.477332013652698561e-07
1.918767661764085242e-07
1.437824312753546468e-07
1.090119080186913114e-07
6.815983727375631099e-08
4.567556660653359095e-08
2.795165953926136023e-08
1.715166604726447128e-08
1.074935240116870265e-08
6.959195280742552780e-09
4.690248891728373447e-09
3.259324929826119719e-09
2.275261334663913323e-09
2.113315264759199140e-10
2.163760898999403411e-10
1.956261219417170588e-10
1.560575526949775673e-10
1.167762157288071522e-10
8.930824925825472172e-11
5.965533906450117407e-11
3.890385513299901525e-11
2.362227133831620880e-11
1.458975461614401812e-11
9.031683049909476115e-12
5.730811708052211549e-12
3.780652558128220727e-12
2.587466950590383134e-12
1.802982168684705135e-12
0.000000000000000000e+00
0.000000000000000000e+00
0.000000000000000000e+00
0.000000000000000000e+00
0.000000000000000000e+00
0.000000000000000000e+00
0.000000000000000000e+00
0.000000000000000000e+00
0.000000000000000000e+00
0.000000000000000000e+00
0.000000000000000000e+00
0.000000000000000000e+00
0.000000000000000000e+00
0.000000000000000000e+00
0.000000000000000000e+00
0.000000000000000000e+00
0.000000000000000000e+00
0.000000000000000000e+00
0.000000000000000000e+00
0.000000000000000000e+00
0.000000000000000000e+00
0.000000000000000000e+00
0.000000000000000000e+00
0.000000000000000000e+00
0.000000000000000000e+00
0.000000000000000000e+00
0.000000000000000000e+00
0.000000000000000000e+00
0.000000000000000000e+00
0.000000000000000000e+00
0.000000000000000000e+00
0.000000000000000000e+00
0.000000000000000000e+00
0.000000000000000000e+00
0.000000000000000000e+00
0.000000000000000000e+00
0.000000000000000000e+00
0.000000000000000000e+00
0.000000000000000000e+00
0.000000000000000000e+00
0.000000000000000000e+00
0.000000000000000000e+00
0.000000000000000000e+00
0.000000000000000000e+00
0.000000000000000000e+00
0.000000000000000000e+00
0.000000000000000000e+00
0.000000000000000000e+00
0.000000000000000000e+00
0.000000000000000000e+00
0.000000000000000000e+00
0.000000000000000000e+00
0.000000000000000000e+00
0.000000000000000000e+00
0.000000000000000000e+00
0.000000000000000000e+00
0.000000000000000000e+00
0.000000000000000000e+00
0.000000000000000000e+00
0.000000000000000000e+00
4.066278412741208771e-05
4.005067036558940539e-05
3.455595437104027533e-05
2.669603404410084786e-05
2.002327337187633887e-05
1.511803513170825549e-05
9.433588800515960602e-06
6.294546779552423039e-06
3.859866878263331119e-06
2.373966592719795464e-06
1.491152741450505483e-06
9.678284396416223822e-07
6.538055385605277220e-07
4.548804856660155146e-07
3.173289160195057744e-07
1.005433361143797329e-05
1.021627273662716195e-05
9.150767200559638205e-06
7.249629107792878567e-06
5.425025026505414061e-06
4.145116687246461596e-06
2.725004788809207169e-06
1.792118872619365546e-06
1.089721961994956729e-06
6.713561370400805010e-07
4.165025014412557494e-07
2.654140049163302593e-07
1.759340418843583628e-07
1.208408551722445403e-07
8.425985726502104383e-08
1.835288011063054088e-07
1.916816259207274325e-07
1.778673933208445495e-07
1.452252627502008579e-07
1.091896008549469268e-07
8.309922554501456601e-08
5.843931691912389446e-08
3.663129028473224814e-08
2.258691192644686246e-08
1.398838127818958159e-08
8.640969255516816949e-09
5.418210499676043193e-09
3.520308644932295555e-09
2.378228852680569363e-09
1.647952981418150619e-09
9.592699628257855503e-11
1.027575858779204636e-10
9.865119183566175918e-11
8.333375930904853531e-11
6.346952384701993619e-11
4.777778187822219996e-11
3.562098950412579088e-11
2.144883200384268565e-11
1.385165901994665328e-11
8.523694569895860441e-12
5.193202036743357628e-12
3.204226296929514709e-12
2.039691486269140523e-12
1.350468622153093752e-12
9.244864603873098411e-13
0.000000000000000000e+00
0.000000000000000000e+00
0.000000000000000000e+00
0.000000000000000000e+00
0.000000000000000000e+00
0.000000000000000000e+00
0.000000000000000000e+00
0.000000000000000000e+00
0.000000000000000000e+00
0.000000000000000000e+00
0.000000000000000000e+00
0.000000000000000000e+00
0.000000000000000000e+00
0.000000000000000000e+00
0.000000000000000000e+00
0.000000000000000000e+00
0.000000000000000000e+00
0.000000000000000000e+00
0.000000000000000000e+00
0.000000000000000000e+00
0.000000000000000000e+00
0.000000000000000000e+00
0.000000000000000000e+00
0.000000000000000000e+00
0.000000000000000000e+00
0.000000000000000000e+00
0.000000000000000000e+00
0.000000000000000000e+00
0.000000000000000000e+00
0.000000000000000000e+00
0.000000000000000000e+00
0.000000000000000000e+00
0.000000000000000000e+00
0.000000000000000000e+00
0.000000000000000000e+00
0.000000000000000000e+00
0.000000000000000000e+00
0.000000000000000000e+00
0.000000000000000000e+00
0.000000000000000000e+00
0.000000000000000000e+00
0.000000000000000000e+00
0.000000000000000000e+00
0.000000000000000000e+00
0.000000000000000000e+00
2.505289042928462360e-05
2.607302028354052567e-05
2.408544302644450663e-05
1.959053464992965900e-05
1.472058224225584958e-05
1.121092437338042611e-05
7.817851945348499633e-06
4.932161949820759584e-06
3.036139172091493788e-06
1.878936886061765320e-06
1.160740541033070238e-06
7.292040851805461712e-07
4.749487862152251341e-07
3.215258666841749088e-07
2.229750895043475060e-07
6.140303633939580027e-06
6.534251533675173885e-06
6.217907581783304389e-06
5.205483963504400416e-06
3.949909304418789130e-06
2.982327295115347073e-06
2.192403191172662795e-06
1.332026060061216128e-06
8.488651878283168689e-07
5.234388956035567105e-07
3.204178522278621298e-07
1.985150688569469216e-07
1.270216064967790111e-07
8.455085380499586344e-08
5.807953035089383114e-08
8.808121752794209614e-08
9.571348804645015017e-08
9.372570055092700938e-08
8.094132950145826065e-08
6.242931892013818859e-08
4.668012574227322449e-08
3.561160073737718661e-08
2.149140838236516926e-08
1.426697361847919287e-08
8.723811929608174473e-09
5.237414171158490619e-09
3.196238887924931753e-09
2.008402629884081125e-09
1.311027631682741544e-09
8.879282701531384285e-10
1.665995235963938494e-11
1.847208879083293809e-11
1.860337654075658772e-11
1.660682378887042045e-11
1.311005255985979107e-11
9.738493063516582949e-12
7.553831276736809345e-12
4.747675044461910478e-12
3.179503028204159290e-12
1.921376535971156222e-12
1.148172729550186761e-12
6.896509295743969617e-13
4.245932489755954463e-13
2.710813338963370801e-13
1.800954015746477573e-13
0.000000000000000000e+00
0.000000000000000000e+00
0.000000000000000000e+00
0.000000000000000000e+00
0.000000000000000000e+00
0.000000000000000000e+00
0.000000000000000000e+00
0.000000000000000000e+00
0.000000000000000000e+00
0.000000000000000000e+00
0.000000000000000000e+00
0.000000000000000000e+00
0.000000000000000000e+00
0.000000000000000000e+00
0.000000000000000000e+00
0.000000000000000000e+00
0.000000000000000000e+00
0.000000000000000000e+00
0.000000000000000000e+00
0.000000000000000000e+00
0.000000000000000000e+00
0.000000000000000000e+00
0.000000000000000000e+00
0.000000000000000000e+00
0.000000000000000000e+00
0.000000000000000000e+00
0.000000000000000000e+00
0.000000000000000000e+00
0.000000000000000000e+00
0.000000000000000000e+00
1.556424018821169183e-05
1.686409065302809344e-05
1.644963235582434154e-05
1.414662729964310239e-05
1.088732499167168575e-05
8.151576091859453628e-06
6.189245474242068004e-06
3.738312654281351113e-06
2.467516783421517568e-06
1.510330286297579751e-06
9.094828296908433610e-07
5.561037801235366953e-07
3.502416717553140672e-07
2.292172357711341489e-07
1.555385408149817495e-07
3.543910830285768344e-06
3.906658002337401303e-06
3.902915055287399569e-06
3.450963342648467546e-06
2.705435261742485232e-06
2.012847554663713785e-06
1.555892488763999012e-06
9.642845139993238220e-07
6.458847322674916517e-07
3.917199063635841739e-07
2.339800719829217821e-07
1.411648961300599771e-07
8.742153145792560517e-08
5.617058104505721879e-08
3.753240571931040580e-08
2.856421569180255855e-08
3.202321559290679144e-08
3.275744932280376085e-08
2.981873857669857022e-08
2.393716062615759778e-08
1.778531062499225952e-08
1.377927934304517067e-08
9.042327436461606211e-09
5.926268445546366080e-09
3.561603078896101266e-09
2.146385311847752395e-09
1.283906381532584284e-09
7.819640267837250323e-10
4.924284809204318633e-10
3.227061594521192698e-10
1.452091784270596615e-13
1.658048882967179896e-13
1.740395534886429438e-13
1.637808902103873492e-13
1.357304680422147968e-13
1.015639577961508500e-13
7.772267411768014357e-14
5.526844811152240465e-14
3.420781460163947617e-14
2.076395518478979849e-14
1.261983351066717513e-14
7.574658652984006941e-15
4.543199448594809413e-15
2.789706803143371987e-15
1.780683535855791543e-15
0.000000000000000000e+00
0.000000000000000000e+00
0.000000000000000000e+00
0.000000000000000000e+00
0.000000000000000000e+00
0.000000000000000000e+00
0.000000000000000000e+00
0.000000000000000000e+00
0.000000000000000000e+00
0.000000000000000000e+00
0.000000000000000000e+00
0.000000000000000000e+00
0.000000000000000000e+00
0.000000000000000000e+00
0.000000000000000000e+00
9.624456483011778560e-06
1.076255524455915350e-05
1.097070136524928648e-05
9.943981872740073323e-06
7.955079182720738162e-06
5.911650717306320498e-06
4.579429824252017205e-06
2.980086184953272822e-06
1.959782119446209651e-06
1.179660495892448589e-06
7.097004329878639680e-07
4.250462231106956867e-07
2.594812955841033630e-07
1.638670105750111525e-07
1.076908797079408786e-07
1.735118030847672552e-06
1.967799271133768983e-06
2.045954767034877330e-06
1.901831545398028111e-06
1.557233370960188950e-06
1.161442927687963316e-06
8.936311987528111134e-07
6.169988676453764242e-07
3.904802090336344644e-07
2.355540188758974001e-07
1.428992835381152227e-07
8.557685798068804617e-08
5.160370797964531151e-08
3.198888864299145866e-08
2.062370648105424267e-08
2.105882172793429584e-09
2.426955330122075462e-09
2.581095724711957504e-09
2.471892366570259622e-09
2.087647935079923355e-09
1.575420569331952166e-09
1.193828504023547885e-09
8.822952792298404710e-10
5.313871024917584159e-10
3.310182508824247703e-10
2.009239537826889359e-10
1.198760597688250207e-10
7.126254795337266127e-11
4.318175056129213715e-11
2.712777566254050203e-11
0.000000000000000000e+00
0.000000000000000000e+00
0.000000000000000000e+00
0.000000000000000000e+00
0.000000000000000000e+00
0.000000000000000000e+00
0.000000000000000000e+00
0.000000000000000000e+00
0.000000000000000000e+00
0.000000000000000000e+00
0.000000000000000000e+00
0.000000000000000000e+00
0.000000000000000000e+00
0.000000000000000000e+00
0.000000000000000000e+00
5.285650395703825731e-06
6.072915110635168709e-06
6.431187018052707115e-06
6.125121473618999278e-06
5.143680960988847386e-06
3.873252097967852901e-06
2.943579262063887058e-06
2.149117807447500002e-06
1.306442407086321856e-06
8.087461214222572500e-07
4.909916556082679643e-07
2.930744126036029640e-07
1.746492791257537380e-07
1.062588967794055641e-07
6.706836130041888405e-08
6.152694723705059425e-07
7.164935998377850528e-07
7.732539094450157159e-07
7.553574458492955890e-07
6.524920201885505500e-07
4.988659166697050395e-07
3.739345663913951912e-07
2.859709367351979362e-07
1.699202106513611859e-07
1.096557250862322498e-07
6.647122798775746885e-08
3.897032704604389630e-08
2.289667698517166199e-08
1.367864439599068575e-08
8.429042152370522561e-09
5.504030739507046669e-12
6.518675954208509500e-12
7.203373060108969798e-12
7.267665726126923953e-12
6.528766681197832854e-12
5.140694718901666552e-12
3.802640350795208791e-12
2.991666069887907159e-12
1.839756530308170504e-12
1.226108475389029586e-12
7.370832404218258605e-13
4.255815780798808845e-13
2.449590457201343963e-13
1.424322480901347968e-13
8.481851137515157088e-14
2.383495078613757388e-06
2.809926258105670054e-06
3.085353987201382705e-06
3.086246125967490049e-06
2.743952472993531819e-06
2.143723188721015361e-06
1.591038192784020199e-06
1.243815472538909958e-06
7.568694203578939071e-07
5.006920052026545775e-07
3.017022756515357865e-07
1.747041168951953708e-07
1.011174694740821953e-07
5.922366283456593873e-08
3.558151451504826790e-08
1.227146093631907955e-07
1.467843940980492245e-07
1.644594294959476621e-07
1.691279082590024933e-07
1.557180634790762320e-07
1.254554195764208151e-07
9.271950055384633480e-08
7.273610748531075775e-08
4.729707595881807305e-08
3.093396662947996615e-08
1.836115359113957291e-08
1.075217356175486433e-08
6.162274523953136197e-09
3.528667043041498469e-09
2.058180703923807994e-09
5.494739961975204594e-07
6.650114573075970916e-07
7.573619944788404642e-07
7.968135201022522919e-07
7.565461948562700989e-07
6.303292248005330067e-07
4.710372630788615060e-07
3.626408302763955493e-07
2.551547613728825024e-07
1.595113392257020306e-07
9.578827689379952140e-08
5.667853666141611770e-08
3.262071067974033857e-08
1.845099042087860561e-08
1.047651641758433100e-08
