# lsst_simulation
2.390420405063103693e-09
1.654357741211000819e-09
1.231533730017896731e-09
7.230085339077568634e-10
4.020120043559750923e-10
3.528149950852102682e-10
2.207825586411549588e-10
1.577141729839194433e-10
1.025552631336108960e-10
7.084081964871759626e-11
4.733135900650336729e-11
2.917289653289661372e-11
1.623295703547837365e-11
1.001381374749351578e-11
6.178994887049257755e-12
4.469834828998073626e-09
3.106718757130524577e-09
1.892558744369144523e-09
1.133800744311380063e-09
7.469993033994721140e-10
5.227853958400052945e-10
3.743992818307281440e-10
2.402066411447501543e-10
1.852243197075990404e-10
1.263530701126291288e-10
8.486824202096805253e-11
5.010943105868072564e-11
3.236718029484767088e-11
1.904123737040961032e-11
9.290666013104173601e-12
4.177662057079651980e-09
2.870171572875391881e-09
1.781010353874260399e-09
1.088016390171021431e-09
6.931670205664347311e-10
5.034046409238633740e-10
3.428278979247043937e-10
2.486718157517283508e-10
1.813468132541517745e-10
1.160106855753553332e-10
8.077010699484552714e-11
4.858057705346679522e-11
3.130749051401295839e-11
1.690123400438534583e-11
8.730620251391180015e-12
3.696311001520582066e-09
2.676329212142342362e-09
1.527543946346045551e-09
1.163029437166641138e-09
7.366145706987753930e-10
4.810715719901533733e-10
3.648392185682990382e-10
2.437520327605444886e-10
1.650056481014679216e-10
1.142883099713533336e-10
7.689413671673763040e-11
5.091884945002786904e-11
3.130747194964552322e-11
1.594012338870462142e-11
7.570570351645374443e-12
3.676399558293219870e-09
2.500489970293956815e-09
1.438896300521860518e-09
1.248196320142434542e-09
6.924733654630408029e-10
4.235679727812416991e-10
3.731117888339638453e-10
2.542061426916819685e-10
1.661473375556486990e-10
1.139616091724800095e-10
7.679764164590174300e-11
4.754382314228003630e-11
2.828380862719772401e-11
1.516467188394449997e-11
6.316985224038642650e-12
1.505133604953176515e-08
1.168783762622979103e-08
7.106740959612440595e-09
5.070093796701473570e-09
3.444333578479918374e-09
2.118643119323514612e-09
1.388045857707768519e-09
9.351642577057747197e-10
6.378196127797425119e-10
4.354655248592417430e-10
3.098658199508537126e-10
2.047200067974104941e-10
1.309492086597968473e-10
8.275568385419261182e-11
4.949565318680044154e-11
1.791353677892280806e-08
1.425910569171536375e-08
9.106208897556724562e-09
6.718671425357996698e-09
4.485414748558331713e-09
2.735635789772260983e-09
1.793029644210566256e-09
1.185769941188460298e-09
8.187350690865821563e-10
5.530080265899975026e-10
3.853505507208286959e-10
2.541672464352413836e-10
1.726143583479120954e-10
1.081494285446273237e-10
6.467994940818195982e-11
1.856955860813051220e-08
1.533562536536242282e-08
9.931031856529900191e-09
7.526721281429254933e-09
5.109232917101927152e-09
2.985669255603317601e-09
2.023649827271684134e-09
1.306871853444531266e-09
9.018169689381510808e-10
6.010908741946517953e-10
4.201853218440678203e-10
2.852516764427088558e-10
1.893795055314794553e-10
1.191412554560368685e-10
7.176662831727151519e-11
1.953926719288002594e-08
1.649121345251837581e-08
1.117978546818870752e-08
8.400340151680477812e-09
5.483465038034995768e-09
3.192757944501541264e-09
2.204711181788881279e-09
1.424465615261856174e-09
9.797406366382101159e-10
6.457679057795867167e-10
4.577744178216919816e-10
3.082087401239335607e-10
2.068918172409091975e-10
1.307026924237319298e-10
7.950058745784046855e-11
2.610482445240985733e-08
2.226168946592988612e-08
1.495094779599909206e-08
1.141398817596735922e-08
7.679180564537258499e-09
4.812575044164288770e-09
3.172365555942404003e-09
2.061792622463758963e-09
1.399566651740554194e-09
9.082582769434475035e-10
6.278023765971566973e-10
4.210120609430850070e-10
2.859040683582049925e-10
1.864907479021723338e-10
1.171062079242100725e-10
3.004248799273206225e-08
2.663680701790675652e-08
1.848076233062373557e-08
1.460971975309981696e-08
9.850293737686236056e-09
6.010595286603476685e-09
3.988567229582739365e-09
2.608652092613177796e-09
1.727711989130610011e-09
1.133027518385117500e-09
7.694930410184556802e-10
5.236967053673858224e-10
3.563786323172398433e-10
2.322814632520785057e-10
1.482113305570757210e-10
3.360586812850648614e-08
3.026547764896011907e-08
2.208515294411885224e-08
1.734298906875187595e-08
1.115988574403033627e-08
6.915789706810924583e-09
4.659711365892240448e-09
3.029181625068960578e-09
2.004075392251222402e-09
1.300129482353832075e-09
8.824070994311445446e-10
6.024529383205135664e-10
4.086698070257201933e-10
2.694225645353833898e-10
1.715565529277977508e-10
3.837282143470408620e-08
3.575822937404447393e-08
2.659483495837888341e-08
2.131621203698418338e-08
1.460073053030086956e-08
9.256113494972249080e-09
6.118838604445933567e-09
4.029518093471708391e-09
2.619723538291512396e-09
1.677077649303966018e-09
1.118678704522608249e-09
7.518451586775704230e-10
5.108760462911416257e-10
3.384978862209893675e-10
2.177459235605454591e-10
4.560495980586222982e-08
4.385184768875766979e-08
3.453451644013254271e-08
2.745006136243051935e-08
1.859573767611937908e-08
1.187957348207041110e-08
8.088232043787883245e-09
5.266517597249451776e-09
3.408383113266203474e-09
2.155896786834719705e-09
1.427580512099593820e-09
9.571035659143224281e-10
6.438117406720402719e-10
4.292636219666797784e-10
2.789028478785239554e-10
5.971178041580947464e-08
6.101854120565913762e-08
5.045892777467007747e-08
4.086017630948546360e-08
2.792538546386331367e-08
1.882342906742307844e-08
1.325512436207682306e-08
8.571669659803041853e-09
5.494147711037393707e-09
3.447078239926802032e-09
2.252463760925803800e-09
1.460998444487545089e-09
9.702950097355469988e-10
6.389164493678102676e-10
4.200526280151968633e-10
5.049810943261420532e-07
3.813921474492593488e-07
2.350341781766265619e-07
1.353885514880972910e-07
9.120685328060131623e-08
6.693675670193472183e-08
4.589559474529012146e-08
3.019241676420065258e-08
2.182906181231322495e-08
1.509859099684032596e-08
1.017011971306891388e-08
6.622069119016382032e-09
4.187318601703856756e-09
2.446308733127040843e-09
1.321979153978800740e-09
1.691718702586605799e-06
1.281450372134296971e-06
7.845235776948006310e-07
5.533119260453624471e-07
3.579292372435946199e-07
2.234670806951909864e-07
1.469879284915754875e-07
9.967065519761340746e-08
6.877494072019427599e-08
4.764053285853994207e-08
3.353107806491899001e-08
2.260058887878954193e-08
1.478461058499674164e-08
9.072616707309379651e-09
5.281134338483812926e-09
1.978129217053886712e-06
1.448967077649659575e-06
9.565529712002178926e-07
6.709642815310823909e-07
4.435604647581376584e-07
2.739040522627842614e-07
1.767026406862785960e-07
1.191627638016925643e-07
8.319134438975514068e-08
5.675630088317633129e-08
4.005912086888621212e-08
2.720701336665932836e-08
1.786462979192736832e-08
1.110116839004108492e-08
6.484938974361815090e-09
2.099267703979006831e-06
1.568972886312895916e-06
1.032240956888608035e-06
7.563088943688214772e-07
5.103512008068442243e-07
3.026577178341603379e-07
1.980685317800438025e-07
1.305285864854869897e-07
9.107564065341182208e-08
6.181598522794135809e-08
4.385232451731712579e-08
3.007629371710786865e-08
1.980093265536120468e-08
1.222682387379010501e-08
7.179292156781374513e-09
2.253442259794021790e-06
1.670831494818373647e-06
1.148637175347081243e-06
8.679583863756017451e-07
5.440628941106564690e-07
3.202388707909938742e-07
2.176756429806945559e-07
1.418737864721188089e-07
9.950937130426298658e-08
6.602358332760881788e-08
4.742945143884231279e-08
3.230155175357474593e-08
2.131165555386967770e-08
1.320365157664128317e-08
7.783240507509431652e-09
-5.000026162667876685e-08
-4.729946159176029556e-08
-5.140246594210169382e-08
-2.981410648792281963e-08
-1.731018127242259649e-08
-1.882331213145011936e-08
-1.187476660548661837e-08
-6.648141009607097802e-09
-4.812505105450522237e-09
-2.746784912695116619e-09
-1.856308840406568552e-09
-1.332543550589202742e-09
-9.033435472870310176e-10
-6.162453495801346843e-10
-4.440634145147746406e-10
5.483576171848901461e-07
5.514572384394304516e-07
3.460718552980274642e-07
2.824456512267068245e-07
2.080473061327226331e-07
1.156274570654162855e-07
7.916451729818863441e-08
5.069541316017788189e-08
3.194998177079933560e-08
2.072165078652480734e-08
1.454020673679870240e-08
1.018432413796046924e-08
7.217771089124525772e-09
4.916661401465677077e-09
3.171334624622959365e-09
9.264772225473812809e-07
9.799956116550179908e-07
6.337809519208251971e-07
5.355027264983976136e-07
3.631446775999191118e-07
2.097505592489611398e-07
1.444555423601290670e-07
9.051469793736965916e-08
5.767179080747547738e-08
3.750957227448818557e-08
2.610369026347437319e-08
1.817927175109418455e-08
1.288109510268695084e-08
8.906567322630616988e-09
5.773970696726571571e-09
1.104279448170542615e-06
1.151644738952300285e-06
8.041665499807323952e-07
6.695110234604594678e-07
4.461764602685944244e-07
2.550370670450923689e-07
1.778318872269528838e-07
1.130114982056703581e-07
7.226745060141219838e-08
4.674333205886134226e-08
3.223266056723435273e-08
2.275358589259613975e-08
1.605213867174955526e-08
1.100888224397638561e-08
7.138418720003345047e-09
1.217825112331061183e-06
1.334877566696501492e-06
1.011031902328613035e-06
7.729512583043569971e-07
5.172882284144836873e-07
2.955179318903774768e-07
2.067660425552104632e-07
1.330763293398024296e-07
8.398023676133897872e-08
5.422810252650027495e-08
3.782161544798397900e-08
2.656595649521025581e-08
1.871413007489518236e-08
1.284651389705183703e-08
8.323392798775434172e-09
-6.061436963805483586e-08
-6.278438186222902994e-08
-3.563851526968979788e-08
-1.391773789120739115e-08
-1.106228714049835144e-08
-7.813804759108879310e-09
-5.005510616888748193e-09
-3.019999937922550011e-09
-2.895155989837518032e-09
-1.944591176721272449e-09
-9.078368081408045532e-10
-6.942840828787332708e-10
-4.494868819321049766e-10
-3.370961790044208173e-10
-2.250953336977190571e-10
2.227638237140532895e-08
3.095697057785098618e-08
7.210130125548591391e-08
6.790258553902141939e-08
4.329791333754546544e-08
2.597216321838472602e-08
1.768312901544167699e-08
1.022352255295285473e-08
7.096882996286354160e-09
3.978229839835548153e-09
2.848408206106113211e-09
1.987674744186323075e-09
1.342397483193766658e-09
9.363322780712737550e-10
6.599886978066754039e-10
4.676155168474093883e-07
5.397874129950310705e-07
4.166915465025957913e-07
3.416951358588126644e-07
2.336806669211198148e-07
1.579458665462584238e-07
1.043389932387671329e-07
6.654156779787981607e-08
4.207549258678453844e-08
2.572171510874030516e-08
1.704469462400490382e-08
1.149579024910397081e-08
8.124877910441016890e-09
5.596720624294951237e-09
3.863764992060646288e-09
6.912628670608376464e-07
7.841089852862059963e-07
6.260860039433871501e-07
5.025911835700001868e-07
3.448153666377464702e-07
2.339770695114344339e-07
1.487731264247606975e-07
9.789141651836916840e-08
6.096463861321013815e-08
3.809424280056020128e-08
2.485344086339820504e-08
1.680794560650476294e-08
1.172742989546651037e-08
8.237651023591282361e-09
5.640406723014880428e-09
8.743973966033942152e-07
9.620503093451516568e-07
8.221128093909660759e-07
6.254253773406927663e-07
4.298099742825245775e-07
2.996014950042909956e-07
1.891066885873475286e-07
1.217525089852232827e-07
7.735590260293473757e-08
4.781077693045837880e-08
3.174354216546749828e-08
2.160563140234071930e-08
1.486325452757262200e-08
1.047454390727038953e-08
7.151557588346514636e-09
-5.630467300802283659e-08
-3.786736241020487486e-08
-1.771891034012568869e-08
-2.084721542305409493e-09
-1.044914870041140081e-09
-3.026518965931202348e-10
3.991556337438629493e-11
-2.868883804771874667e-10
-5.843528586160926883e-10
-2.021513689042296521e-10
-1.185971037890912953e-10
-3.885247027543029437e-11
-1.238286902574710360e-11
-3.963863270292956419e-11
-1.808037038362153737e-11
-1.228260926010365340e-07
-7.911420337431550419e-08
-3.657879952975344191e-08
-2.032396875992210392e-08
-1.275314747898483049e-08
-1.470308716391719786e-08
-9.231706702634734388e-09
-5.918587004604088743e-09
-3.479003064275901794e-09
-2.351478624460558927e-09
-1.239592878640839750e-09
-8.409153536445239616e-10
-6.283768388727268858e-10
-3.980456084112185557e-10
-2.521196715879693126e-10
1.598800032090961286e-07
2.276901688982445294e-07
2.054342645851558933e-07
1.740063023466760139e-07
1.343942526626447205e-07
8.700542919058525696e-08
5.386790275076440847e-08
3.712314321694785238e-08
2.320498342639825131e-08
1.387483833344171101e-08
9.032830786277375939e-09
5.912902630062943123e-09
3.941514036376642627e-09
2.791187247238254977e-09
1.931934363414867457e-09
4.199590254199756840e-07
5.294254688058286271e-07
4.558237622675284241e-07
3.781405048813189336e-07
2.744381805915192945e-07
1.887418125227626787e-07
1.153319380440492636e-07
8.067283275709206057e-08
4.899628160914092271e-08
2.991926109861392351e-08
1.880922736090557771e-08
1.238594635308821377e-08
8.344333598326627456e-09
5.806429525598944969e-09
4.011765992970823943e-09
6.013687403923695631e-07
7.740764132438066996e-07
6.426779075956876855e-07
5.438855664790076579e-07
3.903267575085994678e-07
2.635664217041659226e-07
1.645781335025784089e-07
1.137861718006205798e-07
6.952022259614872446e-08
4.224555159848466061e-08
2.679123821169205699e-08
1.754271697699968003e-08
1.180339464894528925e-08
8.237350681340660447e-09
5.676578452992271042e-09
-4.266600644075506478e-08
-7.630252671020823072e-09
-8.334998855546946121e-09
6.101363233964680633e-09
-5.153363169082721980e-10
6.917126625637883469e-10
1.430312670618659443e-09
-2.352237508984038065e-10
8.821968272741250167e-11
1.017141090388714438e-10
-3.009891848430630683e-11
-1.110717225207903121e-10
5.207821550236502896e-11
7.859852774549838318e-12
2.125972297728392596e-12
-8.126131337028222575e-08
-4.520962373217275317e-08
-1.203283453779171941e-08
-5.506969333870524262e-09
-8.659777744104333627e-09
-7.783035280251599498e-09
-2.207503719258961671e-09
-3.208947247179754295e-09
-1.764585428875525624e-09
-1.094949593651619690e-09
-6.683558450620444963e-10
-5.574228154543559922e-10
-3.785165882750922220e-10
-2.100626497752903776e-10
-1.370396515216256888e-10
1.407665915043346312e-08
-7.675415249841272403e-09
6.110185197201955627e-08
6.770146769289340390e-08
2.612666848438813872e-08
1.642434867626980852e-08
1.392403286420775432e-08
8.451739750020850678e-09
5.113399761575274392e-09
3.430166768865543958e-09
1.851811141555196280e-09
1.369909004568435567e-09
8.318610532516008556e-10
5.737973056320989705e-10
3.896704945758156217e-10
2.214734634351350651e-07
2.332318106784874521e-07
3.104925977290699711e-07
2.605508686755135524e-07
1.758499273016277472e-07
1.287001664139495816e-07
8.836389497625782460e-08
5.820416209295893604e-08
3.551734451038822909e-08
2.175930704920455923e-08
1.335941838199960696e-08
8.474139505616930355e-09
5.542478571443799208e-09
3.753857059075370723e-09
2.563800738144353643e-09
4.269335484517443543e-07
4.498261645749364839e-07
4.743102890409714663e-07
4.148652866402322964e-07
2.941674296257138102e-07
2.130516465265258516e-07
1.519802733545184661e-07
9.918974943338102548e-08
5.949770520060513205e-08
3.674186486674801171e-08
2.258407560866643071e-08
1.417841846579319220e-08
9.336046513715413862e-09
6.325713085339881542e-09
4.315851522863107732e-09
1.400931302081516509e-08
1.869184767252950869e-09
-8.255226178532422548e-09
3.209733579358821767e-09
-1.439955839453960641e-09
-6.304089995760553459e-10
1.124197729767254460e-09
1.159748016345441810e-10
3.427678787371468357e-10
-3.215552736409250558e-10
-1.748278922980384578e-11
-5.368837379415835594e-11
-1.800886152516643995e-11
1.014864418249444886e-11
-5.492518098525666698e-12
1.540965007018206755e-08
-5.407783607898625270e-09
6.837992279033856459e-09
-2.489168077820458212e-09
-1.951722885784310620e-09
1.379036016112160834e-09
1.093975392405904359e-09
-7.685592835320401010e-10
3.058302980443743847e-10
-2.470995965824512711e-10
-1.786856035097927108e-10
-1.165910559322115378e-10
-2.983834440421799870e-11
-3.905303828000741577e-11
-8.769234151430729794e-12
2.012436211254456790e-08
-2.036063942852334184e-08
4.396048965200350355e-09
-9.209591148791173756e-09
-1.718497716143734678e-08
-9.634055429353248400e-09
-6.566016409482069928e-09
-4.109516562340896805e-09
-2.292093350952515355e-09
-1.406957548063078131e-09
-1.050856976808245869e-09
-4.926087604609463710e-10
-3.348373435553247332e-10
-2.279594522374052826e-10
-1.446715103962461469e-10
1.672860966762396432e-07
1.135396438755051772e-07
1.572946394059642510e-07
1.265219081405665834e-07
8.652869156824601304e-08
6.532712620282600345e-08
5.156572579499973481e-08
3.239774097025382763e-08
2.085322957884737898e-08
1.268698617515273545e-08
7.427449402951963013e-09
4.647163475547762909e-09
2.949814680852830174e-09
1.930224604923768812e-09
1.315304979977164700e-09
3.517523924940720464e-07
3.005164951442717186e-07
3.623888287821354415e-07
3.094992055363747598e-07
2.184310817031681681e-07
1.608851597149794474e-07
1.260725094021030959e-07
7.699899482551417272e-08
4.987240458615222704e-08
3.079763762901369666e-08
1.838862167163366426e-08
1.134327000230633119e-08
7.150757807188221389e-09
4.628198534274780142e-09
3.152428035324228821e-09
8.632779585970098144e-09
-9.008183083118748303e-09
8.376840050387203876e-09
3.037909809506788688e-09
-7.930118020456581758e-10
-3.484988499818102896e-09
1.082832182086252607e-10
5.620290726997075863e-10
-3.937873612724554703e-11
-6.526761083053384888e-11
-7.307877419668449655e-11
-9.677158787050292478e-12
-5.440584744252967352e-12
8.851500952075080451e-12
-9.128768054169614885e-13
9.801005268480234370e-09
2.561182711076710972e-08
2.656570754780620422e-08
9.839173140645911817e-09
8.467018402184960722e-12
-1.817950494331291007e-09
-7.495389866097691650e-10
2.024399386063984854e-10
1.197042984382202007e-10
-7.423513871582323682e-11
3.483449951401669863e-11
-6.323743731842359673e-11
-7.757465909134203427e-12
8.672253653749400918e-12
3.659301674804897786e-12
-2.026230177301096932e-09
2.648946948688671793e-08
3.779009699358382210e-08
3.096918102752883452e-09
-9.744664770571638138e-09
-8.240086642284974102e-09
-3.495152416717494934e-09
-2.351806309958196640e-09
-1.193611111353499464e-09
-8.507028722176037385e-10
-5.155524537204383637e-10
-2.930431897099606437e-10
-1.657380287666118761e-10
-1.067459301003590281e-10
-6.896265589219146526e-11
1.598569548416825497e-08
8.273056055979371869e-08
9.171950754446344964e-08
3.684793092400359647e-08
2.047217543975168563e-08
9.079674535529865405e-09
1.429099277840476406e-08
7.826853362688037335e-09
5.769773801420720331e-09
3.407123089515027760e-09
2.026267918916522554e-09
1.215577175951540583e-09
7.912620723984553021e-10
5.056174352705555857e-10
3.389509827371850305e-10
1.460343589088511034e-07
3.017272202467858184e-07
2.767777096127044804e-07
1.972638550329560557e-07
1.512447483075248814e-07
1.135266255778206221e-07
9.337543508971934811e-08
5.793234495792740996e-08
3.848394043606593156e-08
2.344878430087213238e-08
1.435790342772989586e-08
8.425785794470817097e-09
5.251838518565161710e-09
3.294445403077947449e-09
2.171341551772259845e-09
4.000643817080576052e-09
4.663615418391079051e-09
-6.359695797733186159e-10
8.442867189954476236e-10
2.369496585868123286e-09
-1.884912882353335321e-09
-7.814398558038804003e-10
2.012870861365886850e-10
-2.437205343437930364e-10
-8.332063395738690909e-12
8.333024246800204876e-11
-1.417112611727735557e-11
-3.085106744178341734e-11
8.523925352614473309e-12
-5.848746596254305406e-12
2.665042078018301375e-09
-8.985314260242473746e-09
-4.074695723283021496e-09
4.149976288367322477e-09
6.608342140834247549e-11
-1.552586554129545816e-09
-6.745036329466650168e-10
-1.031441758669714299e-10
1.558148653124129212e-10
-3.186171460504083359e-11
3.502603056094549162e-11
9.550442584531908875e-12
3.458371179570629395e-13
-8.925195623695251705e-12
1.334778240878948676e-12
-2.831646097149076850e-08
-2.502446167794301014e-08
-1.351010131916419396e-08
2.927557412711697411e-09
-6.183939334203114964e-09
-2.565657705694478117e-09
-2.504971210708433147e-10
-9.379550443035611643e-10
2.940126673067631058e-10
-1.487977138223471480e-10
1.125442255057520908e-10
-1.068778798700097956e-11
-3.744937275076304056e-11
-1.396949009694858014e-11
-2.245961947037849837e-12
-3.942249305841589411e-08
-2.118494546805227464e-08
-1.508936211901573244e-08
-5.471613665263260962e-09
-6.961953124806515111e-09
-7.784325832979552104e-09
-1.573199365386493803e-09
-2.644094548766619029e-09
-1.006827478807253812e-09
-1.079117775201528500e-09
-5.145206500194577675e-10
-2.138153706880542045e-10
-1.960702408261624154e-10
-1.035041683856797655e-10
-6.332738803092856147e-11
5.331444850534593845e-08
1.176119567819680391e-07
1.040764873661690258e-07
1.221895399485186708e-07
8.606412940742839340e-08
6.996052347357895679e-08
5.707652112257550596e-08
3.876445320243172681e-08
2.466876481414121361e-08
1.478571090631514977e-08
9.200320981724426474e-09
5.498065927389857720e-09
3.285773480702951020e-09
1.994593166146546952e-09
1.255170287420843786e-09
-5.709523642831752769e-09
6.805182533812836680e-10
-3.634530586721193573e-09
-1.899076015395427233e-09
-5.572358787676156387e-10
2.473382974290718589e-10
-3.280683240718705953e-10
2.919761833970527263e-10
-1.767949397438286262e-10
-1.092496020272431422e-10
-2.220302693477635072e-11
1.113426824642284267e-11
1.816150756305983248e-11
-4.886513053467389757e-12
-3.329443138991205697e-12
6.531341712025555502e-09
1.899717745782330793e-09
-2.370437839473712776e-09
5.689835692883074643e-10
2.404309021102469754e-09
-2.490601151918849245e-10
-3.262834149054963181e-10
5.839329214901794693e-10
-6.351569476536086864e-11
-1.677435901037766565e-11
1.292967332072804527e-10
2.195921800052358782e-11
-8.873526261044482330e-12
7.672287398734234262e-12
-4.939013857749369449e-12
1.030830146815567778e-08
1.852041194042200739e-09
2.083209769574654935e-09
2.947378826666391583e-09
2.539095096813119744e-09
-2.116885907511787671e-09
1.703477206743783433e-10
6.197667362550929871e-10
2.080692057471601796e-10
6.214322771378876016e-12
-8.174696922611278384e-11
2.962693038600583341e-11
1.050432920235686928e-11
-1.235221208349914460e-12
1.705199659140133364e-12
1.565799174579357830e-08
-6.959598008096212246e-09
-4.487231577199235546e-09
9.523017281818307123e-11
2.115472416188914181e-09
-3.536066067064965738e-09
-6.909533799386505363e-10
-2.903086504652630252e-11
-2.253866682518175072e-10
-3.869419641603313130e-10
-1.203669736624899067e-10
-1.442046924034575743e-10
-4.371963764853691899e-11
-2.395795380485679287e-11
-2.648559953893670639e-11
5.384636032233634345e-08
2.678837234349301693e-08
4.642560787688639062e-08
4.153967237243098491e-08
3.873224511263152711e-08
2.728209041351618224e-08
2.320909608499135581e-08
1.637495065532589605e-08
9.994441548921708189e-09
6.260492187093954235e-09
3.994818213111812263e-09
2.176682050293801946e-09
1.353036316641084704e-09
7.750221459822984003e-10
4.585439293211718337e-10
-3.063065534492857546e-09
2.266863488347605607e-09
-8.066666833531353938e-10
2.846424667068148171e-09
-3.477562737450703321e-10
-2.966815913131585834e-10
1.570412943263327217e-10
9.730612486690235514e-12
1.710649796755869054e-10
-2.276882139660755208e-11
-2.232721625485806335e-11
3.904070725714300952e-11
4.393181128845164335e-12
-8.931578546037922972e-12
-2.683030858250321861e-12
-2.048896280542924338e-09
1.309557969366560833e-09
1.803195060784032447e-11
3.476186504005015677e-09
-9.513192256021460648e-10
-2.036712578603778793e-10
-1.423399156408956409e-10
-3.020960825343903889e-10
1.635352969309401423e-10
-1.162296087521832568e-11
1.205120573593906643e-11
1.705602019119406499e-11
-1.707127196001615932e-12
-7.697781185424174724e-12
6.738622168859769914e-12
5.292038381774601521e-09
-2.115795483042854401e-09
3.973354086580841448e-09
2.954849245897748459e-09
-9.491333206156851221e-10
5.175741433638055847e-10
-1.952317655967636742e-10
-2.200558345712135783e-10
1.666296711175856835e-10
8.997206096399145267e-11
-4.254955261271114035e-11
4.865709253792380614e-12
2.581074542486665412e-12
-6.293356552893313581e-12
-3.346366146028786463e-12
1.178437571397963574e-08
-3.359024990524957712e-09
5.032617484701239116e-09
4.653417076334488562e-09
8.182642142661240264e-11
3.836041311720663230e-10
5.005363291435379164e-11
-2.949551811361839257e-10
4.540854868782888691e-10
4.985690060664665197e-11
-3.211315543132182582e-11
-1.574800567713145096e-11
-1.422716319546873809e-11
-3.356713602490903458e-13
2.201107796332409240e-12
2.396298478462620579e-08
7.549171354741406214e-10
1.356917026483862702e-08
1.058020617323965401e-08
5.629853671180537244e-09
4.146521849506889138e-09
3.268027474731297777e-09
1.201441142627861042e-09
2.016234951887429807e-09
1.051519737821351834e-09
5.203226179171754572e-10
3.935197090633392440e-10
2.054244019028687251e-10
1.030000922776847460e-10
6.073672171908345042e-11
2.151258563085732957e-04
1.659007061738355471e-04
1.042187300957825882e-04
7.236899671522108190e-05
4.561104594841296949e-05
2.930833354033179249e-05
1.925202565664132630e-05
1.284737939469881110e-05
8.838997541432339875e-06
6.207109647445590354e-06
4.384019367305392149e-06
2.984416439732659132e-06
1.957150785783038934e-06
1.210563871274412438e-06
7.034513938049018328e-07
3.317450193320719431e-05
2.401215247098971141e-05
1.608683644795039431e-05
1.413338135902098683e-05
1.016219909812335065e-05
4.676753347140948947e-06
3.358130421150039823e-06
2.143027605413679603e-06
1.403897102339334197e-06
8.946377493649878831e-07
6.472107274653300168e-07
4.713122552848384699e-07
3.320502619370896020e-07
2.219414041778867376e-07
1.378377926655404745e-07
-2.499439030567694261e-06
-9.353896848900618717e-06
6.059528308440886526e-07
6.875201618720360429e-07
6.676580604841965256e-07
3.195955126262473528e-07
-1.042815196840627850e-07
7.727753719914141654e-08
8.931116407603205713e-08
-7.630582048030060026e-09
1.156629137122089861e-08
5.453788371404810368e-09
6.496604150855798334e-09
4.767637014636334933e-10
1.979680647716546550e-09
-5.769881154035085427e-06
-4.727384659641453164e-06
-1.418936478012974488e-06
-7.865139870549198464e-07
1.237922547203349302e-06
3.190283669355314465e-07
-8.945708284582129104e-08
-7.160964154211165964e-08
2.234107879193545554e-09
-2.713077052955187890e-08
4.464033736292532295e-09
3.830268064674745358e-09
3.339934271991457033e-09
-1.287581911543565596e-09
7.020438879504964022e-10
-3.914892124070179440e-06
-9.089956852988002071e-07
4.376023847575107960e-07
1.235457769549963967e-06
8.422750636424793941e-07
-6.095479622980888615e-08
1.450287671704494157e-07
1.467919265187798254e-08
2.431094191942350917e-08
-8.000960687647757265e-09
5.022492936711784556e-09
2.690941862622104048e-09
-4.073244104861657841e-10
-8.384783242458225922e-11
2.017224601978747348e-10
2.400930428695231948e-06
4.241287765111819290e-07
-6.264217974847150548e-09
7.453904355523204553e-07
-2.064171071835743594e-07
1.185156375331475053e-07
1.814218985240479244e-07
-3.407191625575569764e-08
3.794187232754219664e-08
-3.006603200597459616e-08
-1.282235732229281729e-08
-2.826436262035061485e-09
-1.831957858168485980e-09
-6.783746675187213352e-10
-5.250153393550563866e-11
7.565328010023704828e-07
1.663587820973715952e-06
3.324206560894325286e-06
1.593445164667085666e-06
-2.526480126387143697e-07
-2.994986192900946181e-07
4.832106544992530383e-08
-1.539130484766262983e-08
2.813720911448417530e-08
-1.106118249920863881e-08
-7.075297664154617278e-09
-4.926389326283039203e-09
-1.565707446278921994e-09
4.724831121629200391e-10
9.223595234146129315e-11
-1.611251700707624722e-07
-3.456583934675013396e-07
-2.780054041701594330e-07
4.421613971500785900e-07
1.394110081995741238e-07
-1.435874118761741191e-07
-5.713063410230313355e-09
-5.984909616973387464e-08
-1.184150245004998700e-09
-1.063891156407102806e-08
4.571457525336868361e-09
-1.530979951993907912e-09
-1.826023493604751060e-09
-1.258960996072519280e-10
5.527866118795511103e-11
8.118733944695950195e-07
9.383693061897624074e-07
-7.687908422901281349e-07
4.139101352375179830e-07
-8.000701562245016625e-08
-1.268600116759264678e-07
3.684326741854361285e-09
5.190283084488678781e-08
9.189335914186393972e-09
-3.722812241681258595e-09
4.170169874818987493e-09
-4.565953810180013062e-10
4.551269870541978127e-10
-4.090843173044702701e-10
-3.704666532582313259e-11
-7.268290494482463371e-07
2.555942766617235533e-07
2.148867269103473986e-08
4.785961364627223696e-07
-2.029149606797085779e-07
-8.819638881331862293e-08
-1.828121001331518338e-08
-2.207441402237960237e-08
1.407472077823196031e-08
7.691022995719262477e-09
-4.476698111540520200e-09
2.931276228359293244e-09
-5.896071379583884554e-10
-3.287223607132098022e-10
-3.535041326959432915e-11
9.455747170057540556e-05
1.036134615068635804e-04
6.913595383878591756e-05
5.362974481937609456e-05
3.835164254927071406e-05
2.383253073747583018e-05
1.572262537309162574e-05
1.008287421666291860e-05
6.295656016539058791e-06
4.135350329110940945e-06
2.845551953636256849e-06
1.994428537670436728e-06
1.417545653938981648e-06
9.758238158676937029e-07
6.334234801768996425e-07
1.616117727538024092e-05
2.476362491218890371e-05
1.646234236557648063e-05
1.410594464232532488e-05
9.175577824059856323e-06
5.425068811375087783e-06
3.980091674799329207e-06
2.542140687380311522e-06
1.545915056156584285e-06
9.886815297805596782e-07
6.724666488233210566e-07
4.580025723025523975e-07
3.252209708848891473e-07
2.270960518229829924e-07
1.527763483908155320e-07
-3.243165037910638602e-06
1.967051337117860248e-07
2.778881126794540324e-06
2.746848584130813818e-06
3.291318551517618233e-07
-3.076197000811165549e-07
4.447625385997279027e-08
7.740130671116304344e-09
2.720621561609351826e-08
5.259996308894493724e-09
1.801626280984410612e-08
1.027952866053912096e-08
4.281324651407961999e-09
4.714611855070094261e-09
3.014663597654368403e-09
1.016871797925904453e-06
-2.710764921969793081e-06
1.319867660417607209e-06
1.169106498532437942e-06
-9.274017718167620791e-07
-8.401465902896533262e-08
2.902886935768024819e-08
-6.582838051488301187e-09
1.082910936232657254e-08
-2.766070747488205659e-09
-6.859181507959219895e-09
-2.473779344179418624e-09
-1.256118675301637813e-09
-1.947312114820192009e-10
-1.739592188444073601e-10
1.519548877786210027e-06
-2.015959695417946662e-06
1.578850924217307675e-06
-8.024565252819440166e-07
-1.497436717377644712e-07
-1.196457444385591262e-07
-1.472934194065315625e-07
2.610565736495019250e-08
9.526642330654272912e-09
3.489826903621554484e-10
6.470852395465902307e-10
1.053809273456765196e-09
-1.395493190239647096e-09
-9.058442386455025146e-10
-3.348734427979328366e-11
1.909596194031004434e-07
2.935540681506882908e-06
1.885056059656538325e-06
-5.296169634188365059e-07
1.695551050502733598e-07
-8.972296762562655671e-08
-7.053510787877258899e-08
-3.844845214063986799e-08
-4.973097554681673280e-11
-5.484490711102927483e-09
1.631539196965375102e-09
1.626456782239954965e-09
-9.906715437248857919e-10
-1.142012363224530908e-10
2.380011370258772946e-10
-1.747363472815254011e-06
-1.784164181733354332e-06
-2.485940857596256849e-07
5.282550955600242388e-08
-1.562227148444734289e-07
4.149660047719243781e-09
1.409690641056953888e-08
-9.568294327560502829e-09
3.530606239732416866e-08
6.265732551112909909e-09
8.721319727998775956e-10
1.490865776399958249e-09
-1.320271799627299492e-09
1.378416154282630371e-10
9.781553337177405585e-12
5.164961477954001998e-07
-1.676183257152553467e-07
7.767229651138579488e-07
2.832347373996856850e-07
3.606495817827250997e-07
-9.380154866584162478e-08
1.457215656069213742e-08
6.219259595824800237e-09
1.423515069694196768e-08
2.723836465609747757e-09
-2.835363865560262426e-09
6.494548999325993350e-10
-1.885770253060875533e-10
1.796386062856009564e-10
1.086990677355337516e-10
8.338566053885239511e-07
-4.814362705808820900e-07
2.435198662820302505e-07
-2.771791193161252739e-08
7.297359085717338466e-08
4.700924633768776322e-08
-1.941224491979827252e-08
-1.627709704592907307e-08
-3.853621413924277227e-09
-1.465651377066118731e-09
-1.135084036877190506e-09
-3.486256127373910254e-10
1.472638881663778023e-10
-6.800167202228678553e-11
-2.617363294996069954e-11
6.325759851855026702e-05
7.262041333892126950e-05
5.010897963766446826e-05
3.967959495925113382e-05
2.814558451313270844e-05
1.940092855367241939e-05
1.264370053144384874e-05
7.864034063019416547e-06
4.924897198940317805e-06
3.083451363711481061e-06
2.013665642329533058e-06
1.367848536443072075e-06
9.532147488153214781e-07
6.687349529560271322e-07
4.588071439343350212e-07
1.328763577422626793e-05
1.715611042963081210e-05
1.289535656719978026e-05
1.052956150034249571e-05
7.278495237733589236e-06
5.176216745604709271e-06
3.155606023731444976e-06
2.215340299667916352e-06
1.347575860525485388e-06
8.389095849359086855e-07
5.364519792887461681e-07
3.647301999065343564e-07
2.426451451678284445e-07
1.729837134346244639e-07
1.196651807578333876e-07
2.545983798757131780e-07
-2.978857050707359570e-06
1.141950668769290165e-06
7.738937637808402293e-07
-4.444622750660607263e-07
1.127097147268929601e-07
-1.208169446227935455e-07
8.339505634040227025e-08
3.787403813078637805e-08
2.940269096162263395e-08
6.410234606565053264e-09
8.094992511348979166e-09
4.816239680186318016e-09
4.813742993428885579e-09
2.102609085875077677e-09
1.259981324756166028e-06
-2.489130394123264101e-07
1.650589999161183126e-06
-4.873687912639297069e-07
-3.606702462167877649e-07
1.525994184828107020e-08
-1.251160756808639304e-07
-2.604777268026402121e-08
-2.270568379215145235e-08
7.198944847937115213e-09
-9.079815325706017823e-10
3.643638084215957573e-10
-1.405325674630306320e-09
3.930777754929240255e-10
1.439650735036071903e-10
-1.087770583805349506e-06
9.951057161048054967e-07
9.275768524330846777e-07
-4.605120938398417511e-07
-2.708802001843467007e-07
6.745394535723280572e-09
5.325704044478450268e-09
-8.208205633190093813e-08
5.363043910871157221e-10
-1.544932425803309490e-08
5.375063635412395038e-09
1.384036080936540736e-09
-2.746801784804616172e-10
5.046392321767347871e-10
-1.001848384150337860e-12
-1.393450255819849488e-06
-2.084152674411104420e-06
-2.340248702758589484e-07
-1.847342901507711349e-07
-1.392633265447342858e-07
8.167478787759626840e-08
1.860966138624871174e-09
-5.495384261901797720e-08
1.761206180286674892e-08
-1.019810585110524024e-08
5.524202360808703443e-10
1.984000694728015640e-09
6.923585926936050208e-11
5.565455569530568483e-11
-2.759216080398229172e-11
5.563025106168069283e-07
-1.202898637794745799e-06
1.540017822030241441e-07
-3.171621093362241066e-07
2.401257799462973286e-07
-1.108020240375455522e-07
-1.893871535375107165e-08
-6.431461000454812383e-09
1.250892868994378511e-09
-4.157886870884369311e-09
-1.328167776773232962e-09
5.908934329368788028e-10
4.513798578026673327e-10
4.236217308209253017e-10
-1.016387437266987754e-11
5.716711357654395051e-07
-4.138761593321216591e-07
2.094693837332998424e-07
-1.058153107520054437e-07
-1.215355635213254196e-08
1.018848659693928540e-07
8.920424539872459145e-09
-2.535852058046918793e-09
3.236063097651615470e-09
-4.094879018773583152e-10
5.464124545315998326e-10
-6.847467924231996604e-10
1.946209056889076745e-10
-1.706697597773936069e-10
-3.789992542062091657e-11
4.329866644626891665e-05
4.592150896149918327e-05
3.540615423580093575e-05
2.700032124706555544e-05
2.097610589208930395e-05
1.549391940367065039e-05
9.253998447298383256e-06
6.376488078547564463e-06
3.887249824402430568e-06
2.374165654651963583e-06
1.485520888210360178e-06
9.679890638210374168e-07
6.527863704581082653e-07
4.555325212472721475e-07
3.168569977494288696e-07
1.015390440246411558e-05
1.082908835890786486e-05
9.841583256070556327e-06
8.294349266492022095e-06
5.978285028636229643e-06
4.007960306283906176e-06
2.608688177664440913e-06
1.892889597102022126e-06
1.103882455752161995e-06
6.776859332523036851e-07
4.111114607308710429e-07
2.661055794904898820e-07
1.769915021855323177e-07
1.218310440219854829e-07
8.417877481016835584e-08
4.984848037946638713e-07
-9.203829571389922500e-08
2.174421847364097577e-07
1.373257007492785609e-06
2.028529165428800486e-07
-1.565210405348937246e-07
6.735369379560830007e-08
7.359837173558539866e-08
2.704668373910521891e-08
2.861790717771567697e-08
6.520303347018744857e-09
6.488980241731231012e-09
4.422780816869027327e-09
3.283751486743747867e-09
1.753105231466476876e-09
-1.442719367875149807e-06
4.962796861359429847e-07
1.281666082486519780e-06
5.530861506365227027e-07
-1.632447172604959396e-07
-2.634047989335628986e-07
-3.120853739187951483e-08
-1.776776569597915324e-09
-1.766405538975763096e-08
-6.303776327436169314e-09
1.194519974033329976e-09
-1.147065901087378945e-09
6.322024202898773545e-10
4.641705462850180597e-10
1.037363984616287010e-10
-2.258120446404073974e-06
1.659625830851216608e-07
-3.330647247104866069e-07
1.948872600662395450e-07
-9.797035917420951946e-08
-9.140870918272513503e-08
5.164576577053376805e-08
-3.116699538173699585e-08
6.844898226071214261e-09
-1.891212878664469808e-08
2.500562757440803881e-09
1.443574523665468991e-11
2.633407048544456597e-10
1.475199896014961810e-10
-8.855272742714391703e-11
4.182730451260330304e-07
-3.886190812714213814e-07
5.400081095115487655e-08
5.339658965316007877e-08
3.593867390432288097e-08
-8.959761016375107695e-09
6.216978341958868969e-08
-9.707477516104618083e-09
-4.457701895497623054e-09
-4.986681290418419125e-09
1.209050286085489477e-09
-1.144182298267570070e-09
9.526844415219872957e-10
1.079237650681332218e-10
-1.083198194290274605e-10
5.405991028620274240e-07
-2.842996480069772933e-09
1.272343247251380211e-07
-1.165882940287802796e-07
1.513256818372663617e-07
-4.063031663345085859e-09
5.509895687546196878e-08
-6.413594107660134229e-09
1.246043950244080473e-08
2.859011543193479099e-09
1.532714093951728813e-09
-8.896265641452300797e-10
-1.181820537347657345e-10
1.062690699774277061e-10
-5.287818565865116092e-12
2.195774094143702329e-05
2.467403851429928146e-05
2.431240203561247366e-05
1.968641594024042512e-05
1.543994328166140817e-05
1.123372774461173690e-05
7.780281804784577320e-06
4.998238465180428121e-06
3.017759941607329389e-06
1.873018615085995422e-06
1.167452036789421064e-06
7.294373960618441811e-07
4.774988769678007144e-07
3.221009375978460880e-07
2.227774338467996353e-07
6.365681152204443385e-06
5.814282260707382613e-06
5.566238184637298043e-06
5.414243521040359831e-06
4.219964431554668173e-06
3.006778232425960138e-06
2.302186820393377985e-06
1.360805338256215234e-06
8.620913127666731385e-07
5.379846049256382689e-07
3.197751011248455481e-07
1.996675297802905068e-07
1.293281735397064155e-07
8.467076781802611154e-08
5.776257998973144367e-08
-4.546477806950302960e-07
5.839795296312639077e-07
-2.631980031211962630e-07
-2.672305273679667797e-07
4.854992939378638663e-08
-3.128055351782281954e-08
6.612680106252687357e-08
4.354408082664014105e-08
-3.625091468243378647e-09
1.035074527141555736e-08
7.065580615712548544e-09
1.702898752554939639e-09
3.025302290219169312e-09
1.747397469857465907e-09
7.727912443308071000e-10
6.691918227850063828e-07
1.368384174741274189e-06
-2.573440232792330224e-07
-6.595685236893374999e-07
-6.784314471327688962e-08
-1.657133595675337285e-07
-5.095103360499242035e-08
3.603014467328410819e-08
-2.138624952816675438e-09
-8.379437525722991635e-09
-1.038585076556865076e-09
-2.735593584801779201e-10
5.881741577503591975e-11
-7.642748465120469330e-11
-2.810138367274667929e-10
3.500197917704528472e-07
-2.420041049971821709e-07
-6.755825702073272723e-08
1.150118283530314964e-07
-1.515093581054413201e-07
-4.590037400181634388e-09
9.916696309884749952e-09
3.676023943447555766e-08
-8.658334114766458842e-09
4.573861119794705547e-10
5.502628472171245359e-10
-1.092321603740424808e-09
4.235101100371536883e-10
1.219641832503053469e-10
-2.770828824949872155e-11
2.397564850442564975e-07
3.766424647424827782e-07
1.997737203836625836e-08
1.044558151793837737e-07
-1.600478637765961334e-08
-2.410876371564123113e-08
-4.491252859057643273e-09
-1.433962728597511963e-08
8.840397699048076711e-09
-1.569323762074712817e-09
-5.891989645723884996e-10
-5.085744958519256154e-10
-1.259938802731488288e-11
1.626044147525715463e-10
7.869391240490626513e-11
1.364438901628855293e-05
1.526572732994619990e-05
1.638400897671928483e-05
1.469621087225733332e-05
1.101252531866002899e-05
8.129687262277499873e-06
6.178579543099570025e-06
3.770967931279523635e-06
2.427360780019568019e-06
1.522912282025202978e-06
9.083259915460788562e-07
5.561247407604009800e-07
3.515433786584343992e-07
2.291226423400712657e-07
1.552194160541087380e-07
2.908417616583119849e-06
3.794807528606056584e-06
3.456755540809293142e-06
3.207613132620813522e-06
2.898892637655765890e-06
1.819198285343507763e-06
1.570898876931663837e-06
9.739440061196074821e-07
6.276442159562411344e-07
3.980430356303700529e-07
2.324081919506644938e-07
1.411708666095571798e-07
8.824615241000557386e-08
5.630752024128163922e-08
3.736798833018658870e-08
2.098405916913021065e-07
1.104405357418675488e-06
2.666016511123979090e-07
4.158526372378683897e-07
9.277190928764981399e-08
-3.614853897103901404e-08
7.724465085953122488e-08
4.511983193351541360e-09
-1.285642252235371245e-09
3.527622862582862970e-09
4.595137251098010161e-09
1.379925041848426318e-09
9.552032335974821916e-10
5.609680239044189952e-10
1.549694296636249646e-10
1.982208121820552976e-07
-1.320607869156293266e-08
2.266862661418680738e-07
-1.752870745625372420e-07
-9.194307406476468369e-09
1.004825474604484850e-07
-9.177760843635227570e-09
8.778730127380244451e-09
2.402256802820788199e-09
-2.424114930122045285e-10
3.567502137742225361e-09
-7.962138462677556693e-10
-1.796803917500690196e-10
-3.080669441183842756e-10
-1.568079029361179686e-12
5.364424917631877908e-08
4.674536478039806595e-08
-1.317940116445382952e-08
1.829688226273867343e-07
6.625909649093010744e-08
-3.873445464209312094e-08
-1.630593889602038372e-08
-3.472739301653034767e-10
2.115196357191820889e-12
-7.353891500847938906e-10
7.804157751663676075e-10
4.926126956645351169e-10
1.030595184367315082e-10
5.137700647486392172e-11
4.836131503773183527e-11
8.508916190345243468e-06
1.164305314527809207e-05
1.085106360588605255e-05
9.765300094369027735e-06
8.036900117432858799e-06
6.077817648539021409e-06
4.624569130592640351e-06
2.959391151954079461e-06
1.959303624944018265e-06
1.187096174064626417e-06
7.146601776555669482e-07
4.244530081286559650e-07
2.601518825920067401e-07
1.639229339365245192e-07
1.076031728721249775e-07
1.327199143060500745e-06
2.557303941933647848e-06
1.722754540872451661e-06
1.869029334653901091e-06
1.291889570966340858e-06
1.217881362519947748e-06
9.391374125178325464e-07
6.017475755283669661e-07
3.948387708739842574e-07
2.419753188819645959e-07
1.456375598903656559e-07
8.694972707700794420e-08
5.188404801122587191e-08
3.206911068064009060e-08
2.060361573689123821e-08
2.122403704331922555e-07
2.044353317244236313e-07
2.512438894516741689e-07
-3.375626602699478393e-07
-1.001699245021405651e-07
9.200999278312996148e-08
2.915308567485190505e-08
-2.448381589425710201e-08
2.210392228849418302e-09
-2.026850101190578340e-09
2.133750765496621863e-09
3.790882735331550354e-10
1.747043285372161637e-10
-7.333464479692317223e-12
2.215892870628226513e-11
4.970380880608676372e-08
-3.780539835174030576e-08
1.485364019490097315e-07
4.779818036257311488e-08
-5.937409777963263706e-08
1.886420387031687504e-08
-7.043507909340243437e-09
-1.217567252714398057e-08
1.973547921243559668e-09
-2.120705405295443286e-10
-8.065806627001716331e-10
-1.030792681586707530e-10
6.341296413345310246e-11
-3.009592967916768650e-11
7.638277544461330614e-11
5.857936522054410419e-06
6.106747099157343336e-06
6.185167761976713619e-06
6.316137749794517756e-06
4.959846883932542044e-06
3.964710255993845736e-06
2.909212125700474087e-06
2.125308442610988718e-06
1.309185284185917039e-06
8.077250809961374678e-07
4.906343680803992650e-07
2.937386446710745974e-07
1.748508928865693090e-07
1.062561933713109419e-07
6.705868217797184255e-08
6.358888140338559045e-07
8.153198762215186483e-07
7.575987045724481772e-07
8.982604174821822156e-07
6.011190005824579157e-07
5.184197629659944792e-07
4.391541135798643586e-07
2.910871711608292719e-07
1.604970653732685555e-07
1.105299383222561973e-07
6.715333945334570970e-08
3.901681881529083039e-08
2.309656656361868664e-08
1.369996423488763316e-08
8.413169021403584456e-09
1.991160494230010939e-07
-1.106732601063678345e-07
3.199524664555082346e-08
-6.158104667047578054e-08
-4.043122235812857858e-08
4.086984579361297470e-09
1.445564615943528015e-09
-3.708046791041877617e-09
-2.067014285532033720e-09
-1.647840374017005944e-09
-3.949666105883726151e-10
6.528857454672186481e-11
-3.722354100867296016e-11
-6.380797607943284097e-11
-5.877953809945733507e-11
1.992303527541724741e-06
2.618987457139951827e-06
2.981307700387147129e-06
3.058155429613758166e-06
2.890462043628090768e-06
2.084570250565739861e-06
1.631438225570752422e-06
1.242375506330750737e-06
7.679573022948095090e-07
4.969765876442393378e-07
3.009051250967409137e-07
1.748884026312755766e-07
1.012842937249850416e-07
5.904110597718266596e-08
3.549799503288031655e-08
2.124798783718893803e-07
1.876288132920942053e-07
1.777884186142921272e-07
1.242990590758946244e-07
1.889237707133567926e-07
1.265955037847634008e-07
1.057156953926163383e-07
6.854445873716208215e-08
5.176092035173811127e-08
3.010006285895446427e-08
1.854633375956514515e-08
1.064957691615086213e-08
6.121773132596250417e-09
3.428164671266993577e-09
2.082321822525911540e-09
5.639210527575868381e-07
6.914336121510049225e-07
7.758847506111501619e-07
8.037446265548068136e-07
8.022538019827215352e-07
6.263642001564811783e-07
4.686811501761368763e-07
3.616322389291463941e-07
2.576775312121834530e-07
1.591729222770460014e-07
9.582536071655187110e-08
5.643675550257412406e-08
3.264835777244462243e-08
1.840063127392089488e-08
1.042592122079791287e-08
