# lsst_theory
2.520133827872151042e-09
1.700526300036279293e-09
1.125728223282519985e-09
7.480687679900114785e-10
5.032504777429778958e-10
3.393875916974095866e-10
2.325931160628923875e-10
1.604611976943368477e-10
1.099676647773681368e-10
7.376828488782363924e-11
4.775576214440682088e-11
2.958173319785349381e-11
1.754997803881147950e-11
1.000171928533992477e-11
5.497198730742925680e-12
4.223484006180159604e-09
2.846154376500687495e-09
1.875265977994257991e-09
1.216649354068961333e-09
7.978315078596978032e-10
5.357256756192350956e-10
3.652707800899949568e-10
2.545884602226020700e-10
1.781244535603177292e-10
1.226533894432047383e-10
8.143153026305144938e-11
5.129593804239680069e-11
3.049999579003149992e-11
1.716128299693104307e-11
9.228069174289876153e-12
4.296622087044958474e-09
2.841128510194056025e-09
1.843037567993319812e-09
1.171147792145653065e-09
7.519430927822934415e-10
5.064092466464488899e-10
3.470254602026859063e-10
2.455629578374355299e-10
1.744239991179305116e-10
1.214869750305963290e-10
8.101473858388760914e-11
5.073705224468813718e-11
2.959657333188866167e-11
1.610437985961185609e-11
8.279359157428364111e-12
4.363737414810527489e-09
2.858414855273009383e-09
1.839370627369539329e-09
1.155672015182436941e-09
7.333181613188019469e-10
4.945325813967556372e-10
3.398344070943540323e-10
2.424583342076467776e-10
1.736454002945806230e-10
1.217075217426966461e-10
8.137662319065996451e-11
5.082704257975014622e-11
2.935787103546478207e-11
1.568386247448238728e-11
7.853690649689187089e-12
4.421943776701022171e-09
2.873618196888965541e-09
1.836413690472892919e-09
1.142442107790659652e-09
7.173680316596045036e-10
4.843755318095155735e-10
3.336852218189453194e-10
2.398182979122608928e-10
1.729982455362082114e-10
1.219138683548230584e-10
8.169956756883184303e-11
5.091144158783828043e-11
2.915538825275085822e-11
1.532210603054041874e-11
7.486464183296694222e-12
1.423249554065617074e-08
1.033136078568230847e-08
7.262129922604960163e-09
4.983673492698911309e-09
3.312872157484639775e-09
2.164482922485926862e-09
1.419386858711419560e-09
9.430560648605048770e-10
6.385991190005851389e-10
4.387989572183951835e-10
3.014153287515147013e-10
2.032028222090775971e-10
1.324472860369605132e-10
8.248625000702175309e-11
4.889025763952272072e-11
1.788634401311474938e-08
1.312985055316337883e-08
9.295494952946825606e-09
6.436010860120758126e-09
4.303867461522897208e-09
2.790496419058716033e-09
1.826336725616902318e-09
1.201954086151000181e-09
8.091730694744448370e-10
5.547524640901322340e-10
3.822152121513205969e-10
2.598481379584617143e-10
1.714541237310090227e-10
1.082160506290807270e-10
6.488963401551483578e-11
1.981223969003208415e-08
1.456048084856325636e-08
1.030686457065127363e-08
7.145204820762409127e-09
4.777843799635768064e-09
3.079528606077341851e-09
2.012974434989879378e-09
1.320423162292508207e-09
8.887020891681764705e-10
6.100251365749098570e-10
4.215887060158198851e-10
2.878725523457301504e-10
1.908289193458148796e-10
1.208824926125032725e-10
7.259527909265386584e-11
2.149555757291975182e-08
1.581603507510086143e-08
1.119791995909897901e-08
7.771510349555286492e-09
5.197511180028588663e-09
3.336988404669206234e-09
2.179263376794655214e-09
1.426099970431364079e-09
9.594308061011860856e-10
6.590230072494788102e-10
4.563801462037797167e-10
3.125789040995577609e-10
2.078967940303646353e-10
1.320530017002357818e-10
7.941177911694864297e-11
2.700933032093630022e-08
2.083444966276831862e-08
1.526667984331570403e-08
1.086076386165001384e-08
7.500550804224991616e-09
4.956188878159990493e-09
3.211195993033544234e-09
2.087318659454465713e-09
1.371616695635491562e-09
9.187378310222803879e-10
6.243346095590323058e-10
4.249587469228824483e-10
2.854656571550597793e-10
1.861242355923906897e-10
1.163349286864488613e-10
3.243253833896626186e-08
2.544860955752225365e-08
1.886363211878897373e-08
1.352487701353866279e-08
9.424223309140852591e-09
6.274936435842759511e-09
4.046446935913233779e-09
2.626508827789914665e-09
1.711327286049586242e-09
1.138033961443056810e-09
7.698780000696555520e-10
5.239976049488344657e-10
3.537933522535255295e-10
2.328830125198370370e-10
1.473410546160837386e-10
3.694005735216316613e-08
2.924821900482259060e-08
2.179509786749119715e-08
1.567810454110701357e-08
1.097144700523565754e-08
7.328251321721248587e-09
4.705847804508274504e-09
3.052606053921094443e-09
1.979157301443828028e-09
1.311853609908210173e-09
8.861189151134862457e-10
6.037092585944627564e-10
4.091073370166424124e-10
2.708292982313367541e-10
1.724646462215959717e-10
4.270677531303908891e-08
3.489377688867810566e-08
2.676862421330944425e-08
1.965308017637708468e-08
1.395966877499497122e-08
9.531700824447142185e-09
6.223024972306505348e-09
4.010071601990665236e-09
2.582897892542566005e-09
1.686768491280060397e-09
1.120213398162396401e-09
7.531222552306174336e-10
5.075386948142240900e-10
3.374601986673561495e-10
2.180345328293630004e-10
5.165932091336326586e-08
4.315912247917309819e-08
3.372607632744597503e-08
2.507305765100836122e-08
1.797507248103108635e-08
1.241488095174840498e-08
8.169968738629521202e-09
5.237556087244921539e-09
3.362828586500973672e-09
2.176232654140318199e-09
1.431559452523084500e-09
9.560507294947412974e-10
6.433030760691800448e-10
4.296157273934459063e-10
2.803065999691318308e-10
6.830211371310783811e-08
5.967029089351968779e-08
4.874367048136008587e-08
3.759110819610419801e-08
2.765082162746210181e-08
1.953337967160293313e-08
1.325988045721914937e-08
8.577369008388570751e-09
5.478246382377334227e-09
3.489090296880423240e-09
2.244141157538592012e-09
1.463649101598612694e-09
9.674767080363506484e-10
6.417059338535269851e-10
4.213409834563891687e-10
5.014566518450603857e-07
3.482357043810267935e-07
2.338048252130934737e-07
1.530658769939973218e-07
1.005498844510234714e-07
6.627623779976120657e-08
4.459171542025852519e-08
3.072936713432657231e-08
2.152189793254363578e-08
1.502603175906832254e-08
1.022083691673791065e-08
6.645592876025230904e-09
4.098683622313528791e-09
2.398905026166270491e-09
1.341847067179427073e-09
1.576291367870954823e-06
1.136183989510693387e-06
7.957738641012207802e-07
5.366864331647098990e-07
3.498837205954642165e-07
2.282321606724316370e-07
1.491304812078752099e-07
9.965444676464168529e-08
6.842778423230845353e-08
4.783542938217653330e-08
3.335245071324581806e-08
2.264523280682750912e-08
1.470712993998548795e-08
9.045157106858810956e-09
5.274192811128668785e-09
1.885518836840960275e-06
1.365057771016648310e-06
9.608251820884425757e-07
6.508403367949291692e-07
4.241803400911498968e-07
2.764860828846904816e-07
1.800855669602567439e-07
1.198897548435601696e-07
8.207546519148040511e-08
5.733385106380341641e-08
4.006053447067588748e-08
2.732454574615013413e-08
1.784931391114726033e-08
1.104011072580633159e-08
6.467971111852481871e-09
2.068368846591777273e-06
1.500347667973835122e-06
1.058367335449979359e-06
7.182739313119830443e-07
4.680549457086869008e-07
3.049835429150766981e-07
1.983684485275751631e-07
1.318436645274805544e-07
9.014015922229899892e-08
6.294815647457164825e-08
4.402596559315028501e-08
3.009034864293066922e-08
1.970596081457332955e-08
1.221838133479389471e-08
7.172752366785614273e-09
2.226345188568557090e-06
1.617233648426364233e-06
1.142639905569109466e-06
7.765347669018760109e-07
5.059614400501883910e-07
3.296045463115265551e-07
2.141643525589414951e-07
1.421715228962035248e-07
9.710783307924058217e-08
6.779876724921127989e-08
4.745198534213850338e-08
3.247990546602674428e-08
2.131003069244221131e-08
1.323636350116348274e-08
7.781660359577078828e-09
-7.571704516634199126e-08
-6.294481225911112912e-08
-4.744513556641460354e-08
-3.570746182478306074e-08
-2.601839944722522683e-08
-1.635730718323675556e-08
-1.067057427822547790e-08
-6.693465880392937981e-09
-4.226247322733215689e-09
-2.747533802570686156e-09
-1.857424867340601886e-09
-1.300663101014243465e-09
-9.239669100511464927e-10
-6.423369439003029923e-10
-4.230589081876107672e-10
6.212168710505034712e-07
4.971497322850829761e-07
3.721758807902568830e-07
2.775028320949785913e-07
1.936275204372448637e-07
1.235753597450115329e-07
7.930283488778142478e-08
5.007750367541721370e-08
3.203010644872998126e-08
2.118420436353258326e-08
1.456097828968772643e-08
1.028240385961312205e-08
7.265748250989024620e-09
4.961947066293351759e-09
3.193817202252012428e-09
1.091079306826285428e-06
8.844248363205508780e-07
6.647230478174760777e-07
4.964079709160266702e-07
3.509791961030272961e-07
2.238352186195314010e-07
1.444665408308005582e-07
9.094512994900191294e-08
5.793677470897673993e-08
3.809949864783444466e-08
2.603396824286202095e-08
1.831616119845807426e-08
1.294853314928878507e-08
8.886592452242526731e-09
5.763883251717690541e-09
1.347387564859978365e-06
1.095130572278275572e-06
8.237610271159987590e-07
6.153833218460788956e-07
4.362854107479887730e-07
2.781987564104673257e-07
1.797529684436661943e-07
1.130903430837703300e-07
7.198605172817404807e-08
4.728273068983780076e-08
3.226974733503028926e-08
2.268598278626605552e-08
1.603943585264546888e-08
1.101920873631140707e-08
7.158369780684100097e-09
1.568803266214025222e-06
1.277150427847263431e-06
9.611463473444225330e-07
7.181595311796374894e-07
5.099767930715666389e-07
3.251597711083493289e-07
2.102346938568205992e-07
1.322201996099631253e-07
8.412235918392674166e-08
5.521559947655421334e-08
3.765651575296930175e-08
2.646087062807931718e-08
1.870953071002504297e-08
1.286147401439726621e-08
8.362990126148832198e-09
-3.504733419818349161e-08
-3.099712889312655854e-08
-2.419967339131273092e-08
-1.813570163587775659e-08
-1.364949749960428185e-08
-9.027357468035635303e-09
-5.889841827270759430e-09
-3.654649132040206695e-09
-2.290292675425077346e-09
-1.459116706972653632e-09
-9.607189891707830922e-10
-6.570599413268538940e-10
-4.620984030273323494e-10
-3.246035818393287048e-10
-2.199192136309821144e-10
1.076586697845831289e-07
9.332012409518894488e-08
7.167691859723205951e-08
5.359582094036470968e-08
4.020833020361732153e-08
2.580762444377049828e-08
1.711969632043418140e-08
1.051981607342896705e-08
6.604113576745976605e-09
4.235856700772061922e-09
2.815949099155983060e-09
1.944519106262522321e-09
1.375590512033283358e-09
9.655039214685786453e-10
6.489421471535793824e-10
5.912271605582582419e-07
5.344284363634826358e-07
4.246670451083834554e-07
3.189634235946953948e-07
2.406006038465547318e-07
1.643168603278893357e-07
1.051616869320076215e-07
6.591123959793218479e-08
4.127259990844124405e-08
2.613360217366668853e-08
1.704232223214798885e-08
1.154043802377846486e-08
8.065490686195704549e-09
5.669327635545993608e-09
3.872358838344170796e-09
8.546174809014429851e-07
7.755297615944426303e-07
6.182741961113631978e-07
4.646578036140965616e-07
3.505813993296863452e-07
2.407277435902844802e-07
1.536095668749701297e-07
9.649679966104479374e-08
6.039932017704936095e-08
3.819825846131570785e-08
2.486726602512737368e-08
1.680873973696688016e-08
1.173319179357232010e-08
8.247311010033618978e-09
5.640786779304870547e-09
1.080257398699141310e-06
9.819793698701797073e-07
7.839827802315370211e-07
5.893410434611030645e-07
4.447028228929257462e-07
3.060788594649959835e-07
1.950567336970731574e-07
1.226515856765484112e-07
7.675715070163469129e-08
4.851827330720044926e-08
3.156213679497766265e-08
2.131728818180381071e-08
1.487254700942305436e-08
1.045402199103764289e-08
7.154324671318307192e-09
-2.790615598153163224e-09
-2.635945842441449902e-09
-2.174431107739696808e-09
-1.645327093006788712e-09
-1.241713503999171891e-09
-8.993219524048817925e-10
-5.569951811150459526e-10
-3.589153321496370826e-10
-2.236131113760985614e-10
-1.398071159277112604e-10
-8.952487074703875199e-11
-5.943315949621420122e-11
-4.096400229435440836e-11
-2.876723997259231483e-11
-1.992715147089736875e-11
-3.521334805113172370e-08
-3.508247339398421131e-08
-3.063824631716337920e-08
-2.381619022496457962e-08
-1.784189558985140215e-08
-1.357562595753363277e-08
-8.531027408268476781e-09
-5.712576337988415417e-09
-3.491096639841383563e-09
-2.141853213803045203e-09
-1.339402402479202040e-09
-8.643787860181047884e-10
-5.807826691867844063e-10
-4.029252761813043531e-10
-2.814554513736041572e-10
2.547677866270363753e-07
2.480118991968729713e-07
2.113220103719716347e-07
1.622963365181176800e-07
1.219537638819282383e-07
9.104981260579070222e-08
5.667624285227787631e-08
3.744834599359569308e-08
2.306465047105030430e-08
1.425102005110343442e-08
8.998567399240103371e-09
5.876338847388561485e-09
3.991784956075181241e-09
2.784769066724928378e-09
1.939210007283252881e-09
5.205296735841934304e-07
5.106799759529152746e-07
4.391004117343820285e-07
3.390817584021669693e-07
2.545879202862410507e-07
1.910331571719655565e-07
1.199635842615365643e-07
7.932591390737574032e-08
4.872902513622790241e-08
3.006964392306379518e-08
1.892014614524745971e-08
1.229810970072621717e-08
8.316670106268998393e-09
5.786408288898374209e-09
4.031449121177736840e-09
7.344025578663017519e-07
7.218129983645344450e-07
6.219412913449452678e-07
4.808763263182454344e-07
3.609834935894197998e-07
2.711800209730919805e-07
1.706288255684900396e-07
1.128470758851485286e-07
6.928098796307604011e-08
4.273927093525182886e-08
2.687075995070794578e-08
1.744761653955531398e-08
1.178698411951360572e-08
8.195897513041448473e-09
5.710819261963818534e-09
-5.228147135852559280e-11
-5.217140353568383332e-11
-4.570965527491484425e-11
-3.565942766213354436e-11
-2.671601669902014035e-11
-2.028743809720493687e-11
-1.289982836279869080e-11
-8.590606930419850676e-12
-5.244756679188881859e-12
-3.222145230386244344e-12
-2.012573824555961089e-12
-1.296369601939636986e-12
-8.691715259457922671e-13
-6.018348123306636710e-13
-4.200115847282428765e-13
-1.636490341557299218e-08
-1.677992496744777734e-08
-1.520684805533602681e-08
-1.216968106476382483e-08
-9.122742651730038212e-09
-6.956870041833491280e-09
-4.681756585176436548e-09
-3.027889479383731557e-09
-1.848656899607258107e-09
-1.141288714407461637e-09
-7.068509790243525820e-10
-4.479726639996838021e-10
-2.949821022320535628e-10
-2.015225626226601397e-10
-1.402530271016989899e-10
4.713283812604533562e-08
4.783117631334157781e-08
4.275264010225532961e-08
3.379080922306532922e-08
2.526602405564738831e-08
1.930337513501397597e-08
1.263787048560407832e-08
8.329807838029088436e-09
5.037978753884262336e-09
3.108250306715874830e-09
1.931336746319509361e-09
1.232609810472526230e-09
8.185614149162895396e-10
5.632279578125810878e-10
3.931812529832401826e-10
2.927538717279576220e-07
3.034573631404519944e-07
2.789910470549755336e-07
2.261874273194226884e-07
1.700272999873525482e-07
1.293275927701148720e-07
8.951444795805155414e-08
5.673318857147306168e-08
3.499165198157988701e-08
2.161796463094951589e-08
1.335382023924201629e-08
8.405250038475765324e-09
5.487396465909754086e-09
3.721144538068600058e-09
2.581205977316640055e-09
4.900020616149813153e-07
5.090210809241397740e-07
4.693232463310117860e-07
3.814970652710579173e-07
2.869646400189907633e-07
2.181500335742377200e-07
1.517969270806806484e-07
9.585695756622864656e-08
5.926245986822122061e-08
3.661151343554831606e-08
2.259962459129924446e-08
1.420537031093975252e-08
9.258225198656992772e-09
6.268725544184676225e-09
4.345173725414249308e-09
-2.301138349692228514e-13
-2.388988766943958567e-13
-2.199183343637228067e-13
-1.782427932698050977e-13
-1.337694338023721254e-13
-1.019155103334251852e-13
-7.061922875197077151e-14
-4.475327332880564661e-14
-2.740831984389616158e-14
-1.697597468441328191e-14
-1.049943544576089826e-14
-6.608563048533330565e-15
-4.314840852596790831e-15
-2.927691567659815493e-15
-2.033051741195322132e-15
-1.353566870649320470e-09
-1.434813292375919047e-09
-1.358308038437016375e-09
-1.131386124977017990e-09
-8.567564124792586949e-10
-6.473371530754832442e-10
-4.720073341821504242e-10
-2.886035330567981059e-10
-1.827237819705792688e-10
-1.127497686721769890e-10
-6.914964491423765261e-11
-4.294507605473388715e-11
-2.756317279595159630e-11
-1.840239285431451504e-11
-1.266353040455071040e-11
-1.507294083558157079e-08
-1.643215946950919028e-08
-1.615992768748698631e-08
-1.401762306413782855e-08
-1.083571289675363508e-08
-8.092002865396397789e-09
-6.196881174174174899e-09
-3.746724876110666954e-09
-2.492953301228409094e-09
-1.522354743103543238e-09
-9.132178765264476912e-10
-5.562160506489149710e-10
-3.486111529855307874e-10
-2.269500077059786580e-10
-1.533972819920357011e-10
1.338532001332680463e-07
1.442293748224846825e-07
1.396396868623489416e-07
1.191452497720302866e-07
9.132341066691546230e-08
6.851489239490888252e-08
5.150085866885899121e-08
3.123015133466981224e-08
2.039032177051377323e-08
1.250233003472093370e-08
7.565611214457925828e-09
4.643295279263819954e-09
2.937672000411183279e-09
1.931966526040082041e-09
1.315514901315093356e-09
3.183449964835046124e-07
3.443684280562648727e-07
3.352304770726609227e-07
2.878005135197795754e-07
2.214299096886262774e-07
1.658795025201898730e-07
1.253633681761858909e-07
7.622302758435983694e-08
5.003892120744331225e-08
3.062279290930249052e-08
1.847948153927596406e-08
1.130699445806010478e-08
7.126728288329681934e-09
4.667996180916143838e-09
3.168542617097829363e-09
-1.073557000841626235e-17
-1.132499817863584834e-17
-1.064596764888380162e-17
-8.795515083964101716e-18
-6.629851242532499359e-18
-5.022003125868793301e-18
-3.625893357931875022e-18
-2.224679777085826588e-18
-1.387089546219582730e-18
-8.585611862135994338e-19
-5.304746973115764553e-19
-3.308444774309676484e-19
-2.133431102316701044e-19
-1.431808371524656974e-19
-9.890219700370195687e-20
-2.151348637322547683e-11
-2.348640304069489414e-11
-2.314915147207633761e-11
-2.014519901136081242e-11
-1.561888682114598103e-11
-1.165926587589825059e-11
-8.926878033875186012e-12
-5.438848529982797423e-12
-3.621693793844882684e-12
-2.208360850087550463e-12
-1.322879676258191318e-12
-8.042667340478516814e-13
-5.029939792166495351e-13
-3.266648476033379966e-13
-2.202944235634918577e-13
-6.483892604471491927e-09
-7.184084501620558136e-09
-7.229049678049737444e-09
-6.448675787614439826e-09
-5.092255553389032360e-09
-3.788901454502276310e-09
-2.928060557436060563e-09
-1.847498606742436904e-09
-1.229741199827190291e-09
-7.436083671327610656e-10
-4.451762409903347588e-10
-2.677972925732462031e-10
-1.649759059654711391e-10
-1.053546482984600626e-10
-6.999266945629724539e-11
3.069155489120490605e-08
3.395812759880447227e-08
3.410232534253184969e-08
3.034413315598412452e-08
2.390939022632376356e-08
1.778879399947650239e-08
1.374670977764476475e-08
8.627767968052923266e-09
5.757389004147492484e-09
3.481961990420860203e-09
2.083586110874372589e-09
1.253988860238762393e-09
7.736315380383737269e-10
4.949772915195609829e-10
3.294319453011772866e-10
1.951143712480687444e-07
2.178424171054629639e-07
2.215914060083071491e-07
2.003848873510667457e-07
1.601053824251129183e-07
1.191578366842153622e-07
9.204854396632427898e-08
5.981269920103019493e-08
3.923235956817646825e-08
2.366425794415263181e-08
1.423312775238328534e-08
8.538277649407062134e-09
5.220106288029999780e-09
3.301070906982001939e-09
2.172051347652191117e-09
0.000000000000000000e+00
0.000000000000000000e+00
0.000000000000000000e+00
0.000000000000000000e+00
0.000000000000000000e+00
0.000000000000000000e+00
0.000000000000000000e+00
0.000000000000000000e+00
0.000000000000000000e+00
0.000000000000000000e+00
0.000000000000000000e+00
0.000000000000000000e+00
0.000000000000000000e+00
0.000000000000000000e+00
0.000000000000000000e+00
-3.550038657737894655e-14
-3.965514496906380512e-14
-4.035663155443240127e-14
-3.649534807892836760e-14
-2.913019049877151485e-14
-2.165276547738584299e-14
-1.677008409432732785e-14
-1.084072805978215064e-14
-7.165075388236484984e-15
-4.310549043973994073e-15
-2.590855431610768468e-15
-1.550616059457945924e-15
-9.477032733399905298e-16
-5.997030781117512786e-16
-3.949370510133355187e-16
-3.036850140276160881e-10
-3.434812294414882564e-10
-3.557783099790634949e-10
-3.291160287847975884e-10
-2.682805228793546750e-10
-2.000125098306933483e-10
-1.540040590691845934e-10
-1.051560730947284426e-10
-6.702260921152234043e-11
-4.040685317476871522e-11
-2.448011934394877490e-11
-1.465167221527531331e-11
-8.855063402597590247e-12
-5.509836740844099377e-12
-3.566095495407355660e-12
-4.628378266739917055e-09
-5.359718065124503647e-09
-5.737931411451840249e-09
-5.541751512423695570e-09
-4.720271355174072523e-09
-3.572820958720925045e-09
-2.693521145567195733e-09
-2.026189025677489573e-09
-1.207739525717021933e-09
-7.590013577281016338e-10
-4.608123386260189490e-10
-2.742533103103683707e-10
-1.624045226110994417e-10
-9.783519349830709982e-11
-6.102980505175592067e-11
1.009915315165334775e-07
1.157875676004050856e-07
1.222615573206814801e-07
1.160109960582284638e-07
9.707230896616866353e-08
7.302155785067592817e-08
5.552822172126188241e-08
4.023192295857489201e-08
2.461072552541455985e-08
1.520424897459051538e-08
9.226246605193923535e-09
5.503848570461578582e-09
3.284962413047133592e-09
2.004179285871978667e-09
1.268835787193718631e-09
0.000000000000000000e+00
0.000000000000000000e+00
0.000000000000000000e+00
0.000000000000000000e+00
0.000000000000000000e+00
0.000000000000000000e+00
0.000000000000000000e+00
0.000000000000000000e+00
0.000000000000000000e+00
0.000000000000000000e+00
0.000000000000000000e+00
0.000000000000000000e+00
0.000000000000000000e+00
0.000000000000000000e+00
0.000000000000000000e+00
0.000000000000000000e+00
0.000000000000000000e+00
0.000000000000000000e+00
0.000000000000000000e+00
0.000000000000000000e+00
0.000000000000000000e+00
0.000000000000000000e+00
0.000000000000000000e+00
0.000000000000000000e+00
0.000000000000000000e+00
0.000000000000000000e+00
0.000000000000000000e+00
0.000000000000000000e+00
0.000000000000000000e+00
0.000000000000000000e+00
-5.152748332915654055e-13
-5.958617744410176178e-13
-6.367703510455512677e-13
-6.138042536579520055e-13
-5.221609507284388669e-13
-3.954843768237184768e-13
-2.982467294309478901e-13
-2.233313429442151499e-13
-1.336356069427885140e-13
-8.424055123988219893e-14
-5.109597457631531299e-14
-3.033368573275634237e-14
-1.796750017467070831e-14
-1.083706891499057094e-14
-6.766531697023352113e-15
-1.432138542314569526e-09
-1.673143010846324511e-09
-1.813956738878187336e-09
-1.783100501912486377e-09
-1.551790173712547276e-09
-1.192425008297392936e-09
-8.907520179136805642e-10
-6.859530197673972307e-10
-4.092324263294409477e-10
-2.664159730370050794e-10
-1.613231348122921674e-10
-9.408338173038135869e-11
-5.505262785952688774e-11
-3.273129087988657196e-11
-2.004029647640782276e-11
3.197983236560692731e-08
3.758324219054610072e-08
4.108839941714227461e-08
4.086006598544970555e-08
3.607381547268657066e-08
2.803683457762644037e-08
2.086338409397263394e-08
1.620291241253693939e-08
9.821865014247253174e-09
6.453126300528706226e-09
3.892751175587014705e-09
2.261140174889471676e-09
1.313586039161796946e-09
7.730446854052389198e-10
4.672984103989797935e-10
0.000000000000000000e+00
0.000000000000000000e+00
0.000000000000000000e+00
0.000000000000000000e+00
0.000000000000000000e+00
0.000000000000000000e+00
0.000000000000000000e+00
0.000000000000000000e+00
0.000000000000000000e+00
0.000000000000000000e+00
0.000000000000000000e+00
0.000000000000000000e+00
0.000000000000000000e+00
0.000000000000000000e+00
0.000000000000000000e+00
0.000000000000000000e+00
0.000000000000000000e+00
0.000000000000000000e+00
0.000000000000000000e+00
0.000000000000000000e+00
0.000000000000000000e+00
0.000000000000000000e+00
0.000000000000000000e+00
0.000000000000000000e+00
0.000000000000000000e+00
0.000000000000000000e+00
0.000000000000000000e+00
0.000000000000000000e+00
0.000000000000000000e+00
0.000000000000000000e+00
0.000000000000000000e+00
0.000000000000000000e+00
0.000000000000000000e+00
0.000000000000000000e+00
0.000000000000000000e+00
0.000000000000000000e+00
0.000000000000000000e+00
0.000000000000000000e+00
0.000000000000000000e+00
0.000000000000000000e+00
0.000000000000000000e+00
0.000000000000000000e+00
0.000000000000000000e+00
0.000000000000000000e+00
0.000000000000000000e+00
-1.354742751141254097e-12
-1.614874373307844200e-12
-1.800688778544758896e-12
-1.839607131345166800e-12
-1.679231216937938287e-12
-1.341859440853954425e-12
-9.926076346044300296e-13
-7.789653925224824780e-13
-4.964225659058958603e-13
-3.273628099753139973e-13
-1.951382322079873603e-13
-1.136835146178960161e-13
-6.517654096457284134e-14
-3.749929251187849311e-14
-2.203184621748471142e-14
3.716165831518982607e-09
4.473754945921047195e-09
5.057687487676350730e-09
5.266825539924944200e-09
4.931080656311349709e-09
4.043902260451580025e-09
3.003645121110001769e-09
2.331280460845800262e-09
1.586258947081129982e-09
1.008595844690018212e-09
5.991463002842885382e-10
3.532903189841936760e-10
2.034121826846242069e-10
1.157337499051339034e-10
6.650069979149151667e-11
2.053071426964209547e-04
1.488046343200227707e-04
1.048090249374360872e-04
7.045645765507483856e-05
4.573921169516720483e-05
2.970159386987651228e-05
1.933049661802559231e-05
1.287689048250113550e-05
8.852462863156485118e-06
6.224226259661637041e-06
4.376940150585441782e-06
2.996439141240730381e-06
1.956764049878156303e-06
1.206286548430948455e-06
7.037836229638393492e-07
2.963140904165546103e-05
2.272631084706390827e-05
1.690471047282496010e-05
1.243377579318623548e-05
8.190807118522896503e-06
5.361916781277390647e-06
3.371087506555631166e-06
2.144188077598875161e-06
1.394674593036764637e-06
9.427892608683094646e-07
6.611723621170849696e-07
4.713068202236946335e-07
3.305969485004856716e-07
2.206896940006703219e-07
1.379101438851477206e-07
1.943374872627416741e-07
1.592420988400000085e-07
1.194376675169568572e-07
8.963249419686810913e-08
6.455325745575675942e-08
4.038755868193232470e-08
2.625204757286926773e-08
1.653805304085648791e-08
1.049373720521096172e-08
6.866566843887867770e-09
4.672261113288535041e-09
3.284344266822027145e-09
2.330942279656313942e-09
1.611295572210161377e-09
1.052506915691083270e-09
5.506875109651306841e-11
4.806825038728495435e-11
3.709208034538060847e-11
2.776841144058240377e-11
2.089361530905759994e-11
1.346591029729297641e-11
8.965119403623538313e-12
5.530497670634646186e-12
3.455919773644851926e-12
2.207537890282495928e-12
1.462498325468336214e-12
1.006776730219999799e-12
7.110506716328203267e-13
4.993968910746555576e-13
3.365917676885153735e-13
0.000000000000000000e+00
0.000000000000000000e+00
0.000000000000000000e+00
0.000000000000000000e+00
0.000000000000000000e+00
0.000000000000000000e+00
0.000000000000000000e+00
0.000000000000000000e+00
0.000000000000000000e+00
0.000000000000000000e+00
0.000000000000000000e+00
0.000000000000000000e+00
0.000000000000000000e+00
0.000000000000000000e+00
0.000000000000000000e+00
0.000000000000000000e+00
0.000000000000000000e+00
0.000000000000000000e+00
0.000000000000000000e+00
0.000000000000000000e+00
0.000000000000000000e+00
0.000000000000000000e+00
0.000000000000000000e+00
0.000000000000000000e+00
0.000000000000000000e+00
0.000000000000000000e+00
0.000000000000000000e+00
0.000000000000000000e+00
0.000000000000000000e+00
0.000000000000000000e+00
0.000000000000000000e+00
0.000000000000000000e+00
0.000000000000000000e+00
0.000000000000000000e+00
0.000000000000000000e+00
0.000000000000000000e+00
0.000000000000000000e+00
0.000000000000000000e+00
0.000000000000000000e+00
0.000000000000000000e+00
0.000000000000000000e+00
0.000000000000000000e+00
0.000000000000000000e+00
0.000000000000000000e+00
0.000000000000000000e+00
0.000000000000000000e+00
0.000000000000000000e+00
0.000000000000000000e+00
0.000000000000000000e+00
0.000000000000000000e+00
0.000000000000000000e+00
0.000000000000000000e+00
0.000000000000000000e+00
0.000000000000000000e+00
0.000000000000000000e+00
0.000000000000000000e+00
0.000000000000000000e+00
0.000000000000000000e+00
0.000000000000000000e+00
0.000000000000000000e+00
0.000000000000000000e+00
0.000000000000000000e+00
0.000000000000000000e+00
0.000000000000000000e+00
0.000000000000000000e+00
0.000000000000000000e+00
0.000000000000000000e+00
0.000000000000000000e+00
0.000000000000000000e+00
0.000000000000000000e+00
0.000000000000000000e+00
0.000000000000000000e+00
0.000000000000000000e+00
0.000000000000000000e+00
0.000000000000000000e+00
0.000000000000000000e+00
0.000000000000000000e+00
0.000000000000000000e+00
0.000000000000000000e+00
0.000000000000000000e+00
0.000000000000000000e+00
0.000000000000000000e+00
0.000000000000000000e+00
0.000000000000000000e+00
0.000000000000000000e+00
0.000000000000000000e+00
0.000000000000000000e+00
0.000000000000000000e+00
0.000000000000000000e+00
0.000000000000000000e+00
1.190793609878279709e-04
9.681341463759458670e-05
7.261386322359899669e-05
5.439602311871686007e-05
3.872310454794717168e-05
2.447090461414107990e-05
1.582007796401594757e-05
9.968024145102639984e-06
6.339185740980027027e-06
4.161697065336868547e-06
2.840760085735421453e-06
1.999687482437413961e-06
1.417050343519644046e-06
9.756225808611351846e-07
6.342868358019505757e-07
2.525535940826056997e-05
2.191822719634520535e-05
1.688467217446935065e-05
1.264908492088421185e-05
9.473185861807112762e-06
6.105632315933639578e-06
4.037200274173476591e-06
2.500540304468292872e-06
1.566230069451566025e-06
1.003150933461166429e-06
6.659710738941607504e-07
4.590983777988832175e-07
3.242306390856375993e-07
2.273126868622905430e-07
1.527842527802531487e-07
4.064687325506656140e-07
3.726888494979377854e-07
2.987550579164342997e-07
2.242113106359181193e-07
1.697478399505903391e-07
1.179476816248772877e-07
7.472158824384268021e-08
4.671766177192408371e-08
2.932253092635078631e-08
1.852760768580953914e-08
1.202138678842617965e-08
8.100517354825149701e-09
5.648303532531790407e-09
3.977901895954222681e-09
2.732627279199512283e-09
2.609871715498327922e-10
2.511511563421877414e-10
2.109388283231513341e-10
1.605012737536138763e-10
1.208074411337114295e-10
8.956643286319457252e-11
5.479544800736706116e-11
3.606591188985198026e-11
2.234796992398034086e-11
1.385914330766834166e-11
8.808354957480444851e-12
5.796940012535400081e-12
3.966970799642322404e-12
2.779979401272443385e-12
1.934746242278889233e-12
7.927727335578711395e-17
7.879281660334910858e-17
6.861919779733262338e-17
5.322387318820554272e-17
3.985298884912526095e-17
3.030988211568813919e-17
1.893233789030311229e-17
1.278770052213473201e-17
7.811792865807608519e-18
4.770443798428298349e-18
2.984651415656842624e-18
1.928814321718224611e-18
1.298105465986189253e-18
9.017096484568353559e-19
6.300665645611038161e-19
0.000000000000000000e+00
0.000000000000000000e+00
0.000000000000000000e+00
0.000000000000000000e+00
0.000000000000000000e+00
0.000000000000000000e+00
0.000000000000000000e+00
0.000000000000000000e+00
0.000000000000000000e+00
0.000000000000000000e+00
0.000000000000000000e+00
0.000000000000000000e+00
0.000000000000000000e+00
0.000000000000000000e+00
0.000000000000000000e+00
0.000000000000000000e+00
0.000000000000000000e+00
0.000000000000000000e+00
0.000000000000000000e+00
0.000000000000000000e+00
0.000000000000000000e+00
0.000000000000000000e+00
0.000000000000000000e+00
0.000000000000000000e+00
0.000000000000000000e+00
0.000000000000000000e+00
0.000000000000000000e+00
0.000000000000000000e+00
0.000000000000000000e+00
0.000000000000000000e+00
0.000000000000000000e+00
0.000000000000000000e+00
0.000000000000000000e+00
0.000000000000000000e+00
0.000000000000000000e+00
0.000000000000000000e+00
0.000000000000000000e+00
0.000000000000000000e+00
0.000000000000000000e+00
0.000000000000000000e+00
0.000000000000000000e+00
0.000000000000000000e+00
0.000000000000000000e+00
0.000000000000000000e+00
0.000000000000000000e+00
0.000000000000000000e+00
0.000000000000000000e+00
0.000000000000000000e+00
0.000000000000000000e+00
0.000000000000000000e+00
0.000000000000000000e+00
0.000000000000000000e+00
0.000000000000000000e+00
0.000000000000000000e+00
0.000000000000000000e+00
0.000000000000000000e+00
0.000000000000000000e+00
0.000000000000000000e+00
0.000000000000000000e+00
0.000000000000000000e+00
6.917444945032863782e-05
6.301166882038862222e-05
5.027656002417271735e-05
3.773077494195986549e-05
2.853924378009647055e-05
1.964998884931749718e-05
1.252535530448390996e-05
7.826897228329695799e-06
4.907590290866102584e-06
3.103869894953158869e-06
2.018867933687290042e-06
1.363857735259572692e-06
9.523596793357316064e-07
6.703649611271414704e-07
4.593700709329413109e-07
1.651893163210104077e-05
1.572631207514543086e-05
1.306897843978950752e-05
9.908907441202962119e-06
7.470859084767695748e-06
5.466973535211893500e-06
3.365171222616236787e-06
2.186513898754008786e-06
1.359612601335192902e-06
8.475998122908889010e-07
5.410551086473340157e-07
3.578921810358734940e-07
2.459656153375899045e-07
1.726089919135018207e-07
1.198195054979506333e-07
2.886322074823066712e-07
2.857261430168836327e-07
2.478596288948482991e-07
1.920033085511002366e-07
1.439108490117146564e-07
1.089913623625178485e-07
6.822245569353895349e-08
4.568339624108554825e-08
2.795640683418435680e-08
1.715370966121349881e-08
1.075171195130580808e-08
6.960877820730639396e-09
4.691434487093109634e-09
3.260186111574720616e-09
2.275858829894748294e-09
2.113865930111055177e-10
2.164599922777819483e-10
1.957243853830252477e-10
1.561867524062966071e-10
1.169397195898948694e-10
8.934147962544451475e-11
5.970684980161833088e-11
3.889361858852090690e-11
2.362419371425542292e-11
1.459273136029320263e-11
9.033499096964772738e-12
5.732058586388132442e-12
3.781616356026540381e-12
2.588150861924993280e-12
1.803454662175566900e-12
0.000000000000000000e+00
0.000000000000000000e+00
0.000000000000000000e+00
0.000000000000000000e+00
0.000000000000000000e+00
0.000000000000000000e+00
0.000000000000000000e+00
0.000000000000000000e+00
0.000000000000000000e+00
0.000000000000000000e+00
0.000000000000000000e+00
0.000000000000000000e+00
0.000000000000000000e+00
0.000000000000000000e+00
0.000000000000000000e+00
0.000000000000000000e+00
0.000000000000000000e+00
0.000000000000000000e+00
0.000000000000000000e+00
0.000000000000000000e+00
0.000000000000000000e+00
0.000000000000000000e+00
0.000000000000000000e+00
0.000000000000000000e+00
0.000000000000000000e+00
0.000000000000000000e+00
0.000000000000000000e+00
0.000000000000000000e+00
0.000000000000000000e+00
0.000000000000000000e+00
0.000000000000000000e+00
0.000000000000000000e+00
0.000000000000000000e+00
0.000000000000000000e+00
0.000000000000000000e+00
0.000000000000000000e+00
0.000000000000000000e+00
0.000000000000000000e+00
0.000000000000000000e+00
0.000000000000000000e+00
0.000000000000000000e+00
0.000000000000000000e+00
0.000000000000000000e+00
0.000000000000000000e+00
0.000000000000000000e+00
0.000000000000000000e+00
0.000000000000000000e+00
0.000000000000000000e+00
0.000000000000000000e+00
0.000000000000000000e+00
0.000000000000000000e+00
0.000000000000000000e+00
0.000000000000000000e+00
0.000000000000000000e+00
0.000000000000000000e+00
0.000000000000000000e+00
0.000000000000000000e+00
0.000000000000000000e+00
0.000000000000000000e+00
0.000000000000000000e+00
4.067497082187057720e-05
4.006804040078725183e-05
3.457367758942115894e-05
2.671185559796851417e-05
2.003704743580318797e-05
1.511557413849699039e-05
9.441522840693791129e-06
6.295641310868116920e-06
3.860463905892350445e-06
2.374278697731324423e-06
1.491472509421507890e-06
9.680646559045910587e-07
6.539720764741132842e-07
4.550006315913442439e-07
3.174121611520931156e-07
1.005703158414723617e-05
1.022033020568957925e-05
9.155380525015598979e-06
7.255581699749192422e-06
5.432497666995652373e-06
4.145958996453927186e-06
2.727388974450997984e-06
1.791862767164007692e-06
1.089837251002538191e-06
6.714790220846745757e-07
4.165928069115024922e-07
2.654761919268887972e-07
1.759794342320253296e-07
1.208728712799193570e-07
8.428197775387788750e-08
1.835729392810799583e-07
1.917509627401596524e-07
1.779542227408082306e-07
1.453217194220696841e-07
1.092685330222188494e-07
8.308018688902142911e-08
5.848289921733111064e-08
3.662017504435503833e-08
2.259413753661054028e-08
1.399099242487026400e-08
8.642450812110098204e-09
5.419355267733601233e-09
3.521168560426863605e-09
2.378822355041149451e-09
1.648374341541421152e-09
9.594766235697423608e-11
1.027911786628717784e-10
9.869658217752536417e-11
8.337785939258252844e-11
6.348494013164506293e-11
4.774623037491356207e-11
3.561828286123954073e-11
2.145496941034255289e-11
1.385627069669009846e-11
8.524727632162700317e-12
5.194254705074937127e-12
3.204932219322830273e-12
2.040168979780028761e-12
1.350788866683806526e-12
9.247151164855297938e-13
0.000000000000000000e+00
0.000000000000000000e+00
0.000000000000000000e+00
0.000000000000000000e+00
0.000000000000000000e+00
0.000000000000000000e+00
0.000000000000000000e+00
0.000000000000000000e+00
0.000000000000000000e+00
0.000000000000000000e+00
0.000000000000000000e+00
0.000000000000000000e+00
0.000000000000000000e+00
0.000000000000000000e+00
0.000000000000000000e+00
0.000000000000000000e+00
0.000000000000000000e+00
0.000000000000000000e+00
0.000000000000000000e+00
0.000000000000000000e+00
0.000000000000000000e+00
0.000000000000000000e+00
0.000000000000000000e+00
0.000000000000000000e+00
0.000000000000000000e+00
0.000000000000000000e+00
0.000000000000000000e+00
0.000000000000000000e+00
0.000000000000000000e+00
0.000000000000000000e+00
0.000000000000000000e+00
0.000000000000000000e+00
0.000000000000000000e+00
0.000000000000000000e+00
0.000000000000000000e+00
0.000000000000000000e+00
0.000000000000000000e+00
0.000000000000000000e+00
0.000000000000000000e+00
0.000000000000000000e+00
0.000000000000000000e+00
0.000000000000000000e+00
0.000000000000000000e+00
0.000000000000000000e+00
0.000000000000000000e+00
2.505900695624286166e-05
2.608257048283271832e-05
2.409725359914703603e-05
1.960410089104851721e-05
1.473296199856469465e-05
1.120945970660497057e-05
7.823656223290155652e-06
4.930779409456047229e-06
3.036967925234536547e-06
1.879286685318485692e-06
1.160953253478430173e-06
7.293633178371674250e-07
4.750664009704734365e-07
3.216069171987609588e-07
2.230323421808252600e-07
6.141666473991679739e-06
6.536447630324660941e-06
6.220816598692876420e-06
5.208368181180022940e-06
3.951111095232828469e-06
2.980303579255773071e-06
2.192813048891870529e-06
1.332141101218867635e-06
8.491764850587925493e-07
5.235073104414390457e-07
3.204869863174040028e-07
1.985650703343141046e-07
1.270528392492640793e-07
8.457101482085292692e-08
5.809401925426209868e-08
8.809897102893079509e-08
9.574280635987052068e-08
9.376688369146520285e-08
8.098315682207259497e-08
6.245618817976608754e-08
4.669014804718130091e-08
3.559533316738026732e-08
2.151016160502950026e-08
1.427099932775136922e-08
8.724994950036473292e-09
5.237847055319669194e-09
3.196631986609600833e-09
2.008813847383115078e-09
1.311333664402808839e-09
8.881439363266093628e-10
1.666298891929205599e-11
1.847720561756935788e-11
1.861092537693505283e-11
1.661521398570271921e-11
1.311996759953218222e-11
9.754593599935438712e-12
7.553077540572115428e-12
4.752465682315631151e-12
3.179993256723179345e-12
1.921649691281288772e-12
1.148304366669731598e-12
6.898245650768223928e-13
4.246938431008582794e-13
2.711416581888309710e-13
1.801387448183568328e-13
0.000000000000000000e+00
0.000000000000000000e+00
0.000000000000000000e+00
0.000000000000000000e+00
0.000000000000000000e+00
0.000000000000000000e+00
0.000000000000000000e+00
0.000000000000000000e+00
0.000000000000000000e+00
0.000000000000000000e+00
0.000000000000000000e+00
0.000000000000000000e+00
0.000000000000000000e+00
0.000000000000000000e+00
0.000000000000000000e+00
0.000000000000000000e+00
0.000000000000000000e+00
0.000000000000000000e+00
0.000000000000000000e+00
0.000000000000000000e+00
0.000000000000000000e+00
0.000000000000000000e+00
0.000000000000000000e+00
0.000000000000000000e+00
0.000000000000000000e+00
0.000000000000000000e+00
0.000000000000000000e+00
0.000000000000000000e+00
0.000000000000000000e+00
0.000000000000000000e+00
1.556742140890765252e-05
1.686932564872345875e-05
1.645692435189142580e-05
1.415397691812771377e-05
1.089168347489902322e-05
8.152132026363058834e-06
6.187021800524571423e-06
3.741107196093835064e-06
2.468244404981266142e-06
1.510543324368746912e-06
9.095842483395319660e-07
5.561888269724588158e-07
3.503161312930043902e-07
2.292706193876535318e-07
1.555764765135906148e-07
3.544576483378097131e-06
3.907773163506797009e-06
3.904537396301817505e-06
3.452717878689003964e-06
2.707235909804888211e-06
2.015369887641972134e-06
1.555467608738874460e-06
9.652917860117440624e-07
6.460295774862108574e-07
3.917896619923003989e-07
2.340033032413168759e-07
1.411958763024455441e-07
8.744108561496563894e-08
5.618296084814064935e-08
3.754145628398932698e-08
2.856912603239535382e-08
3.203155334431610547e-08
3.277006838777911146e-08
2.983359619248622350e-08
2.395569474734923095e-08
1.781475737991452259e-08
1.378353648430161152e-08
9.050780491085154214e-09
5.925192829137315845e-09
3.561465868759758594e-09
2.146829835371904858e-09
1.284151943468184586e-09
7.821342748800028574e-10
4.925470317635514693e-10
3.227829867798819087e-10
1.452317373101404121e-13
1.658434682286975768e-13
1.741004568713254748e-13
1.638589573309139981e-13
1.358134469390467202e-13
1.016319487332660097e-13
7.768153068779775653e-14
5.532113578369249878e-14
3.419577338744481729e-14
2.077255339900643014e-14
1.262340903980833276e-14
7.574755071649601383e-15
4.543411248234663377e-15
2.790191560043101585e-15
1.781075917437757778e-15
0.000000000000000000e+00
0.000000000000000000e+00
0.000000000000000000e+00
0.000000000000000000e+00
0.000000000000000000e+00
0.000000000000000000e+00
0.000000000000000000e+00
0.000000000000000000e+00
0.000000000000000000e+00
0.000000000000000000e+00
0.000000000000000000e+00
0.000000000000000000e+00
0.000000000000000000e+00
0.000000000000000000e+00
0.000000000000000000e+00
9.626134268276246504e-06
1.076539818882207520e-05
1.097497740663599760e-05
9.948949833014348291e-06
7.961138035722038739e-06
5.921186388508641079e-06
4.580364579219174601e-06
2.982942536942284332e-06
1.959571764545217224e-06
1.179682433093998870e-06
7.098285368786963431e-07
4.251321189003366274e-07
2.595371395309520196e-07
1.639050481875808722e-07
1.077165434019802317e-07
1.735398145812138031e-06
1.968277301119055983e-06
2.046697567090588472e-06
1.902755511017510601e-06
1.558292109813667089e-06
1.162725415601637630e-06
8.937782637011076454e-07
6.175899841495857090e-07
3.903425563739173418e-07
2.355919200748092457e-07
1.429281013362562414e-07
8.558713880149801277e-08
5.161005311049739078e-08
3.199507678551032448e-08
2.062842452169824695e-08
2.106192767953224579e-09
2.427486553628767724e-09
2.581949466618534127e-09
2.473028807795963157e-09
2.088798216233737892e-09
1.575945649906061834e-09
1.192548726656232296e-09
8.826440531813715975e-10
5.313223400164150507e-10
3.311603766845013991e-10
2.009490944345318265e-10
1.199109600992160374e-10
7.128877326710710444e-11
4.319323266948505847e-11
2.713337812310665969e-11
0.000000000000000000e+00
0.000000000000000000e+00
0.000000000000000000e+00
0.000000000000000000e+00
0.000000000000000000e+00
0.000000000000000000e+00
0.000000000000000000e+00
0.000000000000000000e+00
0.000000000000000000e+00
0.000000000000000000e+00
0.000000000000000000e+00
0.000000000000000000e+00
0.000000000000000000e+00
0.000000000000000000e+00
0.000000000000000000e+00
5.286443974154197654e-06
6.074271994763034665e-06
6.433353279974062189e-06
6.127968023889772716e-06
5.146633556449669626e-06
3.875100548467066931e-06
2.941276153430461620e-06
2.150219687805018124e-06
1.306233914215121674e-06
8.090637139413888068e-07
4.910748528445766452e-07
2.931337597848428971e-07
1.746934259921744725e-07
1.062833464431839936e-07
6.708257281283358349e-08
6.153549026775564333e-07
7.166394297569118546e-07
7.734925414887518070e-07
7.556885959263649393e-07
6.528344245852516550e-07
4.990350998279071120e-07
3.737790155047206517e-07
2.858649903045089692e-07
1.700000403347581937e-07
1.096917449453313043e-07
6.648026398210058099e-08
3.897432945162377085e-08
2.289855806242978599e-08
1.368085777855704782e-08
8.430827334857395045e-09
5.504716995495589872e-12
6.519840020174824689e-12
7.205335690090130706e-12
7.270563477539860552e-12
6.532065431032210415e-12
5.143930214442702730e-12
3.808752224658466874e-12
2.990568994254977077e-12
1.841701850787916166e-12
1.226572967756711373e-12
7.373224520783024297e-13
4.256186867266555547e-13
2.450414627486299944e-13
1.424694118280525844e-13
8.483177954512846184e-14
2.383802206625244258e-06
2.810447131457120168e-06
3.086223327308659874e-06
3.087506730492312212e-06
2.745349443554266697e-06
2.144883072197705536e-06
1.592613817897372374e-06
1.243250793276481225e-06
7.575969914908546910e-07
5.008429366886793301e-07
3.017462754411403168e-07
1.747156201462355124e-07
1.011325398670889189e-07
5.923512005654656222e-08
3.558855015893556558e-08
1.227289654859590200e-07
1.468084571737716846e-07
1.645004616942345583e-07
1.691904425480988308e-07
1.557940706188610262e-07
1.255425309771660769e-07
9.289144618712335326e-08
7.275537144501062401e-08
4.734011786389913344e-08
3.093007355645534974e-08
1.835833647016370556e-08
1.075490757793971810e-08
6.163361551515821482e-09
3.529454473080183930e-09
2.058748407629281235e-09
5.495633113909090922e-07
6.651470695323316787e-07
7.575748619638175399e-07
7.971288666396856949e-07
7.569434239024780064e-07
6.307558462129264912e-07
4.715488674639976374e-07
3.626388623125424235e-07
2.553498308869701129e-07
1.594938311160229809e-07
9.581647663339220158e-08
5.669953163183766668e-08
3.263169152253096711e-08
1.845819178443738806e-08
1.048153422976682184e-08
