# lsst_theory
2.520136587400053724e-09
1.700530409457125175e-09
1.125732673289403133e-09
7.480727537863921953e-10
5.032531179733970935e-10
3.393886107093712905e-10
2.325931919541812792e-10
1.604613463879413443e-10
1.099676721715002317e-10
7.376828533914642246e-11
4.775576224831376622e-11
2.958173327877171992e-11
1.754997818250264898e-11
1.000171950152696090e-11
5.497199663209247446e-12
4.223487025153409066e-09
2.846159434160047397e-09
1.875272384364242271e-09
1.216656191973933356e-09
7.978372096583310703e-10
5.357289616718039715e-10
3.652711355737916794e-10
2.545878648053960400e-10
1.781244268077123581e-10
1.226533875170019011e-10
8.143153003679285275e-11
5.129593814816111548e-11
3.049999594896717835e-11
1.716128322152209529e-11
9.228070123960429404e-12
4.296625157739773465e-09
2.841133736546402039e-09
1.843044351178768374e-09
1.171155235483327513e-09
7.519495007242918756e-10
5.064131051236215108e-10
3.470258510331508708e-10
2.455616786266545860e-10
1.744239087075235451e-10
1.214869662506464581e-10
8.101473747103787145e-11
5.073705231891105354e-11
2.959657350413311393e-11
1.610438009086631019e-11
8.279360128465482108e-12
4.363740514950286432e-09
2.858420181366970262e-09
1.839377635354179736e-09
1.155679819518653995e-09
7.333249857229885122e-10
4.945367807999098715e-10
3.398348245942310396e-10
2.424566927658093288e-10
1.736452701978745394e-10
1.217075087879504814e-10
8.137662161926779828e-11
5.082704263999159704e-11
2.935787121524886283e-11
1.568386270941795021e-11
7.853691633824668080e-12
4.421946902401812650e-09
2.873623609493295628e-09
1.836420893996462939e-09
1.142450226469641029e-09
7.173752158065214075e-10
4.843800259154409328e-10
3.336856628025521403e-10
2.398163436529860635e-10
1.729980815842551870e-10
1.219138518471163396e-10
8.169956560195311003e-11
5.091144163627989642e-11
2.915538843898055004e-11
1.532210626870952116e-11
7.486465179994880599e-12
1.423250414301344301e-08
1.033136784632056726e-08
7.262139604805144895e-09
4.983685232696053999e-09
3.312885041251711989e-09
2.164495236768633013e-09
1.419396014525067232e-09
9.430589196212230327e-10
6.385993833597813896e-10
4.387989777238253743e-10
3.014153296744094682e-10
2.032028221342576632e-10
1.324472861252154371e-10
8.248625022038063609e-11
4.889025881507859081e-11
1.788635276073136938e-08
1.312985772059594203e-08
9.295504912241882963e-09
6.436023281950205682e-09
4.303881852879555093e-09
2.790511223717641016e-09
1.826349177744499195e-09
1.201959897734691470e-09
8.091729022204058841e-10
5.547524456125173237e-10
3.822152143131428073e-10
2.598481373615988416e-10
1.714541237727433865e-10
1.082160508358767202e-10
6.488963519184763526e-11
1.981224852080411564e-08
1.456048808654589519e-08
1.030687470396995641e-08
7.145217662116857118e-09
4.777859115158320062e-09
3.079544928247878989e-09
2.012988814687671375e-09
1.320430549198536152e-09
8.887015614826356998e-10
6.100250794741168390e-10
4.215887059953991222e-10
2.878725506268391181e-10
1.908289192641389367e-10
1.208824928210529274e-10
7.259528027414791045e-11
2.149556647560157512e-08
1.581604237337501262e-08
1.119793024250050315e-08
7.771523553171984072e-09
5.197527292390887459e-09
3.337006032843376419e-09
2.179279422155340937e-09
1.426108717296989689e-09
9.594299833241658901e-10
6.590229151662456467e-10
4.563801440289293083e-10
3.125789015199096143e-10
2.078967938579175625e-10
1.320530019103763636e-10
7.941178030254044987e-11
2.700932770912682046e-08
2.083444880067889420e-08
1.526668774535601205e-08
1.086077526370669122e-08
7.500565881367982747e-09
4.956206314559695083e-09
3.211213236586952370e-09
2.087331556637033102e-09
1.371621018098749619e-09
9.187383288428618788e-10
6.243346420346031705e-10
4.249587486386424985e-10
2.854656568183578239e-10
1.861242357002961421e-10
1.163349300588556226e-10
3.243253568322571938e-08
2.544860851579539203e-08
1.886364006330572420e-08
1.352488861113795012e-08
9.424239038576321230e-09
6.274955491166659652e-09
4.046466950034255458e-09
2.626525457385603513e-09
1.711334741772272869e-09
1.138034351701619283e-09
7.698779821706711611e-10
5.239976098055494351e-10
3.537933520590387722e-10
2.328830126343470613e-10
1.473410559669957463e-10
3.694005464973172576e-08
2.924821782377220948e-08
2.179510585468265202e-08
1.567811631485369435e-08
1.097146330876729547e-08
7.328271795668851832e-09
4.705870224183389591e-09
3.052625908113044906e-09
1.979167372671710630e-09
1.311853776130804016e-09
8.861188362815646929e-10
6.037092651766519783e-10
4.091073364204872962e-10
2.708292983160450636e-10
1.724646475595988438e-10
4.270677910436615103e-08
3.489378196516489453e-08
2.676863031222453099e-08
1.965309348333117151e-08
1.395968621046041832e-08
9.531721441958954403e-09
6.223048257430672829e-09
4.010093084797508818e-09
2.582911793225578431e-09
1.686771916075967081e-09
1.120213824224621760e-09
7.531222793716162248e-10
5.075386951573345756e-10
3.374601982369069201e-10
2.180345343933673064e-10
5.165932461360665831e-08
4.315912754790090644e-08
3.372608234081606114e-08
2.507307110067812606e-08
1.797509029775742517e-08
1.241490265370309593e-08
8.169994757082115776e-09
5.237581776660847737e-09
3.362847802015830825e-09
2.176239405784750446e-09
1.431560270145678014e-09
9.560507520093297100e-10
6.433030789122198692e-10
4.296157268499405776e-10
2.803066014876164911e-10
6.830211406649605852e-08
5.967028843823295982e-08
4.874368495963054714e-08
3.759113142432193014e-08
2.765083846700328267e-08
1.953340087649716574e-08
1.325990747431688694e-08
8.577399295781732452e-09
5.478272953676025854e-09
3.489105506793221166e-09
2.244144328253896713e-09
1.463649442532322243e-09
9.674767338669758558e-10
6.417059346928252766e-10
4.213409850359461246e-10
5.014568773264444254e-07
3.482360858466686035e-07
2.338054187068405795e-07
1.530666099634141504e-07
1.005506034816322916e-07
6.627672408240432474e-08
4.459178767668738353e-08
3.072936985434496438e-08
2.152189808391031604e-08
1.502603168064425510e-08
1.022083690056910552e-08
6.645592875636824939e-09
4.098683624082323009e-09
2.398905027555125765e-09
1.341847070138560663e-09
1.576291580804617775e-06
1.136184384636094977e-06
7.957746333397747293e-07
5.366876888156501658e-07
3.498853829584120577e-07
2.282339697193451632e-07
1.491316719529301835e-07
9.965447242310511184e-08
6.842779055549574921e-08
4.783542987903811260e-08
3.335245067270696017e-08
2.264523279185973218e-08
1.470712993975752028e-08
9.045157110401613939e-09
5.274192814738879543e-09
1.885519043827016852e-06
1.365058158532376206e-06
9.608259693648133289e-07
6.508416895518180454e-07
4.241822175531455745e-07
2.764882493905672201e-07
1.800871405445691763e-07
1.198897922288755651e-07
8.207547405397358555e-08
5.733385183441586664e-08
4.006053442871120183e-08
2.732454572571402167e-08
1.784931390979274877e-08
1.104011072989706563e-08
6.467971115807348185e-09
2.068369050077564216e-06
1.500348051036221864e-06
1.058368133710817579e-06
7.182753420260519685e-07
4.680569510787847326e-07
3.049859218413147933e-07
1.983702486639927224e-07
1.318437083398948388e-07
9.014016954860496530e-08
6.294815740329471611e-08
4.402596555019870672e-08
3.009034861932010227e-08
1.970596081256692357e-08
1.221838133921482436e-08
7.172752370943988524e-09
2.226345389042643851e-06
1.617234027668876752e-06
1.142640713365754821e-06
7.765362276877666282e-07
5.059635559306961292e-07
3.296071087907254686e-07
2.141663484221781668e-07
1.421715722604307286e-07
9.710784467011115226e-08
6.779876831452529263e-08
4.745198529834275087e-08
3.247990543967298834e-08
2.131003068987259128e-08
1.323636350586951011e-08
7.781660363911586301e-09
-7.571704504072202886e-08
-6.294481211902199110e-08
-4.744513061581614755e-08
-3.570745258385436624e-08
-2.601839666736628968e-08
-1.635730593759813360e-08
-1.067059606902331560e-08
-6.693639634284586154e-09
-4.226255603428966063e-09
-2.747534287352592946e-09
-1.857424898461675147e-09
-1.300663089892003141e-09
-9.239669086555665509e-10
-6.423369433567782248e-10
-4.230589082843548648e-10
6.212168689238802969e-07
4.971497282590335221e-07
3.721758274152078659e-07
2.775027423182064925e-07
1.936275164381523126e-07
1.235754734945870791e-07
7.930344039704747498e-08
5.007826826669870577e-08
3.203014902072941826e-08
2.118420737844026152e-08
1.456097843368739554e-08
1.028240379539016582e-08
7.265748240827249761e-09
4.961947063186544096e-09
3.193817203434408384e-09
1.091079303435219729e-06
8.844248294583311377e-07
6.647229670145718803e-07
4.964078299340989831e-07
3.509791741709119307e-07
2.238353776876186566e-07
1.444674427451467764e-07
9.094669941082731826e-08
5.793685434274164925e-08
3.809950477651667130e-08
2.603396885408822525e-08
1.831616111819648465e-08
1.294853313111566341e-08
8.886592446003427625e-09
5.763883253191000128e-09
1.347387560767167891e-06
1.095130563891370163e-06
8.237609305464904089e-07
6.153831517637731462e-07
4.362853796407383017e-07
2.781989418402085744e-07
1.797540387625759422e-07
1.130923399030680843e-07
7.198615148134918204e-08
4.728273848147910014e-08
3.226974818012228698e-08
2.268598269532481643e-08
1.603943583008905428e-08
1.101920872839644500e-08
7.158369782346159064e-09
1.568803261514868967e-06
1.277150418143199343e-06
9.611462371555174813e-07
7.181593359700062920e-07
5.099767540448522429e-07
3.251599793274589251e-07
2.102359096769967127e-07
1.322225656423252166e-07
8.412247630767803116e-08
5.521560870382421702e-08
3.765651679994442253e-08
2.646087052789820596e-08
1.870953068368373444e-08
1.286147400503506233e-08
8.362990127974087283e-09
-3.504733413661087335e-08
-3.099712875145786289e-08
-2.419967338550472196e-08
-1.813569894958255526e-08
-1.364949062669315762e-08
-9.027357422114405812e-09
-5.889845081713293591e-09
-3.654692365987426187e-09
-2.290295379027688415e-09
-1.459117303672935027e-09
-9.607191457939064285e-10
-6.570599565978108258e-10
-4.620984020655617998e-10
-3.246035813852999682e-10
-2.199192134328239160e-10
1.076586695944203676e-07
9.332012359225684587e-08
7.167691855967078051e-08
5.359581309393207163e-08
4.020830986732873118e-08
2.580762512056095037e-08
1.711971155549508023e-08
1.051998833225204884e-08
6.604084236359956637e-09
4.235854711895619721e-09
2.815949564344998693e-09
1.944519168731120704e-09
1.375590514369522236e-09
9.655039202159395459e-10
6.489421466659442104e-10
5.912271595909824032e-07
5.344284341859099004e-07
4.246670440616724434e-07
3.189633718106477913e-07
2.406004763626498011e-07
1.643168555646440261e-07
1.051617276231876574e-07
6.591175920862587007e-08
4.127285171217439373e-08
2.613363264380768671e-08
1.704232482991101537e-08
1.154043817003771843e-08
8.065490640032754685e-09
5.669327627190051633e-09
3.872358834396792121e-09
8.546174794972620466e-07
7.755297584940866852e-07
6.182741943440642111e-07
4.646577293118080749e-07
3.505812175756179954e-07
2.407277358426410301e-07
1.536096214693576704e-07
9.649750388566539733e-08
6.039976503192159408e-08
3.819831017024430690e-08
2.486726976708206321e-08
1.680873991648955101e-08
1.173319171690758146e-08
8.247310997783821877e-09
5.640786773485285188e-09
1.080257396921768031e-06
9.819793659779635765e-07
7.839827778631164335e-07
5.893409497446103684e-07
4.447025942820381930e-07
3.060788491630382307e-07
1.950568002641592286e-07
1.226524488422266599e-07
7.675775673614833378e-08
4.851834282855211895e-08
3.156214151671948286e-08
2.131728839023256615e-08
1.487254690701887042e-08
1.045402197545723945e-08
7.154324663895525037e-09
-2.790615592706616469e-09
-2.635945831715146195e-09
-2.174431087928412599e-09
-1.645326925903757267e-09
-1.241713144994712140e-09
-8.993218987249643012e-10
-5.569952727622259966e-10
-3.589163751597653545e-10
-2.236178527689968575e-10
-1.398075900698218482e-10
-8.952488035379802514e-11
-5.943315832185395608e-11
-4.096400164318193924e-11
-2.876723992927460775e-11
-1.992715145057524716e-11
-3.521334800742175313e-08
-3.508247331348589915e-08
-3.063824597220766956e-08
-2.381619055158550010e-08
-1.784189668058303399e-08
-1.357562352308362579e-08
-8.531027553131987146e-09
-5.712575404416590174e-09
-3.491178738199816868e-09
-2.141859657709550966e-09
-1.339402701401723080e-09
-8.643788949519150671e-10
-5.807826722424144045e-10
-4.029252755110734035e-10
-2.814554510418121907e-10
2.547677861848432487e-07
2.480118984444133173e-07
2.113220079708282586e-07
1.622963324345086314e-07
1.219537589107634451e-07
9.104980303564302542e-08
5.667624749938242222e-08
3.744838828005282599e-08
2.306524761696561457e-08
1.425107257511093741e-08
8.998568911228002333e-09
5.876339154314694569e-09
3.991784925772471673e-09
2.784769062231108813e-09
1.939210005179790899e-09
5.205296728802730523e-07
5.106799745362991513e-07
4.391004072894765291e-07
3.390817523353912639e-07
2.545879087479463318e-07
1.910331214820184481e-07
1.199635921079357975e-07
7.932597201872052274e-08
4.873010322430255323e-08
3.006973468002289046e-08
1.892014962577657716e-08
1.229811076959643156e-08
8.316670119725296319e-09
5.786408279675335195e-09
4.031449116545799206e-09
7.344025569349365104e-07
7.218129964058752572e-07
6.219412852106150321e-07
4.808763185400960398e-07
3.609834770180583788e-07
2.711799653334342045e-07
1.706288360753199691e-07
1.128471487422482869e-07
6.928246649638014787e-08
4.273939396392393664e-08
2.687076498862812019e-08
1.744761818946865989e-08
1.178698416271035705e-08
8.195897500006541165e-09
5.710819255324477336e-09
-5.228147132684262371e-11
-5.217140340265234975e-11
-4.570965490498643943e-11
-3.565942754610987646e-11
-2.671601550145562434e-11
-2.028743231055100480e-11
-1.289982827090603010e-11
-8.590601537849931172e-12
-5.244826742616699469e-12
-3.222149728812214728e-12
-2.012574290551447699e-12
-1.296369823824195231e-12
-8.691715436951364822e-13
-6.018348113685125674e-13
-4.200115841920933225e-13
-1.636490342545437597e-08
-1.677992494509707595e-08
-1.520684801359537806e-08
-1.216968108748346035e-08
-9.122741104838775193e-09
-6.956864041270798929e-09
-4.681756624343884403e-09
-3.027889218835022621e-09
-1.848665014091008340e-09
-1.141289030840865609e-09
-7.068511339488772809e-10
-4.479727677192534011e-10
-2.949821189913785427e-10
-2.015225622910770105e-10
-1.402530269069262608e-10
4.713283817866767437e-08
4.783117626947980305e-08
4.275264000431179157e-08
3.379080938196479921e-08
2.526601963436949245e-08
1.930335765878391353e-08
1.263787110833446573e-08
8.329806255860332532e-09
5.038006239837794698e-09
3.108243502914840022e-09
1.931336014206376247e-09
1.232610146984992627e-09
8.185614783946146816e-10
5.632279585199583405e-10
3.931812524483795633e-10
2.927538716103428092e-07
3.034573624834828114e-07
2.789910458639158667e-07
2.261874267256162494e-07
1.700272725881995558e-07
1.293274876892653551e-07
8.951444249087578143e-08
5.673318470272896166e-08
3.499179776942029577e-08
2.161801597555440801e-08
1.335382934760886341e-08
8.405251520612674742e-09
5.487396647485386303e-09
3.721144521986499168e-09
2.581205973831940719e-09
4.900020613505620872e-07
5.090210797597142640e-07
4.693232442594907519e-07
3.814970639905240955e-07
2.869645950929544700e-07
2.181498624506790537e-07
1.517969167553722883e-07
9.585695193847359855e-08
5.926269714114467214e-08
3.661162921619825918e-08
2.259964432803235155e-08
1.420537268269219049e-08
9.258225451262877306e-09
6.268725511362942785e-09
4.345173719495611552e-09
-2.301138348591843030e-13
-2.388988763444088430e-13
-2.199183334789873064e-13
-1.782427925612963526e-13
-1.337693838787197463e-13
-1.019153177513747274e-13
-7.061921968883388668e-14
-4.475326650599637216e-14
-2.740848281313157929e-14
-1.697597792119368438e-14
-1.049943330149306490e-14
-6.608565103885746705e-15
-4.314841479676300640e-15
-2.927691561166814189e-15
-2.033051739071515304e-15
-1.353566867912506353e-09
-1.434813287039840402e-09
-1.358308030188313404e-09
-1.131386113172593129e-09
-8.567563425635889296e-10
-6.473369246596159142e-10
-4.720072722722755289e-10
-2.886035232570354817e-10
-1.827240787102107134e-10
-1.127509890882308782e-10
-6.914983755260258801e-11
-4.294507822924285089e-11
-2.756317154436716181e-11
-1.840239257973647312e-11
-1.266353038468501641e-11
-1.507294086798666908e-08
-1.643215944713950013e-08
-1.615992766782305689e-08
-1.401762283385965144e-08
-1.083571278040492143e-08
-8.092004391584660183e-09
-6.196881215046140902e-09
-3.746725048230307070e-09
-2.492958011575573170e-09
-1.522410909123437779e-09
-9.132259385221208267e-10
-5.562161300354175942e-10
-3.486111442160538761e-10
-2.269499993601972791e-10
-1.533972816317881529e-10
1.338532001594299824e-07
1.442293744725003301e-07
1.396396864261244062e-07
1.191452481044385789e-07
9.132340783103940078e-08
6.851489361583792221e-08
5.150085670240303053e-08
3.123015240146881271e-08
2.039035793524919260e-08
1.250267354046834703e-08
7.565661756892178310e-09
4.643295767710142647e-09
2.937671883027104623e-09
1.931966470038836223e-09
1.315514898625553851e-09
3.183449967329667209e-07
3.443684273681311241e-07
3.352304761018406218e-07
2.878005094939569674e-07
2.214299035306343086e-07
1.658795069575587909e-07
1.253633623027477322e-07
7.622302968852830015e-08
5.003898944447413544e-08
3.062360169297559271e-08
1.847959825725114716e-08
1.130699572364800205e-08
7.126728236178534215e-09
4.667996073216098155e-09
3.168542610519631701e-09
-1.073556998167114130e-17
-1.132499815341663697e-17
-1.064596762248762364e-17
-8.795515057922687736e-18
-6.629842670088540028e-18
-5.021971043078879974e-18
-3.625891940972251863e-18
-2.224670962040533720e-18
-1.387067513067122090e-18
-8.585564777823357601e-19
-5.304717829554122605e-19
-3.308442244590424029e-19
-2.133431880312724299e-19
-1.431808356083161440e-19
-9.890219685014291610e-20
-2.151348643468385251e-11
-2.348640301888856173e-11
-2.314915142701405169e-11
-2.014519869112888565e-11
-1.561888632929436894e-11
-1.165926629345766349e-11
-8.926877578006019420e-12
-5.438848352024685553e-12
-3.621697529953922076e-12
-2.208427009308635822e-12
-1.322888925161689390e-12
-8.042668385337295472e-13
-5.029939945460365795e-13
-3.266648406533892596e-13
-2.202944230612588798e-13
-6.483892616072425394e-09
-7.184084502979198156e-09
-7.229049660576071437e-09
-6.448675738304718722e-09
-5.092255538495692581e-09
-3.788901305091160203e-09
-2.928059666679801140e-09
-1.847498692162846142e-09
-1.229739700313358394e-09
-7.436109844850652034e-10
-4.451763322547644264e-10
-2.677973476342844674e-10
-1.649759492615989087e-10
-1.053546523721836614e-10
-6.999266932464188662e-11
3.069155494951510413e-08
3.395812759945932138e-08
3.410232526081686735e-08
3.034413291106881607e-08
2.390939012682586712e-08
1.778879345277606364e-08
1.374670646223088660e-08
8.627768400658712235e-09
5.757382755172386296e-09
3.481977315142975002e-09
2.083587054445808480e-09
1.253989147618886643e-09
7.736317289397478067e-10
4.949773048213143776e-10
3.294319446553489923e-10
1.951143713533563427e-07
2.178424173108729534e-07
2.215914057640063035e-07
2.003848865604075998e-07
1.601053826939315561e-07
1.191578271848368514e-07
9.204848276127356745e-08
5.981270293444994888e-08
3.923234248809091711e-08
2.366432884502945428e-08
1.423313103581503740e-08
8.538279657773564534e-09
5.220107824207385413e-09
3.301071124876162380e-09
2.172051343924627418e-09
0.000000000000000000e+00
0.000000000000000000e+00
0.000000000000000000e+00
0.000000000000000000e+00
0.000000000000000000e+00
0.000000000000000000e+00
0.000000000000000000e+00
0.000000000000000000e+00
0.000000000000000000e+00
0.000000000000000000e+00
0.000000000000000000e+00
0.000000000000000000e+00
0.000000000000000000e+00
0.000000000000000000e+00
0.000000000000000000e+00
-3.550038655611755481e-14
-3.965514493937897557e-14
-4.035663154230569696e-14
-3.649534801425156787e-14
-2.913019066429496741e-14
-2.165276260445371852e-14
-1.677006672067886349e-14
-1.084072903555964467e-14
-7.165078019172886071e-15
-4.310541092815120181e-15
-2.590856020586811524e-15
-1.550617427858046028e-15
-9.477036516128479431e-16
-5.997031134211007097e-16
-3.949370504514508007e-16
-3.036850137778903646e-10
-3.434812304093482512e-10
-3.557783100757958052e-10
-3.291160287490429649e-10
-2.682805239896353189e-10
-2.000124804014325862e-10
-1.540038601530322811e-10
-1.051560760946941099e-10
-6.702261408417839854e-11
-4.040707909558912704e-11
-2.448014202959091651e-11
-1.465167354959196483e-11
-8.855066370688330830e-12
-5.509837510819799937e-12
-3.566095490669930734e-12
-4.628378263193885586e-09
-5.359718064336565310e-09
-5.737931402960292767e-09
-5.541751485197297998e-09
-4.720271316388556291e-09
-3.572820879922862373e-09
-2.693520988031927307e-09
-2.026188470007055456e-09
-1.207739459344361015e-09
-7.590006348460793699e-10
-4.608145762108110000e-10
-2.742537813248272492e-10
-1.624044842424783093e-10
-9.783517744740424392e-11
-6.102980407448041329e-11
1.009915314140672931e-07
1.157875677585440325e-07
1.222615572406697155e-07
1.160109957086583238e-07
9.707230853799344252e-08
7.302155118736636417e-08
5.552818160740041864e-08
4.023191603693152876e-08
2.461072396384905982e-08
1.520428854909691417e-08
9.226282586974178560e-09
5.503854970681492378e-09
3.284962502484435075e-09
2.004179262123782100e-09
1.268835774217450364e-09
0.000000000000000000e+00
0.000000000000000000e+00
0.000000000000000000e+00
0.000000000000000000e+00
0.000000000000000000e+00
0.000000000000000000e+00
0.000000000000000000e+00
0.000000000000000000e+00
0.000000000000000000e+00
0.000000000000000000e+00
0.000000000000000000e+00
0.000000000000000000e+00
0.000000000000000000e+00
0.000000000000000000e+00
0.000000000000000000e+00
0.000000000000000000e+00
0.000000000000000000e+00
0.000000000000000000e+00
0.000000000000000000e+00
0.000000000000000000e+00
0.000000000000000000e+00
0.000000000000000000e+00
0.000000000000000000e+00
0.000000000000000000e+00
0.000000000000000000e+00
0.000000000000000000e+00
0.000000000000000000e+00
0.000000000000000000e+00
0.000000000000000000e+00
0.000000000000000000e+00
-5.152748334277125488e-13
-5.958617748139586411e-13
-6.367703506225556190e-13
-6.138042516556426881e-13
-5.221609500320591170e-13
-3.954843780741938742e-13
-2.982467577813082256e-13
-2.233313269549764019e-13
-1.336356245436296259e-13
-8.424057988335882369e-14
-5.109630706359645822e-14
-3.033376602774284234e-14
-1.796749979464855716e-14
-1.083706720587905424e-14
-6.766531628273029284e-15
-1.432138544397246940e-09
-1.673143016946640907e-09
-1.813956743813258540e-09
-1.783100500188939766e-09
-1.551790162214105209e-09
-1.192424968267431863e-09
-8.907521584610487262e-10
-6.859530280482393738e-10
-4.092324606975440301e-10
-2.664165787141706526e-10
-1.613276516978899771e-10
-9.408432399430707302e-11
-5.505264417043913810e-11
-3.273128702732894829e-11
-2.004029515217543995e-11
3.197983239821289813e-08
3.758324229847727556e-08
4.108839949940608136e-08
4.086006595748950530e-08
3.607381529269605969e-08
2.803683383497713184e-08
2.086338537428930093e-08
1.620291089747698924e-08
9.821865304568594902e-09
6.453131624603282656e-09
3.892820829251247670e-09
2.261153925374299024e-09
1.313586194412880971e-09
7.730446924876938447e-10
4.672983997263282622e-10
0.000000000000000000e+00
0.000000000000000000e+00
0.000000000000000000e+00
0.000000000000000000e+00
0.000000000000000000e+00
0.000000000000000000e+00
0.000000000000000000e+00
0.000000000000000000e+00
0.000000000000000000e+00
0.000000000000000000e+00
0.000000000000000000e+00
0.000000000000000000e+00
0.000000000000000000e+00
0.000000000000000000e+00
0.000000000000000000e+00
0.000000000000000000e+00
0.000000000000000000e+00
0.000000000000000000e+00
0.000000000000000000e+00
0.000000000000000000e+00
0.000000000000000000e+00
0.000000000000000000e+00
0.000000000000000000e+00
0.000000000000000000e+00
0.000000000000000000e+00
0.000000000000000000e+00
0.000000000000000000e+00
0.000000000000000000e+00
0.000000000000000000e+00
0.000000000000000000e+00
0.000000000000000000e+00
0.000000000000000000e+00
0.000000000000000000e+00
0.000000000000000000e+00
0.000000000000000000e+00
0.000000000000000000e+00
0.000000000000000000e+00
0.000000000000000000e+00
0.000000000000000000e+00
0.000000000000000000e+00
0.000000000000000000e+00
0.000000000000000000e+00
0.000000000000000000e+00
0.000000000000000000e+00
0.000000000000000000e+00
-1.354742750140286998e-12
-1.614874373532942743e-12
-1.800688777554848472e-12
-1.839607127881901324e-12
-1.679231215002140572e-12
-1.341859446672516933e-12
-9.926075965023085591e-13
-7.789648908075410915e-13
-4.964225921610801532e-13
-3.273628215125377191e-13
-1.951381120133075167e-13
-1.136833728648789247e-13
-6.517655086417953559e-14
-3.749930662418427577e-14
-2.203184615163917008e-14
3.716165834777405858e-09
4.473754955172418800e-09
5.057687493945529432e-09
5.266825531396625230e-09
4.931080647680263475e-09
4.043902272916339860e-09
3.003644981215169716e-09
2.331277867446478210e-09
1.586258851131131960e-09
1.008595915994171537e-09
5.991476885633032796e-10
3.532906824694150150e-10
2.034122704659520317e-10
1.157337974399255900e-10
6.650071098911901404e-11
2.053071451673527256e-04
1.488046503580570882e-04
1.048090873894204806e-04
7.045659760930625653e-05
4.573942998802503436e-05
2.970186317075478109e-05
1.933066648597307624e-05
1.287689366643292702e-05
8.852463569022145501e-06
6.224226275325979118e-06
4.376940139248540210e-06
2.996439139135494365e-06
1.956764049907430185e-06
1.206286548907345619e-06
7.037836229942060098e-07
2.963140886639404432e-05
2.272631054248747923e-05
1.690470778068754677e-05
1.243377155789457132e-05
8.190807766967503906e-06
5.361929520021389068e-06
3.371142920976602784e-06
2.144189872248371921e-06
1.394675166022150844e-06
9.427893647422185057e-07
6.611723687875542384e-07
4.713068193411314070e-07
3.305969481005229078e-07
2.206896939318415629e-07
1.379101439575094541e-07
1.943374868060142033e-07
1.592420973452564248e-07
1.194376552252195025e-07
8.963247473139122197e-08
6.455325488616243229e-08
4.038757299478277694e-08
2.625216354982635571e-08
1.653852066775176938e-08
1.049376145423058258e-08
6.866567618239824533e-09
4.672261011858656540e-09
3.284344219935939446e-09
2.330942276518743846e-09
1.611295571199402916e-09
1.052506916088958799e-09
5.506875096619219108e-11
4.806825022904455353e-11
3.709208008324609007e-11
2.776840816892560339e-11
2.089360850783789558e-11
1.346591100495112156e-11
8.965126529384591402e-12
5.530536935301644161e-12
3.455918915258813202e-12
2.207538705163035362e-12
1.462498441614815799e-12
1.006776717590316815e-12
7.110506705851865893e-13
4.993968901341783632e-13
3.365917672431451556e-13
0.000000000000000000e+00
0.000000000000000000e+00
0.000000000000000000e+00
0.000000000000000000e+00
0.000000000000000000e+00
0.000000000000000000e+00
0.000000000000000000e+00
0.000000000000000000e+00
0.000000000000000000e+00
0.000000000000000000e+00
0.000000000000000000e+00
0.000000000000000000e+00
0.000000000000000000e+00
0.000000000000000000e+00
0.000000000000000000e+00
0.000000000000000000e+00
0.000000000000000000e+00
0.000000000000000000e+00
0.000000000000000000e+00
0.000000000000000000e+00
0.000000000000000000e+00
0.000000000000000000e+00
0.000000000000000000e+00
0.000000000000000000e+00
0.000000000000000000e+00
0.000000000000000000e+00
0.000000000000000000e+00
0.000000000000000000e+00
0.000000000000000000e+00
0.000000000000000000e+00
0.000000000000000000e+00
0.000000000000000000e+00
0.000000000000000000e+00
0.000000000000000000e+00
0.000000000000000000e+00
0.000000000000000000e+00
0.000000000000000000e+00
0.000000000000000000e+00
0.000000000000000000e+00
0.000000000000000000e+00
0.000000000000000000e+00
0.000000000000000000e+00
0.000000000000000000e+00
0.000000000000000000e+00
0.000000000000000000e+00
0.000000000000000000e+00
0.000000000000000000e+00
0.000000000000000000e+00
0.000000000000000000e+00
0.000000000000000000e+00
0.000000000000000000e+00
0.000000000000000000e+00
0.000000000000000000e+00
0.000000000000000000e+00
0.000000000000000000e+00
0.000000000000000000e+00
0.000000000000000000e+00
0.000000000000000000e+00
0.000000000000000000e+00
0.000000000000000000e+00
0.000000000000000000e+00
0.000000000000000000e+00
0.000000000000000000e+00
0.000000000000000000e+00
0.000000000000000000e+00
0.000000000000000000e+00
0.000000000000000000e+00
0.000000000000000000e+00
0.000000000000000000e+00
0.000000000000000000e+00
0.000000000000000000e+00
0.000000000000000000e+00
0.000000000000000000e+00
0.000000000000000000e+00
0.000000000000000000e+00
0.000000000000000000e+00
0.000000000000000000e+00
0.000000000000000000e+00
0.000000000000000000e+00
0.000000000000000000e+00
0.000000000000000000e+00
0.000000000000000000e+00
0.000000000000000000e+00
0.000000000000000000e+00
0.000000000000000000e+00
0.000000000000000000e+00
0.000000000000000000e+00
0.000000000000000000e+00
0.000000000000000000e+00
0.000000000000000000e+00
1.190793606894249585e-04
9.681341401178742779e-05
7.261385355034436775e-05
5.439600669184611181e-05
3.872310281658550849e-05
2.447091553084235224e-05
1.582015559264001345e-05
9.968238668487046269e-06
6.339196902214387637e-06
4.161697686697315400e-06
2.840760097004341007e-06
1.999687464129393541e-06
1.417050341454498523e-06
9.756225801746535208e-07
6.342868360289406884e-07
2.525535935429480325e-05
2.191822705554354533e-05
1.688467212931797141e-05
1.264908383890220589e-05
9.473182944944668908e-06
6.105632438299525008e-06
4.037204008473689835e-06
2.500584750281819919e-06
1.566231224593254157e-06
1.003151213225176654e-06
6.659711630483422455e-07
4.590983848000065144e-07
3.242306386469323956e-07
2.273126865959270302e-07
1.527842526957372071e-07
4.064687321670138460e-07
3.726888482087494045e-07
2.987550576780081834e-07
2.242112541244113953e-07
1.697476984701517341e-07
1.179476739712366541e-07
7.472161069033805960e-08
4.671791982040787525e-08
2.932260564750339499e-08
1.852761970418456949e-08
1.202138898143219457e-08
8.100517581304441943e-09
5.648303510876516299e-09
3.977901889763789092e-09
2.732627276004549087e-09
2.609871708663870637e-10
2.511511557766039799e-10
2.109388250397311239e-10
1.605012739594968560e-10
1.208074556519043287e-10
8.956643210044902909e-11
5.479545634020361273e-11
3.606599356047442040e-11
2.234895811722272939e-11
1.385923708223097315e-11
8.808355822036111552e-12
5.796939518944354789e-12
3.966970617792606864e-12
2.779979396571608680e-12
1.934746240484776489e-12
7.927727327018371259e-17
7.879281572408307962e-17
6.861919081022935166e-17
5.322386519608674778e-17
3.985299160297016111e-17
3.030987288230165259e-17
1.893233474291539136e-17
1.278756491540128521e-17
7.811764764485011727e-18
4.770454836457390579e-18
2.984646552796792837e-18
1.928812754987443680e-18
1.298105447264414931e-18
9.017096523414510760e-19
6.300665652821297131e-19
0.000000000000000000e+00
0.000000000000000000e+00
0.000000000000000000e+00
0.000000000000000000e+00
0.000000000000000000e+00
0.000000000000000000e+00
0.000000000000000000e+00
0.000000000000000000e+00
0.000000000000000000e+00
0.000000000000000000e+00
0.000000000000000000e+00
0.000000000000000000e+00
0.000000000000000000e+00
0.000000000000000000e+00
0.000000000000000000e+00
0.000000000000000000e+00
0.000000000000000000e+00
0.000000000000000000e+00
0.000000000000000000e+00
0.000000000000000000e+00
0.000000000000000000e+00
0.000000000000000000e+00
0.000000000000000000e+00
0.000000000000000000e+00
0.000000000000000000e+00
0.000000000000000000e+00
0.000000000000000000e+00
0.000000000000000000e+00
0.000000000000000000e+00
0.000000000000000000e+00
0.000000000000000000e+00
0.000000000000000000e+00
0.000000000000000000e+00
0.000000000000000000e+00
0.000000000000000000e+00
0.000000000000000000e+00
0.000000000000000000e+00
0.000000000000000000e+00
0.000000000000000000e+00
0.000000000000000000e+00
0.000000000000000000e+00
0.000000000000000000e+00
0.000000000000000000e+00
0.000000000000000000e+00
0.000000000000000000e+00
0.000000000000000000e+00
0.000000000000000000e+00
0.000000000000000000e+00
0.000000000000000000e+00
0.000000000000000000e+00
0.000000000000000000e+00
0.000000000000000000e+00
0.000000000000000000e+00
0.000000000000000000e+00
0.000000000000000000e+00
0.000000000000000000e+00
0.000000000000000000e+00
0.000000000000000000e+00
0.000000000000000000e+00
0.000000000000000000e+00
6.917444936045247900e-05
6.301166861734461971e-05
5.027656001107839437e-05
3.773076689298704775e-05
2.853922378232970540e-05
1.964998792503345446e-05
1.252535805744920208e-05
7.826938595003321962e-06
4.907606698495294657e-06
3.103872347145207497e-06
2.018868281482696425e-06
1.363857765419147031e-06
9.523596752831756328e-07
6.703649600678361373e-07
4.593700703793511757e-07
1.651893159437874695e-05
1.572631201488028350e-05
1.306897828940057465e-05
9.908906898564916280e-06
7.470858248116561971e-06
5.466973325723048534e-06
3.365171796614111758e-06
2.186519632586390542e-06
1.359651665944320379e-06
8.476036494039010383e-07
5.410551583153632444e-07
3.578921668995777423e-07
2.459656099534102581e-07
1.726089916489374059e-07
1.198195053796003841e-07
2.886322070530190974e-07
2.857261421085368292e-07
2.478596260834277331e-07
1.920033069060371039e-07
1.439108481328097917e-07
1.089913496091907098e-07
6.822245250061101584e-08
4.568335872036021669e-08
2.795698128053073839e-08
1.715375293603969508e-08
1.075171439080626225e-08
6.960878778725480112e-09
4.691434524959818457e-09
3.260186106162434855e-09
2.275858827288646291e-09
2.113865934079753760e-10
2.164599922889819738e-10
1.957243855967954463e-10
1.561867537637572746e-10
1.169396993560376380e-10
8.934140138336229572e-11
5.970686015221587953e-11
3.889364738499234551e-11
2.362431744504736048e-11
1.459273538181558498e-11
9.033500049817199000e-12
5.732059807883419785e-12
3.781616592703946154e-12
2.588150859317726047e-12
1.803454659394097975e-12
0.000000000000000000e+00
0.000000000000000000e+00
0.000000000000000000e+00
0.000000000000000000e+00
0.000000000000000000e+00
0.000000000000000000e+00
0.000000000000000000e+00
0.000000000000000000e+00
0.000000000000000000e+00
0.000000000000000000e+00
0.000000000000000000e+00
0.000000000000000000e+00
0.000000000000000000e+00
0.000000000000000000e+00
0.000000000000000000e+00
0.000000000000000000e+00
0.000000000000000000e+00
0.000000000000000000e+00
0.000000000000000000e+00
0.000000000000000000e+00
0.000000000000000000e+00
0.000000000000000000e+00
0.000000000000000000e+00
0.000000000000000000e+00
0.000000000000000000e+00
0.000000000000000000e+00
0.000000000000000000e+00
0.000000000000000000e+00
0.000000000000000000e+00
0.000000000000000000e+00
0.000000000000000000e+00
0.000000000000000000e+00
0.000000000000000000e+00
0.000000000000000000e+00
0.000000000000000000e+00
0.000000000000000000e+00
0.000000000000000000e+00
0.000000000000000000e+00
0.000000000000000000e+00
0.000000000000000000e+00
0.000000000000000000e+00
0.000000000000000000e+00
0.000000000000000000e+00
0.000000000000000000e+00
0.000000000000000000e+00
0.000000000000000000e+00
0.000000000000000000e+00
0.000000000000000000e+00
0.000000000000000000e+00
0.000000000000000000e+00
0.000000000000000000e+00
0.000000000000000000e+00
0.000000000000000000e+00
0.000000000000000000e+00
0.000000000000000000e+00
0.000000000000000000e+00
0.000000000000000000e+00
0.000000000000000000e+00
0.000000000000000000e+00
0.000000000000000000e+00
4.067497075879138310e-05
4.006804029093939104e-05
3.457367718444879118e-05
2.671185538305210824e-05
2.003704760006242935e-05
1.511557235928961069e-05
9.441523125894307625e-06
6.295643145660969070e-06
3.860560038402992892e-06
2.374286601116222945e-06
1.491472815751016887e-06
9.680647490544841463e-07
6.539720756721641949e-07
4.550006308355412449e-07
3.174121607975878043e-07
1.005703159541552383e-05
1.022033019475201899e-05
9.155380506070309510e-06
7.255581732606572840e-06
5.432496946244534825e-06
4.145956223684793851e-06
2.727389132952430416e-06
1.791862424435189446e-06
1.089840608054874876e-06
6.714789176218792189e-07
4.165929041843157451e-07
2.654762537694840954e-07
1.759794425615106136e-07
1.208728711115793673e-07
8.428197762536055626e-08
1.835729390031900741e-07
1.917509621810254483e-07
1.779542215898386596e-07
1.453217183923825521e-07
1.092685089951422689e-07
8.308009289664071859e-08
5.848288972008579276e-08
3.662017027362764842e-08
2.259426983227565146e-08
1.399100498331799311e-08
8.642452336582922010e-09
5.419356279644151204e-09
3.521168755979082496e-09
2.378822349126110758e-09
1.648374339878318489e-09
9.594766216851491124e-11
1.027911783394999548e-10
9.869658186172257923e-11
8.337785787670110894e-11
6.348493779051202899e-11
4.774623464991912943e-11
3.561828363291820180e-11
2.145497143642732954e-11
1.385629973439524996e-11
8.524943757774254531e-12
5.194288162099170634e-12
3.204932634649508613e-12
2.040168781945291029e-12
1.350788806149361705e-12
9.247151147352481313e-13
0.000000000000000000e+00
0.000000000000000000e+00
0.000000000000000000e+00
0.000000000000000000e+00
0.000000000000000000e+00
0.000000000000000000e+00
0.000000000000000000e+00
0.000000000000000000e+00
0.000000000000000000e+00
0.000000000000000000e+00
0.000000000000000000e+00
0.000000000000000000e+00
0.000000000000000000e+00
0.000000000000000000e+00
0.000000000000000000e+00
0.000000000000000000e+00
0.000000000000000000e+00
0.000000000000000000e+00
0.000000000000000000e+00
0.000000000000000000e+00
0.000000000000000000e+00
0.000000000000000000e+00
0.000000000000000000e+00
0.000000000000000000e+00
0.000000000000000000e+00
0.000000000000000000e+00
0.000000000000000000e+00
0.000000000000000000e+00
0.000000000000000000e+00
0.000000000000000000e+00
0.000000000000000000e+00
0.000000000000000000e+00
0.000000000000000000e+00
0.000000000000000000e+00
0.000000000000000000e+00
0.000000000000000000e+00
0.000000000000000000e+00
0.000000000000000000e+00
0.000000000000000000e+00
0.000000000000000000e+00
0.000000000000000000e+00
0.000000000000000000e+00
0.000000000000000000e+00
0.000000000000000000e+00
0.000000000000000000e+00
2.505900693773360273e-05
2.608257042233245494e-05
2.409725348258673390e-05
1.960410081531507778e-05
1.473295905755338890e-05
1.120944824103934358e-05
7.823655437708601688e-06
4.930779245614299070e-06
3.036983528882697971e-06
1.879288548245094187e-06
1.160953553658907936e-06
7.293634529285407469e-07
4.750664243430010983e-07
3.216069163009757032e-07
2.230323419124356445e-07
6.141666460859192833e-06
6.536447605287724814e-06
6.220816563825746858e-06
5.208368125850088479e-06
3.951110940562867412e-06
2.980303239852434551e-06
2.192812840685247945e-06
1.332141141362327845e-06
8.491772634343999558e-07
5.235144048353526755e-07
3.204881139480322200e-07
1.985650761587383842e-07
1.270528303774472367e-07
8.457101331187245318e-08
5.809401915466606554e-08
8.809897123234890727e-08
9.574280620540884820e-08
9.376688360791564641e-08
8.098315524749579869e-08
6.245618527084833680e-08
4.669015117079395830e-08
3.559533238374719354e-08
2.151016026675058707e-08
1.427104699939019018e-08
8.725374466869828919e-09
5.237901695111756732e-09
3.196632421662858830e-09
2.008813693000509486e-09
1.311333589760644253e-09
8.881439341661168970e-10
1.666298893450674442e-11
1.847720561626185675e-11
1.861092532007953660e-11
1.661521377154302845e-11
1.311996742202225845e-11
9.754593127639943417e-12
7.553075045399717754e-12
4.752465848306986531e-12
3.179987818286530275e-12
1.921644441439706177e-12
1.148302038617955428e-12
6.898245661158102147e-13
4.246939649669617658e-13
2.711416684701644028e-13
1.801387445165736128e-13
0.000000000000000000e+00
0.000000000000000000e+00
0.000000000000000000e+00
0.000000000000000000e+00
0.000000000000000000e+00
0.000000000000000000e+00
0.000000000000000000e+00
0.000000000000000000e+00
0.000000000000000000e+00
0.000000000000000000e+00
0.000000000000000000e+00
0.000000000000000000e+00
0.000000000000000000e+00
0.000000000000000000e+00
0.000000000000000000e+00
0.000000000000000000e+00
0.000000000000000000e+00
0.000000000000000000e+00
0.000000000000000000e+00
0.000000000000000000e+00
0.000000000000000000e+00
0.000000000000000000e+00
0.000000000000000000e+00
0.000000000000000000e+00
0.000000000000000000e+00
0.000000000000000000e+00
0.000000000000000000e+00
0.000000000000000000e+00
0.000000000000000000e+00
0.000000000000000000e+00
1.556742143004123975e-05
1.686932561753691520e-05
1.645692432263122152e-05
1.415397669071863066e-05
1.089168318077966992e-05
8.152132818400010131e-06
6.187021755487478946e-06
3.741107314310421605e-06
2.468250292693538127e-06
1.510597689151395461e-06
9.095921583628857234e-07
5.561889028772316241e-07
3.503161138882164415e-07
2.292706100711982578e-07
1.555764761634928130e-07
3.544576494160234474e-06
3.907773164148027208e-06
3.904537383177722155e-06
3.452717841628148430e-06
2.707235886433695315e-06
2.015369854925107706e-06
1.555467411237607376e-06
9.652918024387380878e-07
6.460282905779630445e-07
3.917924946039367519e-07
2.340035468211469881e-07
1.411958940917563546e-07
8.744110613306498097e-08
5.618296297611788522e-08
3.754145621195867085e-08
2.856912601698187873e-08
3.203155336838491725e-08
3.277006839672467935e-08
2.983359618973546415e-08
2.395569493138719622e-08
1.781475583409212251e-08
1.378352674105727933e-08
9.050781460504343534e-09
5.925195314482577937e-09
3.561464969182333863e-09
2.146829907056754825e-09
1.284152631724299229e-09
7.821344885566855445e-10
4.925470443978779533e-10
3.227829861295557165e-10
1.452317368225038095e-13
1.658434682796846990e-13
1.741004566875518325e-13
1.638589566947546527e-13
1.358134443133083035e-13
1.016319494699046133e-13
7.768153314493899043e-14
5.532110210639040914e-14
3.419583592149138322e-14
2.077258351740880152e-14
1.262342250363880539e-14
7.574772099036442926e-15
4.543414734093515338e-15
2.790191320425217568e-15
1.781075913912875606e-15
0.000000000000000000e+00
0.000000000000000000e+00
0.000000000000000000e+00
0.000000000000000000e+00
0.000000000000000000e+00
0.000000000000000000e+00
0.000000000000000000e+00
0.000000000000000000e+00
0.000000000000000000e+00
0.000000000000000000e+00
0.000000000000000000e+00
0.000000000000000000e+00
0.000000000000000000e+00
0.000000000000000000e+00
0.000000000000000000e+00
9.626134267846912608e-06
1.076539819732785808e-05
1.097497740004576617e-05
9.948949810961467733e-06
7.961138080422188286e-06
5.921185914069257323e-06
4.580361601298871504e-06
2.982942811451736045e-06
1.959571736991833032e-06
1.179682660307843855e-06
7.098282738244710926e-07
4.251322609264026756e-07
2.595372177032289043e-07
1.639050563393337358e-07
1.077165432046106759e-07
1.735398143627277742e-06
1.968277307464493193e-06
2.046697567569332764e-06
1.902755509737660335e-06
1.558292110812056565e-06
1.162725200548996823e-06
8.937768143052913044e-07
6.175899801994581474e-07
3.903424948282668075e-07
2.355939079411150593e-07
1.429283142357564490e-07
8.558713345760038135e-08
5.161007207036979661e-08
3.199508289414491577e-08
2.062842450605442853e-08
2.106192766583942880e-09
2.427486553425962063e-09
2.581949461717383946e-09
2.473028797088799583e-09
2.088798211500137279e-09
1.575945632164963371e-09
1.192548677652146985e-09
8.826438374592537523e-10
5.313222213823153210e-10
3.311599195053909999e-10
2.009492963069836265e-10
1.199110053708333222e-10
7.128874241994148078e-11
4.319322158179171273e-11
2.713337779266696227e-11
0.000000000000000000e+00
0.000000000000000000e+00
0.000000000000000000e+00
0.000000000000000000e+00
0.000000000000000000e+00
0.000000000000000000e+00
0.000000000000000000e+00
0.000000000000000000e+00
0.000000000000000000e+00
0.000000000000000000e+00
0.000000000000000000e+00
0.000000000000000000e+00
0.000000000000000000e+00
0.000000000000000000e+00
0.000000000000000000e+00
5.286443968126007317e-06
6.074271998441597111e-06
6.433353272205949288e-06
6.127968000312370919e-06
5.146633525942714157e-06
3.875100272475936482e-06
2.941274558858948944e-06
2.150219172852401714e-06
1.306233830550859606e-06
8.090645445340236072e-07
4.910760142320574548e-07
2.931339586741338717e-07
1.746934066919809243e-07
1.062833391471093455e-07
6.708257214959965219e-08
6.153549036162309339e-07
7.166394320661166864e-07
7.734925433319010060e-07
7.556885946038044132e-07
6.528344217188670682e-07
4.990350987679235173e-07
3.737791175043845908e-07
2.858650053848361755e-07
1.700000785398695832e-07
1.096919580292654320e-07
6.648196477619232720e-08
3.897469328478988869e-08
2.289856726225698097e-08
1.368085701163195866e-08
8.430826956137360638e-09
5.504717001039537707e-12
6.519840028724727483e-12
7.205335699288002686e-12
7.270563482147663692e-12
6.532065362874967477e-12
5.143929995546259122e-12
3.808752281384476835e-12
2.990569424458606574e-12
1.841701886904538604e-12
1.226569540239341913e-12
7.373183586851245984e-13
4.256177263720792346e-13
2.450415469523343376e-13
1.424695071196407825e-13
8.483179890056567426e-14
2.383802208590717720e-06
2.810447138970677646e-06
3.086223332997140871e-06
3.087506729614235931e-06
2.745349430429851591e-06
2.144883005244632083e-06
1.592613813713022839e-06
1.243250640765069074e-06
7.575969739924030567e-07
5.008430954329260376e-07
3.017506965853987062e-07
1.747164282632073936e-07
1.011325354776475472e-07
5.923512255091978436e-08
3.558854986309193134e-08
1.227289654400870243e-07
1.468084572244464895e-07
1.645004615222073019e-07
1.691904420706580692e-07
1.557940706772641067e-07
1.255425321311160127e-07
9.289144217930215415e-08
7.275530984624526077e-08
4.734012038076008771e-08
3.093007470272646209e-08
1.835833941209616353e-08
1.075492587939696967e-08
6.163370994112329710e-09
3.529456170207006942e-09
2.058748423342160960e-09
5.495633120696244168e-07
6.651470711550602466e-07
7.575748632900627652e-07
7.971288657012952679e-07
7.569434216173235105e-07
6.307558453245080436e-07
4.715488454156528345e-07
3.626384902022929068e-07
2.553498000732754795e-07
1.594938378269840774e-07
9.581672324765728448e-08
5.669962673888349407e-08
3.263170624449677116e-08
1.845819608390618562e-08
1.048153560747381177e-08
