# lsst_simulation
2.705712828848530000e-09
1.803323330640554480e-09
1.230016855886245660e-09
7.174545649086042002e-10
5.054715801337298967e-10
3.067318037958949072e-10
2.618701790466990787e-10
1.557581405754601682e-10
1.154086977585142394e-10
6.683559658899284626e-11
5.010097714352480797e-11
2.743231973174705035e-11
1.700467514217148051e-11
1.120779100406406156e-11
6.148314198632950431e-12
4.002108461674320796e-09
3.237497682074476789e-09
1.896442491655300329e-09
1.159555264218644755e-09
7.621347061401807976e-10
4.778331251818890102e-10
3.814323763486053654e-10
2.471778197293148395e-10
1.745418795385191402e-10
1.257739975769833922e-10
8.228073060127689632e-11
5.282780086560791792e-11
3.152424759384294667e-11
1.656863579264785874e-11
8.939084094195487706e-12
4.245069004340933628e-09
3.451288672751769802e-09
1.928494171543270033e-09
1.209030064658837929e-09
7.416542457989923722e-10
4.569072411772904276e-10
3.695973789543121922e-10
2.489047672557624425e-10
1.759643082600733761e-10
1.245436882102048175e-10
7.856182629521688846e-11
4.875142551032426603e-11
3.062843734543879643e-11
1.622790111334684209e-11
7.654644867946444491e-12
4.788086430212649292e-09
3.512808351385644450e-09
1.939881478794936092e-09
1.212456730315800891e-09
7.594271848995540156e-10
4.728490103735053515e-10
3.379694656171654183e-10
2.593157772458970415e-10
1.770155985403930924e-10
1.275790551907172090e-10
7.777620945285219260e-11
5.175258189597089682e-11
2.866079018480354025e-11
1.615049200824499397e-11
7.300841375273850304e-12
5.454118532705297965e-09
3.574078240175327698e-09
1.843605084212204486e-09
1.057777892871384978e-09
8.171324605021458311e-10
4.820464941011017990e-10
3.341499795060257220e-10
2.553966678736215177e-10
1.827005430232068718e-10
1.257326353982576001e-10
7.730333141397110432e-11
4.918846734094532156e-11
3.162784785293451526e-11
1.486041950809491622e-11
7.006001970821245270e-12
1.266388837644513963e-08
1.177390397646226391e-08
7.169174580162200295e-09
4.915287298471296876e-09
2.990038386433830209e-09
2.049924716755346230e-09
1.502648869076792102e-09
9.715678305177381741e-10
6.217933578273886726e-10
4.386808093632486880e-10
2.945211041065615411e-10
2.050183805191741231e-10
1.321837954456481588e-10
8.254875046969128922e-11
4.966314383110546630e-11
1.672700665354062862e-08
1.487142864090738729e-08
9.450384484955595099e-09
6.413649918450617228e-09
3.955596458394986941e-09
2.628871928509115261e-09
1.887297447310127659e-09
1.212361309466791501e-09
7.926728180238950501e-10
5.552038215558956752e-10
3.734737310092639761e-10
2.606657865470948534e-10
1.741468075156249601e-10
1.074406716640844667e-10
6.506205318155409414e-11
1.945003161761383402e-08
1.608558150797353457e-08
1.061741449147397628e-08
7.458082830021327144e-09
4.444459262139836614e-09
2.886066044083176380e-09
2.050130911428966040e-09
1.329843748770772787e-09
8.702981879050280818e-10
6.162067559865469919e-10
4.139456935953159587e-10
2.840249566867414842e-10
1.905028950114519395e-10
1.202700230671237250e-10
7.202514536114624548e-11
2.133414908380331114e-08
1.777286276218602626e-08
1.154779262739356198e-08
8.146771034339974538e-09
4.935682603948191030e-09
3.169579862477775607e-09
2.232415964578626903e-09
1.433062554434133104e-09
9.517699734229405657e-10
6.668525556181512814e-10
4.503604168857253194e-10
3.094937302729127369e-10
2.075654992365103305e-10
1.333615883879017255e-10
7.845469918734030734e-11
2.619692245703678794e-08
2.298948839111143322e-08
1.577704954548719838e-08
1.077838173016672591e-08
7.075020839408288608e-09
4.788147253119408318e-09
3.240534110570412670e-09
2.074634479153862477e-09
1.336029303691584828e-09
9.250983261976493979e-10
6.170393101210000819e-10
4.218317964421390574e-10
2.865393058764284965e-10
1.860427372612424118e-10
1.175479252170589732e-10
3.286718781983454311e-08
2.718646993075853434e-08
1.923691584105297224e-08
1.390161516680516999e-08
8.948324222710036163e-09
6.091692083107235980e-09
4.042057028109977710e-09
2.633630810747769023e-09
1.690976729735203354e-09
1.144262239947339187e-09
7.639248857360824163e-10
5.245243083086167897e-10
3.567803905313788224e-10
2.327572760861663548e-10
1.473625522015131868e-10
3.758612225803780992e-08
3.152482019545114023e-08
2.160617187112895999e-08
1.622522762960258171e-08
1.054615907442842773e-08
7.021113749395284981e-09
4.735495945796395498e-09
3.017841506791700480e-09
1.961527132154046333e-09
1.327753550699971593e-09
8.797342692200199855e-10
5.995239486937184772e-10
4.141766068662863291e-10
2.729548578088674840e-10
1.723908528420133691e-10
4.487111053108539025e-08
3.575473436655385149e-08
2.720235617512293554e-08
2.093318982993278830e-08
1.342850080061258054e-08
9.362386969365025881e-09
6.136841920657656924e-09
3.998157748842478483e-09
2.569297655337294688e-09
1.702712447210204718e-09
1.115229086846260967e-09
7.575392903148762192e-10
5.097938869779002991e-10
3.333048734236364574e-10
2.185408602179092369e-10
5.386362174600622259e-08
4.418432094248181764e-08
3.328138500594603795e-08
2.695414651307863512e-08
1.745916172900750814e-08
1.212939628732695895e-08
8.075840097170821584e-09
5.152240499008540634e-09
3.355344247123727394e-09
2.199503361200759552e-09
1.421139530884319862e-09
9.613758273989703488e-10
6.482114672340438044e-10
4.276488516827316716e-10
2.798677517058802491e-10
7.031071407385363141e-08
6.143487391009129085e-08
4.725763340159904367e-08
4.074919928827508090e-08
2.713125160892768824e-08
1.905906503060332322e-08
1.316509581271028345e-08
8.373595781210557251e-09
5.484580582651258408e-09
3.520659089633055235e-09
2.216724482650755564e-09
1.463887171759774233e-09
9.747824822047503540e-10
6.420075107066193600e-10
4.215827700941413118e-10
4.836192597244427133e-07
3.738390266214738752e-07
2.419605018745435665e-07
1.528093739636963090e-07
9.649639329550667610e-08
6.413795563060427388e-08
4.691136568620295967e-08
2.959188597996671584e-08
2.139667240950185124e-08
1.537438966150446620e-08
1.013936460140705681e-08
6.611272710793073822e-09
4.192045158941047270e-09
2.406380696862252404e-09
1.312281838882786981e-09
1.361337078780750741e-06
1.287467497211651193e-06
7.985777549585513464e-07
5.330594250470262258e-07
3.230473558110492521e-07
2.206730994825343365e-07
1.539503066636016598e-07
1.005015051139075216e-07
6.869934678075625514e-08
4.799594517134591186e-08
3.314275567087844902e-08
2.272052837536057322e-08
1.482084505011846243e-08
9.039968036628435931e-09
5.265329397451432823e-09
1.705048411925228850e-06
1.536521800830081821e-06
9.939329426391356836e-07
6.495516873520946238e-07
3.985766559415780787e-07
2.685454896192230661e-07
1.838034169654800180e-07
1.189277483735988537e-07
8.129334672838813892e-08
5.784783914738014737e-08
3.966272201747798878e-08
2.744113998249867040e-08
1.799322578350384829e-08
1.104321288879068863e-08
6.460620659420850748e-09
1.996499513660737471e-06
1.663776597462343806e-06
1.108459913657729146e-06
7.462624111571531703e-07
4.482021680461935037e-07
2.979967218178692441e-07
2.009062332608485183e-07
1.319371360192815031e-07
8.911694578143817537e-08
6.372480883093791989e-08
4.361709089685700179e-08
3.035737310296011870e-08
1.984584959074728294e-08
1.216476151102235883e-08
7.182831238212154822e-09
2.179981591119347912e-06
1.831990029118576706e-06
1.233555809123328877e-06
7.921942489944500379e-07
4.953729511438426909e-07
3.263694714434550637e-07
2.217836057756932838e-07
1.403269125963407963e-07
9.698805336270926381e-08
6.807304336441231514e-08
4.700731103682556656e-08
3.265398615390957701e-08
2.161921262468162175e-08
1.331730270213561154e-08
7.790144024832580904e-09
-1.220130101459775310e-07
-2.277346872328062481e-08
-3.155156288623406507e-08
-3.301749518031504312e-08
-2.912445757774287611e-08
-1.846966025437171010e-08
-1.189412468418535444e-08
-5.745518844431820754e-09
-4.206407806529462534e-09
-2.801659254151556825e-09
-1.853916015338386432e-09
-1.339196462781866960e-09
-8.870191159966406490e-10
-6.325978275164253849e-10
-4.084686571147800272e-10
5.553542604791883506e-07
5.525955826703027782e-07
3.998184267823152864e-07
2.711368979672163327e-07
1.696925429420655598e-07
1.178912458464401519e-07
8.318516429889528161e-08
5.123602521655120024e-08
3.170484330277304329e-08
2.087228645253477857e-08
1.435396350733467399e-08
1.026078468814864676e-08
7.197744670906192411e-09
4.945927935107547236e-09
3.179858193948630840e-09
1.024902756458945920e-06
9.702942992809682590e-07
7.005943998843428674e-07
4.714417921984995047e-07
3.253889088231872625e-07
2.156379975457956098e-07
1.478256145133077024e-07
9.069445821720522622e-08
5.736150737955081102e-08
3.812473485984487662e-08
2.579595743797279920e-08
1.838296962621721834e-08
1.295019637639187478e-08
8.864934557172646992e-09
5.776077211482602499e-09
1.287764589085428311e-06
1.134026055467135951e-06
8.548983791163128784e-07
6.040589567084573466e-07
4.071980186744927629e-07
2.641611390551052704e-07
1.795867895151909100e-07
1.121283899697612631e-07
7.139235784105005538e-08
4.714976350974480740e-08
3.175377542359577583e-08
2.269939375093471666e-08
1.596159881121574730e-08
1.097186201944743766e-08
7.146217386025207644e-09
1.437058250156777259e-06
1.325160990451803966e-06
9.444318452134090143e-07
7.497056882303832040e-07
4.761620020949717227e-07
3.095741559287327919e-07
2.105143999460883878e-07
1.295625585710880012e-07
8.214541133857523612e-08
5.577821511138827095e-08
3.713380489505597377e-08
2.634070114341762486e-08
1.867989222703644255e-08
1.286045862718975392e-08
8.366479422773967289e-09
1.924028565922430275e-08
-8.627883392676518848e-09
-4.604284464912178072e-08
-1.244437518630906827e-08
-1.377251902535448289e-08
-1.165225852450117947e-08
-6.785914096906163619e-09
-1.643804818222328910e-09
-1.873332751200376205e-09
-1.353633852636478758e-09
-1.153209631944228470e-09
-5.743823003815431009e-10
-4.811849736632172149e-10
-3.007865124884997361e-10
-2.280536123703516576e-10
2.474813148030523416e-07
9.246016075087633123e-08
5.474558087920074838e-08
5.685792687848048295e-08
3.260980059492902366e-08
2.087024226337869968e-08
1.844508554074918330e-08
1.216506582098185433e-08
4.874769768471883617e-09
4.377906297402862454e-09
2.806896723946722477e-09
2.023527105312593382e-09
1.313755510984694078e-09
9.362119524068596473e-10
6.670269934231431941e-10
7.083674058418502632e-07
5.183903725307566660e-07
4.041395523923071019e-07
3.248679671581948979e-07
2.263122547655442121e-07
1.574090318245991309e-07
1.038506599773141867e-07
6.784678167025487986e-08
3.903118873644607360e-08
2.599005628701772739e-08
1.717179234702967283e-08
1.160120074798618356e-08
8.127435552615650600e-09
5.662168172889858057e-09
3.878467512671516294e-09
1.022961228289325653e-06
7.003213802052382439e-07
6.004650670228833647e-07
4.862128096580372216e-07
3.288639061407421763e-07
2.322633049929412654e-07
1.519248771245027882e-07
9.794767259323281177e-08
5.899933271105373656e-08
3.817077175296230319e-08
2.484063014599838238e-08
1.683149816982831944e-08
1.186060134502451253e-08
8.189969961747109912e-09
5.659563140649640123e-09
1.270176800422894799e-06
8.760969214801456202e-07
7.217004134548586248e-07
6.364403938325407921e-07
4.175584476572171182e-07
2.789605380833486746e-07
1.942509207808081902e-07
1.239938734866576258e-07
7.579559282316492352e-08
4.879592631216522317e-08
3.145202329481363561e-08
2.119968101973898330e-08
1.483921632564939927e-08
1.045857125496999662e-08
7.137105736587908535e-09
3.300667895886597501e-08
1.287017441008963125e-08
7.666028705644020250e-09
9.863412683069700245e-09
5.626310428450646288e-09
2.529969985148492917e-09
-6.489461476962908589e-10
1.378550310026761978e-10
-4.394539251283067532e-10
2.041163124830143139e-10
-2.075397493944627550e-10
-3.894164003376292772e-11
-3.321516085599398911e-11
-2.136920584380587286e-11
-1.258982826242249795e-11
3.240254092580355173e-08
-2.262317476746678761e-08
-1.015288346127425840e-08
-5.321982984251474565e-09
-8.430642289920418423e-09
-1.485548903389674816e-08
-9.499417899263050330e-09
-6.963724172322886719e-09
-3.439897445039333445e-09
-2.002151278554377464e-09
-1.313643500716835860e-09
-8.929348252320501398e-10
-5.961360457409108773e-10
-4.128079092408212232e-10
-2.853419030487943377e-10
3.430707062734313750e-07
2.626886425571056154e-07
2.457230903409009480e-07
1.764311935475238296e-07
1.272980550624634591e-07
9.292707907059481379e-08
5.673039974282831760e-08
3.655023161695253802e-08
2.290503126101760884e-08
1.431697684247377989e-08
9.017384701093722181e-09
5.722624840747713253e-09
4.082132225017741506e-09
2.766078264186058880e-09
1.944456465946023299e-09
6.076191941677382243e-07
5.510897888433050679e-07
4.629141822186672566e-07
3.642295442941864672e-07
2.641963281375181986e-07
1.969496902502907851e-07
1.185731299767628894e-07
7.664882497331695417e-08
4.911595996399604570e-08
3.063222368457537727e-08
1.880875816231729310e-08
1.240350983106911954e-08
8.369460314904821727e-09
5.720109988689749804e-09
4.031330877272087966e-09
7.979697118048464201e-07
7.781576466439576570e-07
6.378318089497931135e-07
4.898072259511544810e-07
3.668194628970805828e-07
2.765616231003093944e-07
1.685159523740645027e-07
1.081334576160603070e-07
6.999747065051963489e-08
4.335276882769669714e-08
2.680757561154753857e-08
1.746680320533039187e-08
1.181324294697301211e-08
8.197797923281823984e-09
5.714560600868015984e-09
8.839373022029002968e-09
1.366076728377670944e-09
-7.114042549234683976e-10
-4.832402863081519824e-09
1.464809935009982675e-10
7.715391058107537872e-10
-3.619865787515352920e-10
-2.443925742584308899e-10
2.313423580270601057e-10
1.894026690066755247e-10
-2.791674046855654608e-11
-4.059824857070562903e-11
9.693664730881127349e-12
9.691006222550643247e-12
-1.368694813210229117e-12
3.327485559038935785e-09
-2.751204913704721195e-08
-2.885151115844830468e-08
-9.812759990082941082e-10
-1.161382303637041069e-09
-8.053392843908598665e-09
-6.931957397752025135e-09
-3.832134338675263609e-09
-2.251342434456772287e-09
-9.617456075325739990e-10
-8.396825155137535808e-10
-6.041660618784582241e-10
-2.853353578910703842e-10
-2.138656627664332669e-10
-1.427022571039548246e-10
1.224699508402722626e-07
4.043905689638063048e-08
5.467207602308672922e-09
5.637646186311685827e-08
3.082554088863387841e-08
1.517091007391770831e-08
1.130105513299506743e-08
7.757038492327828953e-09
5.375010497387776225e-09
3.123193540269173564e-09
1.868794909797653289e-09
1.114176021618890920e-09
8.509573232600419197e-10
5.648837650441897855e-10
3.787818388038430533e-10
3.924176244820371061e-07
2.836394950799199262e-07
2.395280581625685168e-07
2.716279671921192368e-07
1.697962034422333233e-07
1.272012248749191452e-07
8.318980270628299338e-08
5.481933321535288549e-08
3.482795060238528454e-08
2.193077602538317633e-08
1.326922188518720114e-08
8.466185895456390406e-09
5.540720141683120718e-09
3.688898417120964318e-09
2.585395128798912041e-09
6.130234456562339277e-07
4.809450681035213276e-07
4.004266973351164911e-07
4.404947591320320025e-07
2.784486655495669238e-07
2.179289152391806918e-07
1.443683886763233737e-07
9.119051906956190711e-08
5.861411683306990215e-08
3.673715722985771666e-08
2.231956349005587175e-08
1.424520955484936384e-08
9.336448163138824129e-09
6.294624820021953673e-09
4.366388109487044118e-09
2.182707963547491085e-08
3.319305607153598590e-09
-1.875588203929755983e-09
-5.547094148566564035e-09
1.444534682031159507e-09
1.221960606054031683e-09
-1.367267602808327226e-10
1.118895499277028889e-10
-4.094186391604832778e-11
-6.001512164959634534e-11
-2.812826057698579233e-12
-5.199057756878610393e-11
-1.489212958147565980e-11
-1.275236950428833919e-11
1.021709603000817863e-12
4.398993841181114725e-09
9.021802242188862651e-09
-4.855415963006495020e-09
1.224541114605635125e-08
2.755282965294670165e-09
-6.725341339438602066e-10
-2.460498094652581480e-09
4.898137543442402287e-10
-5.699757815843424019e-10
-9.505876789341390604e-11
2.318407057043696085e-11
-1.591386383798806621e-10
2.894087229207782810e-13
4.120592752858027648e-12
-2.139016603501124866e-11
2.583309630744768248e-09
-7.550853003977771319e-09
-3.467793139286725056e-08
5.868777576254231759e-09
-4.011690456147667904e-09
-8.071400318952813997e-09
-8.400810667461462061e-09
-3.336386940984284039e-09
-2.527142547828327059e-09
-1.502375622234151417e-09
-8.244754277874149475e-10
-5.138882195920364885e-10
-3.155379284922968739e-10
-2.149151346022795760e-10
-1.617156950658812793e-10
1.486818295817594825e-07
1.422383009648568276e-07
1.381965412855855285e-07
1.604155126537667386e-07
9.463926556231053769e-08
6.934305537690304810e-08
4.699139949472190643e-08
3.126747115878071259e-08
2.017106907253976719e-08
1.245410183227507830e-08
7.788040267838294252e-09
4.694932008840366089e-09
3.005273300034273114e-09
1.925946816424199389e-09
1.322095490402987696e-09
3.528584377711954861e-07
3.485515442903989165e-07
3.448851648804161504e-07
3.549419677165768128e-07
2.298450587728001210e-07
1.613872528279696258e-07
1.204879352386783889e-07
7.552630144383658637e-08
4.966732804825764678e-08
3.091207446164591608e-08
1.836025711313372349e-08
1.135398180556640220e-08
7.186728520246580143e-09
4.662796379025921283e-09
3.166593570138290435e-09
1.453865694256044777e-08
-1.332155444676314088e-08
-1.150077239234073489e-09
-3.224571110180846853e-09
2.734453482006371239e-09
1.849680640777012857e-09
2.125668691445667349e-10
-2.184087724757639804e-10
3.852006856093584436e-10
-3.794069271685962383e-11
-1.474904628033449778e-11
9.872930043862357565e-14
-1.366522968400139532e-11
-1.310940483712961193e-11
-1.024121907909847004e-11
-5.178679977233771198e-09
-8.874465874111285205e-09
1.055302698050508402e-08
6.142295951997093304e-09
6.818863765187808758e-09
1.251130292456104224e-09
2.365178871700988390e-10
-3.708301183178536411e-10
6.288124816116278416e-10
1.051694658593103676e-10
-9.358472700958538500e-12
-3.003948931982188378e-11
-9.731114321271308295e-13
9.987758862991089207e-12
2.801735966687627525e-12
-2.615882945606498312e-08
-2.999845330614577552e-08
-3.680313362422811184e-08
1.084037778629824561e-08
2.827124139850730596e-09
-3.586028329601622453e-09
-2.252037111217882169e-09
-2.397162003496982801e-09
-5.475817538371834571e-10
-4.602039836800642690e-10
-3.614618438799042476e-10
-2.348726075859916497e-10
-1.595233452355285068e-10
-9.419917896755805990e-11
-6.144841245688880991e-11
7.331244600016242338e-09
-1.172210254215340055e-08
-1.146928508728907772e-08
5.435770838927411025e-08
3.551384258074202669e-08
1.617032897365107896e-08
1.434607170186155631e-08
7.377991515340706909e-09
6.403042555637808939e-09
3.895585801470272275e-09
2.022982344587891568e-09
1.331279898458456436e-09
7.705763509879123678e-10
4.882866621296722192e-10
3.278528098895151569e-10
1.702471020461567065e-07
1.661623113660266724e-07
1.614897143193160888e-07
2.480313711227748599e-07
1.739963662713151046e-07
1.177130160376728046e-07
9.355873019905348127e-08
5.736964252687460550e-08
3.979407918454408157e-08
2.433853413840819198e-08
1.412159817925989863e-08
8.656192621959147249e-09
5.227175232309549674e-09
3.293950825763021629e-09
2.173344891846202950e-09
1.147260759652157339e-08
-4.507027416128820770e-09
-6.586532123960250365e-09
-5.158978730596322189e-09
-1.000498214485678449e-11
-4.091750632609798543e-10
-4.569838239441331962e-10
2.540372338054983812e-10
3.180258723211180094e-11
-1.158147378413857331e-10
2.623706114213754119e-11
-1.409025287892067587e-11
3.014650187704120135e-12
1.108832376503919276e-11
-1.462238566294329992e-12
6.878165771865327866e-09
2.948297960208645819e-09
-5.559198887673456311e-09
-3.592476915309437922e-09
-3.055160693176300344e-09
1.686277123373511045e-09
-5.175943849221604021e-10
-7.488832872046861986e-10
5.883795682162761399e-10
-1.465740346504529641e-10
-2.936224600609732291e-11
-1.674120572728336975e-11
1.464800584701909950e-11
-1.150379289635055129e-11
-5.533810384664805782e-12
2.130843308859917348e-09
7.738322843868148883e-09
-1.144131335522128758e-08
-3.240479479815338671e-09
-4.944140699379366041e-09
-2.065753896097007607e-10
-1.667582926438225183e-09
-7.029014166139679472e-10
4.849369599794784609e-10
1.321956413333773911e-10
-1.847696338999968892e-11
-8.598431712826059739e-11
-4.929739445592482854e-12
-1.678929377933807562e-11
-1.755737218805198068e-11
-8.287262311676222712e-09
1.136885489266701657e-08
-3.082167440297938388e-08
-3.928200245661094219e-09
-6.233559952268407290e-09
-5.009026230502954741e-09
-4.643649982438489258e-09
-2.530857302393361544e-09
-5.120307014336321678e-10
-7.029724919545864604e-10
-5.560686714028475443e-10
-2.203128607781044613e-10
-1.916688092624610993e-10
-9.851471325976489565e-11
-7.066183777119422285e-11
9.388317143339264543e-08
1.617075213335138668e-07
9.230706626826561311e-08
1.352991856928598835e-07
9.746364345154023488e-08
6.900040598249459458e-08
5.228636672703565575e-08
4.018224644448723700e-08
2.540316867054634674e-08
1.512090338528374803e-08
9.043048056107583915e-09
5.496255511138426609e-09
3.296824913599116146e-09
1.992550605031681655e-09
1.265881725708014397e-09
-7.095709066842324336e-10
-2.808215901786995069e-09
-2.990666950380836262e-09
-1.156039762426602401e-09
-1.190768326775297200e-09
-1.190983622621546036e-09
-3.303103408067345531e-10
1.804875219472965422e-10
-6.420155524088359704e-11
-3.198804224538606729e-11
1.062013792422883748e-11
-2.310180020114965028e-11
1.499873487321936189e-11
-8.939390280513066388e-12
-2.316777006294282676e-12
9.341894181791176791e-09
-5.322045677403870930e-09
-7.992288037831752272e-10
-3.487695548578372751e-09
-1.646114396614854511e-09
-8.833102293941313679e-10
-5.288844069305923650e-11
4.701516680343733415e-11
6.406635444894224167e-11
-6.883185339761008146e-11
-2.430132548564548129e-11
-7.997929900502499674e-12
-4.764608388300362380e-12
-4.198311997132971453e-12
2.944180545211921970e-12
8.270864618709546566e-09
5.081180208453170113e-09
4.096091694436147651e-09
-4.973223993455280354e-09
-3.563688153692447767e-09
-4.261008673577847960e-10
6.187695889069258585e-10
-4.611338482150522119e-10
8.466108837571843924e-11
1.665347713238501216e-11
-3.401296586064140579e-11
-2.797940321742051532e-11
3.202059855596029622e-11
-7.386613788182319327e-12
1.013678686887634545e-12
8.869944329921208703e-09
1.076190114052993816e-08
6.967891468039285558e-10
-4.608932204645041006e-09
-7.941836551772104682e-09
-3.023548963294336008e-10
-4.046508405209229491e-10
-1.112827292510625608e-09
-7.477947679726972718e-10
-5.204204096048783769e-10
-1.367329929194890294e-10
-1.191520554593813713e-10
-7.289203488423104396e-11
-4.308247916975336335e-11
-2.417420787711361351e-11
4.548642386951228877e-08
6.599242370758926035e-08
4.687797518875194177e-08
3.607498604950540236e-08
2.835285788793297528e-08
3.079400289718978978e-08
2.036364530548306992e-08
1.554867867334892321e-08
1.001025483751976459e-08
6.383801447828340561e-09
3.890645231129089594e-09
2.304548984975303071e-09
1.348864983172230296e-09
7.631380370258162409e-10
4.649385934230537772e-10
-2.559523108911129082e-09
-6.625770673087850698e-11
2.255057261699048067e-09
-1.933172501012069826e-10
1.641472684407119523e-10
-6.639595953597715633e-10
1.291592861366629401e-10
-1.867581767673176456e-11
-1.435007191285511602e-10
-1.375370879201522846e-11
2.054344922853963916e-11
1.619511360507426485e-11
5.619541150154386275e-12
7.711075164164728377e-12
4.782636239610566029e-13
-2.247855274860898283e-09
-2.951063642704315664e-09
1.751304516620069929e-10
6.398445248080369502e-10
3.316215076092957706e-10
-1.053249585048074051e-09
-5.639804747139530052e-11
2.792832118062484610e-10
-1.228527348587742679e-10
-2.498540710882418890e-11
-4.969018005260649523e-11
-1.823819899209110705e-11
1.011099592564086717e-12
1.340630212252321844e-12
-4.248644641241402242e-13
-1.856606677588663420e-09
-6.630201195277325706e-10
-1.630054907473563270e-09
1.411499422713307130e-09
1.182734259101194038e-10
-1.688985934225072555e-09
3.911242384507975812e-11
-4.561689549124531534e-11
-1.207980179665797759e-11
-8.356175866515949271e-11
-2.390762458599983575e-11
-7.688846775581151385e-14
-5.465456295557622383e-12
5.610304577071910781e-13
-7.168994700651715750e-12
-5.946254867165358538e-09
3.810352221357458955e-09
-4.015592875005784342e-09
2.232479912572107713e-09
-1.656291536117393817e-09
-1.121686298752900467e-09
-4.112776771009375644e-10
1.699227963745995824e-11
-3.569547831676280291e-11
-1.895413831186670229e-10
-2.540240782746163190e-11
5.799623272841090259e-12
-6.967358162953102781e-12
6.209348513920983546e-12
1.019250127452020765e-13
-5.617525822967947332e-09
7.064836223382965521e-09
3.119656404818800266e-09
6.004883366487984233e-09
2.541749726180525030e-09
4.414246211703736054e-09
2.137138373705761598e-09
2.329187079743657264e-09
1.465830945590087762e-09
8.560306308582396980e-10
5.971600925325533644e-10
3.742231726059804421e-10
1.883119578969731035e-10
1.190051955144984147e-10
6.568130238774252932e-11
1.768915675378889018e-04
1.679476527833893243e-04
1.063677451445226431e-04
7.248081851730278885e-05
4.415813659086655356e-05
2.939848116428564291e-05
1.955634479703298012e-05
1.270720670120730001e-05
8.879889764956599226e-06
6.264835636651319023e-06
4.369189750960719919e-06
3.018082359898741785e-06
1.967010819061784637e-06
1.206728623652293920e-06
7.041602273911779235e-07
1.684739978037429146e-05
2.575591886533971559e-05
2.024154796690549497e-05
9.841700254553798199e-06
5.146628478568196643e-06
4.889130804396409570e-06
3.525930329449967404e-06
2.187605113177050049e-06
1.433926455028641659e-06
9.403457634834679922e-07
6.357344371818945986e-07
4.719172786739887540e-07
3.299726097852886101e-07
2.203662086411541410e-07
1.378721973735954804e-07
1.583115404792009208e-05
1.080182646973151274e-06
-2.500355722287119946e-06
-3.646055123745082119e-07
-6.624896213628909904e-07
-2.242611050632693734e-07
1.095854899639899450e-07
2.176346779623482204e-07
-1.212460960544965680e-07
2.574000704421756147e-08
4.506441358861645478e-09
8.599417315948487681e-09
4.467159221778948220e-09
1.086421332818786256e-09
1.019142925961327760e-09
9.642628552506594348e-06
1.478234283259195518e-06
3.452324498573424468e-06
2.331874708679706049e-06
1.451492915282369890e-06
1.628829546926586072e-07
1.581254707529604680e-07
-8.045865107433247208e-08
-1.629869358049901937e-08
1.060904232872190735e-08
-1.325718582601476544e-09
-1.353589071942563844e-09
1.158315206830378672e-09
-9.576672741042031245e-10
1.810743051742971640e-10
4.560459047899318589e-06
-6.766265511261930599e-07
-2.118371014022813994e-07
9.405821210070799118e-07
1.051582388558945902e-06
-5.369613154160789330e-08
-2.348334000396649822e-08
-5.634102959550478711e-08
-1.877296634803998275e-08
2.153329864691059380e-09
-1.026213388307845307e-08
-4.169160696536680719e-09
2.734821300963324484e-09
-6.606199078972603043e-10
3.608167284413684004e-10
2.406703734915587099e-06
1.618943562378031778e-06
1.705676799154218805e-07
8.717716429045238305e-07
3.809264279574718223e-07
-9.286931301289649335e-08
-1.870600648540698879e-07
3.383693951043432037e-08
-2.671128833507200568e-08
-1.075571796470284993e-08
6.404277552351302850e-09
1.390417737827066537e-10
1.319642682513945140e-09
4.130452360783747435e-10
6.263001150325989747e-11
-1.055931160631335033e-07
-1.299975831713443717e-06
1.865321869676796881e-06
5.325930795126817050e-07
8.082793592983683480e-07
1.909995079773444809e-07
1.462099871751679912e-07
-3.705347691449366925e-11
6.711298286109558781e-08
1.648228417626544485e-08
7.318018321024864669e-09
-2.885575349879785473e-10
5.479942462321764870e-10
3.534307442381051842e-10
-3.741252194812537233e-10
2.008849359787740372e-07
5.675629336514469847e-07
-9.134287445073898787e-07
-1.075942172789783078e-06
-3.969336467014043583e-07
2.547777956820530092e-07
3.809035277196535573e-09
-3.487949272633668367e-08
2.184225637320401707e-08
-5.871311399637546925e-09
1.098099991633182009e-09
-2.116610073826930317e-09
1.280811872128220843e-09
3.916051845499411986e-12
3.785192640746768740e-11
-7.521490783014591442e-07
-1.490274911601907214e-07
-7.725509406660630224e-07
-7.293587841705543692e-07
1.409738155828288585e-08
-1.197439668808035148e-07
5.716034896454188302e-08
-2.149878914451336155e-08
9.594482036766146215e-09
-1.484429074469954044e-08
-7.974247917168091836e-10
4.859465654453369430e-10
5.396414693746585323e-11
-3.602925027202725984e-10
-2.463415936703148902e-10
-8.217181797040684904e-07
-1.612928393909678682e-07
4.098380390958801619e-07
-2.892274985056310567e-08
4.216633521061024853e-08
-1.268973218757308481e-07
1.584191902329732473e-08
2.033640574322901422e-08
7.374762101778228343e-10
2.978979623553810635e-10
-7.321581504595874548e-10
1.723182426672833602e-09
2.380900102137272316e-10
8.460571459056435763e-11
-1.354870285983167514e-10
1.229177636123536359e-04
1.031353812819625669e-04
7.368561767409043356e-05
5.332602715079267914e-05
3.884541168316291333e-05
2.376346529342528570e-05
1.603206975512741310e-05
1.002335606731696186e-05
6.325832062684705127e-06
4.105950257985419949e-06
2.829729064240572353e-06
1.999777105082311867e-06
1.413363097836881214e-06
9.768361464263522868e-07
6.337507727075165772e-07
2.869908156751330700e-05
1.934486368699766320e-05
1.758002276047230367e-05
1.236828732829108076e-05
9.486687330075105291e-06
5.999524493624334986e-06
4.176613361099906304e-06
2.515842293761122327e-06
1.490972030036370716e-06
9.931587275410602633e-07
6.681605446002582991e-07
4.616245776154735751e-07
3.244214156752715933e-07
2.276051660874881527e-07
1.533308809934644296e-07
-1.176055655935155316e-06
6.473094187944397159e-07
4.857966358531433819e-07
-3.420970903195717716e-07
2.126674585698697394e-07
1.553713542512381074e-07
4.985818919461377996e-08
-7.878786504249727463e-08
5.704287629379617379e-09
4.756677357721340983e-08
7.215841150884871215e-09
8.669274818074701714e-09
7.256297363109964268e-09
2.730464116150575897e-09
3.005660400224482615e-09
1.676688584658010623e-06
-1.428326322577124341e-06
-3.295248860622493847e-06
1.320016090788711541e-06
-1.788143910823745807e-07
-3.724733498272872046e-07
-1.571747387993879582e-07
-7.862796559813140230e-08
-2.297021020499114897e-08
1.124684811956433947e-08
-4.047817684395120882e-10
-2.687338841465763786e-09
2.916217979734185700e-09
-3.718123248157416908e-10
2.744284668690760011e-10
-1.732602195746185798e-06
-5.590022112784563006e-07
-6.573311261009232134e-07
1.352810818591063248e-06
-1.050555061360927630e-07
-4.513875692169638664e-09
-5.114091399086579541e-08
1.059138055053871218e-09
-2.109546872696519477e-08
6.819893718051694909e-09
5.828784810762136434e-09
-2.884364759271507269e-09
-1.960549388071112511e-10
-2.819132391006021983e-10
-1.745027467153664089e-10
-3.528858056050847492e-06
1.228638918570962372e-07
-2.738328168861591546e-06
1.726216809750202656e-06
2.601200060457809110e-07
1.504870856054723129e-07
-1.476263381505850241e-07
-8.370056644852120734e-08
-2.408211208759076666e-08
1.447577544866093730e-08
1.809897418833794254e-09
2.686937021066642565e-09
-9.688340719828755795e-10
-8.317668236023062335e-10
-6.216361257829107760e-10
-1.537322583559392368e-06
-1.519993483285610645e-07
6.368555630363098126e-07
6.391280676155458396e-07
-4.110314201257991211e-07
4.748193778629756584e-08
-1.165463304683952135e-07
-3.296406199384618965e-08
3.880526621392199024e-09
1.200385736726805489e-08
-1.617901662945794804e-09
-2.801198051354856500e-09
-4.630943714492383496e-10
-4.076232581330635211e-11
-1.958178439219444698e-10
2.477812179442182585e-06
-3.767510453424675050e-07
6.989120693970209032e-07
1.847731627573405374e-07
-1.099831949845895380e-07
1.282199944705652338e-07
-2.368067505989712859e-08
3.566894885260428986e-08
-5.141936015063012821e-09
1.138268791717029903e-08
-1.301760468045333423e-09
2.439091947933755255e-10
6.331765312788397657e-10
-6.594002607080559936e-10
-7.412173212071600159e-11
6.456194869135491427e-07
-2.437663742693034258e-07
-5.097310187638438687e-07
1.984939949418840758e-07
-4.653628844784015605e-08
-7.253483407891995298e-08
-2.080910661270231336e-08
2.231871996704965366e-08
-2.951703815746785469e-09
-5.472719611817072840e-09
-1.922737673523549612e-09
1.548068372118637425e-09
1.295062367593158965e-10
2.761535168984076986e-10
1.921674193987970180e-10
6.278792510169936732e-05
5.788159813805201094e-05
5.031703222571706915e-05
3.849743952148984230e-05
2.787152100296775594e-05
1.957465000288548620e-05
1.225744006468715570e-05
7.842545503028809580e-06
4.867379055028640003e-06
3.111637014194143555e-06
2.013143638865528283e-06
1.359841287515245737e-06
9.548741136225556281e-07
6.705782765886196656e-07
4.595432467959068525e-07
1.284768652210920019e-05
1.511108685079191862e-05
1.338892882104983527e-05
1.002344659509302473e-05
7.165071937857608545e-06
5.224592000271330609e-06
3.258574657693237063e-06
2.110809806807210511e-06
1.364672629116483717e-06
8.469996308848423097e-07
5.386653647829343211e-07
3.565515883270762567e-07
2.469479365062472949e-07
1.734943708399581546e-07
1.199213894383530636e-07
7.660466484367038582e-06
-1.121388312182521547e-06
9.446643302298375467e-07
1.763965738598836184e-06
-1.220347569905065730e-07
-1.303278440440159520e-07
1.912923092870661618e-09
4.254392226759712555e-08
5.643996353861009878e-08
1.426166823044219773e-08
9.235755901260619013e-09
5.720484232446554686e-09
4.460232463242327362e-09
3.694107047174445394e-09
2.194226059337619828e-09
1.106217449432451585e-06
-1.588045314600606636e-06
-2.295339188142117866e-07
1.258428845252819872e-06
-6.981054408262320924e-08
-2.145705177181646046e-07
-1.499990468433906197e-08
-1.276939892019636226e-08
3.493584157253953439e-08
-1.262755612099953678e-09
5.317693284725146204e-09
-3.021488044661226477e-09
7.430734250877493410e-10
5.093024977657721992e-10
-1.035708635333026614e-10
-4.888282624146123696e-07
-1.880697502185240273e-06
-2.369961616751108014e-06
3.552415152408910746e-07
-2.982162451382253119e-07
-4.065089246122915497e-07
6.288397307752284140e-08
3.163157112568152500e-08
1.385241060344812960e-08
3.476872821892561074e-09
-6.131202877092381659e-10
5.189605526392317284e-10
-7.910574477692596031e-10
1.887117763015199005e-10
-2.008070684643629009e-10
1.561071661249298928e-06
2.090906550332014369e-07
-9.991882241938557244e-07
7.909660782668113635e-07
2.163253404754656551e-07
-2.424268718481251031e-07
-1.882851718089000465e-08
2.407540312051409901e-08
2.497080005585752964e-08
3.773107217995355118e-09
-1.855795799342519468e-09
-7.831384255134952791e-10
-1.238452578278270616e-09
-6.770496655697464038e-10
-2.198053683534918120e-10
-1.837785532300319276e-07
4.910320726282844874e-07
5.992855149051454369e-07
2.785971975731923336e-08
-1.675727287351647306e-07
-6.211834950842822731e-08
5.274958504495813575e-08
-1.502374494131830933e-08
-3.781644572528573746e-10
-5.546448634765358463e-09
7.306178395173504523e-11
-7.081951531346470461e-10
2.334525921574477834e-10
-1.929176379572778641e-10
-1.383636682861441582e-10
1.205124393249834785e-07
2.965815601412014714e-07
-4.018579433654591175e-07
1.043636438284405304e-07
-4.231762425420080926e-08
1.377266520466066591e-08
2.519134128038518358e-10
-2.503773629261246575e-08
1.916878560783898282e-10
-8.526846917092603774e-10
5.027952936452611602e-10
-9.748973838397595060e-10
-3.923227547391138679e-10
1.823461114909535425e-10
5.816191457489967883e-11
4.399361831012098912e-05
4.074184588186061768e-05
3.469344288781381314e-05
2.566904988096897509e-05
1.973560861717065830e-05
1.528346639903600235e-05
9.392864268859747626e-06
6.179704126198264399e-06
3.865358156705221545e-06
2.377246502900114171e-06
1.489851060018825569e-06
9.696295539366121351e-07
6.531917866024566386e-07
4.547490227597276384e-07
3.179255568149123080e-07
1.169511341783953831e-05
1.086314398013270983e-05
9.296372217429296585e-06
7.626222084604510469e-06
5.558113981168800101e-06
4.403287165572737180e-06
2.561288703992572836e-06
1.759136993471240493e-06
1.109001732475751540e-06
6.831220043381532959e-07
4.147592947533081391e-07
2.674750820321187590e-07
1.764483062562018350e-07
1.212960299468496414e-07
8.441266191811280628e-08
-5.346288155494239571e-07
8.649883665627525109e-07
1.762561993384834919e-07
9.642378343566394520e-07
3.368087651754395582e-07
3.327168391930421958e-07
-8.835157158686347030e-08
4.009013577975766347e-08
3.181018265718243353e-08
2.249835916841556684e-08
1.014417400492748241e-08
5.738288795113328863e-09
5.106972965708916190e-09
2.629646866724742618e-09
1.632576862218585085e-09
-1.141252874713598075e-06
-2.169831693331432023e-07
-1.874031133574194252e-06
-1.707359197959692467e-07
-1.012559887826002756e-07
1.555745690431042494e-08
9.224793316447867259e-08
-6.352459376443082432e-08
-4.009864684215722072e-09
-1.944967503572368263e-09
-3.873022191702418729e-09
2.021763928456901792e-09
6.964823669534787788e-10
5.112584575685320740e-10
3.229840112356722102e-11
-3.702738646448076234e-07
1.355441333014623479e-06
-8.677565097765769304e-08
-1.504154514438985302e-07
1.090966593958628939e-07
-8.315776776347449473e-08
-1.119639627925295902e-08
4.356881894901581283e-08
1.225642588077741028e-08
1.439616544129505163e-09
-1.942249310285563030e-09
-3.448681516018543836e-10
-4.442230541813587392e-10
-3.877188444203053179e-10
-2.565755961911950162e-10
-2.148290457466180403e-07
1.033280444182040213e-06
1.233511289441617571e-07
-2.792864820466944432e-07
-7.670099929092277258e-08
1.086331043949586097e-07
6.517468008194745171e-09
-1.060492796440194473e-08
-5.822863049289088340e-10
-7.738557328816057733e-09
-4.251484852762997259e-10
1.617996677035332875e-10
1.926273509350661802e-10
5.848970361604292880e-11
3.906017537733233977e-12
-6.520542072923006211e-08
5.641543758487315867e-07
1.156068198470846719e-07
-7.641698812358722703e-08
-1.172272694116113374e-07
2.775901688405423854e-10
-2.688984144732321160e-08
-9.089628794812640986e-09
-4.646052668217815590e-10
-2.992007979439320011e-09
8.048167442713608912e-10
-2.671294696157988041e-10
-1.244984324694530016e-10
4.033171992880045677e-11
8.205889772810735400e-12
2.435631331530873438e-05
2.721182985349947315e-05
2.229439263229435994e-05
2.030123865642808638e-05
1.429864123503839639e-05
1.124666316056653419e-05
7.499487337935481038e-06
4.818641429451137533e-06
3.020826923769821540e-06
1.876954754013953566e-06
1.157858151294179925e-06
7.320613339684335971e-07
4.768406948593671795e-07
3.221899178408458664e-07
2.237126743017232951e-07
6.802924715981015444e-06
5.894944105252304320e-06
6.319757678944412977e-06
5.486146176509982953e-06
3.681829439783988931e-06
2.981738893865187112e-06
2.050726127492178791e-06
1.267719832712889926e-06
8.505128390148157037e-07
5.185059380204707062e-07
3.161171972878391043e-07
1.999069359404336760e-07
1.282169994371315346e-07
8.441548966582573852e-08
5.841075079614052684e-08
5.204897190121888145e-07
-8.732481111789556065e-07
-1.108733201827540304e-06
5.596202973652107983e-07
8.358269314244699930e-08
2.559386912189666233e-08
5.991938436401259310e-08
-7.488260427259843206e-08
-1.436176225138009226e-09
1.771602116516641004e-08
3.196206120716603266e-09
4.358807537871358607e-09
2.052159710409247427e-09
9.735554710969527273e-10
1.089562569397305020e-09
-1.686387376781921537e-07
6.599910393651280899e-07
-2.012978416502188988e-07
3.917322124069825541e-07
-1.449348605935547004e-07
5.859347345211524659e-08
3.086416540424624308e-08
-9.557936870402124441e-09
-7.134437206546925232e-09
3.335696373193442973e-09
2.991651987906386097e-10
5.653630934079760716e-10
3.792249924719942816e-11
-1.854078562341434624e-10
-1.019709557828016100e-11
3.701454047375554408e-07
7.351045374070700635e-07
-2.944771416839082510e-07
1.266267692753100555e-07
-2.873115135580792303e-07
6.067586841676914592e-08
9.509174715053453410e-09
2.363190678956592012e-12
-1.475877612535930926e-08
4.842337235685474479e-11
1.174134240928143202e-09
8.014918353951087090e-10
-3.512699148887668017e-11
1.738568935544452747e-10
-1.201692574777246318e-10
-5.589733557920454503e-07
6.162347289509419247e-08
-1.812055763475941167e-07
1.264272015364835230e-07
-9.203296046679800579e-08
2.359786268627142716e-09
-1.813768422210879931e-08
-5.569998890879450378e-09
2.546596871820549038e-09
-4.009158759977026399e-09
-2.144906295256334511e-09
1.125621327410622572e-10
-1.353124306249718815e-10
-5.691674443856250442e-11
2.067860936277742671e-11
1.584394061701144203e-05
1.683806285052015818e-05
1.807068483626073717e-05
1.496988961336685244e-05
1.097795946271629625e-05
8.003862285304956447e-06
6.206908140758651955e-06
3.748480612291972425e-06
2.448657102414498094e-06
1.511512642599388640e-06
9.031128453129808862e-07
5.572950523943832966e-07
3.524847518591147799e-07
2.288392592207822496e-07
1.557827904627136829e-07
4.273010071992962541e-06
3.614951947776990498e-06
4.581844148508078702e-06
3.937819289563031060e-06
2.959304380363790476e-06
1.787363747761830458e-06
1.587761739566446805e-06
9.699183942939945911e-07
6.210278837597172903e-07
4.025963690256875736e-07
2.319643158822870967e-07
1.426829486960881865e-07
8.761831784883018832e-08
5.623037577090104198e-08
3.758789832059899208e-08
3.838860213418936762e-07
6.486437112470339614e-07
-6.358840409563080766e-07
1.617969133599467617e-07
2.165748538645269188e-07
-1.975957029214264967e-07
1.520345959029958163e-08
-1.877121945185918879e-09
7.393100535111314154e-09
7.441426073552737510e-10
-2.537753294202812693e-09
3.376945517408270990e-09
7.696929501812572606e-10
4.018480798110763332e-10
5.221920558384090585e-10
-3.269661315074393629e-08
2.249348595313812889e-07
1.700207863149024998e-07
3.362081605363331228e-07
-1.362265764608855456e-07
6.161173683996509718e-08
7.316571109061208608e-09
-2.683028096544250789e-08
-7.674527964945408458e-09
7.883518497693787804e-10
1.070227618554452332e-09
3.816811400541086557e-10
3.716457150730992357e-10
-2.530364863252679284e-10
-5.205343791531122420e-12
5.806462848050772693e-08
2.562233400800153313e-09
6.363122521534636573e-08
-6.646486929632516703e-08
-5.057987094579330815e-08
3.954660640418526618e-08
-5.883190899326888504e-09
-6.820504513469884739e-09
-6.939416703899812267e-09
2.282703635908678734e-09
1.926286504412554854e-10
2.260673412353642243e-10
-2.361962655129525646e-10
3.034929708076887984e-11
-2.184516622289941497e-11
9.802676810435148483e-06
1.044674747362222957e-05
1.108320186335547232e-05
1.029630107902546117e-05
8.119537521766122652e-06
6.034662046710548594e-06
4.614306023728854438e-06
2.993758310679109300e-06
1.960359277120533513e-06
1.192958133314523358e-06
7.074492209173499447e-07
4.264762628896643116e-07
2.595509291200718964e-07
1.642021398466572665e-07
1.077789714652306915e-07
1.911557530722732913e-06
2.112707106369136807e-06
1.669271983672739571e-06
2.348765402500209303e-06
1.708853412599897368e-06
1.120409791393233294e-06
8.282797503104384179e-07
6.140114657310434823e-07
3.946219049901128468e-07
2.367467688517897531e-07
1.403235614494055348e-07
8.681643843788912915e-08
5.141841571002130577e-08
3.213105536833497636e-08
2.065116651677853409e-08
-3.363284338603580211e-08
1.590063373302622947e-07
-7.211852714296581102e-08
1.636476112249361131e-07
-4.271127232829046721e-08
-7.542425250984008385e-10
-1.350901642239244490e-08
-1.138362919277909093e-08
1.218480596077026192e-08
-3.966549188426177658e-09
2.083249774978651035e-09
1.019290652202295489e-09
1.784032900403479559e-11
-4.725459625968477325e-11
1.060159989147571994e-10
6.888639590586494649e-08
3.559841199621868396e-08
1.386099211178596580e-07
-7.346501901669333112e-08
3.378694808978402337e-08
4.459138869523118653e-08
-9.807110238232795926e-09
7.208286595041492582e-09
-3.303965456578050335e-09
-1.822267382898747200e-09
4.571044901765912710e-10
-3.585813269909292031e-10
-6.196466532089207495e-11
-6.646030369222702737e-12
-9.691846168619438503e-12
4.815586371665632274e-06
6.626864735563987260e-06
6.551386502410343443e-06
6.629066376550881202e-06
5.243982440695842583e-06
3.824782985238111764e-06
2.911245202658110333e-06
2.149747631567317706e-06
1.302744846553222080e-06
8.010155582895070094e-07
4.889602296924247008e-07
2.941504148501590181e-07
1.749334303386256871e-07
1.062095237298367668e-07
6.717229747681230906e-08
5.673099309944809222e-07
9.912362006973570973e-07
6.304963033477914871e-07
7.151217074804658987e-07
7.217527333384322013e-07
5.281125266746407652e-07
3.253627167900244026e-07
2.882057510353291124e-07
1.785524677168893753e-07
1.114468948711142970e-07
6.693862276699720774e-08
3.859088830643266638e-08
2.305405358726007164e-08
1.363307885156903742e-08
8.402607330665442915e-09
-8.855330782684145610e-08
-3.809935910541053169e-08
6.148835925681919818e-09
-4.000170013125036919e-08
7.255285909322290361e-09
2.526046506216998018e-08
4.505040135063776729e-09
2.354273970041309071e-09
3.873964856477969661e-10
-1.942653430890246397e-09
6.599213309667809502e-10
4.531795150643981727e-10
-2.718751673356286411e-10
9.123883760990788621e-12
5.118277656987342596e-12
2.279736806857343309e-06
2.821877171680183466e-06
3.103987071610477033e-06
3.010353428647737160e-06
2.667677983152822278e-06
2.171680558328262418e-06
1.557183653458956955e-06
1.259477508521789142e-06
7.593821580302030318e-07
5.057644507092062801e-07
3.008693827165579525e-07
1.745221008862779670e-07
1.010477435968059416e-07
5.931452390165004419e-08
3.549077476914060216e-08
2.601594073251608486e-08
6.045492874439495864e-08
2.012742797423913035e-07
1.165298262159188521e-07
2.081950896944813053e-07
1.468129962657216384e-07
8.950878711119003411e-08
7.551035529870022293e-08
4.504206678060890324e-08
3.102284338068607283e-08
1.727976680295111738e-08
1.103799823582879096e-08
6.121558732443687191e-09
3.502856158341701701e-09
2.037613409117097657e-09
4.888633987585729449e-07
6.845749184621438703e-07
7.627517421622936206e-07
7.882133798297180754e-07
7.513392051273047420e-07
6.473601842162931721e-07
4.748993028856476506e-07
3.692320526336834636e-07
2.622587534374115165e-07
1.601374292031379769e-07
9.626801486826273951e-08
5.700989964294875932e-08
3.231272661855531063e-08
1.848766712768131922e-08
1.048060775218616181e-08
