# rs_dv
inf
1.644385024928407102e+00
8.275833878276248612e-01
5.553951802051061426e-01
4.193595281136839326e-01
3.377842260719093881e-01
2.834385160709818607e-01
2.446520559538735984e-01
2.155896614552514912e-01
1.930095534910578892e-01
1.749666570166508450e-01
1.602231913596442181e-01
1.479539653303797164e-01
1.375876899196183389e-01
1.287162997882322912e-01
1.210405461117072812e-01
1.143359920613536418e-01
1.084310098365925401e-01
1.031921119788708485e-01
9.851391486413108023e-02
9.431211311222856275e-02
9.051846127534779463e-02
8.707712412687146353e-02
8.394197902132989608e-02
8.107459263926504456e-02
7.844268329047494881e-02
7.601893804961265544e-02
7.378009273176987237e-02
7.170620899921406610e-02
6.978010101701472012e-02
6.798687676388137646e-02
6.631356810933264345e-02
6.474883024050567815e-02
6.328269572896079442e-02
6.190637198889081122e-02
6.061207344921685364e-02
5.939288169034932785e-02
5.824262825564796575e-02
5.715579596125345413e-02
5.612743538460990972e-02
5.515309387589856921e-02
5.422875495477020441e-02
5.335078636189646839e-02
5.251589535677996662e-02
5.172109010933647472e-02
5.096364623762296431e-02
5.024107770886532265e-02
4.955111145416703222e-02
4.889166515552931941e-02
4.826082775218068499e-02
4.765684228567667463e-02
4.707809076290654648e-02
4.652308076549323268e-02
4.599043357504174756e-02
4.547887361783511939e-02
4.498721906113209434e-02
4.451437341719018115e-02
4.405931803132065450e-02
4.362110534733655565e-02
4.319885285820593279e-02
4.279173766200859014e-02
4.239899155376758433e-02
4.201989659267994087e-02
4.165378109194643047e-02
4.130001598499562915e-02
4.095801152758129365e-02
4.062721430014004653e-02
4.030710447904649329e-02
3.999719334908919538e-02
3.969702103269930060e-02
3.940615441425628085e-02
3.912418524023757171e-02
3.885072837811331947e-02
3.858542021876105316e-02
3.832791720881931208e-02
3.807789450084735072e-02
3.783504471043465378e-02
3.759907677053084263e-02
3.736971487426422184e-02
3.714669749840115998e-02
3.692977650038263560e-02
3.671871628257177000e-02
3.651329301796738674e-02
3.631329393219149410e-02
3.611851663705393373e-02
3.592876851143859962e-02
3.574386612565198795e-02
3.556363470572942304e-02
3.538790763451329924e-02
3.521652598660361677e-02
3.504933809453946586e-02
3.488619914380183817e-02
3.472697079443833740e-02
3.457152082729928605e-02
3.441972281304605391e-02
3.427145580224760790e-02
3.412660403502149054e-02
3.398505666880316523e-02
3.384670752294310220e-02
3.371145483893650541e-02
3.357920105518623355e-02
3.344985259528662075e-02
3.332331966889546387e-02
3.319951608433406587e-02
3.307835907212169912e-02
3.295976911871101311e-02
3.284366980974679634e-02
3.272998768222112193e-02
3.261865208494459795e-02
3.250959504679582640e-02
3.240275115225097619e-02
3.229805742373080546e-02
3.219545322088061129e-02
3.209488009377663847e-02
3.199628174459105689e-02
3.189960389294517473e-02
3.180479419639749283e-02
3.171180216566884397e-02
3.162057908424339980e-02
3.153107793208560078e-02
3.144325331323104961e-02
3.135706138702450824e-02
3.127245980279454857e-02
3.118940763776655370e-02
3.110786533802999132e-02
3.102779466238679215e-02
3.094915862891921277e-02
3.087192146412581079e-02
3.079604855448324699e-02
3.072150640030103796e-02
3.064826257174434881e-02
3.057628566690756902e-02
3.050554527182866918e-02
3.043601192234096295e-02
3.036765706766507075e-02
3.030045303564983875e-02
3.023437299957617078e-02
3.016939094644286584e-02
3.010548164665845933e-02
3.004262062506709435e-02
2.998078413324109168e-02
2.991994912297625542e-02
2.986009322092989318e-02
2.980119470434485288e-02
2.974323247780600102e-02
2.968618605097857882e-02
2.963003551728067217e-02
2.957476153344477943e-02
2.952034529992545939e-02
2.946676854211319196e-02
