# lsst_theory
2.519709981421727526e-09
1.700362653626514825e-09
1.125644191142252782e-09
7.480067544111073790e-10
5.032170420302376715e-10
3.393650446258395737e-10
2.325778407724485336e-10
1.604520375027166186e-10
1.099627990256077356e-10
7.376689808059073396e-11
4.775733270366699503e-11
2.958597207774106994e-11
1.755678262454906877e-11
1.001122882809059282e-11
5.509651236362389936e-12
4.222598288056942309e-09
2.845792378696804042e-09
1.875225579814878740e-09
1.216578527989483152e-09
7.977702797756399074e-10
5.356863381981450990e-10
3.652457709745723908e-10
2.545723336545460046e-10
1.781151522054367876e-10
1.226490113753103412e-10
8.143117910909102094e-11
5.129930209827795954e-11
3.050678078514341882e-11
1.717143842405769879e-11
9.241895864493988806e-12
4.295708090170615739e-09
2.840755582974800574e-09
1.843070455872783272e-09
1.171153174951773108e-09
7.518723611899022864e-10
5.063725544957501687e-10
3.470018445926777995e-10
2.455468292685987212e-10
1.744150055784499961e-10
1.214826146765441214e-10
8.101436749716772472e-11
5.074046731541788309e-11
2.960355763253654048e-11
1.611485060972654064e-11
8.293636031421219642e-12
4.362799745968515040e-09
2.858033209405776540e-09
1.839442875092983885e-09
1.155714530028178373e-09
7.332425499078897468e-10
4.944969002834145594e-10
3.398113111504518763e-10
2.424420906847258904e-10
1.736364737198342119e-10
1.217031170627631432e-10
8.137620555373821954e-11
5.083046626569997512e-11
2.936495614718532643e-11
1.569450887344097022e-11
7.868237445880031218e-12
4.420986539387799023e-09
2.873229366699693594e-09
1.836520110417210934e-09
1.142516080412192383e-09
7.172878678535383111e-10
4.843405429911495436e-10
3.336624611171103249e-10
2.398019022285543082e-10
1.729893633491087495e-10
1.219094286740372485e-10
8.169911545864326630e-11
5.091487408422693342e-11
2.916255716155770079e-11
1.533290094747424234e-11
7.501251419016964850e-12
1.422920282489011413e-08
1.032897551945831037e-08
7.260825029756665412e-09
4.983331916991546043e-09
3.312633048404142474e-09
2.164346625071200436e-09
1.419295604501243193e-09
9.429952362595805113e-10
6.385605700418313209e-10
4.387753734684914148e-10
3.014023363640210610e-10
2.031977461034246258e-10
1.324490655021962023e-10
8.249416721967547887e-11
4.890396055700347397e-11
1.788217152470586094e-08
1.312677575158700342e-08
9.293563067463864796e-09
6.435357643732071242e-09
4.303652910531796958e-09
2.790289940706254282e-09
1.826209108894313062e-09
1.201876645488205550e-09
8.091225642647787565e-10
5.547219445817382977e-10
3.821975662188834022e-10
2.598398807723594110e-10
1.714537863137945208e-10
1.082228183480078605e-10
6.490292847320005653e-11
1.980760161134026882e-08
1.455705019139534669e-08
1.030460055379617289e-08
7.144424420502092291e-09
4.777722258091693144e-09
3.079282840995587115e-09
2.012835010823431573e-09
1.320338573818160709e-09
8.886458044494921260e-10
6.099914695760770839e-10
4.215687712312726870e-10
2.878626714929423360e-10
1.908274856487058657e-10
1.208887024650951684e-10
7.260843459282461174e-11
2.149054509183523361e-08
1.581231543198308482e-08
1.119538375687902528e-08
7.770627610371173291e-09
5.197466100107740110e-09
3.336713578208615451e-09
2.179115993326994810e-09
1.426011005527422301e-09
9.593707894060170812e-10
6.589874461001277861e-10
4.563588536110172691e-10
3.125680710148743270e-10
2.078947295023611858e-10
1.320589350870102949e-10
7.942493664347746147e-11
2.700283086637287573e-08
2.082957255762499437e-08
1.526315513267358182e-08
1.085870940758875826e-08
7.500043307114302414e-09
4.955872321787575524e-09
3.211009219154107630e-09
2.087192209819505290e-09
1.371534177463889189e-09
9.186866254811004641e-10
6.243040751230607571e-10
4.249422358799119930e-10
2.854595150282173280e-10
1.861270890318799553e-10
1.163460039475532703e-10
3.242467895901215617e-08
2.544261791291506923e-08
1.885922258371670329e-08
1.352202595993274617e-08
9.423263139113634526e-09
6.274589442836464285e-09
4.046190861672407585e-09
2.626342463432772296e-09
1.711225776412185273e-09
1.137969016716401019e-09
7.698395034855505525e-10
5.239760659515393914e-10
3.537837995574204398e-10
2.328835843966107979e-10
1.473508288024516606e-10
3.693114038390593730e-08
2.924138457775039705e-08
2.179001967087826932e-08
1.567463220383572414e-08
1.097016814612334506e-08
7.327946729466650715e-09
4.705534099854954342e-09
3.052410633407978254e-09
1.979044797106768823e-09
1.311781143205600846e-09
8.860763962511329827e-10
6.036851672279347554e-10
4.090960386143633925e-10
2.708287212537470767e-10
1.724738566556735818e-10
4.269656316605794869e-08
3.488542180701236391e-08
2.676237183950080686e-08
1.964857572927233190e-08
1.395710311547306711e-08
9.531232442529726855e-09
6.222597867902478645e-09
4.009831132015340637e-09
2.582747841342566136e-09
1.686674898771480493e-09
1.120158073401741466e-09
7.530904373964543237e-10
5.075226257249776195e-10
3.374561635543289147e-10
2.180411720606169928e-10
5.164725535382344090e-08
4.314884924993912666e-08
3.371829051246603488e-08
2.506727239639738313e-08
1.797136024546400203e-08
1.241416306865901687e-08
8.169504685263151020e-09
5.237312784918063501e-09
3.362658977312190805e-09
2.176124120115656268e-09
1.431493994025133835e-09
9.560135302217812861e-10
6.432838262606883473e-10
4.296094175534566697e-10
2.803117253389169576e-10
6.828749963570687413e-08
5.965664866785253369e-08
4.873265302334378690e-08
3.758286388584173285e-08
2.764488848701583153e-08
1.953017225415941782e-08
1.325946232622910638e-08
8.576941629574998302e-09
5.478027280392854786e-09
3.488968404334339665e-09
2.244069264214790966e-09
1.463610596412682768e-09
9.674576616872852939e-10
6.416998839797139405e-10
4.213459015888900696e-10
5.013312495968040962e-07
3.481782102730281567e-07
2.337958778520608174e-07
1.530536514801458604e-07
1.005429211527550404e-07
6.627168816462805895e-08
4.458856889104232846e-08
3.072733402607127216e-08
2.152052673830024339e-08
1.502514131104370251e-08
1.022029368471578596e-08
6.645343711030041190e-09
4.098666819709742501e-09
2.399091638446002357e-09
1.342269276043805085e-09
1.575888270225809702e-06
1.135893403561696027e-06
7.956777488342014821e-07
5.366586663650047818e-07
3.498610409318243315e-07
2.282166081751355419e-07
1.491206344450932332e-07
9.964764265382641781e-08
6.842337787505565031e-08
4.783253064427144240e-08
3.335051203067837061e-08
2.264405284304841246e-08
1.470658892518540493e-08
9.045101805960567827e-09
5.274555546117373706e-09
1.885040554129262623e-06
1.364695936954051867e-06
9.606944809817175987e-07
6.508091089007107842e-07
4.241526775632598296e-07
2.764671750247755114e-07
1.800737808395512617e-07
1.198815271994542552e-07
8.207017848142964174e-08
5.733037160683648615e-08
4.005819439622619313e-08
2.732308902703024853e-08
1.784861007329161817e-08
1.103997530910853604e-08
6.468306058705915839e-09
2.067846039804302844e-06
1.499943771785066443e-06
1.058216423516920336e-06
7.182406697900317554e-07
4.680243785828188375e-07
3.049626600897797352e-07
1.983555176088156257e-07
1.318345959645771145e-07
9.013435210857244298e-08
6.294433378873223988e-08
4.402338805380196560e-08
3.008872832555986443e-08
1.970516090179408536e-08
1.221819875049125788e-08
7.173071080540786466e-09
2.225786943759795862e-06
1.616795660282324398e-06
1.142473135137775761e-06
7.765008646807671120e-07
5.059290897520169822e-07
3.295824289579183846e-07
2.141507352212422674e-07
1.421619256913320841e-07
9.710170986032729623e-08
6.779474096541490964e-08
4.744926828732908995e-08
3.247818960183274995e-08
2.130917852238994425e-08
1.323615969241701016e-08
7.781976748399474835e-09
-7.569736248972044542e-08
-6.293199469481116280e-08
-4.743041546927051848e-08
-3.570027306592990105e-08
-2.601858211339490992e-08
-1.635717460471970553e-08
-1.066989647523987105e-08
-6.693189914216413312e-09
-4.226004212959838786e-09
-2.747380730679934836e-09
-1.857328787995307543e-09
-1.300593107557444376e-09
-9.239120336867799862e-10
-6.423017761995999602e-10
-4.230393408934716689e-10
6.210885420136211534e-07
4.970205233700380734e-07
3.720051224763096491e-07
2.774782122689543943e-07
1.936151490714885896e-07
1.235693987466563674e-07
7.929783148362150356e-08
5.007460487183212929e-08
3.202820354951238219e-08
2.118295486864356061e-08
1.456021098376698127e-08
1.028182692222607846e-08
7.265316099468671172e-09
4.961684610590986048e-09
3.193683215108021960e-09
1.090838076234253369e-06
8.842188773245028901e-07
6.644533144714446699e-07
4.963257102914510144e-07
3.509696916784054325e-07
2.238269954175131456e-07
1.444576880549290166e-07
9.094016064451286578e-08
5.793319341264572425e-08
3.809726525839594571e-08
2.603258408701645434e-08
1.831514966542144690e-08
1.294777221330700312e-08
8.886118609331938052e-09
5.763633323766089412e-09
1.347085550104707545e-06
1.094881274811503869e-06
8.234353294589153208e-07
6.152716527241565645e-07
4.362765454737492333e-07
2.781890631446663128e-07
1.797419963071571831e-07
1.130842402609532146e-07
7.198156946903451597e-08
4.727996265569016156e-08
3.226802901103075867e-08
2.268473422891819678e-08
1.603849556741062928e-08
1.101862019668493867e-08
7.158057339951445048e-09
1.568452990892243370e-06
1.276867163360555671e-06
9.607749271592173907e-07
7.180244186022757945e-07
5.099698932251785628e-07
3.251497104432049902e-07
2.102224755311634463e-07
1.322134842362679586e-07
8.411733116004005385e-08
5.521252159421940298e-08
3.765461197180427571e-08
2.645948964269201841e-08
1.870848665097476447e-08
1.286082169511113715e-08
8.362646767645528562e-09
-3.503737441665031019e-08
-3.099268852359698791e-08
-2.419211637932144410e-08
-1.812024671975594535e-08
-1.364972490225432339e-08
-9.026026495969399744e-09
-5.889357111241493221e-09
-3.654441988221532339e-09
-2.290099681076776162e-09
-1.459027265003404048e-09
-9.606647149788091663e-10
-6.570294246133284022e-10
-4.620751104123225002e-10
-3.245858536081241265e-10
-2.199082781161963816e-10
1.076278222360924400e-07
9.330972141087199242e-08
7.165434407435521702e-08
5.354554275703309075e-08
4.021008836935560772e-08
2.580423370488896898e-08
1.711825365153121433e-08
1.051926777504990414e-08
6.603447788869828361e-09
4.235574155021560965e-09
2.815782944225454294e-09
1.944424609680227126e-09
1.375518504536863107e-09
9.654508490692969818e-10
6.489099856327939143e-10
5.910615086596447658e-07
5.343302142897732829e-07
4.245340305785462252e-07
3.187278287461785922e-07
2.405940984935333305e-07
1.642828814146015655e-07
1.051508553397436609e-07
6.590708522672061039e-08
4.126995402320402111e-08
2.613217236094976351e-08
1.704140865156207658e-08
1.153992853016702694e-08
8.065100426639381734e-09
5.669018652985114006e-09
3.872166546581587626e-09
8.543788611629322954e-07
7.753824115932729503e-07
6.180839046044245133e-07
4.643287072505145974e-07
3.505706243982702684e-07
2.406794221079684075e-07
1.535942751078826264e-07
9.649066323627362887e-08
6.039564836259132662e-08
3.819621086234536483e-08
2.486594852259587201e-08
1.680800292006509213e-08
1.173262741848388209e-08
8.246862350275031887e-09
5.640506569498407000e-09
1.079960550215809675e-06
9.817940429870325150e-07
7.837463194517345307e-07
5.889335446646427306e-07
4.446902481444172050e-07
3.060192418969303177e-07
1.950383371335344868e-07
1.226442548358194663e-07
7.675291042258147190e-08
4.851589400121128533e-08
3.156060113508666306e-08
2.131644310751478471e-08
1.487189369688288232e-08
1.045349598082506532e-08
7.153998223794261586e-09
-2.789873245749106637e-09
-2.635282987411661188e-09
-2.173974443040218816e-09
-1.644860819802176011e-09
-1.241695540032051127e-09
-8.992385546333667346e-10
-5.569665278140721864e-10
-3.588911226830395852e-10
-2.236084983097541070e-10
-1.398015108623140530e-10
-8.952065844106588258e-11
-5.943066766442061232e-11
-4.096212334585877142e-11
-2.876570795340974536e-11
-1.992616025082635437e-11
-3.520535591988558327e-08
-3.507232021165394001e-08
-3.063611857301470681e-08
-2.381607987108973680e-08
-1.782944097085343945e-08
-1.358056373311150146e-08
-8.532448095621639187e-09
-5.712455005772493551e-09
-3.490908877172356973e-09
-2.141704457447612389e-09
-1.339340673202397415e-09
-8.643382994916809816e-10
-5.807577387677143326e-10
-4.029073485168391473e-10
-2.814418190110115409e-10
2.547053955325474085e-07
2.479437079752521717e-07
2.112984880594823996e-07
1.622858642680671453e-07
1.219107480940941882e-07
9.106991488972414888e-08
5.668207264077905550e-08
3.744677274150921660e-08
2.306378143098351269e-08
1.425024566245670304e-08
8.998168496087235211e-09
5.876080000871126071e-09
3.991607345671955304e-09
2.784633992780632066e-09
1.939114427431053733e-09
5.204056230119557546e-07
5.105379083511398368e-07
4.390503098140822141e-07
3.390490400572262013e-07
2.544561211795368134e-07
1.910711437152761717e-07
1.199724898613999868e-07
7.932316219673813938e-08
4.872711070168674441e-08
3.006777536313173244e-08
1.891924684750447449e-08
1.229755325112794617e-08
8.316311274199219055e-09
5.786138204255900379e-09
4.031252643478027592e-09
7.342327663743476462e-07
7.216156994809104612e-07
6.218735288925887438e-07
4.808295041299527467e-07
3.607855236472326474e-07
2.712343350819974774e-07
1.706413821014063429e-07
1.128439425119515863e-07
6.927862682984477046e-08
4.273678686403017087e-08
2.686961770843200516e-08
1.744692164994141543e-08
1.178654570757249841e-08
8.195564527165494294e-09
5.710573809433240115e-09
-5.226975383752887831e-11
-5.215646015661330675e-11
-4.570461511941887871e-11
-3.565412604844254473e-11
-2.669241403139716329e-11
-2.029200592483176786e-11
-1.290090390546052812e-11
-8.590521429599960320e-12
-5.244457452355178481e-12
-3.221889682477679144e-12
-2.012465465517560542e-12
-1.296305689112842747e-12
-8.691354302506706603e-13
-6.018088424237347106e-13
-4.199916366276753864e-13
-1.636168535934578367e-08
-1.677513723384909463e-08
-1.520397501740882364e-08
-1.216540508376578490e-08
-9.111587437582737682e-09
-6.955807482996785750e-09
-4.680223784654571033e-09
-3.027581254424468729e-09
-1.848574366279809773e-09
-1.141191176127971016e-09
-7.068094967355894170e-10
-4.479530735703004471e-10
-2.949728361373579152e-10
-2.015153041018241459e-10
-1.402466080828393341e-10
4.712304970832077733e-08
4.781734452659063029e-08
4.274565130569069235e-08
3.377838862040683150e-08
2.523031639865976215e-08
1.930006979373665112e-08
1.263435654763717629e-08
8.329265779739203542e-09
5.037796924024591483e-09
3.107914729820744638e-09
1.931207554395764373e-09
1.232554039114378926e-09
8.185349773525474663e-10
5.632069609311778587e-10
3.931630742684583335e-10
2.926997758742907304e-07
3.033722215900267987e-07
2.789313947349432224e-07
2.261153591030309325e-07
1.698613902428408520e-07
1.293137498110616866e-07
8.947929930933797032e-08
5.672356623101960014e-08
3.498928634282263750e-08
2.161668519175073605e-08
1.335317373101037546e-08
8.404893792852963350e-09
5.487225759054593374e-09
3.721014454536887062e-09
2.581088745786596567e-09
4.899164499256266118e-07
5.088827265708061098e-07
4.692243648097162394e-07
3.813815287634471820e-07
2.867019985109036333e-07
2.181310904571580466e-07
1.517391204297113731e-07
9.584126319791041827e-08
5.925884350148232373e-08
3.660982120376906915e-08
2.259875002072989635e-08
1.420488333661793212e-08
9.258009457938725095e-09
6.268555976412124765e-09
4.345010498226819476e-09
-2.300716668956372183e-13
-2.388314704483418920e-13
-2.198696733689494156e-13
-1.781753566564991402e-13
-1.336134039614336796e-13
-1.018870857010027490e-13
-7.057552986436817610e-14
-4.473922899618282872e-14
-2.740504572619354167e-14
-1.697472743659210205e-14
-1.049897255406781473e-14
-6.608342451658926330e-15
-4.314730515216050572e-15
-2.927594758094980826e-15
-2.032958935126376305e-15
-1.353350577395946286e-09
-1.434428464915551544e-09
-1.357958759097082927e-09
-1.131147490944938617e-09
-8.564501073872259050e-10
-6.473982288786566241e-10
-4.718756715839881863e-10
-2.885598520959236137e-10
-1.827105540871391654e-10
-1.127492795092309343e-10
-6.914757827337298128e-11
-4.294323192475693136e-11
-2.756225753235764222e-11
-1.840176516614854171e-11
-1.266297020246946878e-11
-1.507101539376132246e-08
-1.642819971910785137e-08
-1.615529348501018763e-08
-1.401673418387746770e-08
-1.083856497819994508e-08
-8.090592431116840802e-09
-6.200322801063204618e-09
-3.747870869644172287e-09
-2.492828958938590255e-09
-1.522311147705508146e-09
-9.131923317110324706e-10
-5.562074237230522249e-10
-3.486028880247663336e-10
-2.269424303487404973e-10
-1.533914370473631425e-10
1.338343046800628449e-07
1.441929472130350521e-07
1.396012240999030883e-07
1.191314901725538865e-07
9.132758438842905561e-08
6.851297550084755234e-08
5.151302437408484229e-08
3.123432485539879159e-08
2.038928444965884787e-08
1.250217811211962261e-08
7.565411230331955992e-09
4.643173209324251584e-09
2.937590813804550304e-09
1.931901225821192958e-09
1.315461288716472407e-09
3.183048583131306948e-07
3.442866487254894746e-07
3.351407333818339102e-07
2.877718582788192170e-07
2.214464875159682698e-07
1.658552671004794299e-07
1.254020743674966301e-07
7.623660745643099618e-08
5.003710218191121053e-08
3.062228839904045771e-08
1.847907835688085285e-08
1.130681822460109411e-08
7.126606260139216926e-09
4.667890335904756961e-09
3.168451943482543818e-09
-1.073379608882003512e-17
-1.132189975187278000e-17
-1.064327933566348185e-17
-8.793157223043647589e-18
-6.626270065601308440e-18
-5.023215472704318475e-18
-3.623378238600197002e-18
-2.223667664826137546e-18
-1.386906146367992828e-18
-8.584874980086770623e-19
-5.304322693109544599e-19
-3.308130387008331847e-19
-2.133320278635739335e-19
-1.431760394615746368e-19
-9.889777062177365445e-20
-2.151077014228983550e-11
-2.348080726556178281e-11
-2.314253443342300779e-11
-2.014342778944303864e-11
-1.562121742567757167e-11
-1.165466455571039061e-11
-8.931506070524897484e-12
-5.440343904131102396e-12
-3.621447145420674868e-12
-2.208216628766199904e-12
-1.322822025643862333e-12
-8.042499735580148898e-13
-5.029811310821608837e-13
-3.266541470409297826e-13
-2.202863580058872755e-13
-6.483180466344325086e-09
-7.182515552705992288e-09
-7.226956381602601676e-09
-6.447724381159626375e-09
-5.091776489567996908e-09
-3.784523024253133051e-09
-2.928731505624369639e-09
-1.847737615488395864e-09
-1.229808258568103851e-09
-7.435619342681992070e-10
-4.451402614991689026e-10
-2.677834210867265871e-10
-1.649690202292665256e-10
-1.053513984687507251e-10
-6.999063892304473418e-11
3.068813729372745864e-08
3.395064053692870780e-08
3.409244258349969623e-08
3.033982626178912771e-08
2.390749445176675180e-08
1.776869005678352932e-08
1.375025034208907650e-08
8.629242669774091159e-09
5.757821370775564520e-09
3.481776273917986545e-09
2.083416817680955030e-09
1.253923006297323184e-09
7.735981735724954709e-10
4.949613519248463191e-10
3.294221715220225478e-10
1.950975397489891612e-07
2.178007066487024837e-07
2.215310262495941285e-07
2.003518711697332281e-07
1.600775140839149417e-07
1.190001425546614524e-07
9.204896408218161910e-08
5.980657243008116096e-08
3.923353182792005761e-08
2.366416392749059027e-08
1.423220673841740369e-08
8.537958503623792331e-09
5.219997936163991363e-09
3.301041134765982123e-09
2.172030392455463185e-09
0.000000000000000000e+00
0.000000000000000000e+00
0.000000000000000000e+00
0.000000000000000000e+00
0.000000000000000000e+00
0.000000000000000000e+00
0.000000000000000000e+00
0.000000000000000000e+00
0.000000000000000000e+00
0.000000000000000000e+00
0.000000000000000000e+00
0.000000000000000000e+00
0.000000000000000000e+00
0.000000000000000000e+00
0.000000000000000000e+00
-3.549680405210182810e-14
-3.964694594677579552e-14
-4.034494087510957538e-14
-3.648860803527302778e-14
-2.912325782347506821e-14
-2.161937437077777988e-14
-1.676954165445322043e-14
-1.084059875822421623e-14
-7.166596572367395206e-15
-4.310873182273104272e-15
-2.590598522193504069e-15
-1.550505191560686658e-15
-9.476453261101266582e-16
-5.996809396452911023e-16
-3.949273329611745213e-16
-3.036582792705336165e-10
-3.434169634309986064e-10
-3.556775485771125522e-10
-3.290408730606516373e-10
-2.682023793897799369e-10
-1.997287320263096002e-10
-1.539553813695367025e-10
-1.050994087143951936e-10
-6.700958345809043394e-11
-4.040561235419233357e-11
-2.447852234216292003e-11
-1.465110864541532337e-11
-8.854928145699404244e-12
-5.509781512250400714e-12
-3.566024649553782552e-12
-4.628077008976947698e-09
-5.358921965583431067e-09
-5.736439457882956299e-09
-5.540181569751427216e-09
-4.719523465585750872e-09
-3.572422449436582790e-09
-2.694420608668792096e-09
-2.025479360911791637e-09
-1.207450310286630426e-09
-7.589261039330576784e-10
-4.608222270144845959e-10
-2.742469549039666990e-10
-1.623967932618020496e-10
-9.783234009320253022e-11
-6.102849225440233467e-11
1.009865815863906706e-07
1.157714792448614378e-07
1.222317173708050423e-07
1.159836415946569358e-07
9.705384895257614555e-08
7.297541221082576169e-08
5.553097756107610528e-08
4.021440378680005526e-08
2.460490876283925675e-08
1.520317256373974969e-08
9.226360598857534698e-09
5.503853021770512256e-09
3.284950161464864697e-09
2.004194035974010721e-09
1.268843070582069999e-09
0.000000000000000000e+00
0.000000000000000000e+00
0.000000000000000000e+00
0.000000000000000000e+00
0.000000000000000000e+00
0.000000000000000000e+00
0.000000000000000000e+00
0.000000000000000000e+00
0.000000000000000000e+00
0.000000000000000000e+00
0.000000000000000000e+00
0.000000000000000000e+00
0.000000000000000000e+00
0.000000000000000000e+00
0.000000000000000000e+00
0.000000000000000000e+00
0.000000000000000000e+00
0.000000000000000000e+00
0.000000000000000000e+00
0.000000000000000000e+00
0.000000000000000000e+00
0.000000000000000000e+00
0.000000000000000000e+00
0.000000000000000000e+00
0.000000000000000000e+00
0.000000000000000000e+00
0.000000000000000000e+00
0.000000000000000000e+00
0.000000000000000000e+00
0.000000000000000000e+00
-5.152404708784279073e-13
-5.957719996157438470e-13
-6.366046602421202462e-13
-6.136332824168152543e-13
-5.220838701319510651e-13
-3.954465781054206894e-13
-2.983480795470512430e-13
-2.232956589674793397e-13
-1.336291208693040825e-13
-8.424065103989179245e-14
-5.109794622279776014e-14
-3.033312586564144476e-14
-1.796680841649393458e-14
-1.083679738555759467e-14
-6.766382960082900183e-15
-1.432055718971375344e-09
-1.672919228049960926e-09
-1.813514177092918493e-09
-1.782584557195230831e-09
-1.551624555324625985e-09
-1.192733742352695211e-09
-8.907656443942077162e-10
-6.862860096401659127e-10
-4.093569988002386755e-10
-2.664113913339223661e-10
-1.613262701380750095e-10
-9.408424825398501500e-11
-5.505301622520075796e-11
-3.273105393912525260e-11
-2.003981151825415438e-11
3.198028245664173824e-08
3.758111167368026602e-08
4.108162238908684962e-08
4.085095261505193538e-08
3.607155761059318423e-08
2.804385378942058751e-08
2.085464239901764589e-08
1.621154555371526161e-08
9.825396166704014172e-09
6.453549037718988018e-09
3.892845913172243473e-09
2.261220048634521046e-09
1.313655782692125902e-09
7.730823517936522432e-10
4.673174788240282787e-10
0.000000000000000000e+00
0.000000000000000000e+00
0.000000000000000000e+00
0.000000000000000000e+00
0.000000000000000000e+00
0.000000000000000000e+00
0.000000000000000000e+00
0.000000000000000000e+00
0.000000000000000000e+00
0.000000000000000000e+00
0.000000000000000000e+00
0.000000000000000000e+00
0.000000000000000000e+00
0.000000000000000000e+00
0.000000000000000000e+00
0.000000000000000000e+00
0.000000000000000000e+00
0.000000000000000000e+00
0.000000000000000000e+00
0.000000000000000000e+00
0.000000000000000000e+00
0.000000000000000000e+00
0.000000000000000000e+00
0.000000000000000000e+00
0.000000000000000000e+00
0.000000000000000000e+00
0.000000000000000000e+00
0.000000000000000000e+00
0.000000000000000000e+00
0.000000000000000000e+00
0.000000000000000000e+00
0.000000000000000000e+00
0.000000000000000000e+00
0.000000000000000000e+00
0.000000000000000000e+00
0.000000000000000000e+00
0.000000000000000000e+00
0.000000000000000000e+00
0.000000000000000000e+00
0.000000000000000000e+00
0.000000000000000000e+00
0.000000000000000000e+00
0.000000000000000000e+00
0.000000000000000000e+00
0.000000000000000000e+00
-1.354656052229978106e-12
-1.614674971434980473e-12
-1.800280447806242836e-12
-1.839030675310068407e-12
-1.678848853224231891e-12
-1.341703425330860316e-12
-9.909866685685658254e-13
-7.789485461438530140e-13
-4.964524883351147530e-13
-3.274350022742096611e-13
-1.951370484983867859e-13
-1.136681189470678760e-13
-6.516880978145956744e-14
-3.749568791829597650e-14
-2.203026200111685230e-14
3.717634355578736684e-09
4.475312617659043726e-09
5.058997218705188986e-09
5.267717507357317129e-09
4.932134635047337143e-09
4.045098682814970415e-09
3.000682692885075915e-09
2.331859581962403741e-09
1.586312191362426967e-09
1.008937086933463724e-09
5.994473182460232612e-10
3.534470469946876002e-10
2.035021199607750477e-10
1.157841784251037504e-10
6.652815508146060765e-11
2.052506540033527773e-04
1.487628753301242302e-04
1.048004443898970726e-04
7.045243866555350287e-05
4.573648398281132422e-05
2.969961452568769278e-05
1.932922529657829969e-05
1.287603216441757479e-05
8.851889942289360057e-06
6.223846744425919265e-06
4.376674273609161655e-06
2.996268681787563408e-06
1.956673966217213603e-06
1.206250385226290264e-06
7.037843030945054360e-07
2.962733531662589876e-05
2.271952889309126314e-05
1.689434594741356647e-05
1.243421260165518143e-05
8.190033298016910824e-06
5.361497411589507262e-06
3.370890195584348016e-06
2.144007143946923865e-06
1.394584564605127190e-06
9.427295842283484870e-07
6.611360524354024916e-07
4.712790119334821700e-07
3.305774982649980322e-07
2.206785074494289307e-07
1.379051617471479284e-07
1.942886032189842114e-07
1.592103582715496664e-07
1.194103102569005084e-07
8.962963601439529086e-08
6.455162743827675543e-08
4.038651340500792017e-08
2.625029288494243016e-08
1.653761396449073603e-08
1.049323029344983865e-08
6.866186857390197933e-09
4.672021393594189874e-09
3.284162649850777421e-09
2.330801446849397159e-09
1.611208019700045421e-09
1.052459439930116360e-09
5.505288500468691323e-11
4.806322068456397739e-11
3.708092086072154308e-11
2.774247001142866362e-11
2.089725528638058660e-11
1.346689566351218051e-11
8.965329572202288048e-12
5.530270199714285168e-12
3.455546970712313761e-12
2.207384898039310764e-12
1.462397973940267687e-12
1.006724239789096732e-12
7.110133600822707632e-13
4.993700556615301149e-13
3.365746538867800892e-13
0.000000000000000000e+00
0.000000000000000000e+00
0.000000000000000000e+00
0.000000000000000000e+00
0.000000000000000000e+00
0.000000000000000000e+00
0.000000000000000000e+00
0.000000000000000000e+00
0.000000000000000000e+00
0.000000000000000000e+00
0.000000000000000000e+00
0.000000000000000000e+00
0.000000000000000000e+00
0.000000000000000000e+00
0.000000000000000000e+00
0.000000000000000000e+00
0.000000000000000000e+00
0.000000000000000000e+00
0.000000000000000000e+00
0.000000000000000000e+00
0.000000000000000000e+00
0.000000000000000000e+00
0.000000000000000000e+00
0.000000000000000000e+00
0.000000000000000000e+00
0.000000000000000000e+00
0.000000000000000000e+00
0.000000000000000000e+00
0.000000000000000000e+00
0.000000000000000000e+00
0.000000000000000000e+00
0.000000000000000000e+00
0.000000000000000000e+00
0.000000000000000000e+00
0.000000000000000000e+00
0.000000000000000000e+00
0.000000000000000000e+00
0.000000000000000000e+00
0.000000000000000000e+00
0.000000000000000000e+00
0.000000000000000000e+00
0.000000000000000000e+00
0.000000000000000000e+00
0.000000000000000000e+00
0.000000000000000000e+00
0.000000000000000000e+00
0.000000000000000000e+00
0.000000000000000000e+00
0.000000000000000000e+00
0.000000000000000000e+00
0.000000000000000000e+00
0.000000000000000000e+00
0.000000000000000000e+00
0.000000000000000000e+00
0.000000000000000000e+00
0.000000000000000000e+00
0.000000000000000000e+00
0.000000000000000000e+00
0.000000000000000000e+00
0.000000000000000000e+00
0.000000000000000000e+00
0.000000000000000000e+00
0.000000000000000000e+00
0.000000000000000000e+00
0.000000000000000000e+00
0.000000000000000000e+00
0.000000000000000000e+00
0.000000000000000000e+00
0.000000000000000000e+00
0.000000000000000000e+00
0.000000000000000000e+00
0.000000000000000000e+00
0.000000000000000000e+00
0.000000000000000000e+00
0.000000000000000000e+00
0.000000000000000000e+00
0.000000000000000000e+00
0.000000000000000000e+00
0.000000000000000000e+00
0.000000000000000000e+00
0.000000000000000000e+00
0.000000000000000000e+00
0.000000000000000000e+00
0.000000000000000000e+00
0.000000000000000000e+00
0.000000000000000000e+00
0.000000000000000000e+00
0.000000000000000000e+00
0.000000000000000000e+00
0.000000000000000000e+00
1.190516050166975307e-04
9.679018148347747017e-05
7.258612693163844418e-05
5.439015574523196385e-05
3.872149660872529711e-05
2.447012292401179437e-05
1.581903483755659522e-05
9.967549499861838187e-06
6.338830990122053380e-06
4.161460989391035020e-06
2.840613311612688223e-06
1.999577050445695457e-06
1.416965519041066817e-06
9.755701169306997290e-07
6.342589948833344699e-07
2.524819059489587659e-05
2.191586633327787111e-05
1.688073521902221680e-05
1.263982306339763454e-05
9.474501333339213139e-06
6.105647593798039496e-06
4.037033468010802548e-06
2.500412150051641109e-06
1.566095772625713869e-06
1.003089400997035770e-06
6.659322140539222422e-07
4.590753821585770440e-07
3.242133994004726885e-07
2.273002822713619545e-07
1.527766733530360239e-07
4.063546170170361107e-07
3.726092131192239140e-07
2.986366440552428353e-07
2.240133558813802917e-07
1.697198850535255407e-07
1.178967401915136034e-07
7.470637375542953405e-08
4.671384412359427699e-08
2.932065435085871916e-08
1.852660540906147675e-08
1.202076787029808929e-08
8.100187853824989922e-09
5.648044175026909794e-09
3.977682515649483600e-09
2.732493113433672983e-09
2.609205343981645513e-10
2.510829633365056665e-10
2.109226851262267268e-10
1.605207617081225150e-10
1.208207726644107346e-10
8.959135466702977734e-11
5.480273945673707315e-11
3.606367151118780440e-11
2.234803936263458588e-11
1.385870678889148560e-11
8.808051733913233398e-12
5.796712705749704356e-12
3.966786964024955692e-12
2.779835395278316312e-12
1.934647111245061584e-12
7.925913822434359570e-17
7.877008200228166535e-17
6.861287052333415355e-17
5.321810386800688115e-17
3.982071007502862928e-17
3.032539090305656617e-17
1.893707112208580335e-17
1.278649183401334079e-17
7.810546140231052277e-18
4.770394947494348557e-18
2.984687116107754113e-18
1.928794847544396936e-18
1.298062580872769172e-18
9.016694067313518555e-19
6.300372607816720031e-19
0.000000000000000000e+00
0.000000000000000000e+00
0.000000000000000000e+00
0.000000000000000000e+00
0.000000000000000000e+00
0.000000000000000000e+00
0.000000000000000000e+00
0.000000000000000000e+00
0.000000000000000000e+00
0.000000000000000000e+00
0.000000000000000000e+00
0.000000000000000000e+00
0.000000000000000000e+00
0.000000000000000000e+00
0.000000000000000000e+00
0.000000000000000000e+00
0.000000000000000000e+00
0.000000000000000000e+00
0.000000000000000000e+00
0.000000000000000000e+00
0.000000000000000000e+00
0.000000000000000000e+00
0.000000000000000000e+00
0.000000000000000000e+00
0.000000000000000000e+00
0.000000000000000000e+00
0.000000000000000000e+00
0.000000000000000000e+00
0.000000000000000000e+00
0.000000000000000000e+00
0.000000000000000000e+00
0.000000000000000000e+00
0.000000000000000000e+00
0.000000000000000000e+00
0.000000000000000000e+00
0.000000000000000000e+00
0.000000000000000000e+00
0.000000000000000000e+00
0.000000000000000000e+00
0.000000000000000000e+00
0.000000000000000000e+00
0.000000000000000000e+00
0.000000000000000000e+00
0.000000000000000000e+00
0.000000000000000000e+00
0.000000000000000000e+00
0.000000000000000000e+00
0.000000000000000000e+00
0.000000000000000000e+00
0.000000000000000000e+00
0.000000000000000000e+00
0.000000000000000000e+00
0.000000000000000000e+00
0.000000000000000000e+00
0.000000000000000000e+00
0.000000000000000000e+00
0.000000000000000000e+00
0.000000000000000000e+00
0.000000000000000000e+00
0.000000000000000000e+00
6.915497415617344790e-05
6.299910987011259869e-05
5.025762333890365657e-05
3.769799706476084828e-05
2.853619180706573662e-05
1.964343780061065289e-05
1.252347408312620763e-05
7.826359694839971073e-06
4.907256197894791880e-06
3.103695023725920660e-06
2.018759380840105575e-06
1.363800029465465114e-06
9.523150019814814992e-07
6.703282224876548177e-07
4.593472992881905623e-07
1.651460546093756906e-05
1.572221019396871942e-05
1.306695952850635136e-05
9.907851911907025942e-06
7.471242318105862305e-06
5.467137833615532118e-06
3.365205475433500920e-06
2.186381571308492048e-06
1.359603107168742535e-06
8.475703045680392497e-07
5.410313785049736111e-07
3.578773079935281402e-07
2.459542981585302917e-07
1.725998809924347141e-07
1.198134860137396205e-07
2.885652831400432239e-07
2.856445741787439409e-07
2.478390995617435041e-07
1.919944029827142525e-07
1.438157707712028338e-07
1.090327079941129958e-07
6.823535201023855866e-08
4.568158060163546876e-08
2.795417342118501438e-08
1.715254380059425810e-08
1.075123774320662567e-08
6.960558935065331255e-09
4.691229731136500231e-09
3.260037309602916553e-09
2.275748782603554771e-09
2.113446815549625023e-10
2.163978069439125576e-10
1.956874998383614665e-10
1.561234947183228817e-10
1.167733003410945104e-10
8.931797286041230980e-11
5.968804229377351457e-11
3.889252657525408311e-11
2.362433707247117822e-11
1.459124067945806519e-11
9.032903922087757431e-12
5.731826839181472408e-12
3.781509136796468769e-12
2.588059351034260320e-12
1.803372320662231090e-12
0.000000000000000000e+00
0.000000000000000000e+00
0.000000000000000000e+00
0.000000000000000000e+00
0.000000000000000000e+00
0.000000000000000000e+00
0.000000000000000000e+00
0.000000000000000000e+00
0.000000000000000000e+00
0.000000000000000000e+00
0.000000000000000000e+00
0.000000000000000000e+00
0.000000000000000000e+00
0.000000000000000000e+00
0.000000000000000000e+00
0.000000000000000000e+00
0.000000000000000000e+00
0.000000000000000000e+00
0.000000000000000000e+00
0.000000000000000000e+00
0.000000000000000000e+00
0.000000000000000000e+00
0.000000000000000000e+00
0.000000000000000000e+00
0.000000000000000000e+00
0.000000000000000000e+00
0.000000000000000000e+00
0.000000000000000000e+00
0.000000000000000000e+00
0.000000000000000000e+00
0.000000000000000000e+00
0.000000000000000000e+00
0.000000000000000000e+00
0.000000000000000000e+00
0.000000000000000000e+00
0.000000000000000000e+00
0.000000000000000000e+00
0.000000000000000000e+00
0.000000000000000000e+00
0.000000000000000000e+00
0.000000000000000000e+00
0.000000000000000000e+00
0.000000000000000000e+00
0.000000000000000000e+00
0.000000000000000000e+00
0.000000000000000000e+00
0.000000000000000000e+00
0.000000000000000000e+00
0.000000000000000000e+00
0.000000000000000000e+00
0.000000000000000000e+00
0.000000000000000000e+00
0.000000000000000000e+00
0.000000000000000000e+00
0.000000000000000000e+00
0.000000000000000000e+00
0.000000000000000000e+00
0.000000000000000000e+00
0.000000000000000000e+00
0.000000000000000000e+00
4.066537680520334967e-05
4.005671166714463234e-05
3.457072696530668048e-05
2.671111258418937948e-05
2.002625112280906507e-05
1.512063000634347474e-05
9.443063602035826269e-06
6.295425904315611944e-06
3.860249223317002346e-06
2.374130453512253015e-06
1.491406976765760058e-06
9.680206675533674643e-07
6.539432728082731981e-07
4.549794619957395523e-07
3.173966557983453469e-07
1.005495833659100954e-05
1.021738963965161228e-05
9.153869603610986563e-06
7.253136339146392556e-06
5.425500736140003641e-06
4.145621598518625946e-06
2.726951880501611046e-06
1.791868201374626899e-06
1.089817984627336893e-06
6.714129242414407269e-07
4.165650537970904340e-07
2.654628971234922915e-07
1.759732513754199783e-07
1.208682975187236249e-07
8.427810510040025030e-08
1.835405504258779727e-07
1.916974899603749814e-07
1.779126609536077151e-07
1.452723991946454154e-07
1.091638216911813432e-07
8.306424241402317940e-08
5.844694564427980178e-08
3.660789364643515860e-08
2.259122921245616265e-08
1.399027628438957348e-08
8.642091616982773996e-09
5.419148732586879333e-09
3.521069022953655482e-09
2.378743314734007645e-09
1.648299375731484907e-09
9.593349945700300235e-11
1.027644814102181600e-10
9.866974610343825282e-11
8.336858807022974512e-11
6.349027115096850096e-11
4.776010034517005345e-11
3.562130121717988578e-11
2.145684662706037510e-11
1.385647839819428798e-11
8.525143255486732241e-12
5.194224194234374280e-12
3.204842828254836479e-12
2.040109967358648747e-12
1.350742392613119136e-12
9.246750041845184984e-13
0.000000000000000000e+00
0.000000000000000000e+00
0.000000000000000000e+00
0.000000000000000000e+00
0.000000000000000000e+00
0.000000000000000000e+00
0.000000000000000000e+00
0.000000000000000000e+00
0.000000000000000000e+00
0.000000000000000000e+00
0.000000000000000000e+00
0.000000000000000000e+00
0.000000000000000000e+00
0.000000000000000000e+00
0.000000000000000000e+00
0.000000000000000000e+00
0.000000000000000000e+00
0.000000000000000000e+00
0.000000000000000000e+00
0.000000000000000000e+00
0.000000000000000000e+00
0.000000000000000000e+00
0.000000000000000000e+00
0.000000000000000000e+00
0.000000000000000000e+00
0.000000000000000000e+00
0.000000000000000000e+00
0.000000000000000000e+00
0.000000000000000000e+00
0.000000000000000000e+00
0.000000000000000000e+00
0.000000000000000000e+00
0.000000000000000000e+00
0.000000000000000000e+00
0.000000000000000000e+00
0.000000000000000000e+00
0.000000000000000000e+00
0.000000000000000000e+00
0.000000000000000000e+00
0.000000000000000000e+00
0.000000000000000000e+00
0.000000000000000000e+00
0.000000000000000000e+00
0.000000000000000000e+00
0.000000000000000000e+00
2.505448729886939873e-05
2.607526261940971922e-05
2.409182237902985480e-05
1.959734143193733472e-05
1.471798304270761349e-05
1.120741035453349493e-05
7.819470342257992302e-06
4.929503683885846434e-06
3.036686104686777773e-06
1.879175584445249107e-06
1.160899483749905906e-06
7.293346913671617866e-07
4.750527340102976708e-07
3.215960597155876404e-07
2.230222038259854941e-07
6.140713304610933850e-06
6.534713703267937413e-06
6.219179013297254878e-06
5.207462369533197800e-06
3.950373816542872946e-06
2.980865637339026087e-06
2.192425758317744521e-06
1.332028569585012722e-06
8.491385724846717233e-07
5.235140052174584808e-07
3.204790712397705032e-07
1.985566270850085370e-07
1.270485349404195394e-07
8.456810767683571640e-08
5.809146441386914177e-08
8.808740140383240601e-08
9.571944096121104929e-08
9.374027193097737457e-08
8.097739613891887426e-08
6.247016995700402276e-08
4.668401789031750724e-08
3.561497634988358577e-08
2.151626589142341351e-08
1.426984100121294655e-08
8.724785949636845346e-09
5.237705928520742535e-09
3.196587720487028020e-09
2.008768005229310169e-09
1.311289027775207733e-09
8.881093840522339256e-10
1.666117551087135098e-11
1.847318261433623932e-11
1.860551430493210602e-11
1.661267141461088106e-11
1.311827454833778844e-11
9.742147223655160690e-12
7.554682179391946077e-12
4.753425196045880709e-12
3.180367314611562864e-12
1.921453949929367252e-12
1.148203388993741603e-12
6.897781374787171138e-13
4.246712216793468399e-13
2.711327066619963519e-13
1.801335843468947515e-13
0.000000000000000000e+00
0.000000000000000000e+00
0.000000000000000000e+00
0.000000000000000000e+00
0.000000000000000000e+00
0.000000000000000000e+00
0.000000000000000000e+00
0.000000000000000000e+00
0.000000000000000000e+00
0.000000000000000000e+00
0.000000000000000000e+00
0.000000000000000000e+00
0.000000000000000000e+00
0.000000000000000000e+00
0.000000000000000000e+00
0.000000000000000000e+00
0.000000000000000000e+00
0.000000000000000000e+00
0.000000000000000000e+00
0.000000000000000000e+00
0.000000000000000000e+00
0.000000000000000000e+00
0.000000000000000000e+00
0.000000000000000000e+00
0.000000000000000000e+00
0.000000000000000000e+00
0.000000000000000000e+00
0.000000000000000000e+00
0.000000000000000000e+00
0.000000000000000000e+00
1.556532524199138711e-05
1.686515795354992360e-05
1.645229608718550520e-05
1.415279143672551686e-05
1.089360054216930986e-05
8.151507461025234456e-06
6.189725650801579341e-06
3.741994985889044342e-06
2.468099426865317808e-06
1.510517613198001812e-06
9.095620000582147237e-07
5.561791230542145983e-07
3.503076778431119346e-07
2.292628870601100835e-07
1.555703131042991438e-07
3.544167877229661264e-06
3.906891580811906677e-06
3.903406902333892364e-06
3.452290572779601570e-06
2.707220089138685151e-06
2.013497858641434687e-06
1.556093240007862219e-06
9.655236132470720029e-07
6.460266704246086291e-07
3.917447443979220921e-07
2.339864457602359868e-07
1.411903551730221757e-07
8.743805128440954134e-08
5.618121914537599899e-08
3.754026381486003372e-08
2.856635445562637383e-08
3.202511480149727046e-08
3.276062003613334289e-08
2.982765958271158589e-08
2.394924224542190624e-08
1.778668622550098727e-08
1.378133916693180070e-08
9.049165974387209763e-09
5.925937117585198302e-09
3.561770366664400373e-09
2.146630585403429302e-09
1.284068273908769854e-09
7.820988465330492345e-10
4.925336017316900640e-10
3.227756074393682523e-10
1.452203514688343287e-13
1.658149975913034067e-13
1.740524039523817525e-13
1.638170554023578701e-13
1.357766508152337626e-13
1.015261307414762900e-13
7.766406733065537806e-14
5.527300166726994640e-14
3.417475214394013995e-14
2.076593815248545172e-14
1.262269184430484914e-14
7.574859928373238061e-15
4.543358851470715139e-15
2.790149574779088443e-15
1.781045192045136587e-15
0.000000000000000000e+00
0.000000000000000000e+00
0.000000000000000000e+00
0.000000000000000000e+00
0.000000000000000000e+00
0.000000000000000000e+00
0.000000000000000000e+00
0.000000000000000000e+00
0.000000000000000000e+00
0.000000000000000000e+00
0.000000000000000000e+00
0.000000000000000000e+00
0.000000000000000000e+00
0.000000000000000000e+00
0.000000000000000000e+00
9.625173770714568971e-06
1.076319381737910446e-05
1.097180957010320791e-05
9.947075283184237540e-06
7.959292582387602865e-06
5.912421806495757411e-06
4.580008917771317767e-06
2.982598602937295581e-06
1.959750944442847240e-06
1.179713520891057303e-06
7.097657740289202510e-07
4.251053780631924582e-07
2.595258831779229132e-07
1.639006936048750200e-07
1.077139360762642529e-07
1.735250287590970771e-06
1.967917711367935671e-06
2.046121475806819487e-06
1.902304378954170102e-06
1.557833551592854014e-06
1.161149143220035290e-06
8.934506852195052463e-07
6.171856221153949351e-07
3.902189665693628590e-07
2.355701548989518191e-07
1.429199178806910210e-07
8.558458733966699384e-08
5.160968657159324094e-08
3.199491402837324330e-08
2.062803384613438269e-08
2.106045993299626260e-09
2.427107371549078066e-09
2.581265509202169178e-09
2.472352197957204609e-09
2.088426900939145132e-09
1.575452000789747371e-09
1.192928123230339886e-09
8.822719419549849770e-10
5.311946858438535621e-10
3.311384060579880272e-10
2.009503715235701232e-10
1.199052808281310352e-10
7.128423219974607366e-11
4.319170163856517796e-11
2.713276237767756118e-11
0.000000000000000000e+00
0.000000000000000000e+00
0.000000000000000000e+00
0.000000000000000000e+00
0.000000000000000000e+00
0.000000000000000000e+00
0.000000000000000000e+00
0.000000000000000000e+00
0.000000000000000000e+00
0.000000000000000000e+00
0.000000000000000000e+00
0.000000000000000000e+00
0.000000000000000000e+00
0.000000000000000000e+00
0.000000000000000000e+00
5.286059938804495198e-06
6.073292415312649240e-06
6.431628066225711754e-06
6.126330083824258002e-06
5.145582644769339332e-06
3.873033077368863834e-06
2.941639326765386236e-06
2.149169725455108555e-06
1.305845896938872388e-06
8.089741470457109061e-07
4.910704156769380237e-07
2.931251669966476252e-07
1.746863031169940640e-07
1.062807431914198952e-07
6.708117858321944117e-08
6.153176849854013343e-07
7.165398417992271901e-07
7.732995688604883739e-07
7.554716715734812758e-07
6.527658169189196849e-07
4.991517849633540024e-07
3.738622710919710690e-07
2.859666557148100469e-07
1.700435490436483645e-07
1.096951737551162235e-07
6.648440718635762024e-08
3.897520534356462256e-08
2.289875429292053655e-08
1.368079255153083943e-08
8.430642130327842212e-09
5.504461838316843686e-12
6.519113265226103301e-12
7.203758088900524314e-12
7.268415535829685347e-12
6.530949702964791802e-12
5.144158469596528368e-12
3.804307840790569649e-12
2.991875086705921114e-12
1.842264288252509709e-12
1.226572971451590854e-12
7.371493213699076414e-13
4.255751226726973603e-13
2.450332949522881382e-13
1.424663805757260551e-13
8.482990815228979408e-14
2.383681872329375996e-06
2.810112862042176167e-06
3.085522654963482775e-06
3.086602513483741709e-06
2.744963854058254626e-06
2.145231433525879356e-06
1.591458636244598141e-06
1.243874066214018980e-06
7.578311333998126116e-07
5.008351274840725351e-07
3.017187797165627111e-07
1.747058495241832798e-07
1.011298427204817273e-07
5.923354516447255977e-08
3.558748918544050625e-08
1.227241075176688431e-07
1.467943380750521940e-07
1.644680436198904857e-07
1.691415804358507873e-07
1.557593170500429154e-07
1.255238210111700274e-07
9.273051447218512952e-08
7.274475160031717493e-08
4.733492236583483517e-08
3.093738136864129860e-08
1.836116642496883875e-08
1.075401688276590896e-08
6.162918389052449013e-09
3.529230320673571519e-09
2.058631484907236504e-09
5.495149922119299247e-07
6.650562031279312422e-07
7.574013914480853087e-07
7.968626989356937351e-07
7.566925177890558248e-07
6.305934270927408180e-07
4.709877008073655263e-07
3.625393474410016452e-07
2.552055361049331150e-07
1.594409421936243263e-07
9.579867251862193951e-08
5.668822395014133427e-08
3.262415958415266150e-08
1.845327725596549066e-08
1.047829454654727866e-08
