# lsst_theory
2.520129805472893286e-09
1.700522326317276185e-09
1.125724542864893808e-09
7.480658386665544124e-10
5.032487022493313467e-10
3.393870188763575093e-10
2.325930754924200688e-10
1.604611178895476262e-10
1.099676600107576284e-10
7.376828480952533324e-11
4.775576203955621109e-11
2.958173315114014893e-11
1.754997798540797860e-11
1.000171919947604233e-11
5.497198606665063162e-12
4.223479074338752742e-09
2.846149125906387571e-09
1.875260527744231815e-09
1.216644158774176412e-09
7.978274258984568330e-10
5.357236073981376489e-10
3.652708662127697154e-10
2.545887763063265014e-10
1.781244663563572733e-10
1.226533885772314230e-10
8.143153047472571444e-11
5.129593807860711668e-11
3.049999573621800501e-11
1.716128290968459125e-11
9.228069046412776313e-12
4.296616990582439405e-09
2.841123042667074835e-09
1.843031785496951691e-09
1.171142134180388141e-09
7.519384894512774210e-10
5.064067956071194507e-10
3.470256494502593827e-10
2.455637385422145675e-10
1.744240441698901398e-10
1.214869741971151075e-10
8.101473893965739606e-11
5.073705236114263693e-11
2.959657328504000813e-11
1.610437977168562659e-11
8.279359027459108013e-12
4.363732221024936077e-09
2.858409258774870517e-09
1.839364646305059869e-09
1.155666080009611955e-09
7.333132482052346120e-10
4.945299017028237898e-10
3.398346525120564660e-10
2.424593573719728520e-10
1.736454649411219581e-10
1.217075211865713846e-10
8.137662362669473104e-11
5.082704274244039745e-11
2.935787099300649949e-11
1.568386238613772718e-11
7.853690518422819702e-12
4.421938498645329693e-09
2.873612488664143526e-09
1.836407536943582186e-09
1.142435931330310637e-09
7.173628509224881258e-10
4.843726543932383002e-10
3.336855155197325093e-10
2.398195304062213990e-10
1.729983269217647349e-10
1.219138680083355563e-10
8.169956807392780258e-11
5.091144179000252753e-11
2.915538821393418013e-11
1.532210594180452806e-11
7.486464050787345793e-12
1.423250693772595654e-08
1.033135297804210189e-08
7.262122484676016875e-09
4.983664121449379545e-09
3.312861961316752543e-09
2.164473734314887930e-09
1.419380628401795889e-09
9.430547593903998104e-10
6.385989959003274883e-10
4.387989466743442846e-10
3.014153264686298003e-10
2.032028218197229849e-10
1.324472859831840281e-10
8.248624991711136934e-11
4.889025750868406064e-11
1.788635581241913065e-08
1.312984243577480727e-08
9.295487041823113277e-09
6.436000642578783601e-09
4.303855862168524522e-09
2.790485152465249329e-09
1.826327904399174378e-09
1.201951015682647389e-09
8.091732546975906594e-10
5.547524960927160545e-10
3.822152088447632920e-10
2.598481374539182468e-10
1.714541237389636309e-10
1.082160505368493778e-10
6.488963388485352839e-11
1.981225168233115890e-08
1.456047254733226504e-08
1.030685637472160182e-08
7.145194095509343448e-09
4.777831360410338340e-09
3.079516108005862315e-09
2.012964109153223016e-09
1.320419162812626107e-09
8.887025868025026336e-10
6.100252074977241306e-10
4.215887018519340777e-10
2.878725516597112698e-10
1.908289193949697256e-10
1.208824925226089541e-10
7.259527896219873322e-11
2.149556973240413167e-08
1.581602661506691224e-08
1.119791151728899165e-08
7.771499185838966575e-09
5.197498015431937006e-09
3.336974843023929499e-09
2.179251750809512072e-09
1.426095169825754257e-09
9.594315569103902346e-10
6.590231107194299606e-10
4.563801414439017993e-10
3.125789032656863429e-10
2.078967941170612543e-10
1.320530016129984710e-10
7.941177898664560819e-11
2.700931302122804627e-08
2.083442469422699851e-08
1.526666935510406831e-08
1.086075280423655214e-08
7.500537617457633895e-09
4.956174838029662720e-09
3.211183219441211312e-09
2.087309945402737660e-09
1.371614596042933800e-09
9.187376328661094399e-10
6.243345996311297371e-10
4.249587437355761016e-10
2.854656564744309110e-10
1.861242355097375621e-10
1.163349285569047001e-10
3.243252083469230173e-08
2.544858394444240574e-08
1.886362126346249871e-08
1.352486539327525864e-08
9.424209167917076388e-09
6.274920845296131920e-09
4.046431852649938259e-09
2.626497199821067511e-09
1.711323344067194577e-09
1.138033799300835947e-09
7.698780227259495161e-10
5.239976004372812864e-10
3.537933513786694835e-10
2.328830125304728736e-10
1.473410544836916721e-10
3.694003962384848192e-08
2.924819285658692625e-08
2.179508669313395469e-08
1.567809243134285230e-08
1.097143203568006333e-08
7.328234386866395767e-09
4.705830725997359268e-09
3.052591909624409266e-09
1.979151838990157293e-09
1.311853613969562136e-09
8.861189870635113951e-10
6.037092531288253965e-10
4.091073359616868132e-10
2.708292983215208442e-10
1.724646460857736648e-10
4.270677210710554268e-08
3.489376270734731278e-08
2.676861218280375397e-08
1.965306850306955908e-08
1.395965331417574249e-08
9.531683790493304915e-09
6.223007088063810547e-09
4.010056028473873278e-09
2.582888964623352616e-09
1.686766918921733973e-09
1.120213284210150725e-09
7.531222516556523242e-10
5.075386917261833977e-10
3.374601980256464392e-10
2.180345327034083895e-10
5.165931767072087342e-08
4.315910799248363234e-08
3.372606388717740934e-08
2.507304545603207666e-08
1.797505607231622383e-08
1.241486241336158721e-08
8.169948469321335021e-09
5.237537041699534527e-09
3.362815672345005048e-09
2.176229355435661307e-09
1.431559135555568352e-09
9.560507250729786770e-10
6.433030706258562955e-10
4.296157261967383817e-10
2.803065998864932823e-10
6.830211415821466540e-08
5.967027999628163211e-08
4.874366782262585102e-08
3.759110846149871833e-08
2.765080368244431824e-08
1.953335898481306543e-08
1.325985706961364930e-08
8.577345328744377921e-09
5.478227441486289068e-09
3.489081065055006890e-09
2.244139682528542952e-09
1.463649036598382552e-09
9.674767044348037798e-10
6.417059305615746912e-10
4.213409829099040252e-10
5.014564294009425244e-07
3.482353457068568844e-07
2.338043302180477208e-07
1.530652958034035102e-07
1.005493455759170801e-07
6.627591634328050052e-08
4.459170076926637941e-08
3.072936765122028229e-08
2.152189766501772579e-08
1.502603166601443108e-08
1.022083690830179337e-08
6.645592876766416166e-09
4.098683622312859601e-09
2.398905025647200181e-09
1.341847066012564535e-09
1.576291088538641080e-06
1.136183507420334611e-06
7.957731175149796892e-07
5.366853631988817853e-07
3.498823654713084645e-07
2.282307885148344597e-07
1.491298262925939693e-07
9.965444093220108587e-08
6.842778399332157501e-08
4.783542870935007298e-08
3.335245060073592722e-08
2.264523280580110371e-08
1.470712993994175491e-08
9.045157106521652138e-09
5.274192809984338854e-09
1.885518547084103419e-06
1.365057266295343929e-06
9.608243890031399873e-07
6.508391669537341794e-07
4.241787918123457162e-07
2.764844170364011681e-07
1.800846780137770546e-07
1.198897454436575655e-07
8.207546502212077304e-08
5.733385021919032979e-08
4.006053432067249351e-08
2.732454574346267395e-08
1.784931391107332031e-08
1.104011072554087444e-08
6.467971110723369582e-09
2.068368550602566976e-06
1.500347149755177617e-06
1.058366514625855678e-06
7.182727020796045203e-07
4.680532825756177627e-07
3.049817026320555635e-07
1.983674217157396746e-07
1.318436531478771935e-07
9.014015909523074253e-08
6.294815552721966567e-08
4.402596542126044643e-08
3.009034863935275573e-08
1.970596081447972580e-08
1.221838133457021019e-08
7.172752365665290778e-09
2.226344887181704299e-06
1.617233118528447568e-06
1.142639060745438861e-06
7.765334863582189406e-07
5.059596776844554073e-07
3.296025553044249553e-07
2.141632066410806609e-07
1.421715098069486249e-07
9.710783298878668812e-08
6.779876621309164733e-08
4.745198515133354558e-08
3.247990546167843447e-08
2.131003069233144852e-08
1.323636350097589968e-08
7.781660358464272750e-09
-7.571704520179496555e-08
-6.294481183060111834e-08
-4.744513388878062543e-08
-3.570746050615064994e-08
-2.601840069625356546e-08
-1.635730207398831386e-08
-1.067052852075055720e-08
-6.693377896982398444e-09
-4.226243276132082992e-09
-2.747533837392657709e-09
-1.857424780152225403e-09
-1.300663079487667907e-09
-9.239669101733934475e-10
-6.423369438047814159e-10
-4.230589081698632453e-10
6.212168698279171850e-07
4.971497277649331577e-07
3.721758729171249724e-07
2.775028261660876208e-07
1.936275135215490217e-07
1.235752227096057205e-07
7.930218339479547212e-08
5.007714595915683815e-08
3.203009143019194905e-08
2.118420451445956078e-08
1.456097785207653688e-08
1.028240375530213956e-08
7.265748251592432197e-09
4.961947066156238301e-09
3.193817202199942236e-09
1.091079305113888682e-06
8.844248285207386158e-07
6.647230330239895379e-07
4.964079608923008176e-07
3.509791877809361597e-07
2.238350170891566244e-07
1.444655573064950859e-07
9.094430799653505542e-08
5.793673732503745538e-08
3.809949890894844428e-08
2.603396746533908882e-08
1.831616100777496347e-08
1.294853315026371503e-08
8.886592451740034361e-09
5.763883251641370722e-09
1.347387562865423509e-06
1.095130562701876925e-06
8.237610085669857128e-07
6.153833095076046981e-07
4.362854015833129888e-07
2.781985178315656592e-07
1.797517952241603920e-07
1.130892794355183289e-07
7.198600283551167211e-08
4.728273101998946559e-08
3.226974637148383082e-08
2.268598254833430542e-08
1.603943585379015450e-08
1.101920873562392733e-08
7.158369780593792653e-09
1.568803263975492267e-06
1.277150416736142304e-06
9.611463255507421032e-07
7.181595168405234572e-07
5.099767831795280457e-07
3.251595005077419035e-07
2.102333567436915610e-07
1.322189271688202847e-07
8.412230035117176694e-08
5.521559986624897241e-08
3.765651462865516936e-08
2.646087034933481315e-08
1.870953071131953761e-08
1.286147401354993217e-08
8.362990126046417312e-09
-3.504733418556794833e-08
-3.099712878377537929e-08
-2.419967325476474649e-08
-1.813570179424034666e-08
-1.364949778511925755e-08
-9.027357316931692417e-09
-5.889839294367231093e-09
-3.654605979322989001e-09
-2.290290416702630363e-09
-1.459116790884058165e-09
-9.607190030519457969e-10
-6.570599389778717820e-10
-4.620984023857333262e-10
-3.246035818202405299e-10
-2.199192136531822462e-10
1.076586697440444099e-07
9.332012361658887313e-08
7.167691808342838527e-08
5.359582209178774773e-08
4.020833197258033092e-08
2.580762318142390659e-08
1.711968608669186961e-08
1.051966623620438883e-08
6.604116644643883842e-09
4.235857881444433909e-09
2.815949108047119989e-09
1.944519121840914059e-09
1.375590518838932114e-09
9.655039213918872152e-10
6.489421472431159969e-10
5.912271603643825646e-07
5.344284352401632113e-07
4.246670428035957415e-07
3.189634202247194923e-07
2.406006000447798557e-07
1.643168596933524175e-07
1.051616380119746861e-07
6.591059363915537172e-08
4.127252474862640863e-08
2.613360079566189372e-08
1.704232268184936769e-08
1.154043784063638417e-08
8.065490624706960745e-09
5.669327635167091947e-09
3.872358838598283161e-09
8.546174806232470838e-07
7.755297601153841910e-07
6.182741926637410026e-07
4.646577973422598442e-07
3.505813921003866130e-07
2.407277430751548817e-07
1.536094967360801894e-07
9.649589315424329839e-08
6.039918252777308273e-08
3.819825370714211444e-08
2.486726669921017577e-08
1.680873942318538104e-08
1.173319168805737127e-08
8.247311009532084483e-09
5.640786779613187231e-09
1.080257398348636535e-06
9.819793680846378544e-07
7.839827758198186431e-07
5.893410347333589028e-07
4.447028127302999368e-07
3.060788590662566530e-07
1.950566453260815659e-07
1.226504545269258381e-07
7.675696203043671100e-08
4.851826591753840792e-08
3.156213766330973644e-08
2.131728775818550784e-08
1.487254686685799602e-08
1.045402199042393774e-08
7.154324671676207563e-09
-2.790615597177748951e-09
-2.635945840544448893e-09
-2.174431086661792286e-09
-1.645327008033126075e-09
-1.241713391830483126e-09
-8.993219495097566796e-10
-5.569949111167986830e-10
-3.589130468987135039e-10
-2.236115599351300274e-10
-1.398069971132991593e-10
-8.952487352165705255e-11
-5.943315641513084745e-11
-4.096400127965719191e-11
-2.876723997167362413e-11
-1.992715146876026686e-11
-3.521334804926906516e-08
-3.508247337413561547e-08
-3.063824603568867953e-08
-2.381618991297724517e-08
-1.784189594270001295e-08
-1.357562588227206376e-08
-8.531026848848058235e-09
-5.712584594240483208e-09
-3.491027646004933293e-09
-2.141846405938853731e-09
-1.339402341540993049e-09
-8.643787712381584425e-10
-5.807826642616334761e-10
-4.029252764754086784e-10
-2.814554513301582016e-10
2.547677865749491430e-07
2.480118990337089088e-07
2.113220080743360553e-07
1.622963313379838501e-07
1.219537608504507625e-07
9.104981161263780853e-08
5.667623011808905659e-08
3.744829936397791060e-08
2.306427974919607269e-08
1.425098494171046477e-08
8.998567249376820562e-09
5.876338604284445226e-09
3.991784878397245608e-09
2.784769067905310562e-09
1.939210006982362624e-09
5.205296735051454570e-07
5.106799756475159573e-07
4.391004077321041307e-07
3.390817499382158666e-07
2.545879168151091385e-07
1.910331579018469915e-07
1.199635630767286692e-07
7.932585579866853908e-08
4.872830589301953651e-08
3.006957455494839275e-08
1.892014580501390251e-08
1.229810935120384520e-08
8.316669986203308964e-09
5.786408291279235759e-09
4.031449120568769782e-09
7.344025577637358029e-07
7.218129979428671502e-07
6.219412859096220897e-07
4.808763150621987695e-07
3.609834896024816686e-07
2.711800228498833164e-07
1.706287972879711018e-07
1.128470066994600877e-07
6.927998249224689405e-08
4.273917355284410634e-08
2.687075946342931674e-08
1.744761609296219202e-08
1.178698396203940101e-08
8.195897516380925498e-09
5.710819261102757431e-09
-5.228147135830419274e-11
-5.217140350766650219e-11
-4.570965505977650188e-11
-3.565942741803414826e-11
-2.671601697366584629e-11
-2.028743841525231841e-11
-1.289982740009954530e-11
-8.590611208691269264e-12
-5.244682994190056184e-12
-3.222137749285591564e-12
-2.012573745142191940e-12
-1.296369617946407404e-12
-8.691715295024866426e-13
-6.018348127172577182e-13
-4.200115846798693200e-13
-1.636490341745747505e-08
-1.677992496612815626e-08
-1.520684804734051224e-08
-1.216968106823186557e-08
-9.122742806806176846e-09
-6.956870587445446371e-09
-4.681756608168949033e-09
-3.027890054544529034e-09
-1.848648380127625119e-09
-1.141287854284130553e-09
-7.068510314547561656e-10
-4.479726758746584322e-10
-2.949821014616196599e-10
-2.015225624354265415e-10
-1.402530270585759450e-10
4.713283813036988881e-08
4.783117630687181442e-08
4.275264007293094310e-08
3.379080927129948143e-08
2.526602495518633632e-08
1.930337785116218186e-08
1.263787042882899842e-08
8.329810584101471155e-09
5.037957354960121361e-09
3.108247413600442309e-09
1.931336715176643199e-09
1.232609827412617522e-09
8.185614195376293351e-10
5.632279602159694537e-10
3.931812528886629880e-10
2.927538717813678669e-07
3.034573631379486944e-07
2.789910468387679915e-07
2.261874270133108576e-07
1.700272984970823837e-07
1.293275898865026409e-07
8.951444918777075765e-08
5.673319094744433254e-08
3.499141197758409140e-08
2.161794758141015327e-08
1.335382280538805410e-08
8.405250445778415338e-09
5.487396424727013018e-09
3.721144517380819556e-09
2.581205976205604970e-09
4.900020617022790719e-07
5.090210809187388801e-07
4.693232459579208248e-07
3.814970645831853725e-07
2.869646362440405737e-07
2.181500257029379681e-07
1.517969292213553846e-07
9.585695921795409042e-08
5.926204815825205256e-08
3.661148276529472861e-08
2.259962884986108876e-08
1.420537102950915678e-08
9.258225107552529443e-09
6.268725499606601106e-09
4.345173723522919036e-09
-2.301138350973679917e-13
-2.388988768296925449e-13
-2.199183340868924814e-13
-1.782427928782756842e-13
-1.337694284959309477e-13
-1.019154897118631023e-13
-7.061923097555706216e-14
-4.475326188100820039e-14
-2.740807693607428972e-14
-1.697595118916195111e-14
-1.049943594998533982e-14
-6.608563595390481798e-15
-4.314840974675856602e-15
-2.927691565942132009e-15
-2.033051739764417591e-15
-1.353566870800707344e-09
-1.434813292250475040e-09
-1.358308037104679871e-09
-1.131386118278174588e-09
-8.567563609237260983e-10
-6.473370285232399991e-10
-4.720073381092752717e-10
-2.886034834965055901e-10
-1.827224104084219771e-10
-1.127496228945492518e-10
-6.914965462760419574e-11
-4.294507919480331591e-11
-2.756317190619958809e-11
-1.840239243081591304e-11
-1.266353039955372686e-11
-1.507294082053459959e-08
-1.643215945818289401e-08
-1.615992765856365667e-08
-1.401762279538774088e-08
-1.083571242778206643e-08
-8.092003197390690150e-09
-6.196881023438318287e-09
-3.746723915100691693e-09
-2.492957336207266651e-09
-1.522322397022602792e-09
-9.132132015308136112e-10
-5.562160404865709085e-10
-3.486111201362180085e-10
-2.269499948414743051e-10
-1.533972821456171880e-10
1.338532000582241565e-07
1.442293747506538798e-07
1.396396866540453287e-07
1.191452480506717861e-07
9.132340596860207049e-08
6.851488905595519115e-08
5.150085794027186890e-08
3.123014416512334432e-08
2.039029011035450209e-08
1.250217482144638902e-08
7.565589766922865104e-09
4.643295347828557885e-09
2.937671783589354969e-09
1.931966438714462233e-09
1.315514901839981227e-09
3.183449962724434308e-07
3.443684278993846829e-07
3.352304765603087983e-07
2.878005095302624406e-07
2.214298997704105015e-07
1.658794971400491179e-07
1.253633663473659219e-07
7.622301083851952851e-08
5.003887264494733155e-08
3.062235730142360853e-08
1.847942008503717570e-08
1.130699445058164097e-08
7.126727834718637234e-09
4.667996000395171865e-09
3.168542619052211892e-09
-1.073557003584241842e-17
-1.132499820777719602e-17
-1.064596772351023585e-17
-8.795515342858718227e-18
-6.629849204447900516e-18
-5.021994003639721567e-18
-3.625892117699744339e-18
-2.224670874210336714e-18
-1.387126011537316206e-18
-8.585622863196763062e-19
-5.304742773175392470e-19
-3.308446437849204911e-19
-2.133431678947611280e-19
-1.431808383180908369e-19
-9.890219696830622931e-20
-2.151348635381820407e-11
-2.348640303169583793e-11
-2.314915143720913675e-11
-2.014519872622436897e-11
-1.561888628458481416e-11
-1.165926597838497691e-11
-8.926877875183461239e-12
-5.438847359313571928e-12
-3.621695937544811423e-12
-2.208306721173243610e-12
-1.322871923295749946e-12
-8.042667200305565586e-13
-5.029939493602209505e-13
-3.266648357030299485e-13
-2.202944238320096338e-13
-6.483892597370272927e-09
-7.184084502346355357e-09
-7.229049669504086559e-09
-6.448675765115908023e-09
-5.092255548895111466e-09
-3.788901468280431868e-09
-2.928060608786408941e-09
-1.847498446139637626e-09
-1.229741639576279213e-09
-7.436031472710078759e-10
-4.451753986478550940e-10
-2.677972737882710880e-10
-1.649759131998442717e-10
-1.053546510435078324e-10
-6.999266952813625308e-11
3.069155485779252016e-08
3.395812760142339888e-08
3.410232530189498082e-08
3.034413303411373213e-08
2.390939016457166034e-08
1.778879406623597654e-08
1.374670996519820460e-08
8.627767123112428632e-09
5.757391161989840356e-09
3.481935059336350916e-09
2.083581810736915307e-09
1.253988768291603853e-09
7.736315671283901939e-10
4.949773028509554761e-10
3.294319456648205663e-10
1.951143710349821217e-07
2.178424171383910520e-07
2.215914058341731893e-07
2.003848869597948841e-07
1.601053825554790181e-07
1.191578382700252316e-07
9.204855387957366249e-08
5.981269625577769538e-08
3.923237005686835841e-08
2.366418550790987548e-08
1.423311492558277665e-08
8.538277468879300663e-09
5.220106392427258034e-09
3.301070915520092393e-09
2.172051348241999845e-09
0.000000000000000000e+00
0.000000000000000000e+00
0.000000000000000000e+00
0.000000000000000000e+00
0.000000000000000000e+00
0.000000000000000000e+00
0.000000000000000000e+00
0.000000000000000000e+00
0.000000000000000000e+00
0.000000000000000000e+00
0.000000000000000000e+00
0.000000000000000000e+00
0.000000000000000000e+00
0.000000000000000000e+00
0.000000000000000000e+00
-3.550038654335848066e-14
-3.965514498334543130e-14
-4.035663158173469419e-14
-3.649534807433343585e-14
-2.913019045054222517e-14
-2.165276557787822470e-14
-1.677008474979129233e-14
-1.084072793837638633e-14
-7.165070570058674080e-15
-4.310544579264262558e-15
-2.590854020317650966e-15
-1.550615935107165060e-15
-9.477032793977096274e-16
-5.997030757322715746e-16
-3.949370510328582483e-16
-3.036850137161424175e-10
-3.434812295016351954e-10
-3.557783097731285579e-10
-3.291160287212988619e-10
-2.682805239336583525e-10
-2.000125151685511300e-10
-1.540040945897919351e-10
-1.051560729815031978e-10
-6.702260858317250173e-11
-4.040677920713056947e-11
-2.448010660328812295e-11
-1.465167306451584406e-11
-8.855063311406553188e-12
-5.509836571505463945e-12
-3.566095492483974168e-12
-4.628378271380381266e-09
-5.359718069284167473e-09
-5.737931413845779524e-09
-5.541751512550271574e-09
-4.720271338972593754e-09
-3.572820695319477799e-09
-2.693519941223970634e-09
-2.026189049646147144e-09
-1.207739225352268067e-09
-7.589957552264577289e-10
-4.608123033434514143e-10
-2.742535279578237963e-10
-1.624045445190928916e-10
-9.783519232925995208e-11
-6.102980369800687725e-11
1.009915315206929784e-07
1.157875676627068074e-07
1.222615573397079841e-07
1.160109960272821018e-07
9.707230880324546278e-08
7.302155536199002934e-08
5.552821203500178439e-08
4.023192386599375775e-08
2.461072195688756340e-08
1.520415648646415901e-08
9.226240389154381592e-09
5.503850863977881248e-09
3.284962690822632759e-09
2.004179262756226198e-09
1.268835768856920260e-09
0.000000000000000000e+00
0.000000000000000000e+00
0.000000000000000000e+00
0.000000000000000000e+00
0.000000000000000000e+00
0.000000000000000000e+00
0.000000000000000000e+00
0.000000000000000000e+00
0.000000000000000000e+00
0.000000000000000000e+00
0.000000000000000000e+00
0.000000000000000000e+00
0.000000000000000000e+00
0.000000000000000000e+00
0.000000000000000000e+00
0.000000000000000000e+00
0.000000000000000000e+00
0.000000000000000000e+00
0.000000000000000000e+00
0.000000000000000000e+00
0.000000000000000000e+00
0.000000000000000000e+00
0.000000000000000000e+00
0.000000000000000000e+00
0.000000000000000000e+00
0.000000000000000000e+00
0.000000000000000000e+00
0.000000000000000000e+00
0.000000000000000000e+00
0.000000000000000000e+00
-5.152748335549940568e-13
-5.958617746513194028e-13
-6.367703507924674228e-13
-6.138042534147091057e-13
-5.221609484090664346e-13
-3.954843601320469041e-13
-2.982466909473168776e-13
-2.233313374046215499e-13
-1.336355801884125354e-13
-8.424029994137436827e-14
-5.109610917714819335e-14
-3.033372389147246122e-14
-1.796750044424777311e-14
-1.083706830029012126e-14
-6.766531549564034880e-15
-1.432138542647419973e-09
-1.673143011901996190e-09
-1.813956739426656679e-09
-1.783100501008846152e-09
-1.551790148476145253e-09
-1.192424930000104787e-09
-8.907520514028806194e-10
-6.859530197152065801e-10
-4.092323042078589370e-10
-2.664161764229132121e-10
-1.613217795978877150e-10
-9.408311288653683119e-11
-5.505263054235972180e-11
-3.273128761384563969e-11
-2.004029459571277282e-11
3.197983236446680111e-08
3.758324220729342439e-08
4.108839942787934366e-08
4.086006599405866388e-08
3.607381518091509364e-08
2.803683349638817183e-08
2.086338444313865981e-08
1.620291235164385992e-08
9.821862998088644884e-09
6.453129300016394525e-09
3.892710063974843295e-09
2.261132098839990731e-09
1.313586062551974856e-09
7.730446531650180000e-10
4.672983935829829638e-10
0.000000000000000000e+00
0.000000000000000000e+00
0.000000000000000000e+00
0.000000000000000000e+00
0.000000000000000000e+00
0.000000000000000000e+00
0.000000000000000000e+00
0.000000000000000000e+00
0.000000000000000000e+00
0.000000000000000000e+00
0.000000000000000000e+00
0.000000000000000000e+00
0.000000000000000000e+00
0.000000000000000000e+00
0.000000000000000000e+00
0.000000000000000000e+00
0.000000000000000000e+00
0.000000000000000000e+00
0.000000000000000000e+00
0.000000000000000000e+00
0.000000000000000000e+00
0.000000000000000000e+00
0.000000000000000000e+00
0.000000000000000000e+00
0.000000000000000000e+00
0.000000000000000000e+00
0.000000000000000000e+00
0.000000000000000000e+00
0.000000000000000000e+00
0.000000000000000000e+00
0.000000000000000000e+00
0.000000000000000000e+00
0.000000000000000000e+00
0.000000000000000000e+00
0.000000000000000000e+00
0.000000000000000000e+00
0.000000000000000000e+00
0.000000000000000000e+00
0.000000000000000000e+00
0.000000000000000000e+00
0.000000000000000000e+00
0.000000000000000000e+00
0.000000000000000000e+00
0.000000000000000000e+00
0.000000000000000000e+00
-1.354742749984831367e-12
-1.614874374016794126e-12
-1.800688778245965144e-12
-1.839607130853931376e-12
-1.679231214679920200e-12
-1.341859424256852709e-12
-9.926076316122437100e-13
-7.789653742070710643e-13
-4.964225609941999728e-13
-3.273629889455929741e-13
-1.951383076804182516e-13
-1.136835491911593113e-13
-6.517654813294971613e-14
-3.749929722027369201e-14
-2.203184826863925474e-14
3.716165829107656409e-09
4.473754947418783426e-09
5.057687486046444273e-09
5.266825537465014937e-09
4.931080655226327800e-09
4.043902265777477524e-09
3.003645150023205899e-09
2.331280806756739722e-09
1.586258939300956792e-09
1.008595755834689989e-09
5.991458913077661759e-10
3.532902315875601020e-10
2.034122022354235025e-10
1.157337492418971278e-10
6.650069609551105978e-11
2.053071250917979545e-04
1.488045972755725269e-04
1.048089538743504954e-04
7.045633473868217111e-05
4.573902743423000132e-05
2.970138426208179184e-05
1.933041338386584426e-05
1.287689004693781032e-05
8.852462800815783466e-06
6.224226148160046915e-06
4.376940133543448897e-06
2.996439141381154891e-06
1.956764049874461122e-06
1.206286548443005969e-06
7.037836229556332940e-07
2.963140887922111147e-05
2.272631055898384568e-05
1.690471049846664303e-05
1.243377584286643392e-05
8.190805981986681563e-06
5.361905556473900218e-06
3.371041329923578354e-06
2.144187240394310809e-06
1.394674660159666714e-06
9.427892554564591576e-07
6.611723578818196481e-07
4.713068196549441438e-07
3.305969485037696183e-07
2.206896940251816026e-07
1.379101438878944102e-07
1.943374871973338958e-07
1.592420970931563381e-07
1.194376613301404896e-07
8.963248832791296492e-08
6.455325644962509752e-08
4.038752540868745611e-08
2.625188567087272803e-08
1.653787749189807154e-08
1.049372984690609332e-08
6.866566949299601006e-09
4.672260818987908628e-09
3.284344196008152455e-09
2.330942279644803310e-09
1.611295571885738452e-09
1.052506915621738651e-09
5.506875109203791790e-11
4.806825032815677231e-11
3.709208041488667602e-11
2.776841191843026815e-11
2.089361578054134671e-11
1.346591140761383395e-11
8.965120763389109004e-12
5.530412991762835470e-12
3.455914253021988846e-12
2.207537805152990333e-12
1.462498406619770098e-12
1.006776747404817177e-12
7.110506717494075566e-13
4.993968911236576281e-13
3.365917677619084678e-13
0.000000000000000000e+00
0.000000000000000000e+00
0.000000000000000000e+00
0.000000000000000000e+00
0.000000000000000000e+00
0.000000000000000000e+00
0.000000000000000000e+00
0.000000000000000000e+00
0.000000000000000000e+00
0.000000000000000000e+00
0.000000000000000000e+00
0.000000000000000000e+00
0.000000000000000000e+00
0.000000000000000000e+00
0.000000000000000000e+00
0.000000000000000000e+00
0.000000000000000000e+00
0.000000000000000000e+00
0.000000000000000000e+00
0.000000000000000000e+00
0.000000000000000000e+00
0.000000000000000000e+00
0.000000000000000000e+00
0.000000000000000000e+00
0.000000000000000000e+00
0.000000000000000000e+00
0.000000000000000000e+00
0.000000000000000000e+00
0.000000000000000000e+00
0.000000000000000000e+00
0.000000000000000000e+00
0.000000000000000000e+00
0.000000000000000000e+00
0.000000000000000000e+00
0.000000000000000000e+00
0.000000000000000000e+00
0.000000000000000000e+00
0.000000000000000000e+00
0.000000000000000000e+00
0.000000000000000000e+00
0.000000000000000000e+00
0.000000000000000000e+00
0.000000000000000000e+00
0.000000000000000000e+00
0.000000000000000000e+00
0.000000000000000000e+00
0.000000000000000000e+00
0.000000000000000000e+00
0.000000000000000000e+00
0.000000000000000000e+00
0.000000000000000000e+00
0.000000000000000000e+00
0.000000000000000000e+00
0.000000000000000000e+00
0.000000000000000000e+00
0.000000000000000000e+00
0.000000000000000000e+00
0.000000000000000000e+00
0.000000000000000000e+00
0.000000000000000000e+00
0.000000000000000000e+00
0.000000000000000000e+00
0.000000000000000000e+00
0.000000000000000000e+00
0.000000000000000000e+00
0.000000000000000000e+00
0.000000000000000000e+00
0.000000000000000000e+00
0.000000000000000000e+00
0.000000000000000000e+00
0.000000000000000000e+00
0.000000000000000000e+00
0.000000000000000000e+00
0.000000000000000000e+00
0.000000000000000000e+00
0.000000000000000000e+00
0.000000000000000000e+00
0.000000000000000000e+00
0.000000000000000000e+00
0.000000000000000000e+00
0.000000000000000000e+00
0.000000000000000000e+00
0.000000000000000000e+00
0.000000000000000000e+00
0.000000000000000000e+00
0.000000000000000000e+00
0.000000000000000000e+00
0.000000000000000000e+00
0.000000000000000000e+00
0.000000000000000000e+00
1.190793609040349723e-04
9.681341382623962941e-05
7.261386095514962521e-05
5.439602129179342766e-05
3.872310441981691788e-05
2.447088548633586451e-05
1.581997591602244175e-05
9.967924503817972458e-06
6.339181419331781802e-06
4.161697113004675105e-06
2.840759964933588713e-06
1.999687453181577401e-06
1.417050343656765339e-06
9.756225807687531127e-07
6.342868357794330519e-07
2.525535939690846501e-05
2.191822706276673059e-05
1.688467199374677711e-05
1.264908505203232546e-05
9.473186036728045942e-06
6.105631943870269576e-06
4.037197771680389942e-06
2.500502139204207210e-06
1.566227965906664324e-06
1.003150931687927941e-06
6.659710724426359641e-07
4.590983766039159758e-07
3.242306391243338760e-07
2.273126868382388836e-07
1.527842527876202707e-07
4.064687324653725196e-07
3.726888492666707387e-07
2.987550575585464682e-07
2.242113071137789947e-07
1.697478339856544638e-07
1.179476849601357184e-07
7.472154720425867016e-08
4.671718651116568982e-08
2.932251818562410639e-08
1.852761183974343526e-08
1.202138734132367357e-08
8.100517289243890112e-09
5.648303505350580057e-09
3.977901895539622387e-09
2.732627279626907820e-09
2.609871714503650990e-10
2.511511562284396538e-10
2.109388241034099749e-10
1.605012647873253908e-10
1.208074375658862071e-10
8.956642977977442060e-11
5.479543114917914114e-11
3.606586596176187921e-11
2.234754237843406906e-11
1.385910399394031482e-11
8.808354928059738804e-12
5.796939289990798070e-12
3.966970573557812558e-12
2.779979402185513053e-12
1.934746241786643259e-12
7.927727328015072360e-17
7.879281591692065791e-17
6.861920310732581968e-17
5.322388528862802313e-17
3.985299076484118841e-17
3.030988316034633879e-17
1.893236552052378817e-17
1.278795578445021487e-17
7.812372453939800406e-18
4.770498045539224029e-18
2.984652263511167972e-18
1.928814719602305643e-18
1.298105576518351346e-18
9.017096565083222294e-19
6.300665658661134650e-19
0.000000000000000000e+00
0.000000000000000000e+00
0.000000000000000000e+00
0.000000000000000000e+00
0.000000000000000000e+00
0.000000000000000000e+00
0.000000000000000000e+00
0.000000000000000000e+00
0.000000000000000000e+00
0.000000000000000000e+00
0.000000000000000000e+00
0.000000000000000000e+00
0.000000000000000000e+00
0.000000000000000000e+00
0.000000000000000000e+00
0.000000000000000000e+00
0.000000000000000000e+00
0.000000000000000000e+00
0.000000000000000000e+00
0.000000000000000000e+00
0.000000000000000000e+00
0.000000000000000000e+00
0.000000000000000000e+00
0.000000000000000000e+00
0.000000000000000000e+00
0.000000000000000000e+00
0.000000000000000000e+00
0.000000000000000000e+00
0.000000000000000000e+00
0.000000000000000000e+00
0.000000000000000000e+00
0.000000000000000000e+00
0.000000000000000000e+00
0.000000000000000000e+00
0.000000000000000000e+00
0.000000000000000000e+00
0.000000000000000000e+00
0.000000000000000000e+00
0.000000000000000000e+00
0.000000000000000000e+00
0.000000000000000000e+00
0.000000000000000000e+00
0.000000000000000000e+00
0.000000000000000000e+00
0.000000000000000000e+00
0.000000000000000000e+00
0.000000000000000000e+00
0.000000000000000000e+00
0.000000000000000000e+00
0.000000000000000000e+00
0.000000000000000000e+00
0.000000000000000000e+00
0.000000000000000000e+00
0.000000000000000000e+00
0.000000000000000000e+00
0.000000000000000000e+00
0.000000000000000000e+00
0.000000000000000000e+00
0.000000000000000000e+00
0.000000000000000000e+00
6.917444943220332537e-05
6.301166877079569697e-05
5.027655994333127623e-05
3.773077457928126225e-05
2.853924327314709576e-05
1.964998926320214910e-05
1.252535021655657201e-05
7.826827040298300450e-06
4.907587721905062392e-06
3.103870412738560080e-06
2.018868011927318922e-06
1.363857721994581457e-06
9.523596741191956621e-07
6.703649610846486861e-07
4.593700709900526662e-07
1.651893162543443069e-05
1.572631206353296152e-05
1.306897826630877091e-05
9.908906871674593291e-06
7.470858458364794844e-06
5.466973454351848142e-06
3.365169795866327723e-06
2.186503986230406942e-06
1.359600133514470902e-06
8.475987727265932649e-07
5.410551206096248936e-07
3.578921550162613577e-07
2.459656070106415636e-07
1.726089919118660413e-07
1.198195054751692852e-07
2.886322074730178432e-07
2.857261428212625912e-07
2.478596271317637778e-07
1.920033063847874013e-07
1.439108498530618686e-07
1.089913603760947074e-07
6.822244775395298034e-08
4.568341680247448767e-08
2.795578688403694502e-08
1.715364905069798897e-08
1.075171139931867110e-08
6.960877821150110129e-09
4.691434488188769912e-09
3.260186114647073311e-09
2.275858829638196159e-09
2.113865929940458740e-10
2.164599922500664605e-10
1.957243854387521988e-10
1.561867526267986341e-10
1.169397264209463418e-10
8.934150447184795264e-11
5.970685031190486169e-11
3.889363584595946614e-11
2.362418218942852077e-11
1.459272804368977621e-11
9.033499284177565478e-12
5.732058488945043786e-12
3.781616293535827952e-12
2.588150860679784343e-12
1.803454661880946612e-12
0.000000000000000000e+00
0.000000000000000000e+00
0.000000000000000000e+00
0.000000000000000000e+00
0.000000000000000000e+00
0.000000000000000000e+00
0.000000000000000000e+00
0.000000000000000000e+00
0.000000000000000000e+00
0.000000000000000000e+00
0.000000000000000000e+00
0.000000000000000000e+00
0.000000000000000000e+00
0.000000000000000000e+00
0.000000000000000000e+00
0.000000000000000000e+00
0.000000000000000000e+00
0.000000000000000000e+00
0.000000000000000000e+00
0.000000000000000000e+00
0.000000000000000000e+00
0.000000000000000000e+00
0.000000000000000000e+00
0.000000000000000000e+00
0.000000000000000000e+00
0.000000000000000000e+00
0.000000000000000000e+00
0.000000000000000000e+00
0.000000000000000000e+00
0.000000000000000000e+00
0.000000000000000000e+00
0.000000000000000000e+00
0.000000000000000000e+00
0.000000000000000000e+00
0.000000000000000000e+00
0.000000000000000000e+00
0.000000000000000000e+00
0.000000000000000000e+00
0.000000000000000000e+00
0.000000000000000000e+00
0.000000000000000000e+00
0.000000000000000000e+00
0.000000000000000000e+00
0.000000000000000000e+00
0.000000000000000000e+00
0.000000000000000000e+00
0.000000000000000000e+00
0.000000000000000000e+00
0.000000000000000000e+00
0.000000000000000000e+00
0.000000000000000000e+00
0.000000000000000000e+00
0.000000000000000000e+00
0.000000000000000000e+00
0.000000000000000000e+00
0.000000000000000000e+00
0.000000000000000000e+00
0.000000000000000000e+00
0.000000000000000000e+00
0.000000000000000000e+00
4.067497081779462755e-05
4.006804037534157572e-05
3.457367724889721743e-05
2.671185507229932501e-05
2.003704748546460430e-05
1.511557389843284541e-05
9.441521580528929806e-06
6.295643425360413997e-06
3.860387044309202109e-06
2.374271243777683237e-06
1.491472453116145322e-06
9.680646326788275781e-07
6.539720691618614449e-07
4.550006319029310310e-07
3.174121611063123612e-07
1.005703158458430008e-05
1.022033020371943991e-05
9.155380521447008515e-06
7.255581707855944861e-06
5.432497807160396977e-06
4.145959453511992423e-06
2.727388939201245428e-06
1.791863411139662913e-06
1.089834407780425993e-06
6.714786225741571596e-07
4.165928065142085704e-07
2.654761963264793045e-07
1.759794343441241844e-07
1.208728712791566832e-07
8.428197774346102337e-08
1.835729393646600344e-07
1.917509628051570962e-07
1.779542224924410710e-07
1.453217190652894011e-07
1.092685298713271849e-07
8.308017659355945282e-08
5.848290206440507345e-08
3.662017258243574459e-08
2.259387232552321467e-08
1.399097116258282589e-08
8.642452937010655642e-09
5.419355741116302400e-09
3.521168584919174481e-09
2.378822348468136558e-09
1.648374340220566536e-09
9.594766229584418003e-11
1.027911785691332286e-10
9.869658200088625641e-11
8.337785761368205013e-11
6.348493528834961264e-11
4.774622773900412506e-11
3.561828175896512623e-11
2.145496299465770229e-11
1.385626361126166926e-11
8.524777699094925709e-12
5.194261926192774272e-12
3.204932168675537989e-12
2.040168770735976717e-12
1.350788787837645442e-12
9.247151165131357350e-13
0.000000000000000000e+00
0.000000000000000000e+00
0.000000000000000000e+00
0.000000000000000000e+00
0.000000000000000000e+00
0.000000000000000000e+00
0.000000000000000000e+00
0.000000000000000000e+00
0.000000000000000000e+00
0.000000000000000000e+00
0.000000000000000000e+00
0.000000000000000000e+00
0.000000000000000000e+00
0.000000000000000000e+00
0.000000000000000000e+00
0.000000000000000000e+00
0.000000000000000000e+00
0.000000000000000000e+00
0.000000000000000000e+00
0.000000000000000000e+00
0.000000000000000000e+00
0.000000000000000000e+00
0.000000000000000000e+00
0.000000000000000000e+00
0.000000000000000000e+00
0.000000000000000000e+00
0.000000000000000000e+00
0.000000000000000000e+00
0.000000000000000000e+00
0.000000000000000000e+00
0.000000000000000000e+00
0.000000000000000000e+00
0.000000000000000000e+00
0.000000000000000000e+00
0.000000000000000000e+00
0.000000000000000000e+00
0.000000000000000000e+00
0.000000000000000000e+00
0.000000000000000000e+00
0.000000000000000000e+00
0.000000000000000000e+00
0.000000000000000000e+00
0.000000000000000000e+00
0.000000000000000000e+00
0.000000000000000000e+00
2.505900696376635060e-05
2.608257048673081138e-05
2.409725357868634871e-05
1.960410087146119879e-05
1.473296181710117395e-05
1.120945917101739151e-05
7.823656453377702635e-06
4.930779215325841679e-06
3.036941536128261959e-06
1.879284693107040620e-06
1.160953513577197911e-06
7.293633620595735550e-07
4.750663998647732502e-07
3.216069162305775244e-07
2.230323420485279781e-07
6.141666473452681335e-06
6.536447628174860827e-06
6.220816592865155065e-06
5.208368141963223339e-06
3.951110847559885625e-06
2.980303065159490454e-06
2.192813035988258278e-06
1.332140838301690092e-06
8.491716654525279653e-07
5.235074097074129383e-07
3.204871165260952344e-07
1.985650813595456943e-07
1.270528330961990895e-07
8.457101232183402023e-08
5.809401923732314042e-08
8.809897095810638666e-08
9.574280630268605586e-08
9.376688355967719947e-08
8.098315517328475402e-08
6.245618474062451860e-08
4.669014870962677027e-08
3.559533244719029216e-08
2.151015616584521508e-08
1.427101805246692308e-08
8.724754582094790459e-09
5.237813009172864984e-09
3.196632077235963280e-09
2.008813626715462712e-09
1.311333571503264113e-09
8.881439370880957047e-10
1.666298889833052055e-11
1.847720562031354895e-11
1.861092535267595219e-11
1.661521388416676754e-11
1.311996750097936857e-11
9.754593555689694765e-12
7.553077397163613912e-12
4.752465495099656511e-12
3.179998153872717782e-12
1.921657655722280754e-12
1.148305229993295610e-12
6.898245187639532872e-13
4.246938978815574937e-13
2.711416804733335010e-13
1.801387450337336061e-13
0.000000000000000000e+00
0.000000000000000000e+00
0.000000000000000000e+00
0.000000000000000000e+00
0.000000000000000000e+00
0.000000000000000000e+00
0.000000000000000000e+00
0.000000000000000000e+00
0.000000000000000000e+00
0.000000000000000000e+00
0.000000000000000000e+00
0.000000000000000000e+00
0.000000000000000000e+00
0.000000000000000000e+00
0.000000000000000000e+00
0.000000000000000000e+00
0.000000000000000000e+00
0.000000000000000000e+00
0.000000000000000000e+00
0.000000000000000000e+00
0.000000000000000000e+00
0.000000000000000000e+00
0.000000000000000000e+00
0.000000000000000000e+00
0.000000000000000000e+00
0.000000000000000000e+00
0.000000000000000000e+00
0.000000000000000000e+00
0.000000000000000000e+00
0.000000000000000000e+00
1.556742139662815151e-05
1.686932563817340928e-05
1.645692432406608178e-05
1.415397665616333882e-05
1.089168293341026726e-05
8.152132092594752019e-06
6.187021682883534029e-06
3.741106246585120680e-06
2.468245217360949912e-06
1.510514280708981723e-06
9.095801190056841512e-07
5.561888300664111918e-07
3.503160977179217859e-07
2.292706058381941702e-07
1.555764766220265551e-07
3.544576479531946676e-06
3.907773163509948818e-06
3.904537389676407107e-06
3.452717861690928044e-06
2.707235903776881680e-06
2.015369891216067042e-06
1.555467589747040318e-06
9.652916637022301576e-07
6.460296780272758557e-07
3.917844676046460879e-07
2.340025083626097983e-07
1.411958623567166148e-07
8.744108904872701342e-08
5.618296241279518920e-08
3.754145634449419404e-08
2.856912600193917578e-08
3.203155335316442340e-08
3.277006838413880870e-08
2.983359618890248666e-08
2.395569480019746611e-08
1.781475769507477628e-08
1.378353841006975066e-08
9.050780173771473112e-09
5.925192085727844049e-09
3.561466722668793169e-09
2.146829634415216649e-09
1.284151951657632474e-09
7.821342642485360284e-10
4.925470197485825694e-10
3.227829867486110177e-10
1.452317372409296438e-13
1.658434684815556435e-13
1.741004573929217695e-13
1.638589568491322328e-13
1.358134446218141330e-13
1.016319362160994552e-13
7.768146130438590459e-14
5.532115003237725525e-14
3.419580528980990805e-14
2.077180096034050731e-14
1.262332376897929001e-14
7.574760208174952160e-15
4.543411616100953122e-15
2.790191626470275591e-15
1.781075904099331561e-15
0.000000000000000000e+00
0.000000000000000000e+00
0.000000000000000000e+00
0.000000000000000000e+00
0.000000000000000000e+00
0.000000000000000000e+00
0.000000000000000000e+00
0.000000000000000000e+00
0.000000000000000000e+00
0.000000000000000000e+00
0.000000000000000000e+00
0.000000000000000000e+00
0.000000000000000000e+00
0.000000000000000000e+00
0.000000000000000000e+00
9.626134257733222327e-06
1.076539819108662287e-05
1.097497740063899417e-05
9.948949822106114001e-06
7.961138052255157946e-06
5.921186476382389443e-06
4.580365142068539563e-06
2.982942415846170324e-06
1.959572457639341086e-06
1.179683022597510530e-06
7.098284809692885371e-07
4.251321102071457984e-07
2.595371440717039557e-07
1.639050480832173604e-07
1.077165434143436702e-07
1.735398143902647942e-06
1.968277301426190553e-06
2.046697566327215275e-06
1.902755509806844927e-06
1.558292111727101599e-06
1.162725443114260056e-06
8.937784646119806032e-07
6.175900025040008765e-07
3.903425605408832733e-07
2.355910889963466546e-07
1.429279874835894799e-07
8.558714668105194192e-08
5.161005347379313720e-08
3.199507620744566190e-08
2.062842449669034364e-08
2.106192769640483604e-09
2.427486554918028384e-09
2.581949465405808767e-09
2.473028811131580558e-09
2.088798233009198942e-09
1.575945588624170673e-09
1.192548334354511583e-09
8.826440094792043364e-10
5.313222521742663415e-10
3.311590930605621158e-10
2.009490019544289338e-10
1.199110250159744536e-10
7.128878436877234497e-11
4.319323166381839894e-11
2.713337792295933741e-11
0.000000000000000000e+00
0.000000000000000000e+00
0.000000000000000000e+00
0.000000000000000000e+00
0.000000000000000000e+00
0.000000000000000000e+00
0.000000000000000000e+00
0.000000000000000000e+00
0.000000000000000000e+00
0.000000000000000000e+00
0.000000000000000000e+00
0.000000000000000000e+00
0.000000000000000000e+00
0.000000000000000000e+00
0.000000000000000000e+00
5.286443976100072891e-06
6.074271998666851123e-06
6.433353281907463172e-06
6.127968023817144723e-06
5.146633552713046459e-06
3.875100362665590662e-06
2.941275229913314058e-06
2.150219733967360837e-06
1.306233692077753088e-06
8.090577221581769063e-07
4.910744777524338762e-07
2.931339197107471528e-07
1.746934467725827923e-07
1.062833462649119074e-07
6.708257206732146573e-08
6.153549030056407752e-07
7.166394302280289329e-07
7.734925416266820169e-07
7.556885946670100117e-07
6.528344113574279089e-07
4.990350663582166351e-07
3.737790380456621237e-07
2.858649916433063228e-07
1.699999807734248516e-07
1.096917743517668417e-07
6.648031058491902188e-08
3.897433274216821242e-08
2.289855714266418420e-08
1.368085634737616482e-08
8.430826574947144892e-09
5.504716998846959784e-12
6.519840021659025007e-12
7.205335689850017300e-12
7.270563474342982776e-12
6.532065437765871768e-12
5.143930272477242143e-12
3.808752242015215438e-12
2.990569005653542881e-12
1.841701729162580753e-12
1.226574303879765810e-12
7.373278839012515297e-13
4.256193101278110101e-13
2.450413319598628798e-13
1.424694185629092448e-13
8.483178730873079061e-14
2.383802206124414852e-06
2.810447132478466567e-06
3.086223328180845041e-06
3.087506732964177122e-06
2.745349432878150774e-06
2.144883013177712698e-06
1.592613823598751989e-06
1.243250782742512255e-06
7.575968700472491216e-07
5.008431939439497346e-07
3.017422254738429612e-07
1.747148292245309128e-07
1.011325412281672228e-07
5.923511932425668832e-08
3.558854985815979084e-08
1.227289653744759051e-07
1.468084572197197809e-07
1.645004616668411687e-07
1.691904424342601967e-07
1.557940704604123961e-07
1.255425304330117034e-07
9.289144673505571871e-08
7.275537459664181443e-08
4.734011711660064966e-08
3.093006334179233597e-08
1.835833515996998292e-08
1.075491042000543979e-08
6.163362622096294660e-09
3.529454438142475334e-09
2.058748339375529713e-09
5.495633110484148140e-07
6.651470696718972974e-07
7.575748617042395287e-07
7.971288664579666345e-07
7.569434239827803297e-07
6.307558469701058658e-07
4.715488671224595005e-07
3.626388966676392460e-07
2.553498310939742714e-07
1.594938216217336426e-07
9.581635983328512056e-08
5.669948798870242053e-08
3.263168997479238329e-08
1.845819213836635629e-08
1.048153371256356101e-08
