# z
0.000000000000000000e+00
3.355704697986577195e-02
6.711409395973154390e-02
1.006711409395973089e-01
1.342281879194630878e-01
1.677852348993288667e-01
2.013422818791946178e-01
2.348993288590603967e-01
2.684563758389261756e-01
3.020134228187919545e-01
3.355704697986577334e-01
3.691275167785235123e-01
4.026845637583892357e-01
4.362416107382550146e-01
4.697986577181207934e-01
5.033557046979866278e-01
5.369127516778523512e-01
5.704697986577180746e-01
6.040268456375839090e-01
6.375838926174496324e-01
6.711409395973154668e-01
7.046979865771811902e-01
7.382550335570470246e-01
7.718120805369127480e-01
8.053691275167784713e-01
8.389261744966443057e-01
8.724832214765100291e-01
9.060402684563758635e-01
9.395973154362415869e-01
9.731543624161074213e-01
1.006711409395973256e+00
1.040268456375838868e+00
1.073825503355704702e+00
1.107382550335570537e+00
1.140939597315436149e+00
1.174496644295301984e+00
1.208053691275167818e+00
1.241610738255033652e+00
1.275167785234899265e+00
1.308724832214765099e+00
1.342281879194630934e+00
1.375838926174496546e+00
1.409395973154362380e+00
1.442953020134228215e+00
1.476510067114094049e+00
1.510067114093959662e+00
1.543624161073825496e+00
1.577181208053691330e+00
1.610738255033556943e+00
1.644295302013422777e+00
1.677852348993288611e+00
1.711409395973154446e+00
1.744966442953020058e+00
1.778523489932885893e+00
1.812080536912751727e+00
1.845637583892617561e+00
1.879194630872483174e+00
1.912751677852349008e+00
1.946308724832214843e+00
1.979865771812080455e+00
2.013422818791946511e+00
2.046979865771811902e+00
2.080536912751677736e+00
2.114093959731543571e+00
2.147651006711409405e+00
2.181208053691275239e+00
2.214765100671141074e+00
2.248322147651006908e+00
2.281879194630872298e+00
2.315436241610738133e+00
2.348993288590603967e+00
2.382550335570469802e+00
2.416107382550335636e+00
2.449664429530201470e+00
2.483221476510067305e+00
2.516778523489932695e+00
2.550335570469798530e+00
2.583892617449664364e+00
2.617449664429530198e+00
2.651006711409396033e+00
2.684563758389261867e+00
2.718120805369127702e+00
2.751677852348993092e+00
2.785234899328858926e+00
2.818791946308724761e+00
2.852348993288590595e+00
2.885906040268456429e+00
2.919463087248322264e+00
2.953020134228188098e+00
2.986577181208053489e+00
3.020134228187919323e+00
3.053691275167785157e+00
3.087248322147650992e+00
3.120805369127516826e+00
3.154362416107382661e+00
3.187919463087248495e+00
3.221476510067113885e+00
3.255033557046979720e+00
3.288590604026845554e+00
3.322147651006711389e+00
3.355704697986577223e+00
3.389261744966443057e+00
3.422818791946308892e+00
3.456375838926174726e+00
3.489932885906040116e+00
3.523489932885905951e+00
3.557046979865771785e+00
3.590604026845637620e+00
3.624161073825503454e+00
3.657718120805369288e+00
3.691275167785235123e+00
3.724832214765100513e+00
3.758389261744966348e+00
3.791946308724832182e+00
3.825503355704698016e+00
3.859060402684563851e+00
3.892617449664429685e+00
3.926174496644295520e+00
3.959731543624160910e+00
3.993288590604026744e+00
4.026845637583893023e+00
4.060402684563758413e+00
4.093959731543623803e+00
4.127516778523490082e+00
4.161073825503355472e+00
4.194630872483221751e+00
4.228187919463087141e+00
4.261744966442953420e+00
4.295302013422818810e+00
4.328859060402684200e+00
4.362416107382550479e+00
4.395973154362415869e+00
4.429530201342282147e+00
4.463087248322147538e+00
4.496644295302013816e+00
4.530201342281879207e+00
4.563758389261744597e+00
4.597315436241610875e+00
4.630872483221476266e+00
4.664429530201342544e+00
4.697986577181207934e+00
4.731543624161074213e+00
4.765100671140939603e+00
4.798657718120804994e+00
4.832214765100671272e+00
4.865771812080536662e+00
4.899328859060402941e+00
4.932885906040268331e+00
4.966442953020134610e+00
5.000000000000000000e+00
