# f_ap
0.000000000000000000e+00
1.518050423915937724e-02
3.047354200685774631e-02
4.588322681628996536e-02
6.141359120538587846e-02
7.706858330256850798e-02
9.285206376053922739e-02
1.087678030505079413e-01
1.248194791078169885e-01
1.410106753185987605e-01
1.573448788359579631e-01
1.738254792131816995e-01
1.904557673406556406e-01
2.072389346724848869e-01
2.241780727282787766e-01
2.412761728551884866e-01
2.585361262350010514e-01
2.759607241209696693e-01
2.935526582890322644e-01
3.113145216881398891e-01
3.292488092745914363e-01
3.473579190155232643e-01
3.656441530470260770e-01
3.841097189727458727e-01
4.027567312892841866e-01
4.215872129251783118e-01
4.406030968807956860e-01
4.598062279570064859e-01
4.791983645610986553e-01
4.987811805789749142e-01
5.185562673032925174e-01
5.385251354077924546e-01
5.586892169586982204e-01
5.790498674546324942e-01
5.996083678871294564e-01
6.203659268143627559e-01
6.413236824413101056e-01
6.624827047000848568e-01
6.838439973247376624e-01
7.054084999152882007e-01
7.271770899862828319e-01
7.491505849955910623e-01
7.713297443496265338e-01
7.937152713815764926e-01
8.163078152996172676e-01
8.391079731024656541e-01
8.621162914599554972e-01
8.853332685566581706e-01
9.087593558968473095e-01
9.323949600694155793e-01
9.562404444715738583e-01
9.802961309904286713e-01
1.004562301641724220e+00
1.029039200165268397e+00
1.053727033576704830e+00
1.078625973675484406e+00
1.103736158509037057e+00
1.129057693793259931e+00
1.154590654289582963e+00
1.180335085138972895e+00
1.206291003153312946e+00
1.232458398064715022e+00
1.258837233733369088e+00
1.285427449314604731e+00
1.312228960385906307e+00
1.339241660034650172e+00
1.366465419907399337e+00
1.393900091221596638e+00
1.421545505740538395e+00
1.449401476712540493e+00
1.477467799775203927e+00
1.505744253825707313e+00
1.534230601858069809e+00
1.562926591768317941e+00
1.591831957128496233e+00
1.620946417930453576e+00
1.650269681300333025e+00
1.679801442184696070e+00
1.709541384009183096e+00
1.739489179310590661e+00
1.769644490343286858e+00
1.800006969660800316e+00
1.830576260673444811e+00
1.861351998182814826e+00
1.892333808893964964e+00
1.923521311906072562e+00
1.954914119182359578e+00
1.986511836000018683e+00
2.018314061380909852e+00
2.050320388503712010e+00
2.082530405098243609e+00
2.114943693822621817e+00
2.147559832623922027e+00
2.180378395082968712e+00
2.213398950743869609e+00
2.246621065428889175e+00
2.280044301539246199e+00
2.313668218342386229e+00
2.347492372246255066e+00
2.381516317061119103e+00
2.415739604249408146e+00
2.450161783164074514e+00
2.484782401275934305e+00
2.519601004390447763e+00
2.554617136854351322e+00
2.589830341752577869e+00
2.625240161095859559e+00
2.660846135999395567e+00
2.696647806852968898e+00
2.732644713482837329e+00
2.768836395305799503e+00
2.805222391475703514e+00
2.841802241022761688e+00
2.878575482985955336e+00
2.915541656538819471e+00
2.952700301108909020e+00
2.990050956491194345e+00
3.027593162955669825e+00
3.065326461349380249e+00
3.103250393193174972e+00
3.141364500773343504e+00
3.179668327228412750e+00
3.218161416631270200e+00
3.256843314066852901e+00
3.295713565705582937e+00
3.334771718872713731e+00
3.374017322113803008e+00
3.413449925256466955e+00
3.453069079468567004e+00
3.492874337313004673e+00
3.532865252799261668e+00
3.573041381431862451e+00
3.613402280255834320e+00
3.653947507899347524e+00
3.694676624613679294e+00
3.735589192310554196e+00
3.776684774597025562e+00
3.817962936808030339e+00
3.859423246036655542e+00
3.901065271162287296e+00
3.942888582876689085e+00
3.984892753708155322e+00
4.027077358043761990e+00
4.069441972149876463e+00
4.111986174190938925e+00
4.154709544246651731e+00
4.197611664327620673e+00
4.240692118389507215e+00
4.283950492345805827e+00
4.327386372012294480e+00
4.370999351261414034e+00
4.414789019994093344e+00
4.458754972056818033e+00
4.502896803298945372e+00
4.547214111578380624e+00
4.591706496766229328e+00
4.636373560750541856e+00
4.681214907439115613e+00
4.726230142761498776e+00
4.771418874670133370e+00
4.816780713140762948e+00
4.862315270172086201e+00
4.908022159784750649e+00
4.953900998019641122e+00
4.999951402935594480e+00
5.046172994606487272e+00
5.092565395117786942e+00
5.139128228562544365e+00
5.185861121036943189e+00
5.232763700635289617e+00
5.279835597444643369e+00
5.327076443538952155e+00
5.374485872972844192e+00
5.422063521775005057e+00
5.469809027941216151e+00
5.517722031427062745e+00
5.565802174140315195e+00
5.614049099933033915e+00
5.662462454593374162e+00
5.711041885837156329e+00
5.759787043299162690e+00
5.808697578524253835e+00
5.857773144958207112e+00
5.907013397938436938e+00
5.956417994684438888e+00
6.005986594288160063e+00
6.055718857704133207e+00
6.105614447739510453e+00
6.155673029043943423e+00
6.205894268099325650e+00
6.256277833209464845e+00
6.306823394489613044e+00
6.357530623855902618e+00
6.408399195014724548e+00
6.459428783452005440e+00
6.510619066422422385e+00
6.561969722938566285e+00
6.613480433760028809e+00
6.665150881382467141e+00
6.716980750026618985e+00
