# f_z
5.276531700930022772e-01
5.368264358753453980e-01
5.458779418392785132e-01
5.548049953190654637e-01
5.636052194748989441e-01
5.722765073620950105e-01
5.808170014530148473e-01
5.892251365791953965e-01
5.974995910442305602e-01
6.056392716384706443e-01
6.136433596252460765e-01
6.215112017426256408e-01
6.292424166411122455e-01
6.368367954726398272e-01
6.442943215104806054e-01
6.516151926036956032e-01
6.587997250735024846e-01
6.658484542206838386e-01
6.727620354876030495e-01
6.795412845285259129e-01
6.861871252934096388e-01
6.927006223199959623e-01
6.990829438398901141e-01
7.053353821343641972e-01
7.114593133208121367e-01
7.174561929814510242e-01
7.233275583640601525e-01
7.290750268708178217e-01
7.347002816921508472e-01
7.402050504291398658e-01
7.455911158757680957e-01
7.508602802990272940e-01
7.560144498344101294e-01
7.610554889795062561e-01
7.659853210808331703e-01
7.708059033853359443e-01
7.755191735093870387e-01
7.801271128412086142e-01
7.846316881898904860e-01
7.890348842562445730e-01
7.933386737540224498e-01
7.975450333029736605e-01
8.016559407762398060e-01
8.056733446559667389e-01
8.095991889251523688e-01
8.134354113984643142e-01
8.171839150949183894e-01
8.208466222769826848e-01
8.244253784521345940e-01
8.279220543108636310e-01
8.313384802110358462e-01
8.346764570545404105e-01
8.379377751954589781e-01
8.411241522199870424e-01
8.442373610638307380e-01
8.472790730981989427e-01
8.502509555612037806e-01
8.531546499872761924e-01
8.559917653028238371e-01
8.587638856395749531e-01
8.614725394676489012e-01
8.641192798820287457e-01
8.667055606515106092e-01
8.692328511244382661e-01
8.717025777640623474e-01
8.741161440137351635e-01
8.764748954257358671e-01
8.787801837018125450e-01
8.810333090173995130e-01
8.832355497014311441e-01
8.853881557916680745e-01
8.874923364620953548e-01
8.895492993745196530e-01
8.915601850588584787e-01
8.935261439568483732e-01
8.954482699633120601e-01
8.973276633834263993e-01
8.991653537517079187e-01
9.009623880885153646e-01
9.027197695655032605e-01
9.044384619611630649e-01
9.061194266945027387e-01
9.077636139012642547e-01
9.093718910299867231e-01
9.109451616433686949e-01
9.124843008128142863e-01
9.139901331388426975e-01
9.154634711644561440e-01
9.169051197982811541e-01
9.183158664920882952e-01
9.196964491983944390e-01
9.210476138917672584e-01
9.223700756693113956e-01
9.236645277980551905e-01
9.249316702796022138e-01
9.261721505444405755e-01
9.273866106542749677e-01
9.285756948734928962e-01
9.297400266680380110e-01
9.308801771026499194e-01
9.319967304680633058e-01
9.330902702432862794e-01
9.341613314022471082e-01
9.352104605149113015e-01
9.362381930467787994e-01
9.372450086761089372e-01
9.382314132448822397e-01
9.391979131752731247e-01
9.401449397213085257e-01
9.410729835161283363e-01
9.419824873292920175e-01
9.428738769388453900e-01
9.437475834238665540e-01
9.446040159055150154e-01
9.454435633454655319e-01
9.462666447077309195e-01
9.470736283084816298e-01
9.478648699405562983e-01
9.486407490010887456e-01
9.494016101501479010e-01
9.501478088852105541e-01
9.508796620628957585e-01
9.515975244422406609e-01
9.523016815821386816e-01
9.529924552102688740e-01
9.536701475748874390e-01
9.543350696234258468e-01
9.549874844416809117e-01
9.556276792556938071e-01
9.562559253057393294e-01
9.568725027451170373e-01
9.574776313174693243e-01
9.580716174658836515e-01
9.586546500560138018e-01
9.592270155724142988e-01
9.597889301171963483e-01
9.603406078621372632e-01
9.608823008878505378e-01
9.614141964537842311e-01
9.619365451491024288e-01
9.624494965347916153e-01
9.629532972054989370e-01
9.634481213627420493e-01
9.639341664053652226e-01
9.644116267955850086e-01
9.648806728164852631e-01
9.653415171199750677e-01
9.657942628482852898e-01
9.662391320419135843e-01
9.666762823153285389e-01
9.671058644732759557e-01
9.675280441855615976e-01
9.679429876113637699e-01
9.683507958300971996e-01
9.687516662606269202e-01
9.691457274543866518e-01
9.695331066488312999e-01
9.699139399175474852e-01
9.702883882166055685e-01
9.706565399493044533e-01
9.710185619475206753e-01
9.713745550880338309e-01
9.717246437231279454e-01
9.720689348080417957e-01
9.724075734116920389e-01
9.727406439765345914e-01
9.730682714887985973e-01
9.733905587315693220e-01
9.737075989269413645e-01
9.740195193118131867e-01
9.743264108102254184e-01
9.746283590584745582e-01
9.749254836721770179e-01
9.752178313320685188e-01
9.755055541890748083e-01
9.757887128638262908e-01
9.760673885435325881e-01
9.763416746801840684e-01
9.766116494926979641e-01
9.768773909170083147e-01
9.771390170803578856e-01
9.773965563334605644e-01
9.776501074624412979e-01
9.778997236774179536e-01
9.781455286886774347e-01
9.783875476205320387e-01
9.786258718108622467e-01
9.788605571789470439e-01
9.790916758526621022e-01
9.793193052713435875e-01
9.795434738383995699e-01
9.797643020251534107e-01
9.799818025249938946e-01
9.801960538690758229e-01
9.804071102122704495e-01
9.806150394309974816e-01
9.808198769007662188e-01
9.810216900068586821e-01
9.812205504401273481e-01
9.814164915005798573e-01
