# lsst_theory
2.520208063649297491e-09
1.700573636850781892e-09
1.125753250181581620e-09
7.480851707854871316e-10
5.032595651998389810e-10
3.393909767258609120e-10
2.325933900959960423e-10
1.604608511038877725e-10
1.099685845773466376e-10
7.377054397323541927e-11
4.775944256610272636e-11
2.958699573227905510e-11
1.755719657389483176e-11
1.001130818675182063e-11
5.509563132796982228e-12
4.223616497438850777e-09
2.846256674532531933e-09
1.875313496701639320e-09
1.216665260069948333e-09
7.978498172232769150e-10
5.357356001241701458e-10
3.652711535438980416e-10
2.545871190350565808e-10
1.781236368554904100e-10
1.226554042352854790e-10
8.143516156527136869e-11
5.130123341100571666e-11
3.050752990790335422e-11
1.717160767670277274e-11
9.241789274680133063e-12
4.296766955310098867e-09
2.841244086198303365e-09
1.843088791267273660e-09
1.171157261220194090e-09
7.519571158085263737e-10
5.064196174592809970e-10
3.470255644094978699e-10
2.455604187541205040e-10
1.744221836247338223e-10
1.214886354559279747e-10
8.101829565748195056e-11
5.074231227693885501e-11
2.960415325407490969e-11
1.611488914727159617e-11
8.293432787827600002e-12
4.363889657922220372e-09
2.858538315061645610e-09
1.839424065252155728e-09
1.155678023716438072e-09
7.333301642397392303e-10
4.945433324280805105e-10
3.398343145142726625e-10
2.424551226163949565e-10
1.736430083558766343e-10
1.217089855512580155e-10
8.138013912738919136e-11
5.083228275327859654e-11
2.936547788531859890e-11
1.569448108603430079e-11
7.867983249692957687e-12
4.422102413734260599e-09
2.873748474566094817e-09
1.836469000081291236e-09
1.142445126458665405e-09
7.173782937034401044e-10
4.843866123778641717e-10
3.336849622360659083e-10
2.398145077181022383e-10
1.729953574478103534e-10
1.219151632029519010e-10
8.170304815663624049e-11
5.091666467824403266e-11
2.916301894415206457e-11
1.533282277720674226e-11
7.500959837203937484e-12
1.423276120543402484e-08
1.033164164221394764e-08
7.262378286965752551e-09
4.983830836917574482e-09
3.312939779349832512e-09
2.164537880684404399e-09
1.419427553881377906e-09
9.430739147565004632e-10
6.386069747725971904e-10
4.388027186530546004e-10
3.014201795600413521e-10
2.032090797720860735e-10
1.324555812468204866e-10
8.249746728020080632e-11
4.890537359351252637e-11
1.788663246677557628e-08
1.313017414690575808e-08
9.295812361110431806e-09
6.436236891955574183e-09
4.303965015166060851e-09
2.790566337418754819e-09
1.826389475497496173e-09
1.201980526111427356e-09
8.091849954611814309e-10
5.547564627969510825e-10
3.822201835304989040e-10
2.598545584115949857e-10
1.714624927871503821e-10
1.082273272847475673e-10
6.490494110457625005e-11
1.981254182517690258e-08
1.456083001989686272e-08
1.030722233307241695e-08
7.145469645620522469e-09
4.777954893225554915e-09
3.079599167877655366e-09
2.013032857420990589e-09
1.320454429261654874e-09
8.887153940502995336e-10
6.100287569401796799e-10
4.215930501739163567e-10
2.878786430714130523e-10
1.908370787868331368e-10
1.208936461864780528e-10
7.261061206518219383e-11
2.149587151904801053e-08
1.581640633580934648e-08
1.119831257902706963e-08
7.771808729337477749e-09
5.197634278342129058e-09
3.337060451864601370e-09
2.179326939988900660e-09
1.426135412057372123e-09
9.594453701120073721e-10
6.590263340809144082e-10
4.563840405447055526e-10
3.125847741523505366e-10
2.079048122378565991e-10
1.320640752086845249e-10
7.942714950274802626e-11
2.700960086994700484e-08
2.083479941290553613e-08
1.526709431889131852e-08
1.086114518273864354e-08
7.500807236775343482e-09
4.956293299821460377e-09
3.211281838661067999e-09
2.087383984516134240e-09
1.371648897467931877e-09
9.187544007061625515e-10
6.243428834260980812e-10
4.249669206293714969e-10
2.854754018125985110e-10
1.861363715907372854e-10
1.163507996897399073e-10
3.243282233500242348e-08
2.544898721844080161e-08
1.886410021719979963e-08
1.352534338288787375e-08
9.424571281185782609e-09
6.275081717912527851e-09
4.046558503427448171e-09
2.626594382316567484e-09
1.711372330101374390e-09
1.138057790994632549e-09
7.698894130420827173e-10
5.240080124085193252e-10
3.538047494267326847e-10
2.328962278300890488e-10
1.473576345761025650e-10
3.694035305292615418e-08
2.924862094580707458e-08
2.179561236547525565e-08
1.567864426179961652e-08
1.097187315444342136e-08
7.328429072790590046e-09
4.705979502717895631e-09
3.052708082611240062e-09
1.979213967499827095e-09
1.311884420665034048e-09
8.861326403834394628e-10
6.037213251516829712e-10
4.091200020272995640e-10
2.708433223064051830e-10
1.724817630236258535e-10
4.270707919774434329e-08
3.489419651788065318e-08
2.676914747849843794e-08
1.965365917138575041e-08
1.396019194007759938e-08
9.532040511170348168e-09
6.223182033487290226e-09
4.010200753285490564e-09
2.582993816997384884e-09
1.686823535273744983e-09
1.120243631326592034e-09
7.531407936499138253e-10
5.075549013181923157e-10
3.374767722656683164e-10
2.180532356678528302e-10
5.165963651249954506e-08
4.315956752914266167e-08
3.372665116294135846e-08
2.507373008720562859e-08
1.797573758866290475e-08
1.241536945364408146e-08
8.170158022967699160e-09
5.237727820261021055e-09
3.362962615238498817e-09
2.176307743821021220e-09
1.431602884079009897e-09
9.560756225172015945e-10
6.433233609952706234e-10
4.296351696585264201e-10
2.803271457944370326e-10
6.830246676510700217e-08
5.967072263311945114e-08
4.874430746917803939e-08
3.759192145451213028e-08
2.765169214219002405e-08
1.953416171206004354e-08
1.326037328256787087e-08
8.577616746994369965e-09
5.478433818105968290e-09
3.489221664714046915e-09
2.244218612284705259e-09
1.463692451871351063e-09
9.675055485470422922e-10
6.417303718138864285e-10
4.213648736611446239e-10
