# k_h
1.049778529704780910e-05
1.124973834686299785e-05
1.205555355646970085e-05
1.291908905538555956e-05
1.384447932972882023e-05
1.483615501755418922e-05
1.589886412212295321e-05
1.703769474467245601e-05
1.825809944552679196e-05
1.956592135018645216e-05
2.096742212538846783e-05
2.246931195908345141e-05
2.407878168786835692e-05
2.580353722569770801e-05
2.765183645871219039e-05
2.963252878283191346e-05
3.175509747341592526e-05
3.402970508984616452e-05
3.646724213242764868e-05
3.907937918456761165e-05
4.187862278988155671e-05
4.487837533175989362e-05
4.809299920208783691e-05
5.153788556635167912e-05
5.522952805436710815e-05
5.918560172945112749e-05
6.342504771413168751e-05
6.796816387756951126e-05
7.283670201889058866e-05
7.805397201173267874e-05
8.364495340862955215e-05
8.963641503958499608e-05
9.605704317745242292e-05
1.029375788837627099e-04
1.103109651925877389e-04
1.182125048371402304e-04
1.266800292742784767e-04
1.357540798161829614e-04
1.454781017364388995e-04
1.558986522798764781e-04
1.670656235720878056e-04
1.790324814958862152e-04
1.918565216784066235e-04
2.055991438144858137e-04
2.203261456397347193e-04
2.361080379608146234e-04
2.530203822512287304e-04
2.711441524289943581e-04
2.905661225483370069e-04
3.113792822616192170e-04
3.336832820406711829e-04
3.575849102891926401e-04
3.831986046305568437e-04
4.106469998190075588e-04
4.400615148975548234e-04
4.715829824138095491e-04
5.053623227063514184e-04
5.415612664900078775e-04
5.803531291997038105e-04
6.219236408003017387e-04
6.664718350354681495e-04
7.142110023731536176e-04
7.653697112102533524e-04
8.201929022258456527e-04
8.789430611225937254e-04
9.419014753712550347e-04
1.009369580975399928e-03
1.081670405704457513e-03
1.159150115705103552e-03
1.242179672895915360e-03
1.331156611080696901e-03
1.426506939284236022e-03
1.528687181423402488e-03
1.638186562079243418e-03
1.755529348835244358e-03
1.881277362396541588e-03
2.016032666508180745e-03
2.160440450551376606e-03
2.315192118619217952e-03
2.481028599861925029e-03
2.658743895951049766e-03
2.849188882647449815e-03
3.053275383674367710e-03
3.271980536400747458e-03
3.506351470237092319e-03
3.757510320143296785e-03
4.026659599252521878e-03
4.315087956334379311e-03
4.624176345663409161e-03
4.955404638833278870e-03
5.310358710173160995e-03
5.690738029690237988e-03
6.098363799892292034e-03
6.535187675448329674e-03
7.003301107435739095e-03
7.504945356912958235e-03
8.042522225761109325e-03
8.618605556172553861e-03
9.235953553844091987e-03
9.897521993876636642e-03
1.060647837260936081e-02
1.136621707314512501e-02
1.218037561717789583e-02
1.305285208093328632e-02
1.398782375860748578e-02
1.498976716266248004e-02
1.606347945673593236e-02
1.721410142378390282e-02
1.844714207942415793e-02
1.976850504832563735e-02
2.118451682993025345e-02
2.270195708883965269e-02
2.432809111489251178e-02
2.607070460834717482e-02
2.793814095671591155e-02
2.993934118172690562e-02
3.208388674767484461e-02
3.438204543611974445e-02
3.684482050657634372e-02
3.948400337856793063e-02
4.231223008727928725e-02
4.534304178310995248e-02
4.859094956479186739e-02
5.207150395648220409e-02
5.580136936147884336e-02
5.979840384903199052e-02
6.408174465625973704e-02
6.867189981453911130e-02
7.359084633906638750e-02
7.886213545170470129e-02
8.451100534091125771e-02
9.056450199862220440e-02
9.705160871264599531e-02
1.040033848345551099e-01
1.114531144874791047e-01
1.194364659257898670e-01
1.279916623096692407e-01
1.371596647122084456e-01
1.469843682352437730e-01
1.575128121729124364e-01
1.687954052291545937e-01
1.808861668674734691e-01
1.938429859485068241e-01
2.077278978937200093e-01
2.226073817022532486e-01
2.385526782429876480e-01
2.556401313457712932e-01
2.739515533249075041e-01
2.935746166849672045e-01
3.146032738843742571e-01
3.371382071665138813e-01
3.612873106121118894e-01
3.871662067208667124e-01
4.148987999956602057e-01
4.446178701798394473e-01
4.764657079878850676e-01
5.105947963732799799e-01
5.471685405953720105e-01
5.863620505806946825e-01
6.283629793245937289e-01
6.733724213472804809e-01
7.216058755060278385e-01
7.732942767732864375e-01
8.286851019207419622e-01
8.880435544031879402e-01
9.516538341152324110e-01
1.019820498100302508e+00
1.092869918726789180e+00
1.171151846312885825e+00
1.255041083681776470e+00
1.344939280664645631e+00
1.441276857143413581e+00
1.544515063840387503e+00
1.655148190721625223e+00
1.773705933587566896e+00
1.900755930181757813e+00
2.036906477960294115e+00
2.182809446534179187e+00
2.339163398729064536e+00
2.506716935205476560e+00
2.686272278653129675e+00
2.878689114720002884e+00
3.084888708065872009e+00
3.305858313247540092e+00
3.542655901554335518e+00
3.796415226425335909e+00
4.068351251700900839e+00
4.359765968698042116e+00
4.672054629961186478e+00
5.006712429534450948e+00
5.365341661739723378e+00
5.749659392735838814e+00
6.161505681588985261e+00
6.602852390215938172e+00
7.075812624380644067e+00
7.582650850946408561e+00
8.125793739823793160e+00
8.707841782523614071e+00
9.331581742943475533e+00
1.000000000000000178e+01
1.021578747452977431e+01
1.043623137247594634e+01
1.066143217362344231e+01
1.089149252598511453e+01
1.112651729258933564e+01
1.136661359927731141e+01
1.161189088353169296e+01
1.186246094435895770e+01
1.211843799324808479e+01
1.237993870622895010e+01
1.264708227705400923e+01
1.291999047152758173e+01
1.319878768300755389e+01
1.348360098910464089e+01
1.377456020960524974e+01
1.407179796564415142e+01
1.437544974015411192e+01
1.468565393961986487e+01
1.500255195716474255e+01
1.532628823699857712e+01
1.565701034025630634e+01
1.599486901225735735e+01
1.634001825121631057e+01
1.669261537843635423e+01
1.705282111001731593e+01
1.742079963011118693e+01
1.779671866575827721e+01
1.818074956333835956e+01
1.857306736667147362e+01
1.897385089680400938e+01
1.938328283351659920e+01
1.980154979859068476e+01
2.022884244087203243e+01
2.066535552316967994e+01
2.111128801103015462e+01
2.156684316342724372e+01
2.203222862540880911e+01
2.250765652274277073e+01
2.299334355860539247e+01
2.348951111235609090e+01
2.399638534044352411e+01
2.451419727948929150e+01
2.504318295159585617e+01
2.558358347192706006e+01
2.613564515860993609e+01
2.669961964500820883e+01
2.727576399441840138e+01
2.786434081724097922e+01
2.846561839067990718e+01
2.907987078102521394e+01
2.970737796857417123e+01
3.034842597524818686e+01
3.100330699496345588e+01
3.167231952681489560e+01
3.235576851113403762e+01
3.305396546848280792e+01
3.376722864164663918e+01
3.449588314069167438e+01
3.524026109115207817e+01
3.600070178541502486e+01
3.677755183737246369e+01
3.757116534040991951e+01
3.838190402880467644e+01
3.921013744260666556e+01
4.005624309607721756e+01
4.092060664976255424e+01
4.180362208628039866e+01
4.270569188989994558e+01
4.362722722999675540e+01
4.456864814846652934e+01
4.553038375118291015e+01
4.651287240358682595e+01
4.751656193049637977e+01
4.854190982022834078e+01
4.958938343312426156e+01
5.065946021457650517e+01
5.175262791265100049e+01
5.286938480040600297e+01
5.401023990300826227e+01
5.517571322975001635e+01
5.636633601107268987e+01
5.758265094070528534e+01
5.882521242302775732e+01
6.009458682577201216e+01
6.139135273817635863e+01
6.271610123471011633e+01
6.406943614448927349e+01
6.545197432650586222e+01
6.686434595079634846e+01
6.830719478567708336e+01
6.978117849117853666e+01
7.128696891881087083e+01
7.282525241779812575e+01
7.439673014792111871e+01
7.600211839911040101e+01
7.764214891793608331e+01
7.931756924114267804e+01
8.102914303638139870e+01
8.277765045029464375e+01
8.456388846411246618e+01
8.638867125692128468e+01
8.825283057677266640e+01
9.015721611979923011e+01
9.210269591751186624e+01
9.409015673245421851e+01
9.612050446239489077e+01
9.819466455324177900e+01
1.003135824208659983e+02
1.024782238820293685e+02
1.046895755946093516e+02
1.069486455073247981e+02
1.092564633191653485e+02
1.116140809487350936e+02
1.140225730137239992e+02
1.164830373207258134e+02
1.189965953656255948e+02
1.215643928447845497e+02
1.241876001772567832e+02
1.268674130382731136e+02
1.296050529042385620e+02
1.324017676094888998e+02
1.352588319150618474e+02
1.381775480897416628e+02
1.411592465036418105e+02
1.442052862345965991e+02
1.473170556876372359e+02
1.504959732278370836e+02
1.537434878268106218e+02
1.570610797231652498e+02
1.604502610972033665e+02
1.639125767601841801e+02
1.674496048584589403e+02
1.710629575928004442e+02
1.747542819532550027e+02
1.785252604698506786e+02
1.823776119795067245e+02
1.863130924094895988e+02
1.903334955777771711e+02
1.944406540106923842e+02
1.986364397781808577e+02
2.029227653471127439e+02
2.073015844529978438e+02
2.117748929905113187e+02
2.163447299232348371e+02
2.210131782130310967e+02
2.257823657694699477e+02
2.306544664197450913e+02
2.356317008995179947e+02
2.407163378651441690e+02
2.459106949277416447e+02
2.512171397095735301e+02
2.566380909232259455e+02
2.621760194740724614e+02
2.678334495865305485e+02
2.736129599546180202e+02
2.795171849173402734e+02
2.855488156594387306e+02
2.917106014380505030e+02
2.980053508358383283e+02
3.044359330411607516e+02
3.110052791558677541e+02
3.177163835313148752e+02
3.245723051332107048e+02
3.315761689359109141e+02
3.387311673468046820e+02
3.460405616614335145e+02
3.535076835500120183e+02
3.611359365760247329e+02
3.689287977475931939e+02
3.768898191023193363e+02
3.850226293263265802e+02
3.933309354082410323e+02
4.018185243288587571e+02
4.104892647872791827e+02
4.193471089642821994e+02
4.283960943237585752e+02
4.376403454530127988e+02
4.470840759427770763e+02
4.567315903077943631e+02
4.665872859488429754e+02
4.766556551571035243e+02
4.869412871617720953e+02
4.974488702218636718e+02
5.081831937631501432e+02
5.191491505612125366e+02
5.303517389716006392e+02
5.417960652081161470e+02
5.534873456702592875e+02
5.654309093208966033e+02
5.776322001152394705e+02
5.900967794822344104e+02
6.028303288594967171e+02
6.158386522829511023e+02
6.291276790323466912e+02
6.427034663338635028e+02
6.565722021210356161e+02
6.707402078552505600e+02
6.852139414071164083e+02
6.999999999999997726e+02
