# te
2.901151050013448085e+00
3.682256565425560346e+00
3.849641161250261234e+00
3.638286836386332546e+00
3.238240454269625701e+00
2.772327267087564273e+00
2.318496870369504137e+00
1.916021411514016393e+00
1.586422114631508062e+00
1.340234425010957020e+00
1.182946943949998220e+00
1.103856423667378905e+00
1.083703290247882034e+00
1.105055705562111079e+00
1.157668075633198068e+00
1.227357906613709249e+00
1.301917251908347284e+00
1.376440384817597673e+00
1.439561417676243460e+00
1.493688587856750294e+00
1.539517570991335127e+00
1.580644710024674549e+00
1.620684050012878075e+00
1.655962172802549537e+00
1.693061339670050236e+00
1.733916672440705797e+00
1.774103963251060900e+00
1.817646217085727045e+00
1.855981418096630753e+00
1.895746081181918674e+00
1.927885974673274383e+00
1.949770955636041192e+00
1.962445244002287259e+00
1.958252310954941233e+00
1.948528470379246036e+00
1.925351927592042323e+00
1.888862927217988874e+00
1.841101451989401339e+00
1.783560938562486875e+00
1.717577373292265452e+00
1.643790465827448699e+00
1.562266388809337325e+00
1.471466500459670090e+00
1.369547258799764577e+00
1.255380400929283491e+00
1.128842798869690522e+00
9.900436799749854355e-01
8.391660565230020241e-01
6.765313221044462200e-01
5.025115711965320031e-01
3.174812931240039715e-01
1.216052070494107601e-01
-8.581172502306808059e-02
-3.058347702707580607e-01
-5.399115099531102135e-01
-7.884521437024059054e-01
-1.050928686349685837e+00
-1.326526199188721389e+00
-1.614014243366040269e+00
