# lsst_theory
2.520132161264035961e-09
1.700524039318335804e-09
1.125725893146222501e-09
7.480669548468633954e-10
5.032493173399191522e-10
3.393872025543687216e-10
2.325931153237655906e-10
1.604611381731761342e-10
1.099676616745338103e-10
7.376828528685747959e-11
4.775576223765946668e-11
2.958173332779232356e-11
1.754997827404673384e-11
1.000171964398383151e-11
5.497203799813455641e-12
4.223482343044190980e-09
2.846151571660093073e-09
1.875262631335390378e-09
1.216646159645785533e-09
7.978289015258533251e-10
5.357242733768520267e-10
3.652707719551276511e-10
2.545887246688532382e-10
1.781244615866017079e-10
1.226533872474929899e-10
8.143153041260022406e-11
5.129593826040132388e-11
3.049999603165791033e-11
1.716128336246271475e-11
9.228074349882160654e-12
4.296620385480428521e-09
2.841125616825938852e-09
1.843034027937651952e-09
1.171144297865738648e-09
7.519401517744516548e-10
5.064075840784961964e-10
3.470254711955967486e-10
2.455635609514128684e-10
1.744240286155455505e-10
1.214869701810992601e-10
8.101473850888172755e-11
5.073705254189525572e-11
2.959657358140007433e-11
1.610438022701763469e-11
8.279364461587775411e-12
4.363735691164351527e-09
2.858411909571791226e-09
1.839366972115758615e-09
1.155668342326777844e-09
7.333150220443558441e-10
4.945307636857713516e-10
3.398344268598027161e-10
2.424591137472787464e-10
1.736454430401547354e-10
1.217075156947268750e-10
8.137662298857763414e-11
5.082704291936601343e-11
2.935787128975439708e-11
1.568386284305867815e-11
7.853696033114594226e-12
4.421942033967533633e-09
2.873615205789469749e-09
1.836409935038055157e-09
1.142438279539569998e-09
7.173647211370875796e-10
4.843735799755038496e-10
3.336852489639068568e-10
2.398192298096177518e-10
1.729982995672113984e-10
1.219138612502199331e-10
8.169956725792240010e-11
5.091144196400599229e-11
2.915538851104385292e-11
1.532210640022222035e-11
7.486469642943954602e-12
1.423250394287117285e-08
1.033135649202718607e-08
7.262126040612434356e-09
4.983668214962322778e-09
3.312865862393118423e-09
2.164477177857315395e-09
1.419382780787316184e-09
9.430551175875685069e-10
6.385990634517751661e-10
4.387989572047514597e-10
3.014153280565894119e-10
2.032028221446562282e-10
1.324472862977876984e-10
8.248625037776697292e-11
4.889026441852555259e-11
1.788635279526310269e-08
1.312984623040317534e-08
9.295491010698253630e-09
6.436005276508294500e-09
4.303860383661280580e-09
2.790489457773239325e-09
1.826331067434418731e-09
1.201951827989403988e-09
8.091732963784308379e-10
5.547525081069445244e-10
3.822152098201097883e-10
2.598481374107851205e-10
1.714541240734397467e-10
1.082160510121980614e-10
6.488964077079925232e-11
1.981224866757321026e-08
1.456047650867099261e-08
1.030686058696571091e-08
7.145199046612872619e-09
4.777836249569985773e-09
3.079520914914475908e-09
2.012967853102755372e-09
1.320420217521808062e-09
8.887025592731136628e-10
6.100252143883276439e-10
4.215887016167669914e-10
2.878725512595165332e-10
1.908289197529640597e-10
1.208824930065546680e-10
7.259528585213238536e-11
2.149556671952531900e-08
1.581603072037741142e-08
1.119791593971445668e-08
7.771504410934024942e-09
5.197503222101840877e-09
3.336980083186469016e-09
2.179255996730097288e-09
1.426096433550645779e-09
9.594314749480893702e-10
6.590231134374080381e-10
4.563801402021440023e-10
3.125789025647288906e-10
2.078967944918095113e-10
1.320530021041986105e-10
7.941178587913889318e-11
2.700932508354833045e-08
2.083443830345753777e-08
1.526667634266853831e-08
1.086075859744731195e-08
7.500543324586774539e-09
4.956180265964454527e-09
3.211188043498676938e-09
2.087312998775812012e-09
1.371615184246009797e-09
9.187377358968527072e-10
6.243346162121496804e-10
4.249587459660394135e-10
2.854656569128670346e-10
1.861242359658367059e-10
1.163349371602079539e-10
3.243253310773049752e-08
2.544859797581032325e-08
1.886362863448284704e-08
1.352487169010962225e-08
9.424215507232964639e-09
6.274926958683746022e-09
4.046437637006709818e-09
2.626501402778032331e-09
1.711324398306521401e-09
1.138033921699690037e-09
7.698780424858776998e-10
5.239976035869525179e-10
3.537933515671494103e-10
2.328830129719887974e-10
1.473410630561142573e-10
3.694005209593527117e-08
2.924820724465218037e-08
2.179509439495751155e-08
1.567809916261624225e-08
1.097143892128973180e-08
7.328241096437665894e-09
4.705837341359364316e-09
3.052597103683816485e-09
1.979153280603763540e-09
1.311853735239986980e-09
8.861190062988480449e-10
6.037092562552771512e-10
4.091073357828059555e-10
2.708292987730137035e-10
1.724646546507846342e-10
4.270677122244874849e-08
3.489377703380561402e-08
2.676863052964678779e-08
1.965307306436197465e-08
1.395966052245992057e-08
9.531691025771489964e-09
6.223014311682013840e-09
4.010061861338086773e-09
2.582891961254180763e-09
1.686767482138906982e-09
1.120213376971363970e-09
7.531222656478155327e-10
5.075386932278705529e-10
3.374601985732377816e-10
2.180345433146085956e-10
5.165931688491317489e-08
4.315912265427839958e-08
3.372608296614903338e-08
2.507305049215533684e-08
1.797506407762954825e-08
1.241487064353625018e-08
8.169956710003044653e-09
5.237544317853627095e-09
3.362820180773708091e-09
2.176230301956331090e-09
1.431559289224632025e-09
9.560507486100479399e-10
6.433030734986164092e-10
4.296157267531959113e-10
2.803066104575342057e-10
6.830212562863085059e-08
5.967030029446248809e-08
4.874366743623672406e-08
3.759108668277498457e-08
2.765081697780623311e-08
1.953336889691180100e-08
1.325986643073358767e-08
8.577354200491795325e-09
5.478234387072598637e-09
3.489084083723560651e-09
2.244140257072073854e-09
1.463649122973913048e-09
9.674767189388266615e-10
6.417059317270846854e-10
4.213409977625797094e-10
5.014565583978005001e-07
3.482355417618220927e-07
2.338045543454355124e-07
1.530655268950333548e-07
1.005495488481599232e-07
6.627602332853131866e-08
4.459170599311876269e-08
3.072936982608911654e-08
2.152189780540687891e-08
1.502603168740192697e-08
1.022083691545000698e-08
6.645592879599767844e-09
4.098683624284071533e-09
2.398905028818885687e-09
1.341847081650057708e-09
1.576291293664517802e-06
1.136183844315632502e-06
7.957735239751116935e-07
5.366858228958220534e-07
3.498829154190839963e-07
2.282313039888904135e-07
1.491299889044552385e-07
9.965445375831493043e-08
6.842778777681141846e-08
4.783542909804400306e-08
3.335245061885402152e-08
2.264523281663147542e-08
1.470712994742184496e-08
9.045157110210346620e-09
5.274192825433850889e-09
1.885518768368725396e-06
1.365057635930752433e-06
9.608248378972039465e-07
6.508396773015499922e-07
4.241794267050264571e-07
2.764850501634110784e-07
1.800849013792845181e-07
1.198897618260439772e-07
8.207547016601550265e-08
5.733385074256904313e-08
4.006053434157285943e-08
2.732454575670756933e-08
1.784931392039757810e-08
1.104011072942533942e-08
6.467971126086683607e-09
2.068368781513698917e-06
1.500347538861353443e-06
1.058366988715922411e-06
7.182732424506824019e-07
4.680539679618688067e-07
3.049824055883323142e-07
1.983676805358366395e-07
1.318436715977175841e-07
9.014016503635931425e-08
6.294815612934535791e-08
4.402596544371177599e-08
3.009034865401548500e-08
1.970596082489611016e-08
1.221838133856864576e-08
7.172752380980619228e-09
2.226345126417252429e-06
1.617233524461502521e-06
1.142639556615644719e-06
7.765340526681993712e-07
5.059604066967067835e-07
3.296033185949934289e-07
2.141634960914279515e-07
1.421715300428135714e-07
9.710783961871068673e-08
6.779876688324435551e-08
4.745198517512486803e-08
3.247990547756580795e-08
2.131003070369142428e-08
1.323636350507328260e-08
7.781660373739770799e-09
-7.571704522295566175e-08
-6.294481193188664473e-08
-4.744513926130028100e-08
-3.570747024750613175e-08
-2.601840189899938527e-08
-1.635730711270149639e-08
-1.067056324578778685e-08
-6.693395922754831649e-09
-4.226244892048244517e-09
-2.747534269995798459e-09
-1.857424852689568536e-09
-1.300663082915661116e-09
-9.239669103879041278e-10
-6.423369445864734020e-10
-4.230589084650719084e-10
6.212168716500475790e-07
4.971497357701801323e-07
3.721759135762032537e-07
2.775028859252607014e-07
1.936275291885816457e-07
1.235752972751887343e-07
7.930249728970589513e-08
5.007722343632236172e-08
3.203010110244907706e-08
2.118420645684014518e-08
1.456097814199508797e-08
1.028240377401624396e-08
7.265748254574467109e-09
4.961947069879580897e-09
3.193817203419839252e-09
1.091079307808317004e-06
8.844248410166201222e-07
6.647231002268252669e-07
4.964080607412590063e-07
3.509792131325914546e-07
2.238351299436903753e-07
1.444660427861227930e-07
9.094448020342849274e-08
5.793675532836596311e-08
3.809950323865678128e-08
2.603396809498805127e-08
1.831616102943550506e-08
1.294853315496226469e-08
8.886592458890889989e-09
5.763883253812285560e-09
1.347387566053812435e-06
1.095130577672811996e-06
8.237610905729573807e-07
6.153834318315623145e-07
4.362854323770269090e-07
2.781986525820608946e-07
1.797523789266689751e-07
1.130895017617445698e-07
7.198602534727729283e-08
4.728273659647279535e-08
3.226974718004147773e-08
2.268598257255122554e-08
1.603943585944776217e-08
1.101920874462356472e-08
7.158369783295065094e-09
1.568803267590849114e-06
1.277150433845746417e-06
9.611464203457682037e-07
7.181596585789072586e-07
5.099768186703805892e-07
3.251596541801994272e-07
2.102340253074438826e-07
1.322191927749885956e-07
8.412232675621823884e-08
5.521560651972058621e-08
3.765651559169933064e-08
2.646087037575968016e-08
1.870953071780550712e-08
1.286147402414676432e-08
8.362990129205918034e-09
-3.504733421088171986e-08
-3.099712892393978413e-08
-2.419967352172222127e-08
-1.813570245103734373e-08
-1.364949899101475117e-08
-9.027357609132980758e-09
-5.889840450989546799e-09
-3.654620733279739784e-09
-2.290291106934475826e-09
-1.459117034487606019e-09
-9.607190295568400428e-10
-6.570599359485351672e-10
-4.620984023917961465e-10
-3.246035819664358110e-10
-2.199192136552089680e-10
1.076586698323411625e-07
9.332012420110493569e-08
7.167691935871283944e-08
5.359582287008731313e-08
4.020833159373161037e-08
2.580762390399075877e-08
1.711968989321751191e-08
1.051970632467837597e-08
6.604115153558976271e-09
4.235858237402859991e-09
2.815949138746455216e-09
1.944519096509418526e-09
1.375590516807045864e-09
9.655039219384761699e-10
6.489421470599043834e-10
5.912271607196325237e-07
5.344284367907690414e-07
4.246670464959792770e-07
3.189634476238184333e-07
2.406006589693829143e-07
1.643168675871880368e-07
1.051616690616500913e-07
6.591092381513454573e-08
4.127255691147914379e-08
2.613360695189309935e-08
1.704232347619206798e-08
1.154043788095787058e-08
8.065490633177682301e-09
5.669327637343138614e-09
3.872358840143553326e-09
8.546174811266311410e-07
7.755297621972495091e-07
6.182741978539564569e-07
4.646578396336202722e-07
3.505814836535282038e-07
2.407277552973730131e-07
1.536095423244604074e-07
9.649637377103795434e-08
6.039923700691935574e-08
3.819826346339953291e-08
2.486726797997248134e-08
1.680873952249379356e-08
1.173319170489130902e-08
8.247311012557871459e-09
5.640786782215313804e-09
1.080257398978845353e-06
9.819793706234249315e-07
7.839827822795503498e-07
5.893410897838067965e-07
4.447029322932481532e-07
3.060788749620500592e-07
1.950567034144473767e-07
1.226510649070036722e-07
7.675703518751809768e-08
4.851827871178055334e-08
3.156213935254782108e-08
2.131728790516192369e-08
1.487254689056028572e-08
1.045402199418467635e-08
7.154324675174589293e-09
-2.790615598739492417e-09
-2.635945844096998958e-09
-2.174431108631192368e-09
-1.645327265651920749e-09
-1.241713947928348969e-09
-8.993220304101272095e-10
-5.569950881387270782e-10
-3.589145989069269591e-10
-2.236120562016618140e-10
-1.398070665463211865e-10
-8.952488314474180784e-11
-5.943315825616401519e-11
-4.096400150742375172e-11
-2.876723997910941561e-11
-1.992715149336586570e-11
-3.521334806313622535e-08
-3.508247340810008817e-08
-3.063824636417294015e-08
-2.381619006244173428e-08
-1.784189509863170417e-08
-1.357562591279741396e-08
-8.531027070341479631e-09
-5.712579013734407037e-09
-3.491037198408566033e-09
-2.141847479417936521e-09
-1.339402698044615114e-09
-8.643788329067690516e-10
-5.807826606291556361e-10
-4.029252763132465367e-10
-2.814554514935388320e-10
2.547677867044736626e-07
2.480118993301209419e-07
2.113220106071582735e-07
1.622963425286096871e-07
1.219537792052827762e-07
9.104981629760988879e-08
5.667623749457111307e-08
3.744832599347333015e-08
2.306434515926810276e-08
1.425099281167655503e-08
8.998569098714653973e-09
5.876338970907952482e-09
3.991784884204425740e-09
2.784769067536451702e-09
1.939210008776880505e-09
5.205296737368543903e-07
5.106799761874270399e-07
4.391004122286993922e-07
3.390817676913697258e-07
2.545879435878761312e-07
1.910331624094355495e-07
1.199635753370264902e-07
7.932589141839183834e-08
4.872843022917010026e-08
3.006958905140144856e-08
1.892014950500608683e-08
1.229811002322639846e-08
8.316669971982016209e-09
5.786408290457204346e-09
4.031449123806504419e-09
7.344025580805549243e-07
7.218129986831886633e-07
6.219412920475506272e-07
4.808763384050420028e-07
3.609835237890159700e-07
2.711800277564843996e-07
1.706288136530928910e-07
1.128470502559737279e-07
6.928015581872726552e-08
4.273919357251008693e-08
2.687076466530828563e-08
1.744761702020228385e-08
1.178698393426617005e-08
8.195897515187682723e-09
5.710819265531460924e-09
-5.228147137250093849e-11
-5.217140355127325396e-11
-4.570965533729385256e-11
-3.565942777520007389e-11
-2.671601671085463276e-11
-2.028743760104339390e-11
-1.289982793886811634e-11
-8.590610406820226646e-12
-5.244691923102873626e-12
-3.222138810304031325e-12
-2.012574236062951197e-12
-1.296369674464983046e-12
-8.691715158046325771e-13
-6.018348125290109190e-13
-4.200115848721473120e-13
-1.636490342073429479e-08
-1.677992496529039435e-08
-1.520684806352397998e-08
-1.216968107041235503e-08
-9.122742926984837639e-09
-6.956871055164628827e-09
-4.681756687497764287e-09
-3.027890034974100794e-09
-1.848654723594848315e-09
-1.141288315816654880e-09
-7.068510506067433052e-10
-4.479726836785206269e-10
-2.949821013693863333e-10
-2.015225624331555430e-10
-1.402530271114463053e-10
4.713283814431759654e-08
4.783117631771847498e-08
4.275264013109200382e-08
3.379080924448292125e-08
2.526602416292057736e-08
1.930337536124570960e-08
1.263787047604437349e-08
8.329810268195823510e-09
5.037969815399113227e-09
3.108247746807790489e-09
1.931336608876557275e-09
1.232609817475983855e-09
8.185614158117212381e-10
5.632279603407689844e-10
3.931812530325507453e-10
2.927538718070342357e-07
3.034573630263375981e-07
2.789910471732083629e-07
2.261874274056800769e-07
1.700273115838149783e-07
1.293276366265769607e-07
8.951445183708610523e-08
5.673319240765431677e-08
3.499159674225881991e-08
2.161796486795108815e-08
1.335382464932417973e-08
8.405250883534626194e-09
5.487396435201989890e-09
3.721144515244626865e-09
2.581205977267835985e-09
4.900020617361008858e-07
5.090210807144577208e-07
4.693232465194188597e-07
3.814970654154569177e-07
2.869646608324134099e-07
2.181501124380962273e-07
1.517969342600464384e-07
9.585696234493322071e-08
5.926236539117091126e-08
3.661151467548216120e-08
2.259963255322713105e-08
1.420537184692730268e-08
9.258225133865265497e-09
6.268725496742329416e-09
4.345173725304567641e-09
-2.301138351597372787e-13
-2.388988766556703845e-13
-2.199183343141816855e-13
-1.782427929836521783e-13
-1.337694417309518888e-13
-1.019155399968928641e-13
-7.061923154193777296e-14
-4.475326961751252598e-14
-2.740829290772943405e-14
-1.697597382792216061e-14
-1.049943536929672747e-14
-6.608563476070864884e-15
-4.314841010786116000e-15
-2.927691569854957435e-15
-2.033051740528869957e-15
-1.353566870483747449e-09
-1.434813291245002057e-09
-1.358308038869667404e-09
-1.131386125975588151e-09
-8.567565047033013666e-10
-6.473375031351147028e-10
-4.720073695665191803e-10
-2.886035113542277233e-10
-1.827233319449914046e-10
-1.127497870200384873e-10
-6.914968559996940830e-11
-4.294508389481808832e-11
-2.756317210480299391e-11
-1.840239244055723460e-11
-1.266353040475046483e-11
-1.507294083406407487e-08
-1.643215947950468198e-08
-1.615992768519069654e-08
-1.401762307246727758e-08
-1.083571284624229103e-08
-8.092002675097919365e-09
-6.196881577498621353e-09
-3.746724568555875777e-09
-2.492953450663357929e-09
-1.522328277435068476e-09
-9.132140717769276038e-10
-5.562161095459989317e-10
-3.486111581881497346e-10
-2.269500016505126143e-10
-1.533972819981012873e-10
1.338532001099657729e-07
1.442293748208977663e-07
1.396396868667746623e-07
1.191452498550637088e-07
9.132341424407077972e-08
6.851490605002716038e-08
5.150086251277101674e-08
3.123014877605227772e-08
2.039030161506188640e-08
1.250221037848254340e-08
7.565595527941183184e-09
4.643295901665003543e-09
2.937671977766700834e-09
1.931966471870139240e-09
1.315514901374013844e-09
3.183449964135733076e-07
3.443684280782073141e-07
3.352304770824126542e-07
2.878005137245711780e-07
2.214299162335967095e-07
1.658795269020089340e-07
1.253633756240428081e-07
7.622302146584704154e-08
5.003888782912186250e-08
3.062244457088154237e-08
1.847943400992517368e-08
1.130699611411476713e-08
7.126728376980213886e-09
4.667996063652323594e-09
3.168542617358956634e-09
-1.073557003450651175e-17
-1.132499815896915617e-17
-1.064596771759153420e-17
-8.795515259166840848e-18
-6.629848956982695230e-18
-5.021993637090111663e-18
-3.625891919050543012e-18
-2.224678427276419509e-18
-1.387084894231895952e-18
-8.585608626239158551e-19
-5.304741892870560228e-19
-3.308445572946932881e-19
-2.133431707384471262e-19
-1.431808389612807326e-19
-9.890219700451714283e-20
-2.151348637168974494e-11
-2.348640305219774529e-11
-2.314915147345496658e-11
-2.014519903324202083e-11
-1.561888687398901214e-11
-1.165926591159770662e-11
-8.926878320694639889e-12
-5.438848125888322630e-12
-3.621694855725038656e-12
-2.208314901070066679e-12
-1.322873088370277976e-12
-8.042668485438759249e-13
-5.029940064980202423e-13
-3.266648433167811306e-13
-2.202944235860100627e-13
-6.483892598474129738e-09
-7.184084499502532399e-09
-7.229049678765438098e-09
-6.448675792096931565e-09
-5.092255566715736728e-09
-3.788901419118881146e-09
-2.928060351447991684e-09
-1.847498484382704735e-09
-1.229741707063000422e-09
-7.436034467081116681e-10
-4.451754878359706410e-10
-2.677973504824582917e-10
-1.649759205590022009e-10
-1.053546464870408267e-10
-6.999266948886700379e-11
3.069155486302820948e-08
3.395812758940537779e-08
3.410232534796774319e-08
3.034413317699846931e-08
2.390939028643909803e-08
1.778879376979454218e-08
1.374670842928298311e-08
8.627767302861194416e-09
5.757391396519973139e-09
3.481935925161930548e-09
2.083582175002425114e-09
1.253989113732068002e-09
7.736315991099418100e-10
4.949772824286347063e-10
3.294319454699924936e-10
1.951143711282287496e-07
2.178424170404333593e-07
2.215914058784686450e-07
2.003848875536763649e-07
1.601053828184025183e-07
1.191578360006904391e-07
9.204854061393554657e-08
5.981269738035530795e-08
3.923237076393643665e-08
2.366419593772513413e-08
1.423311705556523399e-08
8.538278219455729156e-09
5.220106449545640220e-09
3.301070870491839942e-09
2.172051348275142904e-09
0.000000000000000000e+00
0.000000000000000000e+00
0.000000000000000000e+00
0.000000000000000000e+00
0.000000000000000000e+00
0.000000000000000000e+00
0.000000000000000000e+00
0.000000000000000000e+00
0.000000000000000000e+00
0.000000000000000000e+00
0.000000000000000000e+00
0.000000000000000000e+00
0.000000000000000000e+00
0.000000000000000000e+00
0.000000000000000000e+00
-3.550038654615663971e-14
-3.965514493996476474e-14
-4.035663154595360436e-14
-3.649534805587344695e-14
-2.913019038993765796e-14
-2.165276499246855751e-14
-1.677008129307208657e-14
-1.084072730343178735e-14
-7.165075226096499437e-15
-4.310548512237608765e-15
-2.590856672127604667e-15
-1.550615388216007414e-15
-9.477030064294856249e-16
-5.997030763418499355e-16
-3.949370512000289675e-16
-3.036850140540967245e-10
-3.434812294096362710e-10
-3.557783092860860608e-10
-3.291160293369397167e-10
-2.682805238465256800e-10
-2.000125137168435198e-10
-1.540040873196771554e-10
-1.051560786329615900e-10
-6.702261165841845484e-11
-4.040686854601516346e-11
-2.448011693652014231e-11
-1.465167167060775058e-11
-8.855063623164082432e-12
-5.509836785697649015e-12
-3.566095493924982168e-12
-4.628378267262353577e-09
-5.359718069043101400e-09
-5.737931414821253768e-09
-5.541751515874121503e-09
-4.720271357724989172e-09
-3.572821316834181438e-09
-2.693523389454433880e-09
-2.026189129997949483e-09
-1.207739370917919321e-09
-7.589992473521038010e-10
-4.608128622324346444e-10
-2.742536679350672855e-10
-1.624045799224520602e-10
-9.783519168193729139e-11
-6.102980327049227783e-11
1.009915315320764262e-07
1.157875676511632174e-07
1.222615572519024842e-07
1.160109961685752442e-07
9.707230908457015821e-08
7.302156322236287094e-08
5.552825629788610351e-08
4.023192563228224738e-08
2.461072390882927704e-08
1.520422823477317573e-08
9.226251471223058288e-09
5.503852389070724073e-09
3.284963133128760501e-09
2.004179282551708776e-09
1.268835765858893051e-09
0.000000000000000000e+00
0.000000000000000000e+00
0.000000000000000000e+00
0.000000000000000000e+00
0.000000000000000000e+00
0.000000000000000000e+00
0.000000000000000000e+00
0.000000000000000000e+00
0.000000000000000000e+00
0.000000000000000000e+00
0.000000000000000000e+00
0.000000000000000000e+00
0.000000000000000000e+00
0.000000000000000000e+00
0.000000000000000000e+00
0.000000000000000000e+00
0.000000000000000000e+00
0.000000000000000000e+00
0.000000000000000000e+00
0.000000000000000000e+00
0.000000000000000000e+00
0.000000000000000000e+00
0.000000000000000000e+00
0.000000000000000000e+00
0.000000000000000000e+00
0.000000000000000000e+00
0.000000000000000000e+00
0.000000000000000000e+00
0.000000000000000000e+00
0.000000000000000000e+00
-5.152748331633009137e-13
-5.958617746070713995e-13
-6.367703513160839586e-13
-6.138042541567171762e-13
-5.221609511197141788e-13
-3.954844005437169769e-13
-2.982468866267740808e-13
-2.233313672017727280e-13
-1.336355942466628678e-13
-8.424034714950027081e-14
-5.109611720637765308e-14
-3.033374020949211449e-14
-1.796750610096117245e-14
-1.083706851810383740e-14
-6.766531425412986498e-15
-1.432138541384441323e-09
-1.673143011295052002e-09
-1.813956739156588413e-09
-1.783100503485960712e-09
-1.551790175033588215e-09
-1.192425012051332323e-09
-8.907520359456455089e-10
-6.859530562506999357e-10
-4.092323973005143022e-10
-2.664159737157333968e-10
-1.613221585396240004e-10
-9.408317832531634330e-11
-5.505262912231371617e-11
-3.273129024289066023e-11
-2.004029542014541060e-11
3.197983234398925683e-08
3.758324219070618995e-08
4.108839941365244593e-08
4.086006602348560755e-08
3.607381553803352803e-08
2.803683466735198535e-08
2.086338421439908331e-08
1.620291251953626879e-08
9.821864346160105977e-09
6.453127334008783936e-09
3.892717426660204616e-09
2.261133301637546137e-09
1.313586121019135415e-09
7.730447049304201733e-10
4.672983949666910027e-10
0.000000000000000000e+00
0.000000000000000000e+00
0.000000000000000000e+00
0.000000000000000000e+00
0.000000000000000000e+00
0.000000000000000000e+00
0.000000000000000000e+00
0.000000000000000000e+00
0.000000000000000000e+00
0.000000000000000000e+00
0.000000000000000000e+00
0.000000000000000000e+00
0.000000000000000000e+00
0.000000000000000000e+00
0.000000000000000000e+00
0.000000000000000000e+00
0.000000000000000000e+00
0.000000000000000000e+00
0.000000000000000000e+00
0.000000000000000000e+00
0.000000000000000000e+00
0.000000000000000000e+00
0.000000000000000000e+00
0.000000000000000000e+00
0.000000000000000000e+00
0.000000000000000000e+00
0.000000000000000000e+00
0.000000000000000000e+00
0.000000000000000000e+00
0.000000000000000000e+00
0.000000000000000000e+00
0.000000000000000000e+00
0.000000000000000000e+00
0.000000000000000000e+00
0.000000000000000000e+00
0.000000000000000000e+00
0.000000000000000000e+00
0.000000000000000000e+00
0.000000000000000000e+00
0.000000000000000000e+00
0.000000000000000000e+00
0.000000000000000000e+00
0.000000000000000000e+00
0.000000000000000000e+00
0.000000000000000000e+00
-1.354742749279171583e-12
-1.614874372776471735e-12
-1.800688777176759885e-12
-1.839607131371374451e-12
-1.679231218349017737e-12
-1.341859435031659304e-12
-9.926076294685496168e-13
-7.789653008397051235e-13
-4.964225404766835189e-13
-3.273629316665325493e-13
-1.951383000807521115e-13
-1.136835086328074951e-13
-6.517656020529281544e-14
-3.749929716487677429e-14
-2.203184462695753963e-14
3.716165829445586986e-09
4.473754946919776795e-09
5.057687487283971816e-09
5.266825534062886425e-09
4.931080659972078869e-09
4.043902263205356101e-09
3.003645150887830910e-09
2.331280844661426888e-09
1.586258980565688623e-09
1.008595853147600832e-09
5.991463110684164090e-10
3.532903978474833135e-10
2.034121841453720482e-10
1.157337459171498885e-10
6.650070093926971828e-11
2.053071446515643858e-04
1.488046316302361449e-04
1.048089981516216488e-04
7.045638941554817900e-05
4.573910398121256679e-05
2.970146476847139864e-05
1.933043234467563080e-05
1.287689197717519471e-05
8.852463268486278759e-06
6.224226202687169478e-06
4.376940137395833515e-06
2.996439142872614739e-06
1.956764050778382496e-06
1.206286548569793037e-06
7.037836230441528957e-07
2.963140907760155725e-05
2.272631134899860068e-05
1.690471184552509753e-05
1.243377692096564593e-05
8.190806890348469992e-06
5.361909993456113269e-06
3.371054838899713395e-06
2.144187514713214837e-06
1.394674937063619370e-06
9.427892749021864923e-07
6.611723563597783102e-07
4.713068198301544442e-07
3.305969487133174168e-07
2.206896940305213512e-07
1.379101438629890211e-07
1.943374874446781043e-07
1.592420990067591170e-07
1.194376810738908081e-07
8.963252090271822845e-08
6.455326339353780399e-08
4.038754691539940332e-08
2.625198603760880674e-08
1.653792334862946113e-08
1.049373436110180281e-08
6.866567791440961942e-09
4.672260993928907958e-09
3.284344214470281510e-09
2.330942280671005646e-09
1.611295574429178422e-09
1.052506916693442952e-09
5.506875112771410140e-11
4.806825047971723085e-11
3.709208031195233998e-11
2.776841080264287606e-11
2.089361400881743893e-11
1.346591113980461906e-11
8.965122599188637155e-12
5.530429361323052375e-12
3.455915448893762131e-12
2.207538335131111793e-12
1.462498378994502181e-12
1.006776722610523208e-12
7.110506718407838522e-13
4.993968913332721827e-13
3.365917676367390370e-13
0.000000000000000000e+00
0.000000000000000000e+00
0.000000000000000000e+00
0.000000000000000000e+00
0.000000000000000000e+00
0.000000000000000000e+00
0.000000000000000000e+00
0.000000000000000000e+00
0.000000000000000000e+00
0.000000000000000000e+00
0.000000000000000000e+00
0.000000000000000000e+00
0.000000000000000000e+00
0.000000000000000000e+00
0.000000000000000000e+00
0.000000000000000000e+00
0.000000000000000000e+00
0.000000000000000000e+00
0.000000000000000000e+00
0.000000000000000000e+00
0.000000000000000000e+00
0.000000000000000000e+00
0.000000000000000000e+00
0.000000000000000000e+00
0.000000000000000000e+00
0.000000000000000000e+00
0.000000000000000000e+00
0.000000000000000000e+00
0.000000000000000000e+00
0.000000000000000000e+00
0.000000000000000000e+00
0.000000000000000000e+00
0.000000000000000000e+00
0.000000000000000000e+00
0.000000000000000000e+00
0.000000000000000000e+00
0.000000000000000000e+00
0.000000000000000000e+00
0.000000000000000000e+00
0.000000000000000000e+00
0.000000000000000000e+00
0.000000000000000000e+00
0.000000000000000000e+00
0.000000000000000000e+00
0.000000000000000000e+00
0.000000000000000000e+00
0.000000000000000000e+00
0.000000000000000000e+00
0.000000000000000000e+00
0.000000000000000000e+00
0.000000000000000000e+00
0.000000000000000000e+00
0.000000000000000000e+00
0.000000000000000000e+00
0.000000000000000000e+00
0.000000000000000000e+00
0.000000000000000000e+00
0.000000000000000000e+00
0.000000000000000000e+00
0.000000000000000000e+00
0.000000000000000000e+00
0.000000000000000000e+00
0.000000000000000000e+00
0.000000000000000000e+00
0.000000000000000000e+00
0.000000000000000000e+00
0.000000000000000000e+00
0.000000000000000000e+00
0.000000000000000000e+00
0.000000000000000000e+00
0.000000000000000000e+00
0.000000000000000000e+00
0.000000000000000000e+00
0.000000000000000000e+00
0.000000000000000000e+00
0.000000000000000000e+00
0.000000000000000000e+00
0.000000000000000000e+00
0.000000000000000000e+00
0.000000000000000000e+00
0.000000000000000000e+00
0.000000000000000000e+00
0.000000000000000000e+00
0.000000000000000000e+00
0.000000000000000000e+00
0.000000000000000000e+00
0.000000000000000000e+00
0.000000000000000000e+00
0.000000000000000000e+00
0.000000000000000000e+00
1.190793610930269151e-04
9.681341478716344769e-05
7.261386986242371344e-05
5.439603585544893247e-05
3.872310739173289156e-05
2.447089814037095492e-05
1.582003727880767986e-05
9.967946149948512052e-06
6.339183668429803849e-06
4.161697611373265628e-06
2.840760052030778118e-06
1.999687459482594933e-06
1.417050344142753669e-06
9.756225817978316515e-07
6.342868361701997378e-07
2.525535942093418864e-05
2.191822722446809172e-05
1.688467235655358726e-05
1.264908530057286128e-05
9.473186024780185435e-06
6.105632216920937854e-06
4.037198321930492180e-06
2.500508878225807385e-06
1.566228343219104065e-06
1.003151140515999963e-06
6.659710912496738808e-07
4.590983733104592298e-07
3.242306391571278683e-07
2.273126869756912875e-07
1.527842527770631167e-07
4.064687326100860870e-07
3.726888496909806175e-07
2.987550579249509513e-07
2.242113370895261150e-07
1.697479063727549493e-07
1.179476885859690002e-07
7.472158287551116582e-08
4.671758532930394887e-08
2.932253577745131278e-08
1.852761473933296104e-08
1.202138792746100186e-08
8.100517306138986294e-09
5.648303502645654787e-09
3.977901896759794854e-09
2.732627280708037016e-09
2.609871716363853009e-10
2.511511565470355563e-10
2.109388284378493094e-10
1.605012807430800002e-10
1.208074612503462339e-10
8.956644161687998547e-11
5.479543571835574460e-11
3.606583619837836891e-11
2.234765521687190215e-11
1.385911715334638864e-11
8.808355956872422442e-12
5.796939814968154303e-12
3.966970693314771131e-12
2.779979402001366412e-12
1.934746244639633620e-12
7.927727327702554019e-17
7.879281627088944862e-17
6.861919836953498872e-17
5.322387473503902987e-17
3.985298948571379394e-17
3.030988375211591817e-17
1.893236538110502308e-17
1.278798236220035201e-17
7.812219428334654977e-18
4.770468823911655760e-18
2.984643794195453537e-18
1.928814153841634010e-18
1.298105810186139428e-18
9.017096533371616721e-19
6.300665662895692226e-19
0.000000000000000000e+00
0.000000000000000000e+00
0.000000000000000000e+00
0.000000000000000000e+00
0.000000000000000000e+00
0.000000000000000000e+00
0.000000000000000000e+00
0.000000000000000000e+00
0.000000000000000000e+00
0.000000000000000000e+00
0.000000000000000000e+00
0.000000000000000000e+00
0.000000000000000000e+00
0.000000000000000000e+00
0.000000000000000000e+00
0.000000000000000000e+00
0.000000000000000000e+00
0.000000000000000000e+00
0.000000000000000000e+00
0.000000000000000000e+00
0.000000000000000000e+00
0.000000000000000000e+00
0.000000000000000000e+00
0.000000000000000000e+00
0.000000000000000000e+00
0.000000000000000000e+00
0.000000000000000000e+00
0.000000000000000000e+00
0.000000000000000000e+00
0.000000000000000000e+00
0.000000000000000000e+00
0.000000000000000000e+00
0.000000000000000000e+00
0.000000000000000000e+00
0.000000000000000000e+00
0.000000000000000000e+00
0.000000000000000000e+00
0.000000000000000000e+00
0.000000000000000000e+00
0.000000000000000000e+00
0.000000000000000000e+00
0.000000000000000000e+00
0.000000000000000000e+00
0.000000000000000000e+00
0.000000000000000000e+00
0.000000000000000000e+00
0.000000000000000000e+00
0.000000000000000000e+00
0.000000000000000000e+00
0.000000000000000000e+00
0.000000000000000000e+00
0.000000000000000000e+00
0.000000000000000000e+00
0.000000000000000000e+00
0.000000000000000000e+00
0.000000000000000000e+00
0.000000000000000000e+00
0.000000000000000000e+00
0.000000000000000000e+00
0.000000000000000000e+00
6.917444946288756145e-05
6.301166885976657408e-05
5.027656004934261987e-05
3.773077834337246704e-05
2.853925227147963479e-05
1.964998992766582835e-05
1.252535469432209841e-05
7.826877537720060713e-06
4.907590458589710414e-06
3.103870944348572371e-06
2.018868092993317799e-06
1.363857721783581527e-06
9.523596739101857296e-07
6.703649612971649116e-07
4.593700711542467737e-07
1.651893163608659506e-05
1.572631208590614759e-05
1.306897844619995959e-05
9.908908332432406354e-06
7.470861422906202374e-06
5.466974076025031418e-06
3.365170622115684302e-06
2.186509522662677254e-06
1.359603978078372679e-06
8.475992814887300485e-07
5.410551834879900262e-07
3.578921704166659565e-07
2.459656093532134584e-07
1.726089919557785321e-07
1.198195056521837657e-07
2.886322075874858228e-07
2.857261431247033036e-07
2.478596293210784016e-07
1.920033091877862628e-07
1.439108493548644323e-07
1.089913619687657818e-07
6.822245254662952177e-08
4.568341378716968993e-08
2.795586405743175740e-08
1.715365838052667904e-08
1.075171499871252091e-08
6.960878389028076553e-09
4.691434437869070379e-09
3.260186112646415404e-09
2.275858830686631456e-09
2.113865930958794588e-10
2.164599922899739960e-10
1.957243855435752402e-10
1.561867525269428640e-10
1.169397173792070161e-10
8.934147146846698147e-11
5.970685320607454221e-11
3.889363504956587622e-11
2.362421463726021316e-11
1.459272721961734327e-11
9.033497846465027295e-12
5.732058428060100567e-12
3.781616333929901504e-12
2.588150861917343071e-12
1.803454662463568732e-12
0.000000000000000000e+00
0.000000000000000000e+00
0.000000000000000000e+00
0.000000000000000000e+00
0.000000000000000000e+00
0.000000000000000000e+00
0.000000000000000000e+00
0.000000000000000000e+00
0.000000000000000000e+00
0.000000000000000000e+00
0.000000000000000000e+00
0.000000000000000000e+00
0.000000000000000000e+00
0.000000000000000000e+00
0.000000000000000000e+00
0.000000000000000000e+00
0.000000000000000000e+00
0.000000000000000000e+00
0.000000000000000000e+00
0.000000000000000000e+00
0.000000000000000000e+00
0.000000000000000000e+00
0.000000000000000000e+00
0.000000000000000000e+00
0.000000000000000000e+00
0.000000000000000000e+00
0.000000000000000000e+00
0.000000000000000000e+00
0.000000000000000000e+00
0.000000000000000000e+00
0.000000000000000000e+00
0.000000000000000000e+00
0.000000000000000000e+00
0.000000000000000000e+00
0.000000000000000000e+00
0.000000000000000000e+00
0.000000000000000000e+00
0.000000000000000000e+00
0.000000000000000000e+00
0.000000000000000000e+00
0.000000000000000000e+00
0.000000000000000000e+00
0.000000000000000000e+00
0.000000000000000000e+00
0.000000000000000000e+00
0.000000000000000000e+00
0.000000000000000000e+00
0.000000000000000000e+00
0.000000000000000000e+00
0.000000000000000000e+00
0.000000000000000000e+00
0.000000000000000000e+00
0.000000000000000000e+00
0.000000000000000000e+00
0.000000000000000000e+00
0.000000000000000000e+00
0.000000000000000000e+00
0.000000000000000000e+00
0.000000000000000000e+00
0.000000000000000000e+00
4.067497083576899873e-05
4.006804041968546490e-05
3.457367763984370214e-05
2.671185587415816543e-05
2.003704806922989952e-05
1.511557435387663695e-05
9.441522292334476494e-06
6.295642252844562869e-06
3.860398247386638795e-06
2.374272546913810076e-06
1.491472853064837964e-06
9.680647045489088670e-07
6.539720665392374819e-07
4.550006317359422441e-07
3.174121613169016396e-07
1.005703158596007302e-05
1.022033020615227608e-05
9.155380531810649748e-06
7.255581707313957277e-06
5.432497645288047855e-06
4.145958865491671241e-06
2.727388964621248818e-06
1.791863352819211080e-06
1.089835216442347055e-06
6.714786599759452547e-07
4.165928185358223007e-07
2.654761947049230301e-07
1.759794327034302330e-07
1.208728712996148053e-07
8.428197777531406793e-08
1.835729393812812296e-07
1.917509626525680018e-07
1.779542227368394842e-07
1.453217192734155871e-07
1.092685464866393986e-07
8.308023819950454525e-08
5.848290283181487887e-08
3.662017364728879936e-08
2.259410848379338133e-08
1.399099094348301513e-08
8.642454184150076058e-09
5.419356088989769222e-09
3.521168588239875334e-09
2.378822346939292546e-09
1.648374340978441200e-09
9.594766228909963365e-11
1.027911786131014454e-10
9.869658216170761583e-11
8.337785938968404880e-11
6.348494344489281147e-11
4.774624410296388817e-11
3.561828707549856011e-11
2.145496666062415299e-11
1.385623884656752971e-11
8.524788227785129092e-12
5.194265310508165200e-12
3.204932655319245182e-12
2.040168818194543477e-12
1.350788787938678001e-12
9.247151164625955247e-13
0.000000000000000000e+00
0.000000000000000000e+00
0.000000000000000000e+00
0.000000000000000000e+00
0.000000000000000000e+00
0.000000000000000000e+00
0.000000000000000000e+00
0.000000000000000000e+00
0.000000000000000000e+00
0.000000000000000000e+00
0.000000000000000000e+00
0.000000000000000000e+00
0.000000000000000000e+00
0.000000000000000000e+00
0.000000000000000000e+00
0.000000000000000000e+00
0.000000000000000000e+00
0.000000000000000000e+00
0.000000000000000000e+00
0.000000000000000000e+00
0.000000000000000000e+00
0.000000000000000000e+00
0.000000000000000000e+00
0.000000000000000000e+00
0.000000000000000000e+00
0.000000000000000000e+00
0.000000000000000000e+00
0.000000000000000000e+00
0.000000000000000000e+00
0.000000000000000000e+00
0.000000000000000000e+00
0.000000000000000000e+00
0.000000000000000000e+00
0.000000000000000000e+00
0.000000000000000000e+00
0.000000000000000000e+00
0.000000000000000000e+00
0.000000000000000000e+00
0.000000000000000000e+00
0.000000000000000000e+00
0.000000000000000000e+00
0.000000000000000000e+00
0.000000000000000000e+00
0.000000000000000000e+00
0.000000000000000000e+00
2.505900696717405562e-05
2.608257047054664434e-05
2.409725360580643278e-05
1.960410088937895428e-05
1.473296337344538287e-05
1.120946493076853549e-05
7.823656624083120549e-06
4.930779374747115469e-06
3.036964778511933398e-06
1.879286569655953786e-06
1.160953628404756714e-06
7.293634051539183582e-07
4.750664024379953929e-07
3.216069159952220614e-07
2.230323421430446524e-07
6.141666471644721696e-06
6.536447624755507404e-06
6.220816600924657465e-06
5.208368187013117872e-06
3.951111473437162774e-06
2.980305033189977226e-06
2.192813248582026179e-06
1.332140985836115370e-06
8.491741605842565684e-07
5.235080899933745750e-07
3.204872818185663040e-07
1.985651063411176303e-07
1.270528339978827084e-07
8.457101222845933159e-08
5.809401926163419700e-08
8.809897106061951525e-08
9.574280643952506229e-08
9.376688370102326821e-08
8.098315695887523192e-08
6.245618836227418557e-08
4.669014823653920880e-08
3.559533537353911406e-08
2.151016013846787073e-08
1.427100707465365557e-08
8.724795342037531783e-09
5.237818369399323763e-09
3.196632208980056189e-09
2.008813864839974844e-09
1.311333637420444851e-09
8.881439362403050600e-10
1.666298889414332583e-11
1.847720560900626463e-11
1.861092539585197874e-11
1.661521400565490689e-11
1.311996765639069375e-11
9.754593603125423586e-12
7.553077173791026206e-12
4.752465423633848643e-12
3.179996442742697929e-12
1.921654423059641609e-12
1.148304572127627520e-12
6.898249452178851188e-13
4.246939397359263288e-13
2.711416450275953332e-13
1.801387449138503765e-13
0.000000000000000000e+00
0.000000000000000000e+00
0.000000000000000000e+00
0.000000000000000000e+00
0.000000000000000000e+00
0.000000000000000000e+00
0.000000000000000000e+00
0.000000000000000000e+00
0.000000000000000000e+00
0.000000000000000000e+00
0.000000000000000000e+00
0.000000000000000000e+00
0.000000000000000000e+00
0.000000000000000000e+00
0.000000000000000000e+00
0.000000000000000000e+00
0.000000000000000000e+00
0.000000000000000000e+00
0.000000000000000000e+00
0.000000000000000000e+00
0.000000000000000000e+00
0.000000000000000000e+00
0.000000000000000000e+00
0.000000000000000000e+00
0.000000000000000000e+00
0.000000000000000000e+00
0.000000000000000000e+00
0.000000000000000000e+00
0.000000000000000000e+00
0.000000000000000000e+00
1.556742140884252924e-05
1.686932565651172680e-05
1.645692435003645075e-05
1.415397692641330197e-05
1.089168361136591929e-05
8.152132552071386006e-06
6.187022255624859762e-06
3.741106895473559795e-06
2.468243751187717674e-06
1.510519996087636028e-06
9.095809558797658930e-07
5.561888803913610579e-07
3.503161305719511296e-07
2.292706131961123615e-07
1.555764765110497542e-07
3.544576480076808242e-06
3.907773162782719364e-06
3.904537396946255418e-06
3.452717880796593885e-06
2.707235919429962454e-06
2.015369876084778046e-06
1.555467556130489045e-06
9.652917148757066077e-07
6.460297911662471613e-07
3.917849733448357605e-07
2.340026096685352777e-07
1.411959190668395153e-07
8.744109780374443159e-08
5.618296018163113576e-08
3.754145630002155632e-08
2.856912601883320159e-08
3.203155332975678040e-08
3.277006835440329357e-08
2.983359621014811777e-08
2.395569475620843127e-08
1.781475699360080803e-08
1.378353423167578467e-08
9.050779934879285259e-09
5.925192674315989372e-09
3.561465536193460913e-09
2.146829881554640469e-09
1.284151693432976390e-09
7.821341891499089853e-10
4.925470277668393290e-10
3.227829869404770084e-10
1.452317372372776343e-13
1.658434680251715895e-13
1.741004567032315348e-13
1.638589566907873261e-13
1.358134447363283375e-13
1.016319798001288636e-13
7.768173026587737125e-14
5.532114531796064319e-14
3.419578078638392426e-14
2.077247421791012969e-14
1.262342119524047410e-14
7.574762142580336072e-15
4.543411511734337451e-15
2.790191410840708618e-15
1.781075908018110520e-15
0.000000000000000000e+00
0.000000000000000000e+00
0.000000000000000000e+00
0.000000000000000000e+00
0.000000000000000000e+00
0.000000000000000000e+00
0.000000000000000000e+00
0.000000000000000000e+00
0.000000000000000000e+00
0.000000000000000000e+00
0.000000000000000000e+00
0.000000000000000000e+00
0.000000000000000000e+00
0.000000000000000000e+00
0.000000000000000000e+00
9.626134261800872746e-06
1.076539818430871435e-05
1.097497740020467463e-05
9.948949843282152829e-06
7.961138051980680308e-06
5.921186297771088719e-06
4.580364019336656886e-06
2.982942391093819056e-06
1.959572407776271616e-06
1.179682261288075729e-06
7.098284293865818828e-07
4.251321159571957148e-07
2.595371361882512662e-07
1.639050456695606607e-07
1.077165434505411732e-07
1.735398146212742264e-06
1.968277301331960255e-06
2.046697563141139807e-06
1.902755513972157821e-06
1.558292113801754855e-06
1.162725462897561784e-06
8.937785977959016905e-07
6.175900561503272299e-07
3.903425613157134910e-07
2.355920718838918265e-07
1.429280948702149598e-07
8.558714362011209271e-08
5.161005688101821352e-08
3.199507712707113930e-08
2.062842450640788942e-08
2.106192768345265589e-09
2.427486555453563311e-09
2.581949467137721897e-09
2.473028813012224898e-09
2.088798231601602238e-09
1.575945806703887370e-09
1.192549654179561525e-09
8.826440654996280268e-10
5.313223165133768254e-10
3.311595697482544249e-10
2.009489506487274488e-10
1.199110752345837005e-10
7.128880526548962292e-11
4.319323163347042181e-11
2.713337778362857297e-11
0.000000000000000000e+00
0.000000000000000000e+00
0.000000000000000000e+00
0.000000000000000000e+00
0.000000000000000000e+00
0.000000000000000000e+00
0.000000000000000000e+00
0.000000000000000000e+00
0.000000000000000000e+00
0.000000000000000000e+00
0.000000000000000000e+00
0.000000000000000000e+00
0.000000000000000000e+00
0.000000000000000000e+00
0.000000000000000000e+00
5.286443975167509945e-06
6.074271998076828301e-06
6.433353278569112357e-06
6.127968028968219738e-06
5.146633562375809433e-06
3.875100897598898605e-06
2.941278361271725914e-06
2.150219802764311938e-06
1.306233800770914210e-06
8.090620858103607744e-07
4.910750904327293373e-07
2.931340137017856205e-07
1.746934734738493517e-07
1.062833457653187858e-07
6.708257175070862333e-08
6.153549023258012262e-07
7.166394300091658896e-07
7.734925418266908479e-07
7.556885962533736553e-07
6.528344232708168219e-07
4.990351009463238040e-07
3.737790377841734708e-07
2.858650109305283820e-07
1.700000256672528759e-07
1.096916703196961957e-07
6.648042774660419223e-08
3.897436129876000314e-08
2.289856103471862431e-08
1.368085772560309567e-08
8.430826678237398085e-09
5.504716997105730862e-12
6.519840019267779950e-12
7.205335694144190548e-12
7.270563484827008325e-12
6.532065450965367286e-12
5.143930278239833846e-12
3.808752302101140959e-12
2.990568894110671968e-12
1.841701721256777410e-12
1.226574218925336344e-12
7.373261823666742040e-13
4.256194373703015094e-13
2.450416622051142358e-13
1.424694697611849244e-13
8.483177657422998925e-14
2.383802204983420815e-06
2.810447131107335795e-06
3.086223326624455458e-06
3.087506734044187328e-06
2.745349451803068254e-06
2.144883079780316528e-06
1.592613799955613659e-06
1.243250775825613890e-06
7.575969443488999513e-07
5.008431405620539384e-07
3.017427836409914792e-07
1.747149042641953026e-07
1.011325475585781742e-07
5.923512397845091324e-08
3.558854941659305834e-08
1.227289653131868510e-07
1.468084571130141966e-07
1.645004614961931466e-07
1.691904422558031132e-07
1.557940704266939732e-07
1.255425300660639810e-07
9.289144549023894701e-08
7.275536042193785661e-08
4.734011399511956391e-08
3.093006709992035201e-08
1.835833530529130632e-08
1.075491680938538575e-08
6.163360641474936301e-09
3.529453204635560513e-09
2.058748357757179058e-09
5.495633112771314975e-07
6.651470697929766338e-07
7.575748621940236249e-07
7.971288660943529662e-07
7.569434248440823940e-07
6.307558477801389316e-07
4.715488762656316594e-07
3.626389854424658654e-07
2.553498460764325911e-07
1.594938365571274501e-07
9.581646704061558962e-08
5.669951761867494889e-08
3.263169176255810798e-08
1.845819367833468337e-08
1.048153449679165393e-08
