# lsst_theory
2.519760250523515651e-09
1.700397123315831275e-09
1.125666071647590514e-09
7.480222403822767828e-10
5.032266773537776949e-10
3.393713932065626730e-10
2.325827604801524994e-10
1.604544747521347388e-10
1.099643830311914341e-10
7.376792378121973453e-11
4.775792768381808634e-11
2.958621142894600475e-11
1.755683196108998496e-11
1.001120864714615675e-11
5.509618391754013369e-12
4.222685159048075973e-09
2.845862572903640116e-09
1.875265734259730017e-09
1.216599832510429657e-09
7.977894019788542611e-10
5.356966174493271205e-10
3.652518265861489834e-10
2.545783174401983728e-10
1.781162507405023673e-10
1.226498075987649578e-10
8.143169272656665816e-11
5.129942002584286185e-11
3.050668903382416626e-11
1.717131878078465505e-11
9.241814396794595047e-12
4.295802676921142294e-09
2.840834402614728006e-09
1.843114083800258022e-09
1.171172326857271852e-09
7.518901648835335764e-10
5.063828050948877984e-10
3.470069598877229775e-10
2.455532813088824968e-10
1.744158558989101176e-10
1.214829232077975062e-10
8.101469231109638004e-11
5.074052439114684391e-11
2.960342839486646693e-11
1.611471056930516121e-11
8.293549049339628551e-12
4.362898919756200556e-09
2.858117120905447659e-09
1.839488534108303241e-09
1.155732594549151183e-09
7.332598670307652418e-10
4.945072176656025343e-10
3.398159196213051797e-10
2.424488377963567038e-10
1.736371661544243192e-10
1.217031604048528675e-10
8.137642865663402654e-11
5.083048820372258862e-11
2.936480413707754397e-11
1.569435627140610830e-11
7.868146907831997243e-12
4.421090092122355479e-09
2.873317787163402505e-09
1.836567482768363965e-09
1.142533117583096770e-09
7.173046560745115960e-10
4.843508481423587769e-10
3.336665900581228852e-10
2.398088878965464867e-10
1.729899160198779694e-10
1.219092457368819767e-10
8.169925328161467491e-11
5.091486642904482502e-11
2.916238411521210585e-11
1.533273502847247343e-11
7.501155334898418475e-12
1.422935905116586048e-08
1.032915083562231584e-08
7.260991576232659433e-09
4.983449723537689130e-09
3.312699219900611960e-09
2.164399494603635333e-09
1.419329459028616342e-09
9.430155966453127362e-10
6.385770264755853305e-10
4.387817351390884901e-10
3.014047250217102548e-10
2.031985800282718842e-10
1.324492848011461553e-10
8.249423633499164991e-11
4.890399063525946244e-11
1.788234069924400522e-08
1.312697616223416391e-08
9.293771416579254103e-09
6.435518887102925988e-09
4.303742529269435084e-09
2.790359029067273922e-09
1.826253546531909697e-09
1.201900230765315513e-09
8.091442789351384468e-10
5.547302616401933030e-10
3.822004291252163179e-10
2.598407067295043195e-10
1.714539368443907358e-10
1.082228324895712742e-10
6.490290782024172523e-11
1.980777847323824711e-08
1.455726561558616017e-08
1.030483349717272495e-08
7.144610363007183015e-09
4.777822897041264743e-09
3.079355999901164294e-09
2.012884076356448237e-09
1.320363112708309657e-09
8.886695366518910463e-10
6.100006923299171865e-10
4.215712053830761972e-10
2.878630109577645083e-10
1.908273339928650510e-10
1.208885241283581747e-10
7.260828245722740404e-11
2.149074021220529833e-08
1.581255249163373515e-08
1.119564408787170962e-08
7.770839237155499524e-09
5.197579392303160057e-09
3.336792650070939040e-09
2.179170419374982994e-09
1.426037225131053444e-09
9.593968547371846254e-10
6.589978003552047149e-10
4.563612502190568642e-10
3.125682305576692575e-10
2.078944739222036924e-10
1.320586920504921662e-10
7.942473368118695098e-11
2.700300169213946729e-08
2.082979720226778194e-08
1.526342020340326658e-08
1.085896366665147394e-08
7.500228910616012325e-09
4.955968421890329583e-09
3.211086484202372771e-09
2.087242632919844425e-09
1.371564465660157031e-09
9.187101245320735055e-10
6.243130350647720301e-10
4.249451313040087571e-10
2.854606173728165606e-10
1.861276677315503768e-10
1.163463174411446013e-10
3.242485749060657013e-08
2.544285854382729239e-08
1.885951901033789187e-08
1.352233105279227296e-08
9.423505330180389419e-09
6.274716464941455765e-09
4.046292373769835631e-09
2.626409960326988693e-09
1.711263577049314578e-09
1.138001201696028142e-09
7.698531220093757969e-10
5.239814059432712107e-10
3.537862694897848709e-10
2.328850079285454216e-10
1.473516674064873579e-10
3.693135681835920376e-08
2.924166540731246581e-08
2.179036360454564400e-08
1.567499634991041409e-08
1.097046976094541929e-08
7.328105992545449359e-09
4.705660047335040868e-09
3.052494640190916246e-09
1.979090780418650788e-09
1.311822364434776335e-09
8.860942834698224167e-10
6.036928295112423473e-10
4.090998748229452212e-10
2.708310046635297216e-10
1.724752388157405360e-10
4.269674680983021486e-08
3.488567757444373416e-08
2.676269701722359990e-08
1.964894675953469405e-08
1.395745492232603810e-08
9.531482696859343573e-09
6.222740794061653638e-09
4.009942791975777276e-09
2.582823633707965949e-09
1.686727838113323363e-09
1.120192194829445276e-09
7.531061624610126148e-10
5.075301419636202821e-10
3.374606165891136739e-10
2.180439153455924625e-10
5.164750689815443793e-08
4.314917559530182043e-08
3.371869237253223718e-08
2.506773538076469727e-08
1.797182530205626773e-08
1.241452450064397463e-08
8.169689352124816002e-09
5.237472474222751806e-09
3.362768922972263538e-09
2.176193865548533512e-09
1.431546356296562473e-09
9.560391154569476256e-10
6.432965638213593847e-10
4.296170582875993833e-10
2.803164805974438684e-10
6.828793349625966735e-08
5.965714797742070589e-08
4.873324556863288358e-08
3.758354921618300400e-08
2.764559417636027779e-08
1.953081049169934724e-08
1.325991158641517233e-08
8.577215922294364412e-09
5.478218545990613057e-09
3.489098030740968530e-09
2.244160151923321358e-09
1.463664260139454424e-09
9.674859334162338038e-10
6.417157642158511708e-10
4.213556202113981138e-10
5.013405313197445963e-07
3.481866381729515580e-07
2.338010946723307744e-07
1.530565919151778238e-07
1.005452697355433219e-07
6.627304494622218758e-08
4.458948711873785560e-08
3.072807540230213941e-08
2.152071884667396481e-08
1.502521449356810603e-08
1.022032262494361330e-08
6.645334214514168397e-09
4.098641292954514594e-09
2.399068859459588800e-09
1.342254414319890150e-09
1.575905395882112822e-06
1.135916699029261931e-06
7.956970847998536041e-07
5.366682704350980330e-07
3.498694393152253482e-07
2.282225361860483806e-07
1.491230581984009011e-07
9.965094847677889141e-08
6.842462481377952382e-08
4.783293394215907907e-08
3.335064056772764757e-08
2.264407239032512422e-08
1.470657287283051505e-08
9.045094461455800090e-09
5.274559831830443886e-09
1.885059240755569392e-06
1.364722980304677292e-06
9.607180227296271009e-07
6.508209223458652144e-07
4.241628269282683719e-07
2.764745275056195332e-07
1.800766747939063662e-07
1.198855455012637315e-07
8.207180310453655336e-08
5.733090344320044515e-08
4.005836545402379557e-08
2.732312702295375246e-08
1.784860524287282716e-08
1.103997886325902425e-08
6.468320095953625057e-09
2.067865648009410155e-06
1.499973035741277021e-06
1.058242441946670272e-06
7.182537662059048872e-07
4.680355635739259663e-07
3.049708530049394539e-07
1.983586835397953545e-07
1.318390393789569317e-07
9.013619740568539167e-08
6.294494039894345844e-08
4.402358375072615523e-08
3.008877692906311886e-08
1.970516251566792968e-08
1.221820865370023378e-08
7.173090856860315833e-09
2.225808438695041192e-06
1.616827649014526987e-06
1.142501874969192133e-06
7.765154717783648365e-07
5.059414312087660324e-07
3.295915179417272329e-07
2.141542451907822750e-07
1.421668076984977192e-07
9.710379392497155632e-08
6.779544566447503855e-08
4.744950892537673189e-08
3.247826386397131244e-08
2.130919677517326807e-08
1.323618210736813812e-08
7.782005686570009692e-09
-7.569732340920423719e-08
-6.293192694880516707e-08
-4.743110833303623324e-08
-3.570155096425274477e-08
-2.601858295262739511e-08
-1.635753965959212498e-08
-1.067046490383406640e-08
-6.693164276323594645e-09
-4.226308252119081135e-09
-2.747472029029903641e-09
-1.857354219825821802e-09
-1.300601300200618427e-09
-9.239142586676272249e-10
-6.423002148434976051e-10
-4.230353245944594824e-10
6.210882313633542117e-07
4.970207741439845250e-07
3.720126216571530808e-07
2.774898855598001954e-07
1.936166671236453588e-07
1.235725657491869052e-07
7.930162463248888880e-08
5.007437135850924734e-08
3.203035688221911007e-08
2.118370735926501991e-08
1.456045487695838981e-08
1.028193899298875535e-08
7.265378891817066211e-09
4.961715099570560287e-09
3.193689132507827996e-09
1.090837588419982842e-06
8.842188957123383779e-07
6.644642552032239417e-07
4.963437538663629982e-07
3.509725913416963211e-07
2.238323662810849385e-07
1.444639409620940449e-07
9.093985737746689527e-08
5.793667102500424942e-08
3.809855245786848245e-08
2.603300940306729351e-08
1.831532579373976165e-08
1.294786307096265896e-08
8.886158632734531459e-09
5.763635876115448601e-09
1.347084953889975542e-06
1.094881186721915416e-06
8.234482943512475007e-07
6.152933570568687339e-07
4.362802037217906903e-07
2.781956433205465565e-07
1.797496292504229176e-07
1.130838947998818338e-07
7.198578505423182160e-08
4.728154539054130564e-08
3.226855386518835311e-08
2.268494621661812835e-08
1.603860249842748290e-08
1.101866583373790325e-08
7.158058153352760534e-09
1.568453829222923202e-06
1.276868239838210347e-06
9.607905887996792840e-07
7.180499937171239561e-07
5.099747144995818921e-07
3.251576596857311524e-07
2.102315111746857743e-07
1.322132341319119308e-07
8.412226821968063841e-08
5.521441438213557920e-08
3.765525999368825345e-08
2.645975867055488900e-08
1.870862590351374463e-08
1.286088490138221204e-08
8.362654394959450056e-09
-3.503736295382469826e-08
-3.099263308835744495e-08
-2.419206848757085311e-08
-1.812055874526801543e-08
-1.365042792578761919e-08
-9.026109960138141019e-09
-5.889391986091464115e-09
-3.654489915939062576e-09
-2.290011475380470501e-09
-1.459078654868391011e-09
-9.606887610079282372e-10
-6.570325357108156111e-10
-4.620748692144701742e-10
-3.245858667865406526e-10
-2.199086770904000604e-10
1.076278211162116252e-07
9.330954702659202129e-08
7.165415688171690598e-08
5.354635056598501413e-08
4.021197439907284449e-08
2.580462351039029430e-08
1.711834263682794849e-08
1.051921824959325281e-08
6.603155084352799516e-09
4.235695027582582601e-09
2.815850840075861116e-09
1.944434928763759461e-09
1.375519632338433003e-09
9.654524408105006425e-10
6.489122600240552627e-10
5.910614218612518442e-07
5.343296707391066180e-07
4.245339990804545291e-07
3.187354422583400100e-07
2.406100401148549360e-07
1.642835128118267578e-07
1.051519928675723960e-07
6.591001127441032523e-08
4.126863203000955574e-08
2.613333962020368351e-08
1.704184099375886961e-08
1.153997284997328195e-08
8.065084319986037026e-09
5.669007038476167976e-09
3.872162823231322483e-09
8.543787272762169603e-07
7.753816695677221568e-07
6.180839298244001192e-07
4.643397381510636576e-07
3.505936424114154376e-07
2.406801364258975615e-07
1.535960217514289650e-07
9.649520686117273060e-08
6.039389219820091532e-08
3.819797688570566048e-08
2.486658448975167739e-08
1.680806867700172977e-08
1.173260359645713012e-08
8.246844348741329069e-09
5.640499823090192641e-09
1.079961933242212580e-06
9.817945550330989886e-07
7.837475411607605939e-07
5.889483947334965324e-07
4.447200348780942199e-07
3.060204840719578762e-07
1.950408874149515607e-07
1.226503674226464758e-07
7.675088608667042972e-08
4.851823983149294150e-08
3.156145663090034142e-08
2.131655794131675964e-08
1.487188467392095941e-08
1.045348757448251137e-08
7.153999245109600350e-09
-2.789872523645110812e-09
-2.635281623953558750e-09
-2.173976716177170160e-09
-1.644890644213646306e-09
-1.241751016124636054e-09
-8.992343037702853354e-10
-5.569765516867691381e-10
-3.589171133325756366e-10
-2.236139480723923867e-10
-1.398095427773596151e-10
-8.952266597390990193e-11
-5.943092782262233743e-11
-4.096204149879716213e-11
-2.876559731447855523e-11
-1.992607030314539215e-11
-3.520535432980611867e-08
-3.507231758578998335e-08
-3.063601143000721170e-08
-2.381579598505772087e-08
-1.782922199123842850e-08
-1.358066121164457106e-08
-8.532791872389830375e-09
-5.712585383024054978e-09
-3.490977414729922261e-09
-2.141919083499012061e-09
-1.339443346574806085e-09
-8.644000181768039940e-10
-5.807990865789937577e-10
-4.029344937919678963e-10
-2.814592544508347586e-10
2.547054094051187109e-07
2.479436851834970971e-07
2.112981083920109361e-07
1.622854193158210369e-07
1.219110430396527450e-07
9.106988540866584262e-08
5.668375407645710561e-08
3.744818489878520910e-08
2.306439636701930104e-08
1.425146806905586152e-08
8.998639582118066733e-09
5.876304288407203705e-09
3.991745830815270688e-09
2.784722960982494348e-09
1.939170745632213257e-09
5.204056689370529038e-07
5.105379108233070314e-07
4.390496150049666674e-07
3.390481945703213871e-07
2.544572383841129276e-07
1.910729740950358970e-07
1.199764876092962975e-07
7.932606047257987541e-08
4.872842153766057211e-08
3.007007802999578153e-08
1.892050688785451481e-08
1.229828123190020938e-08
8.316755759393602025e-09
5.786420841338237589e-09
4.031432695078840772e-09
7.342343131863163906e-07
7.216171757707960068e-07
6.218738291965951449e-07
4.808292833356118622e-07
3.607879722378297443e-07
2.712381052239978037e-07
1.706475485071843586e-07
1.128482605881518018e-07
6.928064251505562383e-08
4.274006323030285964e-08
2.687154493830118497e-08
1.744806899558457007e-08
1.178724729450575985e-08
8.196011476932862355e-09
5.710859782704582939e-09
-5.226976100735654551e-11
-5.215646969985337419e-11
-4.570454054950393737e-11
-3.565406420094259942e-11
-2.669269578931931059e-11
-2.029239777564808044e-11
-1.290148000310367382e-11
-8.590836727386825117e-12
-5.244531883941665651e-12
-3.222154231837113025e-12
-2.012636505366207596e-12
-1.296427922459768096e-12
-8.692166932770980729e-13
-6.018613952231888992e-13
-4.200253557756261295e-13
-1.636168881541359545e-08
-1.677514355262099945e-08
-1.520398809013640675e-08
-1.216544455776163455e-08
-9.111848851739118875e-09
-6.956583466187653525e-09
-4.680377802976198371e-09
-3.027696992543657136e-09
-1.848715389366880654e-09
-1.141160016597428846e-09
-7.069027073112370987e-10
-4.480203714487298776e-10
-2.950075369131921163e-10
-2.015361063944067444e-10
-1.402599534719768313e-10
4.712306687634965657e-08
4.781737343528915336e-08
4.274569933358069019e-08
3.377849368502589347e-08
2.523098386063522167e-08
1.930212837387859674e-08
1.263492374907791695e-08
8.329617426738202632e-09
5.038071496681093941e-09
3.107770891701825620e-09
1.931499930889002952e-09
1.232781218724876490e-09
8.186542036018009741e-10
5.632786140478096244e-10
3.932093164201815119e-10
2.926998324229180381e-07
3.033722919453850614e-07
2.789315050682789324e-07
2.261160343715777654e-07
1.698670371139785237e-07
1.293299476730988347e-07
8.948100812881136574e-08
5.672562291658286206e-08
3.499301546531093467e-08
2.161667605957987091e-08
1.335452516613006610e-08
8.405712362010443544e-09
5.487635083294249155e-09
3.721263299902209309e-09
2.581247006586879987e-09
4.899178940025971810e-07
5.088842414660656053e-07
4.692258283585978904e-07
3.813837298248623548e-07
2.867122689310361952e-07
2.181585135439374489e-07
1.517421110801022800e-07
9.584491159596930164e-08
5.926545248919762532e-08
3.661013471681419612e-08
2.260098978198842513e-08
1.420619867203162267e-08
9.258670302171636483e-09
6.268958934807863462e-09
4.345266807945836624e-09
-2.300716871519732618e-13
-2.388314856398867898e-13
-2.198696866843005297e-13
-1.781754437117136387e-13
-1.336198278757400144e-13
-1.019104645342056586e-13
-7.057656901282300966e-14
-4.474158993562182332e-14
-2.740917396543651431e-14
-1.697309867645856346e-14
-1.049991491684831349e-14
-6.609035261989245173e-15
-4.314993183851468763e-15
-2.927737319297967645e-15
-2.033054626335552288e-15
-1.353350650349923751e-09
-1.434428330585717682e-09
-1.357958398825048297e-09
-1.131151311724402341e-09
-8.564734501979428774e-10
-6.474468255188257684e-10
-4.718750064137529014e-10
-2.885664458944063060e-10
-1.827323777611739980e-10
-1.127594306859864015e-10
-6.915108860121138333e-11
-4.294378126003753878e-11
-2.756262660204432247e-11
-1.840202016165489452e-11
-1.266309676503611332e-11
-1.507101623012762352e-08
-1.642819948638874864e-08
-1.615528910092677572e-08
-1.401666251222435865e-08
-1.083828562140431501e-08
-8.090159457027491916e-09
-6.200248105870546077e-09
-3.747979976188008075e-09
-2.492809801783784112e-09
-1.522343629035558667e-09
-9.133182708664047442e-10
-5.562578177673982795e-10
-3.486138941159846136e-10
-2.269463044738715210e-10
-1.533941281484943566e-10
1.338343116888431080e-07
1.441929396364217683e-07
1.396011854874609395e-07
1.191313300275497358e-07
9.132704740978361405e-08
6.851198736085472731e-08
5.151262016436752169e-08
3.123506139443033270e-08
2.039002331662319869e-08
1.250288707377052457e-08
7.566118028733214705e-09
4.643441983988293897e-09
2.937665907240864237e-09
1.931930339197878236e-09
1.315478642213945013e-09
3.183061019710876332e-07
3.442879642938084596e-07
3.351419436070512311e-07
2.877723776707164569e-07
2.214455659092397021e-07
1.658536876642104414e-07
1.254014727418750416e-07
7.623891339763702373e-08
5.003874681351086468e-08
3.062355265018083554e-08
1.848110349718658016e-08
1.130748133873735066e-08
7.126792941019712092e-09
4.667992196690989696e-09
3.168518495514169833e-09
-1.073379698940156029e-17
-1.132189817046029306e-17
-1.064327501409094712e-17
-8.793181466180258141e-18
-6.626707663290609501e-18
-5.024567955109404539e-18
-3.623356500956456838e-18
-2.223729792247197024e-18
-1.387398667471581391e-18
-8.586514324624820961e-19
-5.305179069562689025e-19
-3.307948442350976667e-19
-2.133226097359155075e-19
-1.431766035419840005e-19
-9.889835787945253222e-20
-2.151077206125948557e-11
-2.348080781138818357e-11
-2.314252959777288740e-11
-2.014331345220226104e-11
-1.562093700862087772e-11
-1.165459960928979950e-11
-8.931393797620214450e-12
-5.440556027386456983e-12
-3.621493056557596176e-12
-2.208203814392249969e-12
-1.323056971174911960e-12
-8.043105686586445636e-13
-5.029903253689586477e-13
-3.266614594320731175e-13
-2.202919200363594155e-13
-6.483181297261953531e-09
-7.182515929215731443e-09
-7.226955438081481940e-09
-6.447718402739266965e-09
-5.091775787987937786e-09
-3.784563640679188582e-09
-2.928736028276063225e-09
-1.847782293692099849e-09
-1.229799175625536291e-09
-7.435118601418337265e-10
-4.451410392492116428e-10
-2.677797084937742394e-10
-1.649713586588531533e-10
-1.053550863302394443e-10
-6.999303169932187755e-11
3.068814237840861630e-08
3.395064350161963412e-08
3.409243916760761998e-08
3.033979173548935085e-08
2.390747148180770431e-08
1.776884870831623721e-08
1.375011637205890076e-08
8.629462031756589420e-09
5.757751216189025012e-09
3.481521327008653639e-09
2.083431538608712346e-09
1.253913860469553723e-09
7.736089484237846528e-10
4.949778526310857713e-10
3.294331951021628893e-10
1.950986512702178007e-07
2.178019342139811218e-07
2.215322400046273395e-07
2.003529008224807199e-07
1.600784137611098739e-07
1.190019241211021514e-07
9.205346841237619120e-08
5.980773332102408364e-08
3.923276995730987443e-08
2.366312148528091215e-08
1.423098779140384934e-08
8.538232798705066801e-09
5.220349023660449416e-09
3.301177098666829569e-09
2.172089969667246915e-09
0.000000000000000000e+00
0.000000000000000000e+00
0.000000000000000000e+00
0.000000000000000000e+00
0.000000000000000000e+00
0.000000000000000000e+00
0.000000000000000000e+00
0.000000000000000000e+00
0.000000000000000000e+00
0.000000000000000000e+00
0.000000000000000000e+00
0.000000000000000000e+00
0.000000000000000000e+00
0.000000000000000000e+00
0.000000000000000000e+00
-3.549680941010345945e-14
-3.964694665999268970e-14
-4.034493268033980038e-14
-3.648860983716099248e-14
-2.912329213121668105e-14
-2.161940556263679914e-14
-1.676976808915550852e-14
-1.084069793102222489e-14
-7.165903722958277369e-15
-4.310534824656751803e-15
-2.590055269372415582e-15
-1.550583636024658904e-15
-9.477110193426822275e-16
-5.996908592912992264e-16
-3.949313579119725913e-16
-3.036582862567363061e-10
-3.434169582693512590e-10
-3.556774928287030187e-10
-3.290406810536180097e-10
-2.682020474287146972e-10
-1.997320386461437006e-10
-1.539774367635697392e-10
-1.050997319326232873e-10
-6.700905706463452458e-11
-4.040657845776416279e-11
-2.447541504139448496e-11
-1.465214555135845208e-11
-8.855936527557661780e-12
-5.510014418358579781e-12
-3.566062590771656976e-12
-4.628077689576098324e-09
-5.358922093286834778e-09
-5.736438715720533723e-09
-5.540180192919929374e-09
-4.719545425873914345e-09
-3.572539677400213492e-09
-2.694625286010458831e-09
-2.025466967788605406e-09
-1.207485433582592485e-09
-7.590632848165280476e-10
-4.609377630228844117e-10
-2.742508963172183462e-10
-1.623791973026231556e-10
-9.782844869580168286e-11
-6.102901098658815742e-11
1.009875343000399358e-07
1.157725654926507708e-07
1.222328507204610441e-07
1.159846950827078254e-07
9.705494701813042014e-08
7.297814816412580317e-08
5.553909018143897118e-08
4.021470713451173942e-08
2.460579733244263112e-08
1.520529761037531160e-08
9.227187941051166425e-09
5.504024777689695279e-09
3.284947422507129428e-09
2.004213589659533407e-09
1.268867928027184853e-09
0.000000000000000000e+00
0.000000000000000000e+00
0.000000000000000000e+00
0.000000000000000000e+00
0.000000000000000000e+00
0.000000000000000000e+00
0.000000000000000000e+00
0.000000000000000000e+00
0.000000000000000000e+00
0.000000000000000000e+00
0.000000000000000000e+00
0.000000000000000000e+00
0.000000000000000000e+00
0.000000000000000000e+00
0.000000000000000000e+00
0.000000000000000000e+00
0.000000000000000000e+00
0.000000000000000000e+00
0.000000000000000000e+00
0.000000000000000000e+00
0.000000000000000000e+00
0.000000000000000000e+00
0.000000000000000000e+00
0.000000000000000000e+00
0.000000000000000000e+00
0.000000000000000000e+00
0.000000000000000000e+00
0.000000000000000000e+00
0.000000000000000000e+00
0.000000000000000000e+00
-5.152405417790456389e-13
-5.957720181286692697e-13
-6.366045902791836326e-13
-6.136330868649889803e-13
-5.220865082145928829e-13
-3.954542235323301793e-13
-2.983306381865707293e-13
-2.232941676447820005e-13
-1.336289001769298670e-13
-8.424705905678729465e-14
-5.111056969774940924e-14
-3.033415334072882728e-14
-1.796558800612636684e-14
-1.083663836414843373e-14
-6.766458273874738258e-15
-1.432055826391730789e-09
-1.672919261554647767e-09
-1.813514041014920091e-09
-1.782583916865461261e-09
-1.551618512796375097e-09
-1.192705733845869876e-09
-8.907104347230554769e-10
-6.862777755670177784e-10
-4.093661894658339428e-10
-2.664052199218701748e-10
-1.613239423693226041e-10
-9.409020234050124312e-11
-5.506266913528967807e-11
-3.273395991076050940e-11
-2.003979053943753981e-11
3.198105825777130876e-08
3.758202481644503210e-08
4.108262316776304140e-08
4.085194506921999547e-08
3.607232534391078337e-08
2.804407900365245394e-08
2.085475563966430826e-08
1.621173375248018875e-08
9.825895577114342291e-09
6.453604177171273228e-09
3.892720614598461431e-09
2.261491277194923143e-09
1.313770520706108403e-09
7.730998295858436081e-10
4.673249287318569873e-10
0.000000000000000000e+00
0.000000000000000000e+00
0.000000000000000000e+00
0.000000000000000000e+00
0.000000000000000000e+00
0.000000000000000000e+00
0.000000000000000000e+00
0.000000000000000000e+00
0.000000000000000000e+00
0.000000000000000000e+00
0.000000000000000000e+00
0.000000000000000000e+00
0.000000000000000000e+00
0.000000000000000000e+00
0.000000000000000000e+00
0.000000000000000000e+00
0.000000000000000000e+00
0.000000000000000000e+00
0.000000000000000000e+00
0.000000000000000000e+00
0.000000000000000000e+00
0.000000000000000000e+00
0.000000000000000000e+00
0.000000000000000000e+00
0.000000000000000000e+00
0.000000000000000000e+00
0.000000000000000000e+00
0.000000000000000000e+00
0.000000000000000000e+00
0.000000000000000000e+00
0.000000000000000000e+00
0.000000000000000000e+00
0.000000000000000000e+00
0.000000000000000000e+00
0.000000000000000000e+00
0.000000000000000000e+00
0.000000000000000000e+00
0.000000000000000000e+00
0.000000000000000000e+00
0.000000000000000000e+00
0.000000000000000000e+00
0.000000000000000000e+00
0.000000000000000000e+00
0.000000000000000000e+00
0.000000000000000000e+00
-1.354645449531814448e-12
-1.614662295825375174e-12
-1.800266249894806717e-12
-1.839015776233717627e-12
-1.678836295393357890e-12
-1.341697800040868468e-12
-9.909782599599828855e-13
-7.789578648881920244e-13
-4.964517877757059947e-13
-3.274098062856509640e-13
-1.951079769296302429e-13
-1.136250946276493323e-13
-6.515792223805935674e-14
-3.749421888404966232e-14
-2.202966320337819203e-14
3.718239766991799073e-09
4.476050188145735985e-09
5.059844746235556079e-09
5.268619636223488301e-09
4.933005122046525779e-09
4.045838780276833056e-09
3.001268936460354935e-09
2.332569730965974258e-09
1.586637398896302019e-09
1.009088540529223111e-09
5.995727149083347661e-10
3.534763863904745096e-10
2.035650615723608135e-10
1.158245361904497299e-10
6.654350488150864978e-11
2.052526405911549699e-04
1.487661334377355434e-04
1.048031218640896399e-04
7.045346666540478972e-05
4.573762183759327133e-05
2.970043434454210397e-05
1.932948406119883660e-05
1.287656049534713956e-05
8.852037492283126865e-06
6.223882827641186466e-06
4.376682263074018493e-06
2.996266260997759934e-06
1.956669120734442834e-06
1.206248238108277551e-06
7.037845383257494594e-07
2.962729527980297495e-05
2.271953901532002904e-05
1.689466992680486825e-05
1.243468103994463832e-05
8.190193360821331855e-06
5.361642515063851677e-06
3.370981677426305670e-06
2.144006932431930774e-06
1.394658459691890754e-06
9.427633576780769338e-07
6.611490208904471507e-07
4.712865419911337187e-07
3.305829285028794571e-07
2.206825936499338572e-07
1.379079837207847091e-07
1.942885476805492548e-07
1.592105204203670608e-07
1.194123143238803173e-07
8.963248073051964683e-08
6.455159547301031061e-08
4.038748660894995778e-08
2.625200143420001358e-08
1.653800514623125569e-08
1.049399519617009221e-08
6.866406519971453457e-09
4.672082936579583896e-09
3.284180939679592185e-09
2.330804772594977464e-09
1.611201362759030574e-09
1.052445659147512130e-09
5.505285459467376450e-11
4.806307968667422115e-11
3.708086530884687256e-11
2.774261856805547905e-11
2.089721128741793293e-11
1.346709439414052824e-11
8.965201222506055813e-12
5.530007020231429865e-12
3.455562390256302757e-12
2.207423897211775425e-12
1.462416600811609583e-12
1.006728991445329731e-12
7.110148996654007145e-13
4.993716661211011422e-13
3.365770615417473953e-13
0.000000000000000000e+00
0.000000000000000000e+00
0.000000000000000000e+00
0.000000000000000000e+00
0.000000000000000000e+00
0.000000000000000000e+00
0.000000000000000000e+00
0.000000000000000000e+00
0.000000000000000000e+00
0.000000000000000000e+00
0.000000000000000000e+00
0.000000000000000000e+00
0.000000000000000000e+00
0.000000000000000000e+00
0.000000000000000000e+00
0.000000000000000000e+00
0.000000000000000000e+00
0.000000000000000000e+00
0.000000000000000000e+00
0.000000000000000000e+00
0.000000000000000000e+00
0.000000000000000000e+00
0.000000000000000000e+00
0.000000000000000000e+00
0.000000000000000000e+00
0.000000000000000000e+00
0.000000000000000000e+00
0.000000000000000000e+00
0.000000000000000000e+00
0.000000000000000000e+00
0.000000000000000000e+00
0.000000000000000000e+00
0.000000000000000000e+00
0.000000000000000000e+00
0.000000000000000000e+00
0.000000000000000000e+00
0.000000000000000000e+00
0.000000000000000000e+00
0.000000000000000000e+00
0.000000000000000000e+00
0.000000000000000000e+00
0.000000000000000000e+00
0.000000000000000000e+00
0.000000000000000000e+00
0.000000000000000000e+00
0.000000000000000000e+00
0.000000000000000000e+00
0.000000000000000000e+00
0.000000000000000000e+00
0.000000000000000000e+00
0.000000000000000000e+00
0.000000000000000000e+00
0.000000000000000000e+00
0.000000000000000000e+00
0.000000000000000000e+00
0.000000000000000000e+00
0.000000000000000000e+00
0.000000000000000000e+00
0.000000000000000000e+00
0.000000000000000000e+00
0.000000000000000000e+00
0.000000000000000000e+00
0.000000000000000000e+00
0.000000000000000000e+00
0.000000000000000000e+00
0.000000000000000000e+00
0.000000000000000000e+00
0.000000000000000000e+00
0.000000000000000000e+00
0.000000000000000000e+00
0.000000000000000000e+00
0.000000000000000000e+00
0.000000000000000000e+00
0.000000000000000000e+00
0.000000000000000000e+00
0.000000000000000000e+00
0.000000000000000000e+00
0.000000000000000000e+00
0.000000000000000000e+00
0.000000000000000000e+00
0.000000000000000000e+00
0.000000000000000000e+00
0.000000000000000000e+00
0.000000000000000000e+00
0.000000000000000000e+00
0.000000000000000000e+00
0.000000000000000000e+00
0.000000000000000000e+00
0.000000000000000000e+00
0.000000000000000000e+00
1.190515614861610420e-04
9.679020563603447263e-05
7.258752876731902127e-05
5.439240519519576608e-05
3.872161358917013889e-05
2.447073388861618627e-05
1.581990851328203635e-05
9.967528795864348228e-06
6.339304519909701105e-06
4.161607913113686545e-06
2.840656026089447643e-06
1.999594235037473833e-06
1.416973235056444950e-06
9.755713989928465281e-07
6.342557013016103660e-07
2.524818366867496454e-05
2.191581070749602786e-05
1.688066972194185889e-05
1.263988902175057514e-05
9.474668189510360869e-06
6.105739992820320132e-06
4.037056516106874469e-06
2.500382481582179827e-06
1.566096403194805828e-06
1.003112229676083249e-06
6.659437273513242391e-07
4.590776930260331882e-07
3.242137929985875833e-07
2.273005662291127695e-07
1.527770335960901253e-07
4.063545138398946251e-07
3.726089887910077341e-07
2.986369864404595196e-07
2.240232842184206719e-07
1.697416533211205639e-07
1.178968211530735304e-07
7.470786527665000959e-08
4.671816800275126472e-08
2.931843224347096535e-08
1.852772182668625561e-08
1.202112806335623971e-08
8.100198067315928461e-09
5.648019851242314496e-09
3.977667558327525034e-09
2.732485555983222952e-09
2.609204876721225490e-10
2.510828489012007306e-10
2.109221429822369263e-10
1.605181511445375376e-10
1.208160443247417705e-10
8.959054575546185192e-11
5.480336910856573681e-11
3.606422615108333630e-11
2.234951174313480154e-11
1.385963766902433373e-11
8.808487515145301324e-12
5.796768669199996337e-12
3.966758747383832133e-12
2.779810734842310362e-12
1.934629613762966648e-12
7.925909121881748314e-17
7.876998033342252602e-17
6.861293498289160005e-17
5.321869021875607832e-17
3.982083956398152357e-17
3.032319465025367656e-17
1.893669914143331635e-17
1.278655195193015960e-17
7.809469537651258831e-18
4.771221998614965680e-18
2.984070102239416463e-18
1.928538869049335108e-18
1.297987124464776437e-18
9.016230962785835882e-19
6.300096944899404881e-19
0.000000000000000000e+00
0.000000000000000000e+00
0.000000000000000000e+00
0.000000000000000000e+00
0.000000000000000000e+00
0.000000000000000000e+00
0.000000000000000000e+00
0.000000000000000000e+00
0.000000000000000000e+00
0.000000000000000000e+00
0.000000000000000000e+00
0.000000000000000000e+00
0.000000000000000000e+00
0.000000000000000000e+00
0.000000000000000000e+00
0.000000000000000000e+00
0.000000000000000000e+00
0.000000000000000000e+00
0.000000000000000000e+00
0.000000000000000000e+00
0.000000000000000000e+00
0.000000000000000000e+00
0.000000000000000000e+00
0.000000000000000000e+00
0.000000000000000000e+00
0.000000000000000000e+00
0.000000000000000000e+00
0.000000000000000000e+00
0.000000000000000000e+00
0.000000000000000000e+00
0.000000000000000000e+00
0.000000000000000000e+00
0.000000000000000000e+00
0.000000000000000000e+00
0.000000000000000000e+00
0.000000000000000000e+00
0.000000000000000000e+00
0.000000000000000000e+00
0.000000000000000000e+00
0.000000000000000000e+00
0.000000000000000000e+00
0.000000000000000000e+00
0.000000000000000000e+00
0.000000000000000000e+00
0.000000000000000000e+00
0.000000000000000000e+00
0.000000000000000000e+00
0.000000000000000000e+00
0.000000000000000000e+00
0.000000000000000000e+00
0.000000000000000000e+00
0.000000000000000000e+00
0.000000000000000000e+00
0.000000000000000000e+00
0.000000000000000000e+00
0.000000000000000000e+00
0.000000000000000000e+00
0.000000000000000000e+00
0.000000000000000000e+00
0.000000000000000000e+00
6.915495757499603101e-05
6.299906580418202027e-05
5.025767521868765400e-05
3.769930114693285662e-05
2.853896214927405801e-05
1.964347317300228703e-05
1.252362391966556788e-05
7.826856622336759081e-06
4.906955138764747388e-06
3.103854572864444985e-06
2.018816384016971768e-06
1.363803785250624385e-06
9.523119805737055975e-07
6.703263660148856452e-07
4.593467171285457163e-07
1.651460257110563384e-05
1.572220355338868614e-05
1.306696872060606778e-05
9.907916517399002626e-06
7.471318708266478723e-06
5.467101843992265793e-06
3.365254005297700434e-06
2.186503498783526581e-06
1.359670046970074283e-06
8.476153365657152908e-07
5.410448567985112660e-07
3.578792862130223043e-07
2.459534473958247025e-07
1.725988742095315878e-07
1.198126943674546887e-07
2.885653056844907771e-07
2.856445698395430181e-07
2.478381662067450116e-07
1.919932334402508425e-07
1.438167354236736130e-07
1.090325828783147873e-07
6.823823897140365028e-08
4.568318789982882475e-08
2.795427587935107744e-08
1.715479170054964020e-08
1.075178511450771256e-08
6.960881923319037732e-09
4.691498448071538938e-09
3.260221040189872504e-09
2.275867460950613927e-09
2.113447415321330758e-10
2.163979319796812830e-10
1.956877773385144644e-10
1.561240275181434584e-10
1.167758621659334506e-10
8.932602218674365636e-11
5.969046174155763906e-11
3.889370768349300237e-11
2.362550160618432009e-11
1.459036883082770096e-11
9.034492603800094083e-12
5.733040165245364862e-12
3.782114795304937253e-12
2.588409519277882796e-12
1.803596261605650920e-12
0.000000000000000000e+00
0.000000000000000000e+00
0.000000000000000000e+00
0.000000000000000000e+00
0.000000000000000000e+00
0.000000000000000000e+00
0.000000000000000000e+00
0.000000000000000000e+00
0.000000000000000000e+00
0.000000000000000000e+00
0.000000000000000000e+00
0.000000000000000000e+00
0.000000000000000000e+00
0.000000000000000000e+00
0.000000000000000000e+00
0.000000000000000000e+00
0.000000000000000000e+00
0.000000000000000000e+00
0.000000000000000000e+00
0.000000000000000000e+00
0.000000000000000000e+00
0.000000000000000000e+00
0.000000000000000000e+00
0.000000000000000000e+00
0.000000000000000000e+00
0.000000000000000000e+00
0.000000000000000000e+00
0.000000000000000000e+00
0.000000000000000000e+00
0.000000000000000000e+00
0.000000000000000000e+00
0.000000000000000000e+00
0.000000000000000000e+00
0.000000000000000000e+00
0.000000000000000000e+00
0.000000000000000000e+00
0.000000000000000000e+00
0.000000000000000000e+00
0.000000000000000000e+00
0.000000000000000000e+00
0.000000000000000000e+00
0.000000000000000000e+00
0.000000000000000000e+00
0.000000000000000000e+00
0.000000000000000000e+00
0.000000000000000000e+00
0.000000000000000000e+00
0.000000000000000000e+00
0.000000000000000000e+00
0.000000000000000000e+00
0.000000000000000000e+00
0.000000000000000000e+00
0.000000000000000000e+00
0.000000000000000000e+00
0.000000000000000000e+00
0.000000000000000000e+00
0.000000000000000000e+00
0.000000000000000000e+00
0.000000000000000000e+00
0.000000000000000000e+00
4.066537869074557523e-05
4.005670935557069254e-05
3.457061511661767847e-05
2.671090100090221350e-05
2.002619067576498336e-05
1.512063591409511011e-05
9.443411786605042683e-06
6.295613809223237999e-06
3.860309700651552301e-06
2.374383242203094008e-06
1.491497070758233607e-06
9.680684536223076011e-07
6.539767895152957583e-07
4.550018160386224337e-07
3.174110048715914206e-07
1.005496124314765604e-05
1.021739527473460902e-05
9.153881625352449860e-06
7.253167887474033038e-06
5.425612532316604315e-06
4.145897651767207328e-06
2.727075677324980575e-06
1.791931743042778554e-06
1.089862688192267059e-06
6.714091040817635945e-07
4.166274438951789167e-07
2.655100537958145923e-07
1.759995876065424249e-07
1.208844101133506015e-07
8.428840973509940422e-08
1.835405616820539160e-07
1.916974825689037505e-07
1.779126327243724136e-07
1.452726220180317021e-07
1.091691818992094467e-07
8.308191658963009224e-08
5.844738516097036711e-08
3.660968778415606807e-08
2.259488359125704250e-08
1.398970506498367467e-08
8.642721075715845455e-09
5.419459953532152829e-09
3.521177372752981262e-09
2.378809510277645724e-09
1.648343360496763309e-09
9.593350024153680623e-11
1.027644694404155188e-10
9.866971200479062497e-11
8.336891016358300170e-11
6.349002962157496054e-11
4.775598887741131925e-11
3.562112424290815734e-11
2.145678085797744036e-11
1.385679082242323954e-11
8.526216945755636767e-12
5.194121637374414981e-12
3.204924123561661756e-12
2.040182758189444977e-12
1.350760631116073030e-12
9.246804156059360633e-13
0.000000000000000000e+00
0.000000000000000000e+00
0.000000000000000000e+00
0.000000000000000000e+00
0.000000000000000000e+00
0.000000000000000000e+00
0.000000000000000000e+00
0.000000000000000000e+00
0.000000000000000000e+00
0.000000000000000000e+00
0.000000000000000000e+00
0.000000000000000000e+00
0.000000000000000000e+00
0.000000000000000000e+00
0.000000000000000000e+00
0.000000000000000000e+00
0.000000000000000000e+00
0.000000000000000000e+00
0.000000000000000000e+00
0.000000000000000000e+00
0.000000000000000000e+00
0.000000000000000000e+00
0.000000000000000000e+00
0.000000000000000000e+00
0.000000000000000000e+00
0.000000000000000000e+00
0.000000000000000000e+00
0.000000000000000000e+00
0.000000000000000000e+00
0.000000000000000000e+00
0.000000000000000000e+00
0.000000000000000000e+00
0.000000000000000000e+00
0.000000000000000000e+00
0.000000000000000000e+00
0.000000000000000000e+00
0.000000000000000000e+00
0.000000000000000000e+00
0.000000000000000000e+00
0.000000000000000000e+00
0.000000000000000000e+00
0.000000000000000000e+00
0.000000000000000000e+00
0.000000000000000000e+00
0.000000000000000000e+00
2.505449007670117599e-05
2.607526505717209318e-05
2.409182547472356621e-05
1.959738384346129385e-05
1.471859610908755119e-05
1.120935086378614562e-05
7.819576166126821797e-06
4.929709085175762962e-06
3.037099097611483790e-06
1.879123185116765683e-06
1.161010904664843508e-06
7.293970181012000445e-07
4.750796389326799956e-07
3.216122464058023947e-07
2.230326412288626419e-07
6.140713399667460621e-06
6.534712817082334669e-06
6.219177036086181178e-06
5.207484601951556868e-06
3.950448371162997654e-06
2.980923601602835546e-06
2.192418730209977283e-06
1.332045082761685875e-06
8.492204938002704472e-07
5.235810542794443674e-07
3.204905608847966933e-07
1.985571874728855102e-07
1.270502293105731001e-07
8.456914063973304129e-08
5.809185789610951913e-08
8.808740362942219518e-08
9.571943652899615483e-08
9.374024289951384674e-08
8.097679684469297796e-08
6.246851845898392716e-08
4.668300914887572983e-08
3.561459069902546064e-08
2.151709052083688554e-08
1.426986697639241787e-08
8.724862581200313427e-09
5.238545910069619293e-09
3.196988941933754684e-09
2.008845226342943310e-09
1.311303693941040102e-09
8.881208947533269718e-10
1.666117770599012068e-11
1.847318356643114747e-11
1.860551216143131939e-11
1.661269977424787952e-11
1.311837208963677712e-11
9.742221970980544411e-12
7.554706357916759992e-12
4.753518443017837958e-12
3.180410109155401661e-12
1.921245446708256074e-12
1.148112953092753315e-12
6.896982090200417296e-13
4.246600762451359049e-13
2.711430472270787807e-13
1.801414816855178118e-13
0.000000000000000000e+00
0.000000000000000000e+00
0.000000000000000000e+00
0.000000000000000000e+00
0.000000000000000000e+00
0.000000000000000000e+00
0.000000000000000000e+00
0.000000000000000000e+00
0.000000000000000000e+00
0.000000000000000000e+00
0.000000000000000000e+00
0.000000000000000000e+00
0.000000000000000000e+00
0.000000000000000000e+00
0.000000000000000000e+00
0.000000000000000000e+00
0.000000000000000000e+00
0.000000000000000000e+00
0.000000000000000000e+00
0.000000000000000000e+00
0.000000000000000000e+00
0.000000000000000000e+00
0.000000000000000000e+00
0.000000000000000000e+00
0.000000000000000000e+00
0.000000000000000000e+00
0.000000000000000000e+00
0.000000000000000000e+00
0.000000000000000000e+00
0.000000000000000000e+00
1.556532556327123133e-05
1.686515689417951129e-05
1.645229093972679606e-05
1.415273061021463721e-05
1.089339143228098456e-05
8.151227264806908780e-06
6.189662894162995901e-06
3.742102288980574434e-06
2.468120035663300141e-06
1.510566603211904210e-06
9.096748251461037586e-07
5.562302999241237165e-07
3.503195122122091292e-07
2.292661825055622635e-07
1.555724900038567684e-07
3.544168307591282577e-06
3.906891819610044028e-06
3.903406431906230288e-06
3.452283450787912868e-06
2.707213226916398602e-06
2.013528884081028475e-06
1.556075915324271529e-06
9.655564863492342615e-07
6.460404565133995268e-07
3.917243419683476402e-07
2.340157904629059427e-07
1.411870739388007671e-07
8.743708069235994310e-08
5.618343764560937058e-08
3.754191195188263048e-08
2.856635727544414651e-08
3.202511460619029946e-08
3.276061350032766168e-08
2.982764855925356408e-08
2.394923102039347536e-08
1.778671877904483047e-08
1.378170795991622395e-08
9.049218204622340424e-09
5.925429474433186187e-09
3.561530821580110740e-09
2.146212933449010833e-09
1.284189577294613244e-09
7.821826430100456831e-10
4.925460315452274778e-10
3.227772755866506620e-10
1.452203489756621570e-13
1.658149867192044881e-13
1.740523494740445675e-13
1.638169689553844373e-13
1.357765130140713535e-13
1.015314834498650482e-13
7.769995669298169810e-14
5.527335323731836176e-14
3.417775388359911137e-14
2.077144965104585165e-14
1.262071055157853653e-14
7.573785501309423486e-15
4.543339622642438947e-15
2.790195453989385452e-15
1.781059702742709474e-15
0.000000000000000000e+00
0.000000000000000000e+00
0.000000000000000000e+00
0.000000000000000000e+00
0.000000000000000000e+00
0.000000000000000000e+00
0.000000000000000000e+00
0.000000000000000000e+00
0.000000000000000000e+00
0.000000000000000000e+00
0.000000000000000000e+00
0.000000000000000000e+00
0.000000000000000000e+00
0.000000000000000000e+00
0.000000000000000000e+00
9.625174898510521979e-06
1.076319412646093225e-05
1.097180791790238947e-05
9.947075961277915279e-06
7.959302302250109620e-06
5.912448857955059310e-06
4.580140806700559347e-06
2.982626747134343845e-06
1.959650643332446725e-06
1.179627792031354532e-06
7.096548482469334657e-07
4.251222959524159671e-07
2.595455237227636090e-07
1.639058511629177356e-07
1.077156520459117977e-07
1.735250380651839001e-06
1.967917781904370996e-06
2.046121284179073254e-06
1.902303472335673733e-06
1.557831754509494266e-06
1.161176548532608862e-06
8.936324991102005230e-07
6.171877262787655767e-07
3.902295111208505256e-07
2.355843423722921796e-07
1.429024949167563949e-07
8.558767322998624371e-08
5.161518780417589189e-08
3.199646389763823201e-08
2.062832212959267718e-08
2.106046274717079656e-09
2.427107362447392237e-09
2.581265143683239621e-09
2.472351487186430622e-09
2.088438158723250809e-09
1.575504313542977680e-09
1.192980199246544146e-09
8.822663486762291262e-10
5.311987262808439864e-10
3.311975638628269525e-10
2.010118463210070096e-10
1.199170690419933674e-10
7.127501437415213355e-11
4.318866421547792521e-11
2.713298130492701055e-11
0.000000000000000000e+00
0.000000000000000000e+00
0.000000000000000000e+00
0.000000000000000000e+00
0.000000000000000000e+00
0.000000000000000000e+00
0.000000000000000000e+00
0.000000000000000000e+00
0.000000000000000000e+00
0.000000000000000000e+00
0.000000000000000000e+00
0.000000000000000000e+00
0.000000000000000000e+00
0.000000000000000000e+00
0.000000000000000000e+00
5.286060617111956430e-06
6.073292603096280014e-06
6.431627275550575984e-06
6.126328182769159342e-06
5.145598404330014253e-06
3.873162644733151959e-06
2.942043954950552598e-06
2.149163320340570807e-06
1.305882911053866653e-06
8.091087253772679495e-07
4.911422577689315571e-07
2.931324614046479796e-07
1.746758356146080120e-07
1.062781133084880164e-07
6.708181425921892720e-08
6.153177366286314573e-07
7.165398639804632039e-07
7.732995060989267554e-07
7.554713829221675870e-07
6.527649833037129278e-07
4.991438520113803692e-07
3.738229089741958418e-07
2.859641312133501866e-07
1.700446868441777952e-07
1.096917075297023335e-07
6.648629857162969995e-08
3.897349096723081850e-08
2.290190999641681237e-08
1.368225443373602831e-08
8.430685900067551194e-09
5.504463092692705781e-12
6.519113524578260765e-12
7.203757015505574776e-12
7.268411155207585807e-12
6.530951118871732667e-12
5.144200181338985464e-12
3.804359933587858302e-12
2.991746634898183888e-12
1.842266873080309888e-12
1.226593698341024499e-12
7.370427233545205819e-13
4.256527860712712725e-13
2.449482942796764577e-13
1.424239824068031899e-13
8.482809153045763828e-14
2.383682054012694543e-06
2.810112906673231542e-06
3.085522524702535805e-06
3.086601657519857359e-06
2.744952796660136666e-06
2.145196781710903200e-06
1.591471195991487789e-06
1.243854545185074191e-06
7.578541353715121889e-07
5.008309327232689512e-07
3.016924939816462166e-07
1.747302270024648988e-07
1.011310066941885281e-07
5.923024232958204778e-08
3.558695499726309280e-08
1.227241131625159969e-07
1.467943483654160246e-07
1.644680499272442474e-07
1.691415440346606481e-07
1.557592261270083399e-07
1.255237058521398096e-07
9.273044030100420083e-08
7.274626398839609844e-08
4.733519942250365442e-08
3.093318387454511196e-08
1.835961064749412855e-08
1.075021844511634846e-08
6.163789439106289105e-09
3.529902446002841116e-09
2.058654278489917436e-09
5.494936598050242067e-07
6.650296733717564590e-07
7.573700006010419384e-07
7.968277780047825684e-07
7.566566866630193768e-07
6.305607661068774814e-07
4.709670278032271593e-07
3.625715813676682177e-07
2.551923606469138252e-07
1.594317664243397030e-07
9.579794003859894995e-08
5.668436593276202578e-08
3.262466980767715585e-08
1.845383720926186726e-08
1.047797649671781884e-08
