# lsst_simulation
2.346925690896518523e-09
1.555561820522169336e-09
7.963948443019784195e-10
6.576505834546150839e-10
4.880417908074734624e-10
3.226516254035879539e-10
2.154324140466870920e-10
1.551562030780150186e-10
1.191398152546453979e-10
7.650769661787544825e-11
4.606140622890546254e-11
2.889686970645131172e-11
1.867916101227933213e-11
9.125624325494715517e-12
5.872460723098146391e-12
4.453786474511801203e-09
2.923845686603663428e-09
1.526522539922755766e-09
1.202731890430328911e-09
7.465841353304715126e-10
4.967264091841545880e-10
3.624612180442231693e-10
2.594789017850332504e-10
1.844126009537748809e-10
1.190559195303571411e-10
7.632664416676673086e-11
5.411493963846836660e-11
2.971828641492814278e-11
1.662616476415040045e-11
9.096691492371594325e-12
5.298457840932970619e-09
3.175918220829661596e-09
1.634901729131794810e-09
1.309698539539785499e-09
7.309136440241940727e-10
4.746432943263118725e-10
3.416855668723881246e-10
2.487471408901304763e-10
1.806595552694524637e-10
1.244838376915200496e-10
8.042346275924132226e-11
5.126133642472775187e-11
2.833071128445048204e-11
1.820355842474857015e-11
8.234383280657892539e-12
6.065113982394545913e-09
3.175167945081321525e-09
1.687991864232363585e-09
1.306912440562431635e-09
7.038598568599069866e-10
4.384700713979921434e-10
3.103796547765043092e-10
2.360703806780683098e-10
1.709715398515789980e-10
1.206007585158282924e-10
7.520268721320292351e-11
5.061326847782692287e-11
2.802824840164191084e-11
1.576764196816723366e-11
7.601823060478740720e-12
6.764267038595977023e-09
3.142018286258594990e-09
1.837521870266506360e-09
1.495025718567156829e-09
7.237789044121635178e-10
4.083003616926112740e-10
2.762930993630251645e-10
2.507446518558147438e-10
1.677937587854263521e-10
1.278703126413519476e-10
7.552946760094712130e-11
5.314611159510984042e-11
2.707952330785683732e-11
1.653158254226706083e-11
8.173250323543377674e-12
1.517395386766511044e-08
1.095156351195934674e-08
7.081105891913628432e-09
4.916840554020725525e-09
3.236572230651336830e-09
2.075193811936120408e-09
1.444269665126104381e-09
9.411341081008788678e-10
6.434482746777537539e-10
4.356688794115514988e-10
3.013698342481708921e-10
2.065872091400627114e-10
1.331376951652264960e-10
8.130455577206208412e-11
4.956581124465494662e-11
2.026179931815158545e-08
1.468384146913910905e-08
9.193719748045240168e-09
6.625760271207882469e-09
4.303063786961773422e-09
2.588512210406156340e-09
1.813062722827931227e-09
1.189545588878572107e-09
8.198248448362171444e-10
5.507894317197227228e-10
3.812762848061885791e-10
2.621867977292848540e-10
1.687871318223139448e-10
1.071772653906640550e-10
6.506161009517328636e-11
2.390201748930470209e-08
1.634023072968129691e-08
1.016597425272929144e-08
7.509799270101323125e-09
4.811466781478492141e-09
2.819616830953558065e-09
2.005773299773681740e-09
1.310844431709361374e-09
8.907706514041853255e-10
6.026913463597379048e-10
4.186307312802392482e-10
2.885095544951686760e-10
1.910568697523609429e-10
1.205255514023909724e-10
7.409469207847941366e-11
2.702270261150447197e-08
1.822195447796308432e-08
1.106095199628421386e-08
8.423820743747774989e-09
5.273263271751207050e-09
2.895930723527181521e-09
2.153217114051982988e-09
1.400902626817076544e-09
9.565841474579762655e-10
6.486047571141830692e-10
4.554060467108964792e-10
3.159430009404486476e-10
2.056748421902739935e-10
1.306957727334412620e-10
8.022556388480176343e-11
3.163897333131054250e-08
2.319641884498593228e-08
1.548957834491183222e-08
1.144921349676136858e-08
7.714628667176014833e-09
4.542170034424710041e-09
3.197218114801560019e-09
2.087319113511461265e-09
1.370405049672057319e-09
8.974861050888144742e-10
6.245899037961244402e-10
4.259478009636476646e-10
2.829842851809189273e-10
1.843863754212576022e-10
1.162621846083419827e-10
3.945520625693042225e-08
2.791967768091615847e-08
1.923233307821837412e-08
1.437537081018424978e-08
9.647428897150999419e-09
5.788270374494608388e-09
4.067896202733233472e-09
2.634428273839066733e-09
1.699095234220119670e-09
1.121611469052104320e-09
7.651389044628430643e-10
5.264396701908292977e-10
3.513572334600362531e-10
2.317534064715642832e-10
1.474132278983674075e-10
4.654439761470751359e-08
3.283418468508341798e-08
2.205239364390560302e-08
1.711993997553038730e-08
1.143883506536572551e-08
6.568294897277337683e-09
4.787961616427303802e-09
3.067407432963193171e-09
1.983120319793293202e-09
1.289196588340402477e-09
8.840623279228154618e-10
6.091333543254913883e-10
4.084222341934080690e-10
2.694735711761098812e-10
1.733330678395975796e-10
5.259588470916695906e-08
3.756063588912560843e-08
2.753949605223913434e-08
2.072346689181295800e-08
1.400206652488455738e-08
8.889510720675880744e-09
6.291128208016080151e-09
4.019483649307845647e-09
2.569943039362530589e-09
1.671953003810396662e-09
1.119192090086119990e-09
7.622386042713120272e-10
5.064858782201147634e-10
3.360664107739914948e-10
2.185648472984106073e-10
6.534728529243702419e-08
4.791428110691467741e-08
3.486782840751803598e-08
2.692971708557140694e-08
1.822636633006326379e-08
1.144333479572891029e-08
8.301665859385709723e-09
5.236701820676223213e-09
3.354956067239433838e-09
2.167674717501562333e-09
1.430200101745232510e-09
9.633876045123107522e-10
6.410613409927781698e-10
4.276043577886183345e-10
2.826728384954758246e-10
8.744128636260569957e-08
6.830034937693878522e-08
5.004700881852042923e-08
4.008489200204867815e-08
2.794005323585557745e-08
1.820509246965617751e-08
1.352518709328753233e-08
8.566112640137475017e-09
5.478521836281307551e-09
3.468863116981114393e-09
2.250919848483454377e-09
1.467194646331867171e-09
9.657459145174757704e-10
6.371636613572737954e-10
4.217862565097500091e-10
5.238316608336335603e-07
3.513966115029219726e-07
1.879579954416044153e-07
1.496018733878779671e-07
9.353843631456358538e-08
6.687589077571233049e-08
4.464344927460917237e-08
2.989445025846209900e-08
2.226369708930255731e-08
1.513530139290903687e-08
1.000960045415631704e-08
6.796351796760045791e-09
4.114188219581760699e-09
2.419490477156295696e-09
1.382351396222241865e-09
1.665511741783290441e-06
1.211963163020256469e-06
7.639706580023646868e-07
5.193664216033606384e-07
3.353881444384914122e-07
2.179620719454945412e-07
1.491658781765782665e-07
9.927625711378450428e-08
6.890283235382901274e-08
4.762588422589524501e-08
3.320558648365349023e-08
2.281121369324002712e-08
1.464355304552155907e-08
9.065694531760102687e-09
5.283627175205160863e-09
2.113404710439157252e-06
1.548443494946424941e-06
9.284224954862774288e-07
6.675353708772114014e-07
4.238771469322910796e-07
2.585164699667901885e-07
1.779298672309354066e-07
1.174918162952994405e-07
8.187375236235112219e-08
5.706705217066139674e-08
3.981118414807333414e-08
2.739441787017412981e-08
1.775605014055997224e-08
1.099930358801320060e-08
6.465699707997610666e-09
2.494878813403079414e-06
1.706175175289422386e-06
1.014487967054966573e-06
7.411218894134388776e-07
4.615715854987498892e-07
2.808674987446077939e-07
1.974445046743415702e-07
1.308325622696849311e-07
8.914082472927264403e-08
6.191569667797846449e-08
4.373470653392635121e-08
3.035412414289476411e-08
1.965638553060799836e-08
1.220838103168536832e-08
7.169072880544516398e-09
2.812966352582075877e-06
1.870030874712614818e-06
1.080662408488806928e-06
8.415138662502698777e-07
5.071900313384449684e-07
2.900151282238935267e-07
2.092241419701120523e-07
1.408713412394015648e-07
9.672294404164345565e-08
6.750123912885221049e-08
4.704344408639905042e-08
3.259363494789392785e-08
2.125004798217394391e-08
1.321010629075149174e-08
7.813041854202518718e-09
8.326086048663060776e-09
-3.063381410156624020e-08
-3.669749940748045040e-08
-2.671434891811381007e-08
-2.177635214118886037e-08
-2.078806429402584974e-08
-1.026037327763225912e-08
-5.916336398315318834e-09
-4.128703805862145448e-09
-2.594945148975058415e-09
-1.977792313188549034e-09
-1.307721835703524881e-09
-9.653641986134167421e-10
-6.208606329732103203e-10
-4.170997810704051506e-10
7.654216872020806862e-07
5.514961495787882422e-07
3.921116547719740753e-07
3.087349536531125424e-07
2.034171833117944721e-07
1.156998736446500148e-07
8.205080937046139367e-08
5.011626627050871566e-08
3.182997239792206831e-08
2.115849836861292613e-08
1.462383191099483356e-08
1.027373721682715536e-08
7.210337046141825756e-09
4.958634638351113324e-09
3.213621314494493052e-09
1.320535947392472034e-06
9.331551221541852614e-07
7.035342478731640736e-07
5.346546968603544738e-07
3.627647962590674430e-07
2.020338820934505674e-07
1.429133296461559931e-07
9.092044838725682626e-08
5.818240275501782613e-08
3.750308154678889519e-08
2.611431058982648036e-08
1.840141099460137177e-08
1.302305207422372725e-08
8.852525273070189675e-09
5.761728120795150956e-09
1.635569617933164195e-06
1.168686870558062092e-06
8.856274756404799090e-07
6.719464874860897027e-07
4.526809351949005917e-07
2.524747353116321638e-07
1.786418808786207189e-07
1.132791537745145033e-07
7.116898816690672030e-08
4.697962285887084125e-08
3.231123003699584263e-08
2.275938706821454420e-08
1.604032136459464807e-08
1.100690735287335907e-08
7.178880971290323905e-09
1.968026182893619278e-06
1.421619289622170325e-06
1.005777580660937221e-06
7.821860400264109900e-07
5.377271096791046750e-07
2.930728241825820182e-07
2.141210140498337143e-07
1.334345532554837946e-07
8.344118610841676188e-08
5.366994119559022532e-08
3.782588081240551791e-08
2.672995740761562504e-08
1.865636751860318754e-08
1.280128041051581146e-08
8.372988564811726425e-09
4.095519446224060389e-08
-1.798581599628726993e-08
3.768567496885117373e-09
-3.857760569510665571e-09
-1.598130565489295030e-08
-9.673101405974741339e-09
-7.065950198845549564e-09
-2.879508424428732143e-09
-2.868901396563100868e-09
-1.278841519679580267e-09
-9.858643445019342511e-10
-6.015378987285798946e-10
-4.956471901190097145e-10
-3.181685764399809902e-10
-2.185535526800397019e-10
1.800028629111555677e-07
1.429197814703443576e-07
1.126756278906451578e-07
7.209956241907029488e-08
5.366135820766315827e-08
2.047047649088660247e-08
1.748035483508437827e-08
8.962590000369067066e-09
6.792136846213277488e-09
4.287245788192878077e-09
2.888172401130213169e-09
2.014541559870826105e-09
1.398689510474272632e-09
9.354609474254628852e-10
6.743100043911171513e-10
7.610424139765129536e-07
5.677312783498129003e-07
4.864128350584460010e-07
3.514560775775692761e-07
2.671816574844048710e-07
1.544553119349870011e-07
1.073206967554671448e-07
6.678253999072687731e-08
4.049199276805891752e-08
2.574756020662156966e-08
1.713415089214024883e-08
1.166117466235443669e-08
8.036830774666624383e-09
5.598980460682574156e-09
3.848476891558160877e-09
1.081454183356324387e-06
7.745160409165210003e-07
6.907233029769992946e-07
4.968737356906922358e-07
3.761891961063957332e-07
2.311455803582988103e-07
1.577232687970003604e-07
9.514693246688959285e-08
5.984170141617261997e-08
3.838739515844400623e-08
2.508537121821908495e-08
1.691592848498974844e-08
1.167447699022294092e-08
8.198732982438679733e-09
5.669259417648470094e-09
1.372975894202833723e-06
1.049723941373756896e-06
8.879962975137908346e-07
6.366158500522725998e-07
4.822572507048851043e-07
2.852491905205553373e-07
2.052891433090907617e-07
1.225791911670377096e-07
7.614153170376298929e-08
4.808407165448101884e-08
3.185215017413779896e-08
2.150955877128993110e-08
1.482639827226987785e-08
1.039542979331783596e-08
7.124808879603032615e-09
3.130951284916908203e-08
1.653728416943818344e-08
-1.518172130411800409e-09
2.776192123572847464e-10
-2.837828280650075144e-09
-1.961829685294256868e-09
-9.297357484267548216e-10
-1.164380764275867957e-09
-1.985520162437141909e-10
-1.862058665650968113e-10
-2.064411109504232806e-10
-1.364445326197961982e-10
-8.825155937640694221e-11
-1.645109471845767650e-11
-1.821586668918915786e-11
1.170308972722194828e-07
2.213194312916210954e-08
-5.737817469328514676e-08
-1.914409654832033308e-08
-1.256437115275038139e-08
-1.744379255336371320e-08
-1.048616107775559839e-08
-6.155453548961910843e-09
-3.734777887990281684e-09
-2.375124303758311336e-09
-1.322790128038493895e-09
-9.532449853252783175e-10
-6.505217393894200842e-10
-4.041926302404588790e-10
-2.709070306399112155e-10
4.299164528206154404e-07
2.969662964446750411e-07
1.972530496918951227e-07
1.626874426341777712e-07
1.287760164605368092e-07
8.336018491174367610e-08
6.017677141377630934e-08
3.965192869020780819e-08
2.238767919360320256e-08
1.374054954888294380e-08
8.877267823370811972e-09
5.858645678034533269e-09
3.924810296977465816e-09
2.785217031038915511e-09
1.931896852887790654e-09
7.192888308926671335e-07
5.168676371782310844e-07
4.324723397073040846e-07
3.411786843746239642e-07
2.596911274776859544e-07
1.828832639138829166e-07
1.254411237361548398e-07
8.143250585918944802e-08
4.816530560532076945e-08
3.008120621623430565e-08
1.902258404173264900e-08
1.235494020421434915e-08
8.256632505464258579e-09
5.759329288500548761e-09
4.068962013332654479e-09
1.031547596605715865e-06
7.347904439560241668e-07
6.066626104930868355e-07
4.933635100090550924e-07
3.780976730794822434e-07
2.602131910062802267e-07
1.777316516024623986e-07
1.138380963425059456e-07
6.848720341574863055e-08
4.301088342975576421e-08
2.698533242183700554e-08
1.743075641348460320e-08
1.177693139352745214e-08
8.166021786236884704e-09
5.731865204114883264e-09
1.337490413357294151e-08
-6.325810524945990336e-09
-5.875755486292088410e-09
-2.153011520370155405e-09
1.061117339441460655e-09
-5.254175079229109183e-10
-1.479115422457497583e-09
3.957074913054994123e-10
-1.477595623949956557e-11
-1.508770722431553663e-10
-7.859503571049460749e-12
-8.669964813433790438e-11
-2.169358084072096802e-11
-1.782719024847054934e-11
8.833585246999349226e-12
2.846483658220821983e-08
-2.313922047922195631e-08
-3.706403036909993698e-08
-1.318658822815282942e-09
-1.028290476976982219e-08
-1.140203952674849759e-08
-6.888745142364373854e-09
-2.991002077500501180e-09
-2.267443585834353845e-09
-1.444026282789849009e-09
-7.392949443564099970e-10
-4.346723368221692562e-10
-2.665734919206057731e-10
-2.174415248825859213e-10
-1.339448156949349561e-10
1.111315663252021860e-07
3.671902176683833895e-08
3.043766595274983245e-08
4.582058198034961938e-08
2.448541704395140586e-08
1.538081247567284186e-08
1.327106987670568170e-08
8.779638667907798180e-09
4.553813771010953320e-09
2.847589736405427677e-09
1.794046743390012362e-09
1.288941192691442459e-09
7.923346249622547340e-10
5.949382255221862661e-10
3.905339683923392712e-10
3.831421242489168348e-07
3.282018083784155506e-07
2.942361330586514410e-07
2.366977183795901415e-07
1.600790456836424537e-07
1.221642266102230829e-07
9.000810284060284929e-08
5.723764592059113672e-08
3.469935619536450924e-08
2.135626238272960409e-08
1.329078099032352807e-08
8.609317978915554947e-09
5.427713881316059225e-09
3.732923767969739378e-09
2.595974139906350662e-09
6.204469696236492267e-07
5.808259105335768447e-07
4.944009891139326755e-07
3.944972883592934309e-07
2.700417540003974285e-07
2.094962154609773240e-07
1.546869775675983231e-07
9.527798419672912884e-08
5.927462727272971639e-08
3.640477272692268357e-08
2.258287660925925943e-08
1.427490946440072365e-08
9.217485946077201136e-09
6.252564530761559839e-09
4.357417396548772147e-09
4.053198010750401760e-09
-1.939912571580866152e-08
-1.536996047951658593e-09
2.047377772490020241e-09
2.992828130060221682e-09
-1.005215145710167593e-09
-8.359426088544852926e-10
5.495169958304911282e-10
-7.632132440292718851e-10
-9.401068650621662657e-12
5.149493958258886559e-11
-2.604206031041380161e-11
-1.167507489732460816e-12
1.304550277308942492e-11
6.701584210653280523e-13
3.283590133603429729e-08
5.726381425328771070e-09
-6.705927834190458389e-09
1.400978879820178700e-08
-6.008148358966287809e-10
-2.871301156239739917e-09
-1.376945035067905527e-09
-7.844839273474930567e-10
-2.306578220694846492e-10
-2.878238565477969460e-10
-1.280600872832653643e-10
-3.630966388907873278e-11
-4.990955383990659810e-11
-2.643259513867927713e-11
-1.436545670287580869e-11
4.186219888136564585e-08
-3.730026359335532544e-10
-3.311978241604787785e-08
8.658332182034382075e-09
-1.429673193503084530e-08
-1.075654293326214989e-08
-5.412774842985937308e-09
-3.719379289618848381e-09
-2.199556564564912203e-09
-1.525910151287970261e-09
-8.924230608673988463e-10
-5.361283283226705476e-10
-3.192171440105669897e-10
-2.006053392204722972e-10
-1.617299949684322518e-10
1.867864560843987357e-07
2.006494976955579016e-07
1.436545700964630768e-07
1.409685133619397759e-07
8.351136532761315312e-08
6.268869076457980896e-08
5.191488540030401719e-08
3.085327843052200620e-08
2.032989625435921693e-08
1.246172202802596284e-08
7.422150866356722702e-09
4.672339832002851471e-09
2.871809975203339424e-09
1.928444538973577191e-09
1.323246732945258118e-09
3.735045668948792931e-07
4.521857206625904775e-07
3.633993306868787532e-07
3.067047778956380577e-07
2.007399860221302032e-07
1.621447616155071654e-07
1.268266592056151124e-07
7.544954599554750333e-08
5.011348909858309474e-08
3.054315714223600061e-08
1.846208043774446903e-08
1.133435340785696936e-08
7.064904915556268984e-09
4.660381205337451516e-09
3.178476164369923444e-09
1.008966343849701045e-08
-3.555974762006353648e-09
1.443080861994696964e-08
4.280240106329925737e-09
2.468484454900146720e-09
1.150311429101225760e-09
-5.687555548793538032e-10
4.222701742852986675e-10
-7.299987968642684338e-12
1.695555360848705553e-10
-6.791555462646751371e-11
-2.710471591144200541e-11
1.943499259670725011e-11
1.201387382995869753e-11
5.677207468628021306e-12
7.528044677367497032e-09
2.217678184342920620e-09
1.401212227890026133e-08
5.229583528291803231e-10
1.815195371854467124e-09
9.111496362712732344e-10
1.885524013257665963e-10
7.000151265412279655e-10
1.434927524792529623e-10
-2.426814647385892079e-10
-9.596145304017882739e-11
-4.368206163457650411e-11
-4.125747485180957661e-11
5.809756471015981172e-12
1.835145369179666149e-11
5.782104300522980232e-09
1.712024139670472879e-08
4.369194339774921036e-09
9.226853034246352658e-12
-2.257755673701691364e-09
-3.390571668639225442e-09
-2.865314682705527940e-09
-1.385240709849521293e-09
-6.330544625653531378e-10
-5.987398554247296556e-10
-3.924091495342809063e-10
-2.654461457030108144e-10
-1.748124812676298081e-10
-1.112980142411726729e-10
-5.691330707939994562e-11
5.958507362549841561e-08
5.841012103319692233e-08
5.521403305661840318e-08
4.303980268665250965e-08
2.647080504352695518e-08
1.505046032273765177e-08
1.452214158627381760e-08
8.671233720241224143e-09
6.752680232740614270e-09
3.744825994928987193e-09
2.026132671318938262e-09
1.321734207999966079e-09
7.901233013768801536e-10
4.952940389566695023e-10
3.291628458852070076e-10
2.473384733284737219e-07
2.665388581452599463e-07
2.568932378062089856e-07
2.051915409437306000e-07
1.539455482053728218e-07
1.154034940577535615e-07
9.138245320524158166e-08
5.982842160531574072e-08
4.043304786576093232e-08
2.389398639298687595e-08
1.451356334862668901e-08
8.545827744105113654e-09
5.257802028579332938e-09
3.311096748404948938e-09
2.175792602099714845e-09
-8.300531750840074514e-09
7.394296941328836301e-09
2.097598011629832736e-09
3.845909829301612108e-09
-5.735267742982927491e-10
-9.708750941570688649e-10
-1.104056702999376747e-09
9.835482371030955674e-11
7.068607236373661975e-11
1.310048819822429661e-10
-5.324500871026709297e-12
7.072863064439731878e-11
1.505167556040240871e-11
-1.481685503424275127e-11
6.211008218545096890e-12
-8.877382353486372029e-09
7.129344559894182256e-09
-1.219552755788876320e-09
-3.555876649208959007e-09
-1.373218921509931030e-09
-4.429048955112646408e-09
-4.437912414792949802e-10
1.153583829918408051e-12
1.101685711340913814e-10
1.942596031627785916e-10
-1.157409552666349411e-11
-1.645836917324196999e-11
-1.272506603637379496e-11
1.981304271281069084e-11
-7.876918542239854657e-12
-8.123177852235204765e-09
1.218210610082953087e-09
-1.059011499531374337e-08
3.637393545756061652e-09
5.758170387305575022e-09
-3.492221502615761224e-09
-3.276681212842281624e-10
-3.342399910242104670e-10
-2.078310264880612271e-10
-1.708539096064312177e-10
4.294380385884366525e-11
1.015403260736568791e-11
-4.101818982262421655e-11
3.216173706450744715e-12
-1.094431770497194946e-11
2.446190272943647084e-09
1.939868954641981673e-08
-2.444567407822685563e-08
4.231044911430894304e-09
3.079220528714666510e-09
-6.654509490905196991e-09
-2.960030162459388341e-09
-2.591504502575574264e-09
-1.090654860848065569e-09
-6.259956104405623871e-10
-3.524496539576683882e-10
-3.050891048490974121e-10
-1.362570509738692742e-10
-1.067139629720234260e-10
-5.081416868590054754e-11
1.293812350689563346e-07
1.643196295481787421e-07
8.713693890207954865e-08
1.287702505082428645e-07
1.041725176906079689e-07
6.865402204787387959e-08
5.578057766611629426e-08
3.970596937285797915e-08
2.449807306995346881e-08
1.520800436226547398e-08
9.348113400553443532e-09
5.465108213967044945e-09
3.261153857579431179e-09
2.033660325171826389e-09
1.273304409315172970e-09
2.905459465602733021e-09
-1.916523435866630939e-09
-1.002056012042443102e-09
9.699649435143617338e-10
-5.348165082274013547e-10
-1.872756779129629683e-10
-2.733864206691585101e-10
4.744453922861957836e-10
-9.722448446990971741e-11
2.593558168959036034e-12
-9.180277057145201529e-12
1.147202942932799921e-11
-2.971538597386271548e-11
1.101945364983194415e-11
-1.987571468325228641e-12
4.040958428603414629e-09
-2.192554521391058175e-09
-9.712548206949358331e-09
6.020668275573430057e-10
-1.262599453873916965e-09
-2.443123315120102198e-09
-5.025546230860790241e-10
-2.342856739980753025e-10
-1.509555435021727490e-10
-1.903287167093764826e-10
5.165319958723407257e-11
2.686635501711953613e-11
-2.269333969974386496e-12
1.745974381109076117e-11
7.109661023796789872e-13
-1.084759079812274422e-08
5.868131830346956943e-09
-1.461084584561336544e-09
-5.085741373563919544e-11
9.508828957704636305e-10
-3.379343699068892391e-09
2.807583788052081129e-10
4.899827731920159192e-11
-8.506246127790484319e-12
-8.510955236803572887e-11
6.445831553252771736e-11
4.652510942084592151e-11
-3.729392892519329711e-12
1.076487455841981143e-11
3.016344960832265638e-13
-1.316782106349560312e-08
1.909048864989361330e-08
5.234449002604394645e-09
-8.249776939994627502e-10
-4.886913057574384273e-09
-3.410667674768557608e-09
-2.230877066710985573e-09
-5.464181179617954980e-10
-6.753396219608443903e-10
-3.197992791776122477e-10
-1.485769609777526309e-10
-5.946824051101666740e-11
-5.350895689166832673e-11
-2.296688776885858141e-11
-1.492478998057190986e-11
1.931125964037991683e-09
7.223871264916155427e-08
5.210417297411130498e-08
4.032359580180585885e-08
3.145251141908783806e-08
2.532675375526047082e-08
1.918770177632230939e-08
1.665248011565207533e-08
9.532743630612213477e-09
6.282573092568456663e-09
3.975467046255000176e-09
2.248013678421332656e-09
1.325358514564085706e-09
7.845254554376044944e-10
4.572797956579923094e-10
3.060436513402220531e-09
-2.966590787814986895e-09
-2.000407679793806338e-09
-1.770469904727639284e-09
-4.861294366099944843e-10
4.092800396837235941e-10
2.690252055037243309e-11
2.845003491428131085e-10
-1.198972137632966343e-10
2.678006610305868730e-11
-4.448329095737368116e-11
-2.422442185698586394e-12
-3.990363693771632595e-12
-4.451919117636977164e-13
4.832583806912921010e-12
1.021055820508358920e-09
-1.462386442470120764e-09
3.481931521385613076e-10
-4.405102731874066579e-09
-4.096167277862198248e-10
-5.598434546424222159e-10
-1.927709608027085343e-10
-1.054500784495583955e-10
-1.042729856605348708e-10
-8.160003509464446650e-12
8.048693256060924374e-12
-4.874931453014057268e-12
-4.063502340894787542e-12
4.393626392786194806e-13
3.507232310035646306e-12
-5.744548269019237514e-09
6.230246962528531663e-09
1.859107028519163285e-09
-7.274439758879203898e-09
1.360320827516860038e-10
-6.688033629750746857e-12
-1.731103302199510023e-10
1.278352350427299698e-11
-9.726528873689282552e-11
-1.213344103357330319e-12
1.952990941492625967e-11
3.501987972467267544e-11
4.261855620370113476e-12
3.229115176400022088e-12
-8.937258190851699886e-13
-4.856514626136857636e-09
1.180470240346191126e-08
7.650882370911757723e-09
-1.160491921693659525e-08
3.845178317418446561e-10
-1.416548286917816850e-10
1.559342019735371808e-10
1.453612884836594283e-10
-3.749801365958940323e-11
3.112631808608955315e-11
1.142148818280378648e-11
1.414915531797454704e-11
6.461257446648264176e-12
9.721396063316227644e-12
-1.140886844035246039e-12
-2.206261724218550814e-09
1.869720416549771846e-08
1.337039625640560530e-08
-9.963822664760175743e-09
6.800296239932272085e-09
6.096655237914100520e-09
3.480456798942390451e-09
2.212744105093569366e-09
1.432770097119562137e-09
1.036942969014471721e-09
6.314917445633768247e-10
4.141118603341285381e-10
2.203022302696612020e-10
1.203240477759929907e-10
6.417679509006389975e-11
2.127567946826196569e-04
1.550292801138784316e-04
1.002904125510652671e-04
6.980689822153866733e-05
4.399361975607142452e-05
2.874895249184534151e-05
1.919325327371254012e-05
1.279082954850312109e-05
8.861892621675496954e-06
6.204871957430592910e-06
4.353630414640099961e-06
3.009346359743400013e-06
1.959626032264521439e-06
1.206378219202445829e-06
7.037932251859782894e-07
4.137580769416488309e-05
3.176090354702345659e-05
1.669642404917835065e-05
1.365715754180439533e-05
9.015131447978381210e-06
4.242701086256914380e-06
3.561469581552002263e-06
2.107885566673141868e-06
1.340490204987239936e-06
9.390899697160266696e-07
6.528790426010189239e-07
4.733331835442447905e-07
3.297378077645885561e-07
2.205229619081861713e-07
1.372000353652465946e-07
9.744676128826510895e-06
4.309096941613343949e-06
5.692366641714855496e-06
6.258127366428424622e-07
1.810860693939386144e-06
-3.451478757429145038e-07
1.833236617477754515e-08
-1.014077984372925371e-07
-1.587070484185560585e-08
5.864402707707450331e-09
4.130039527678524346e-09
8.320378535877603427e-09
9.937931111260688198e-11
-1.850665654987532693e-10
1.053841528327474038e-09
1.744982476257628398e-05
7.955998784218192691e-06
-3.625362185709119034e-06
1.409731705347220989e-06
3.298932074687748051e-07
-3.550307266819911813e-07
3.330086252498792761e-09
8.500919554575855766e-08
-5.256358787567761373e-08
-2.413742798509866928e-08
-2.282479996351705186e-09
-7.307145996045419795e-09
-2.406782426894000601e-09
-8.730252058669709727e-10
5.718440628068013043e-10
6.424139571371111932e-06
6.477621157000001713e-08
-3.144790659767322958e-06
1.582692620807090282e-06
-6.669011019558343224e-07
-3.552118563246254019e-07
-9.062723582874833848e-08
2.543469225852050736e-08
-3.762635046563316989e-08
-2.063093181085934224e-08
-5.020955130404392903e-09
1.735378724508917620e-09
1.319215541542812306e-09
-1.089067207031616901e-11
-1.637319194595215155e-10
3.318297126622144017e-06
-4.884345067625193620e-07
-1.200940706510789110e-06
1.466762919708094067e-06
-3.972962365466798770e-08
-1.105207783098399830e-07
-9.737395354787858931e-08
-4.068812950107825974e-08
1.052670103098806796e-08
1.096360836673189659e-08
4.957862972271545780e-11
1.443535766670295428e-09
5.750640805160406114e-12
5.104866825833275841e-11
-2.516321750845923069e-10
1.715368914425204629e-08
-9.971244750963052157e-07
2.013481588436651405e-06
1.288134616447734519e-07
3.606874773553395218e-07
9.185613632488634502e-08
-9.232561913198255294e-08
3.138621536333767420e-08
1.628680377200718156e-08
7.506797645036320594e-09
3.065116274129368325e-10
3.327429285512182352e-10
-2.574102793949390433e-10
-7.149681197896940479e-10
5.572302331930149154e-10
-4.188530675463681505e-07
1.327869293631593420e-06
3.529931475903972839e-07
-1.272155466645181920e-08
-1.363794162724787003e-07
-2.933552456355930202e-07
-1.405054941556247200e-07
1.394546325801523098e-08
1.354151583617811648e-08
5.882394166868725738e-09
8.936352790638722275e-09
-1.575734549157193428e-09
-8.494647775094804348e-10
-1.432261223319020622e-11
5.079908351584664722e-11
-2.410486000236306392e-07
5.965043274440623701e-08
-1.209759017391427619e-06
-1.905230750111585198e-07
-1.173889886975949636e-07
-1.142514853713432220e-07
-1.219151530502279314e-08
-3.312296034385445301e-08
-6.599708041515009527e-09
-1.167429767253030606e-08
1.877145114287499428e-09
1.235211269733734479e-09
2.340409624133199474e-10
2.058881446777008694e-10
-1.904758927793526722e-10
7.917246386450883160e-07
-4.968189598233119023e-07
1.946005934923958588e-07
-6.559197926327435109e-07
-9.602957534359965668e-10
-8.854296012311514169e-10
-2.298413315638874382e-08
5.201492675176393805e-09
-1.552727458966871154e-08
-1.724218290040251126e-09
1.681617073198493402e-10
9.536221061847249140e-10
-1.915240392084487519e-10
1.234090514382145345e-10
-3.464585771352923791e-11
1.296645236888930967e-04
9.216255635730057809e-05
7.750730175291023125e-05
5.651760266208932180e-05
3.943223765030055269e-05
2.414895165135832585e-05
1.557985095333553767e-05
9.982464817159907423e-06
6.314588591802175224e-06
4.127249792832344809e-06
2.851156459997924708e-06
2.000888724287246179e-06
1.415658383353660789e-06
9.753916544798954289e-07
6.339251436097687712e-07
2.860509658124914386e-05
2.407643225770070717e-05
1.855290972594455045e-05
1.484024015961056200e-05
1.046596413182106022e-05
5.348531261658419375e-06
4.071684612072099441e-06
2.500783326790802796e-06
1.554771515170879826e-06
9.864501668176668068e-07
6.748835556826957942e-07
4.638865769208248964e-07
3.224308091288247438e-07
2.256724188964181626e-07
1.525950198004865681e-07
5.752093643575437205e-06
1.608022276624754157e-06
6.056275858622954009e-07
5.497658319522974870e-07
4.978165538364705886e-07
-5.838194359015163410e-07
7.050892639089029561e-08
8.172137348329838893e-08
1.311132585089279213e-08
1.187773137205147222e-08
1.114556965408080322e-08
1.510621966879834889e-08
3.424198844549441284e-09
3.320369025180011749e-09
3.094767447861423446e-09
7.719148509449508549e-07
-1.499564157565196611e-07
5.142516843278274229e-08
7.193288023880967504e-07
-4.458860711343733789e-07
-1.434488856906110645e-07
2.162057599970107944e-08
1.873725190688781734e-08
-3.083470010496099573e-08
-1.098009935727002667e-08
-3.225802621309605844e-09
5.542900866056130955e-09
-1.157349020366455815e-09
-5.774970577717020452e-10
-1.196125853537685015e-10
2.823462322589316461e-06
3.877130435653484310e-06
-3.295973147872909036e-07
3.249310826700596464e-07
2.991821307421186725e-08
1.359449810519622863e-08
7.923447525338373460e-08
4.006652918402935212e-08
6.459220566959853799e-09
-1.452397144631509886e-08
-4.342666247013324503e-09
1.049728869886649150e-09
7.394207833297578103e-11
-3.079928756322459625e-10
2.788103638761739265e-10
1.628843331495971598e-06
2.000910825549635831e-06
-1.166288828438363777e-06
-2.445980254376714552e-08
4.127112401237237660e-07
1.548891952807401475e-07
1.212505721996879520e-07
5.398487990565023561e-08
1.275790137663747556e-08
-1.923187618534628038e-08
-2.107057407570655950e-09
-3.865822531495511627e-09
1.507613240713876190e-10
-3.988626939643506068e-10
3.889971300098236859e-10
6.660876474313100686e-07
-1.387878752998010942e-06
-1.732452898236998293e-06
-4.296747021015263406e-07
3.058534094443025370e-07
-4.249548868724601278e-08
2.893973519093702344e-08
-3.985151721790876142e-08
-1.052042291155692420e-08
-1.150358751119513604e-08
3.921455619106113217e-09
-2.597679619656337093e-09
-6.393070898777167534e-10
7.125403600397037939e-10
2.587495433952575664e-10
-2.077134881548121574e-07
-2.870400842181654009e-07
2.678271468127990588e-07
3.849253501040316467e-07
1.181065941066956016e-07
-1.438768120534600260e-07
-5.790554985881560668e-08
-8.516757391761679658e-10
1.427373431409373469e-09
-7.192713456535252031e-09
9.284077202173027038e-10
1.293989039269454410e-09
-1.127873210835916864e-09
-2.747742521257481748e-11
-1.996277281819265303e-10
-1.042806326170239506e-06
5.416395663803184142e-07
3.675249623071514827e-08
3.291735614545898003e-08
3.300586406916546218e-08
1.484942991976992522e-08
1.588137990581537292e-08
-1.334611961133246962e-08
5.444091927013373905e-09
1.527393947486147923e-09
-1.592449786515348343e-10
2.370613722397253759e-09
5.942927606250183565e-11
-2.151879805721479495e-11
-4.797241034999148319e-11
7.649114127962444341e-05
6.142860579119521097e-05
4.906349219653660096e-05
4.074047754572583609e-05
2.957151694690218408e-05
1.970455995379021067e-05
1.258147985726868376e-05
7.838048241668786023e-06
4.865961931693206418e-06
3.105608561021224523e-06
2.031974188084439181e-06
1.362781943360950952e-06
9.497212900809516049e-07
6.697132884038368762e-07
4.584503304068666233e-07
2.280226629126774627e-05
1.172325716521165447e-05
1.387391235097498020e-05
8.095189494093310228e-06
7.721721530679570377e-06
5.452386731386490045e-06
3.728976112326105522e-06
2.241105896285631180e-06
1.323030571504564519e-06
8.370652416163617475e-07
5.461941194236959473e-07
3.571017751190506079e-07
2.448931231999492384e-07
1.731580478065019769e-07
1.192411489382437940e-07
2.315409607229518515e-06
-1.530811130602291410e-06
1.465348877972360291e-06
-3.651779414892219183e-07
2.626543848008123253e-07
2.443297796818101286e-07
1.501010878702548053e-07
3.124282397575630311e-08
3.978289343659827737e-08
2.319235913254699662e-08
8.608941485253047937e-09
8.465881530122565959e-09
3.687510261540791537e-09
3.453419187698921016e-09
1.724438683380134613e-09
4.699818652311251349e-07
1.609594986048829157e-06
8.468776013196562086e-07
6.799183154676600111e-07
-4.603904461048198360e-07
-2.695186675071094960e-07
8.157927528568675342e-08
-1.159873753687782850e-08
8.365564915266467429e-09
1.845270492656238753e-09
-3.271047785343849827e-10
2.639059751467064898e-09
-4.469738760119252532e-10
1.977053091366635832e-10
1.010482197426255532e-10
-5.566055480713673991e-07
3.096038066330814965e-06
1.559619179948269556e-06
-9.596218076523840379e-09
-2.689126188084136559e-07
-1.529778590325091773e-07
7.946763586576016419e-08
1.252649519420895303e-08
3.137755195435598943e-08
1.795672015888278080e-10
-1.971479701716634077e-09
8.492889857704400526e-10
-2.083213687587932993e-10
8.026459051990645008e-10
3.703084761776227784e-10
-1.710374278573598260e-06
-1.027515473705294710e-07
-8.695626427470953555e-07
2.020880603325881571e-07
4.496064195061614194e-07
-1.397935361107921728e-07
9.852923895603977267e-08
1.031059127752470459e-08
1.221834490281924631e-08
-2.408555106932111740e-09
1.561940422045894859e-09
-1.437027897258474781e-10
8.520014178557930375e-10
-9.773145211436270164e-11
1.810775552337030546e-10
-5.126313022192117197e-08
4.584465822854924761e-07
4.325492718639418901e-07
-3.433046266992169721e-07
1.935694845139037166e-08
-1.927313041987846283e-07
-1.061485452114467639e-08
1.856842407336952809e-08
-6.389076566217528309e-09
-3.231439714143032440e-09
-2.218025714870590571e-10
-4.841606765588023420e-10
1.794058672695649295e-10
4.141897629559233633e-10
-1.636974402207228161e-10
-3.250346589725994956e-07
8.888858357573055228e-07
2.952389634720190483e-07
-2.245929763895449968e-07
1.136585818915200186e-07
4.695366971138409671e-08
4.290566117299451844e-09
-2.989644902012416546e-08
-8.261327100330502034e-11
-2.142171820590607058e-09
-2.422092420043674603e-10
2.127075923400065299e-10
1.426556359394417094e-10
-3.238960935630812437e-11
1.680702691108683499e-11
3.557414260365421532e-05
3.507446315854362550e-05
3.611042495698267362e-05
2.619445132293742398e-05
2.018149457467078046e-05
1.531343855528422782e-05
9.746477182150504423e-06
6.341526625905443169e-06
3.868616778062338436e-06
2.387716237861766613e-06
1.490141424889614834e-06
9.638711832933982015e-07
6.550101644692385705e-07
4.551732817458665704e-07
3.175640757131113784e-07
1.102054270017273382e-05
9.593629150087379078e-06
1.095576319469236419e-05
7.602640448917040260e-06
5.902418092954178806e-06
3.992082087030190157e-06
2.790109533803630914e-06
1.805182765851295157e-06
1.097489613966227624e-06
6.913454741382564763e-07
4.179800131050636726e-07
2.645234327959234005e-07
1.762224069484471085e-07
1.205687295284107529e-07
8.440937973017241399e-08
3.179892971051916190e-06
-7.237162811530314644e-07
-1.848505412526340033e-07
1.968440789859635864e-07
-1.753226576791845419e-07
-8.887701583218679947e-10
-1.634337304695981691e-08
1.980895264152672695e-08
3.723985449312678710e-08
3.155991241499610745e-08
7.090565704421469927e-09
5.049062542038510186e-09
4.178212039187813047e-09
2.770196671511935263e-09
1.691691458516549869e-09
1.088723511097363157e-06
5.210074705927941674e-07
-1.051485593203907250e-06
6.287681921863900675e-07
9.795166157950865229e-09
-2.019861840140876919e-07
-9.771019131667238364e-08
-7.626703195677763012e-08
-3.456721863404111310e-09
1.767498806889729987e-08
5.181998035368006169e-09
3.628907350767700553e-10
-2.443968325789067824e-10
6.866365262374262534e-13
-2.412597556602378289e-10
1.597590192522374280e-06
1.514219756300077863e-06
-5.834444770544021499e-07
5.224088515524114807e-07
4.255676352214620206e-07
1.584318537346253439e-07
3.300474572655816558e-08
2.542459586910007224e-09
-7.128804717007157112e-09
3.250801683538806068e-09
8.961227083907836857e-10
-3.994266108857519584e-10
7.637999898914473780e-10
-6.007354914182893638e-11
1.666575393471633383e-10
-1.131137650074249268e-06
1.108424448603281863e-06
6.658086680724915578e-07
1.983235765707805036e-07
-1.968516255458715055e-07
-4.243125023018057958e-09
2.527255449495565012e-08
5.085266500490700205e-08
1.169340928105349490e-08
1.840212528875869093e-09
1.163931022608304088e-09
1.228611961078023758e-09
5.192847244792312260e-10
3.695029603378159801e-10
8.693445224229693254e-11
-1.613646887269568378e-07
2.870504152109263870e-07
-2.832416446877992451e-08
-7.959389598092022336e-08
-7.112849077961700346e-08
-1.812888514781202326e-08
5.452824577595814363e-09
1.834888844462395078e-08
8.167641467783135555e-09
4.540997530839711874e-09
1.109905088547524810e-09
-6.656902980620648168e-10
2.465335970479002742e-10
-1.104772720849841143e-11
3.691227042145507188e-11
2.685795982675122498e-05
2.920144080303266619e-05
2.617266258249694846e-05
1.896776279789409023e-05
1.420897860372607773e-05
1.084136300009596175e-05
7.830116508832402105e-06
4.959055753837650777e-06
3.052024172635812763e-06
1.865971889841344693e-06
1.171970399150634271e-06
7.313721187208021390e-07
4.730086951448629124e-07
3.210399671086922282e-07
2.231917750578851021e-07
5.526589460941155292e-06
9.592054927923074172e-06
6.777850821881714871e-06
4.646546313620421220e-06
3.689178929806917345e-06
2.940523514589944483e-06
2.281919769633019641e-06
1.338718376099861529e-06
8.379876359481127757e-07
5.101946313907431890e-07
3.200136410858359804e-07
1.991721802299451950e-07
1.262913208047337086e-07
8.440949894786629528e-08
5.823825387052250068e-08
1.225614576096077151e-06
-8.143127634976200059e-07
2.412442547606486439e-07
2.239984131091516379e-07
-1.723464393249599331e-07
-1.192678739027509554e-08
5.799112387388761311e-08
-2.758914213132798377e-08
2.025778944078639088e-08
1.271171236905736622e-08
7.256636424889505601e-09
1.812536549308837209e-09
2.706806842681967357e-09
1.216100787650259645e-09
7.089221175093748941e-10
9.542844604073553744e-07
1.169661430994530664e-06
-5.153419077955547747e-07
6.012709215715652754e-07
1.067307858123559401e-07
4.418977809574876584e-08
1.486105939592832811e-08
-1.994164255652056075e-08
9.568939747302569985e-09
3.269214227759168288e-09
1.044958567532563988e-09
-1.451032604675856069e-09
2.395523497002847943e-10
2.530706417643092249e-11
4.191601800428637664e-11
-1.153037320787666446e-07
9.564165869462699386e-07
4.364908156868476396e-07
9.819150120298326646e-08
-3.551971300303868530e-07
1.288477207202820174e-07
-6.549133675463148806e-08
-1.809304438600354772e-08
-3.439554103205307753e-09
-1.504490492495086872e-10
2.403603358873869829e-10
5.082160287428935304e-10
-3.545074559182850800e-10
2.667453563570957485e-10
5.917608710963338669e-11
-2.962435236135228307e-07
5.020193966162243811e-07
2.738100329867196900e-07
-2.298161717145793972e-07
-6.533174525728318102e-08
-1.483915979930831427e-08
9.645339147963166431e-10
2.551456541320243216e-09
2.160593785974402309e-09
-1.603960931547425092e-10
6.135395009515541233e-11
5.883380731564605666e-10
4.636424374868011598e-10
-1.103246455860996756e-10
-5.852275117944160879e-11
1.158836554550798317e-05
1.937416970558542137e-05
1.794906738185419288e-05
1.404345935195809667e-05
1.054964134356305363e-05
8.196385681015916634e-06
6.244619631781608183e-06
3.761941562856467336e-06
2.448401982997837340e-06
1.496881105958055652e-06
9.101456214800619357e-07
5.552323333768168692e-07
3.502253343159538193e-07
2.293120118961081791e-07
1.556711638251092998e-07
3.457816076174172879e-06
3.996248847821117776e-06
4.431711720530669122e-06
3.542624506853458468e-06
2.529291018129790752e-06
2.019141526369023817e-06
1.544612460767585587e-06
9.594703316744918440e-07
6.429627450659632067e-07
3.930808986011493396e-07
2.373766602441577561e-07
1.399908534688753217e-07
8.759979273173675819e-08
5.620806956384326555e-08
3.768205439273968720e-08
1.180667637768917241e-06
2.808802874973352296e-07
4.225257261258178172e-07
1.319851003959953598e-07
-1.403319122072942282e-07
3.927377543428832652e-08
6.801435572501094269e-09
-1.438752648163357695e-08
9.468141529672536496e-09
1.450685342206473684e-10
7.377180986465427072e-10
-7.764998059859238270e-10
2.854356223004844386e-10
2.341596395069415165e-10
4.983785674165833515e-10
-1.674281280964053426e-07
3.097607521008102521e-08
5.918861020076113153e-07
-2.155209379343036297e-08
8.376953154838659456e-09
5.527209183669978001e-08
-4.387970795477140464e-08
-2.573051710555160333e-08
-8.192341078226807367e-09
-1.796556150231180552e-10
-2.633679152901956473e-09
-1.523319909295849559e-10
-4.304473002811363718e-11
-3.148412055671533492e-10
-4.402623373751158340e-11
3.646813127262021639e-07
-8.623678671664997085e-08
1.136211137236933250e-07
-1.785620951317539714e-07
-2.371639517013916932e-08
3.612124280975316844e-08
-9.987656166289170083e-10
1.594599785764759525e-09
-1.156532857262107961e-08
-3.162544561579379955e-09
2.189376734450344558e-10
7.001345529219035792e-10
1.529826835055499677e-10
3.040906117793925701e-11
-5.926660436572616919e-11
1.056811739974368031e-05
1.083425027671769040e-05
1.204093533876946618e-05
9.603674922998720807e-06
7.531397364651362170e-06
5.815751688460552516e-06
4.459173072400232549e-06
3.025387764692884336e-06
1.980799453526076682e-06
1.182493845599269796e-06
7.123245661967875729e-07
4.235920986548735543e-07
2.591228442454587663e-07
1.640977077373379593e-07
1.076771464762402170e-07
1.959275948433799478e-06
2.589437872791053693e-06
2.047191464460327275e-06
1.862054813888739172e-06
1.442339948051716450e-06
1.097555338571890036e-06
8.884501412722994139e-07
6.108817999872811579e-07
3.958155061059971308e-07
2.368608431103997916e-07
1.411400211434132149e-07
8.606577201624743327e-08
5.180670349139796194e-08
3.198983607069814551e-08
2.071850461014331816e-08
-2.645321218780542764e-07
2.225107661857305534e-07
2.630296850287029975e-07
1.744110631087695152e-08
1.729630590004371292e-08
3.700749911767714786e-08
4.152817543775099389e-08
1.070904064984489936e-08
7.040724681850595168e-09
4.017863796377008878e-09
-7.015366478775449241e-10
3.380398996469584586e-10
-1.355394050206574047e-10
1.791278809639021911e-11
8.489154934225086350e-11
-1.072664213384599870e-07
-1.052081521177052935e-07
6.257242820178377884e-08
-4.011080733528239717e-08
1.217815921009080678e-07
6.378868618524294455e-08
3.546759163940642037e-08
9.091846026452571926e-10
-7.806002433988571441e-09
-3.203166876966798561e-09
1.308525063670266496e-09
2.135765922122139079e-10
1.584589621729181746e-10
-2.391700010586958641e-11
-1.954386607242683596e-11
5.339390028900601751e-06
6.633671023141494452e-06
6.554951603966317011e-06
6.221478405146138567e-06
5.103470790655816588e-06
3.839193636103601252e-06
2.962614534313008969e-06
2.155154867629094756e-06
1.308057968214958978e-06
8.082758738789124022e-07
4.917407189257425230e-07
2.933030413332324287e-07
1.750325042032748879e-07
1.064554661300783127e-07
6.692781482706154066e-08
1.297553750241240509e-07
1.103213729133836941e-06
4.811141748415650305e-07
6.930599551249839290e-07
6.774151435327867387e-07
4.636675716631579221e-07
3.505987248615038762e-07
2.828513319113379738e-07
1.630590038127806972e-07
1.080065796795201419e-07
6.797332634686278507e-08
3.925121988901344088e-08
2.292552502777879002e-08
1.373894628461748717e-08
8.475098679324095975e-09
7.431682991311173921e-08
-7.523113252816492879e-08
-1.014202965310288495e-07
-3.721254731200800233e-08
8.025081519659995920e-08
1.907215467374766136e-08
1.649943083027099982e-09
-3.851615341245695441e-09
-2.376201697202336045e-09
1.026886758861385885e-09
-3.776616378070751599e-10
5.877618452833288956e-10
-1.498300559540050562e-10
-2.348942813511443791e-11
-5.582674803820095143e-11
2.425814861551306792e-06
2.674936577970533759e-06
2.862107013743297260e-06
3.101917002370108878e-06
2.810124853512248093e-06
2.113690498310364972e-06
1.547017112903456774e-06
1.257696426685007401e-06
7.606114976834519959e-07
5.040836741366740976e-07
3.034945637948078159e-07
1.742416355081318148e-07
1.011650304075466427e-07
5.927553591770585742e-08
3.553980509326446185e-08
1.512902186539042705e-07
1.455920306780924912e-07
1.369936361205683295e-07
1.596886224855419700e-07
1.767693662557783178e-07
1.299990302907661362e-07
1.092564983552771724e-07
7.524889121562236408e-08
4.855182685027176405e-08
3.055819864481009615e-08
1.885441596289533616e-08
1.028068401746675547e-08
6.153538188508634128e-09
3.516026524676139388e-09
2.101713976315533363e-09
5.253829548480177079e-07
7.119714403757979969e-07
7.581840011207470730e-07
8.455821663713127753e-07
7.881765387179374457e-07
6.342230815659522404e-07
4.576759493363868284e-07
3.637074590920406247e-07
2.555906383804526958e-07
1.595873236667870545e-07
9.590202403761052779e-08
5.620396773866913475e-08
3.256439580517904075e-08
1.853401788939101803e-08
1.056820173403883675e-08
