# f_ap
0.000000000000000000e+00
3.062860535595014755e-02
6.172860709670412172e-02
9.333239690324385274e-02
1.254709403839562309e-01
1.581736941758991877e-01
1.914685454627313710e-01
2.253817723293222997e-01
2.599380231523248930e-01
2.951603130844981937e-01
3.310700356206778827e-01
3.676869872256640082e-01
4.050294030486085162e-01
4.431140018343030507e-01
4.819560382589159753e-01
5.215693610569099858e-01
5.619664754587654354e-01
6.031586086186820905e-01
6.451557768717738339e-01
6.879668538168037806e-01
7.315996383697125349e-01
7.760609220726413238e-01
8.213565550711394714e-01
8.674915102880039752e-01
9.144699454252722681e-01
9.622952625165576146e-01
1.010970164830536255e+00
1.060496710993772851e+00
1.110876366257998127e+00
1.162110050884416879e+00
1.214198185656610418e+00
1.267140734565042282e+00
1.320937244731090088e+00
1.375586883657722304e+00
1.431088473908292524e+00
1.487440525325129048e+00
1.544641264906440714e+00
1.602688664463887136e+00
1.661580466184858107e+00
1.721314206223139909e+00
1.781887236439912536e+00
1.843296744414039567e+00
1.905539771836835428e+00
1.968613231401988850e+00
2.032513922296411035e+00
2.097238544392590054e+00
2.162783711237631135e+00
2.229145961928762798e+00
2.296321771959706659e+00
2.364307563116960775e+00
2.433099712499923406e+00
2.502694560733841111e+00
2.573088419439673924e+00
2.644277578020583164e+00
2.716258309820259509e+00
2.789026877704415153e+00
2.862579539112724891e+00
2.936912550625112583e+00
3.012022172082732485e+00
3.087904670300955612e+00
3.164556322408750511e+00
3.241973418846026966e+00
3.320152266048125078e+00
3.399089188844172327e+00
3.478780532593961361e+00
3.559222665085930881e+00
3.640411978217027222e+00
3.722344889473493623e+00
3.805017843230101615e+00
3.888427311883860593e+00
3.972569796836889822e+00
4.057441829342002926e+00
4.143039971223303475e+00
4.229360815483179437e+00
4.316400986806022466e+00
4.404157141968239486e+00
4.492625967595894387e+00
4.581804190374202612e+00
4.671688562713171677e+00
4.762275872269321475e+00
4.853562939715043711e+00
4.945546618745239265e+00
5.038223796037655688e+00
5.131591391171656191e+00
5.225646356509607848e+00
5.320385677044852102e+00
5.415806370219802268e+00
5.511905485717443653e+00
5.608680105229177038e+00
5.706127342201762431e+00
5.804244341565792276e+00
5.903028279448019333e+00
6.002476362869532345e+00
6.102585829431689035e+00
6.203353946991518875e+00
6.304778013328140140e+00
6.406855355801605256e+00
6.509583331005450724e+00
6.612959324414176443e+00
6.716980750026618985e+00
