# fsigma_8
4.567058363128900234e-01
4.822106720854194006e-01
4.985425231287440306e-01
5.070396747596301879e-01
5.091796416264049441e-01
5.063837349108228914e-01
4.999082124753713163e-01
4.908010509934709331e-01
4.799006263876909872e-01
4.678564978610025848e-01
4.551592113185888300e-01
4.421710228973609880e-01
4.291538346058424436e-01
4.162927435746671678e-01
4.037150110226027100e-01
3.915049475392307632e-01
3.797153228985401530e-01
3.683759951874999716e-01
3.575004037849369154e-01
3.470903362449351270e-01
