# f_z
5.276570821566812786e-01
5.398816302321727267e-01
5.518873514857455254e-01
5.636682036123173978e-01
5.752190849977836251e-01
5.865356858630097481e-01
5.976145612117070849e-01
6.084530622261754562e-01
6.190492669998381992e-01
6.294019575204718997e-01
6.395105872600830299e-01
6.493752196352666761e-01
6.589964719213730060e-01
6.683755373818491829e-01
6.775140302336676301e-01
6.864140601300201538e-01
6.950780948900231460e-01
7.035090022644883145e-01
7.117099285508862172e-01
7.196843574157557599e-01
7.274359834423678173e-01
7.349687404601875640e-01
7.422867076524347629e-01
7.493941947706499462e-01
7.562955719303736668e-01
7.629953588366562567e-01
7.694981348908755958e-01
7.758085534882591672e-01
7.819312810540949288e-01
7.878710370155374010e-01
7.936325376474251403e-01
7.992204760187520129e-01
8.046395527397769420e-01
8.098944112922655814e-01
8.149896452545036807e-01
8.199298132338425082e-01
8.247194010119176522e-01
8.293628517555847734e-01
8.338644726356172487e-01
8.382285617211416850e-01
8.424592840448834608e-01
8.465607243152692973e-01
8.505369256550961987e-01
8.543917341431461754e-01
8.581290045133509459e-01
8.617524245027865515e-01
8.652656512043533921e-01
8.686722076701789419e-01
8.719754796473899727e-01
8.751788253103606197e-01
8.782854782013264083e-01
8.812985542916956794e-01
8.842211363493508447e-01
8.870561502049495450e-01
8.898064782281747132e-01
8.924748602311176615e-01
8.950639888590555815e-01
8.975764870190181544e-01
9.000148456992181911e-01
9.023814985358408203e-01
9.046788098627354113e-01
9.069090592972827158e-01
9.090744228075743338e-01
9.111770398898842993e-01
9.132189441191124191e-01
9.152021513588892709e-01
9.171285772721541329e-01
9.190000473834041284e-01
9.208183500589627313e-01
9.225852411437661660e-01
9.243023729215603668e-01
9.259713401592805093e-01
9.275937212345644056e-01
9.291709787335833415e-01
9.307046120872843886e-01
9.321959686669191170e-01
9.336464367681718279e-01
9.350572941309206465e-01
9.364298170948370803e-01
9.377652129521981683e-01
9.390646485522368137e-01
9.403292418116571127e-01
9.415601336916535891e-01
9.427583113123790826e-01
9.439248438159589805e-01
9.450606955886142746e-01
9.461668084995981109e-01
9.472441134851631306e-01
9.482934790976217387e-01
9.493157717272053819e-01
9.503118238975507559e-01
9.512824143894847984e-01
9.522283245673122121e-01
9.531502785030776526e-01
9.540490159315898611e-01
9.549252396645742103e-01
9.557795867432197223e-01
9.566127290771957448e-01
9.574252855258943429e-01
9.582178736279386433e-01
9.589910623811046531e-01
9.597454280101792579e-01
9.604815093513233704e-01
9.611998306836755379e-01
9.619009323310906412e-01
9.625852555856926340e-01
9.632533409732694230e-01
9.639056031506808564e-01
9.645425205947251168e-01
9.651645037952752970e-01
9.657719842907872554e-01
9.663653708926472907e-01
9.669450368615891689e-01
9.675113973651064958e-01
9.680647820287452410e-01
9.686055774887070147e-01
9.691341034565904566e-01
9.696507034685735160e-01
9.701557081896451384e-01
9.706494303302328763e-01
9.711321502699404862e-01
9.716041961526763471e-01
9.720658363322447482e-01
9.725173483209498260e-01
9.729589967609735268e-01
9.733910438111967878e-01
9.738137435122100616e-01
9.742273506873111444e-01
9.746320638508016998e-01
9.750281592443170720e-01
9.754158226380513774e-01
9.757952843028941947e-01
9.761667583483005783e-01
9.765304651450531503e-01
9.768865455211870330e-01
9.772352521036700157e-01
9.775767151686276524e-01
9.779111750016864502e-01
9.782387662602762823e-01
9.785596604688135969e-01
9.788740454176479977e-01
9.791820614313951898e-01
9.794838549371802650e-01
9.797796105635644404e-01
9.800694493051165246e-01
9.803535180126979887e-01
9.806319645906070859e-01
9.809049107622213048e-01
9.811724974236669672e-01
9.814348473590850386e-01
