# ee
4.559377856572652266e-02
7.216141755898601573e-02
7.844704257426848848e-02
6.691875627317590836e-02
4.726577332045231450e-02
2.874371114840785710e-02
1.619162050455654617e-02
9.911804444065235725e-03
7.694330099054329068e-03
7.046649935733315800e-03
6.481676220757511681e-03
5.657474181140601660e-03
4.868827648253790975e-03
4.454224055457743983e-03
4.485756623095021357e-03
4.775464232511047839e-03
5.120929376053849277e-03
5.474714429209170258e-03
5.838128077725655493e-03
6.332918541772846951e-03
7.094485947300737186e-03
8.120113232677477963e-03
9.380141080094051009e-03
1.084434896922436935e-02
1.249250242451513913e-02
1.432023994259237418e-02
1.631028062981349988e-02
1.847651583410483273e-02
2.083070646249537625e-02
2.333578254604854949e-02
2.598539548757843737e-02
2.877747803823240205e-02
3.178329088773438477e-02
3.502587803043132747e-02
3.853366418574213220e-02
4.229554263657300806e-02
4.626879680999780586e-02
5.047118061523349353e-02
5.493818407549597160e-02
5.969698001909474333e-02
6.474095251019648667e-02
7.005487128405142594e-02
7.562135185433732643e-02
8.142018696163698388e-02
8.743662002012365930e-02
9.368943393172760037e-02
1.001989252463371116e-01
1.069846476788154505e-01
1.140772974694008596e-01
1.215008642603906813e-01
1.292480542921684017e-01
1.373004101970265456e-01
1.456402174422825879e-01
1.542512471653040840e-01
1.631156901228042189e-01
1.722361576097789504e-01
1.816225945608697656e-01
1.912856887457433930e-01
2.012286995838163395e-01
2.114533623972679743e-01
2.219553161193290047e-01
2.327294184210177419e-01
2.437697841383275887e-01
2.550727566123269785e-01
2.666284521414245545e-01
2.784288209142904424e-01
2.904633002520597973e-01
3.027235559809429710e-01
3.152019967621752516e-01
3.278938472192689524e-01
3.407959389695190411e-01
3.539042054173726637e-01
3.672086372870769222e-01
3.806984824678538715e-01
3.943609494544493832e-01
4.081869745241045733e-01
4.221661973946093105e-01
4.362890006187784553e-01
4.505457667494270901e-01
4.649263980229748072e-01
4.794203610803111082e-01
4.940151565758800212e-01
5.086990279991506769e-01
5.234594760045675477e-01
5.382863159650608242e-01
5.531667367671068147e-01
5.680887563456173961e-01
5.830403926355050004e-01
5.980052065615319989e-01
6.129706168731614557e-01
6.279223884130858968e-01
6.428464296735734163e-01
6.577308776519672495e-01
6.725608980055109987e-01
6.873231420614976939e-01
7.020035183121958733e-01
7.165871924148484728e-01
7.310608156967490778e-01
7.454132679902658598e-01
7.596304577876671349e-01
7.736908652309711920e-01
7.875952555129462906e-01
8.013146804253608035e-01
8.148424768107329630e-01
8.281645531613310851e-01
8.412742463196736242e-01
8.541500364277787583e-01
8.667852603281644974e-01
8.791583981628494637e-01
8.912626862387049709e-01
9.030909587200145472e-01
9.146210925349151921e-01
9.258383929617934882e-01
9.367430219795362945e-01
9.473202848665301934e-01
9.575480585509119624e-01
9.674265050115685716e-01
9.769409295268867144e-01
9.860840657255027786e-01
9.948412188858039018e-01
1.003205122636426916e+00
1.011168510606008208e+00
1.018716688072934806e+00
1.025849817016093235e+00
1.032553202713870411e+00
1.038827007145153081e+00
1.044656535588327717e+00
1.050041950022281734e+00
1.054968555725401158e+00
1.059436497992347848e+00
1.063445855380880767e+00
1.066981833064035046e+00
1.070059349615844146e+00
1.072656181859092950e+00
1.074779820017565113e+00
1.076422897614545127e+00
1.077592904873817092e+00
1.078282475318665279e+00
1.078491670822624204e+00
1.078235409959727775e+00
1.077498897903010011e+00
1.076289624876255679e+00
1.074615081103248659e+00
1.072467900107272998e+00
1.069863000462363489e+00
1.066807872392304013e+00
1.063302577770628643e+00
1.059354606821121925e+00
1.054971449767567737e+00
1.050160454141235711e+00
1.044928396703334261e+00
1.039289339872807805e+00
1.033257346068599869e+00
1.026831621009154594e+00
1.020033655463665756e+00
1.012862655150577273e+00
1.005347539189333395e+00
9.974875132983773707e-01
9.893040682469036451e-01
9.808112664538558567e-01
9.720231703381780886e-01
9.629686990193140339e-01
9.536470582157074993e-01
9.440797386965530391e-01
9.342882312310438753e-01
9.242940265883742290e-01
9.141186155377380995e-01
9.037834888483291529e-01
8.933027089390911391e-01
8.827051949294683064e-01
8.720124375886548762e-01
8.612459276858439594e-01
8.504271559902297772e-01
8.395924699715064943e-01
8.287558293069050563e-01
8.179530677575551634e-01
8.072050596423743229e-01
7.965326792802795985e-01
7.859716576906879970e-01
7.755502975427669421e-01
7.652969015056833024e-01
7.552323438983544746e-01
7.453923557401974653e-01
7.358126680506293926e-01
7.265141551485675420e-01
7.175258625382039401e-01
7.088864925790557825e-01
7.006258336103404760e-01
6.927766453113748391e-01
6.853694588564009926e-01
6.784377767597614683e-01
6.720136158657480374e-01
6.661312215237280565e-01
6.608248390830686603e-01
6.561287138931369833e-01
6.520785769733501436e-01
6.487086736730753866e-01
6.460532493416797362e-01
6.441465493285304378e-01
6.430250880810806091e-01
6.427233139137520368e-01
6.432772014040275543e-01
6.447219822943651701e-01
6.470936311622473847e-01
6.504266369151070482e-01
6.547577169654523743e-01
6.601221030557407055e-01
6.665542840934052249e-01
6.740909774909534802e-01
6.827681578258683048e-01
6.926195711705576130e-01
7.036819349375291743e-01
7.159912237042658223e-01
7.295759836980004742e-01
7.444803606814907049e-01
7.607329008819695426e-01
7.783621505266696827e-01
7.974115125433240969e-01
8.179095331591653695e-01
8.398847586014264177e-01
8.633805917978399913e-01
8.884181506253890914e-01
9.150334096615564405e-01
9.432474867833249288e-01
9.731037849184271948e-01
1.004630850294096156e+00
1.037849800787314702e+00
1.072796610975565335e+00
1.109499827086081192e+00
1.147973138645594915e+00
1.188252520231589671e+00
1.230366518071297710e+00
1.274336250041702367e+00
1.320190262370036116e+00
1.367957101283531873e+00
1.417643027958672475e+00
1.469276588622690616e+00
1.522871472802319159e+00
1.578463655075041272e+00
1.636066824967589373e+00
1.695694672006696102e+00
1.757368314069344573e+00
1.821101440682268091e+00
1.886915169722448660e+00
1.954808334016119531e+00
2.024809479790512956e+00
2.096932296572362464e+00
2.171175617187900642e+00
2.247567987864360184e+00
2.326093768663564987e+00
2.406775997142954537e+00
2.489615809745308272e+00
2.574629199613906572e+00
2.661809874841279733e+00
2.751173828570707247e+00
2.842722197244970328e+00
2.936448688956597941e+00
3.032369296848870466e+00
3.130477729014318644e+00
3.230775121895721913e+00
3.333262611935860598e+00
3.437941335577514579e+00
3.544805000913214155e+00
3.653839887685239596e+00
3.765039703986120756e+00
3.878390729558137906e+00
3.993886672493821344e+00
4.111521240885702255e+00
4.231273286125807331e+00
4.353136516306669535e+00
4.477097211170566915e+00
4.603119365409032326e+00
4.731204115464844762e+00
4.861322884379783993e+00
4.993461951896128959e+00
5.127600169405911679e+00
5.263716388301161508e+00
5.401774603273408637e+00
5.541746237364432837e+00
5.683617570316514822e+00
5.827345168470934311e+00
5.972907883219719771e+00
6.120277137604655415e+00
6.269416926317267880e+00
6.420298672399337825e+00
6.572871513841896274e+00
6.727114302036973470e+00
6.882983603325848243e+00
7.040443412400051670e+00
7.199472580651612219e+00
7.359938534218813722e+00
7.521916693046932778e+00
7.685333910076250774e+00
7.850042754744547935e+00
8.016118646997105301e+00
8.183414156271698658e+00
8.351930419011113216e+00
8.521594288155627694e+00
8.692332616645520815e+00
8.864221131822862532e+00
9.037039656606886240e+00
9.210865455323615336e+00
9.385627225294065568e+00
9.561253663839261563e+00
9.737747751782725558e+00
9.914963902942979246e+00
1.009290509814354131e+01
1.027150003470543460e+01
1.045060312644718437e+01
1.063029163769481045e+01
1.081041998226682921e+01
1.099099114098676822e+01
1.117185952767314738e+01
1.135295383964698779e+01
1.153435134123431105e+01
1.171583216275113770e+01
1.189739928502098998e+01
1.207898140536489251e+01
1.226058150460635865e+01
1.244205399656391897e+01
1.262332757855859278e+01
1.280433094791139936e+01
1.298499280194335981e+01
1.316531612147799990e+01
1.334522960383633716e+01
1.352458766283689151e+01
1.370331899580068935e+01
1.388142658355125114e+01
1.405876483990709680e+01
1.423533674569175211e+01
1.441107099822622928e+01
1.458582201132905887e+01
1.475959276582375601e+01
1.493223767552885128e+01
1.510375972126785449e+01
1.527408760036179736e+01
1.544315001013169741e+01
1.561087564789857396e+01
1.577726749448595278e+01
1.594210568020985086e+01
1.610539318589379221e+01
1.626705870885879790e+01
1.642695666292339141e+01
1.658509002891109319e+01
1.674131322064042493e+01
1.689562921893490355e+01
1.704781815411056201e+01
1.719803157399590532e+01
1.734612389240947294e+01
1.749209777235120455e+01
1.763588032202426348e+01
1.777739833180824292e+01
1.791665287558523900e+01
1.805349646023234200e+01
1.818793015963164450e+01
1.831988076416273614e+01
1.844927506420521723e+01
1.857596556663617093e+01
1.869995334533769693e+01
1.882116519068938132e+01
1.893952789307082440e+01
1.905496824286161228e+01
1.916748731394383753e+01
1.927701189669709336e+01
1.938346878150097652e+01
1.948685904223757248e+01
1.958703518578397862e+01
1.968414685302728628e+01
1.977789798383958697e+01
1.986851250261047497e+01
1.995569434921204177e+01
2.003959316453137873e+01
2.012013573894807905e+01
2.019724886284173593e+01
2.027085932659193901e+01
2.034096820408078443e+01
2.040750228568786540e+01
2.047038836179276799e+01
2.052962750627759192e+01
2.058522079302441909e+01
2.063694644540785461e+01
2.068502838781748565e+01
2.072931912713040603e+01
2.076981973722870478e+01
2.080660557549697742e+01
2.083960343231481360e+01
2.086888866506680884e+01
2.089438806413255278e+01
2.091610270339414157e+01
2.093403365673366423e+01
2.094810771453071041e+01
2.095840023416988274e+01
2.096483800603076375e+01
2.096734782049295021e+01
2.096607931844353345e+01
2.096088500675960731e+01
2.095184024282576019e+01
2.093887181702158884e+01
2.092212937023418817e+01
2.090146477253435009e+01
2.087695019727517121e+01
2.084865718100346754e+01
2.081650869326104214e+01
2.078050198709220098e+01
2.074078288254625591e+01
2.069727434916499931e+01
2.064989935649025554e+01
2.059887800807381453e+01
2.054413327345749707e+01
2.048566240568560204e+01
2.042353694130493125e+01
2.035775413335979778e+01
2.028838551839701410e+01
2.021550263296336780e+01
2.013902844660068325e+01
2.005910877935825809e+01
1.997574088428040184e+01
1.988892201441141694e+01
1.979864942279561291e+01
1.970506892948229805e+01
1.960810350401327540e+01
1.950775039943285449e+01
1.940415543579033653e+01
1.929731586613003103e+01
1.918730322699874336e+01
1.907426333844578181e+01
1.895826773701795176e+01
1.883931367575955917e+01
1.871747269121740942e+01
1.859296488694331373e+01
1.846571323247907159e+01
1.833578926437149548e+01
1.820333880266988302e+01
1.806828481691605504e+01
1.793077312715930205e+01
1.779080098644394425e+01
1.764851421481927574e+01
1.750391006532961313e+01
1.735706007452175470e+01
1.720811006244501229e+01
1.705705728214368833e+01
1.690404755366709821e+01
1.674915241356203666e+01
1.659236911487281319e+01
1.643391776115123548e+01
1.627379560544160952e+01
1.611214846779324716e+01
1.594904788475294666e+01
1.578449110936501754e+01
1.561869801868954788e+01
1.545166473331225809e+01
1.528353571433214064e+01
1.511438113934569749e+01
1.494427118594942527e+01
1.477327603173982595e+01
1.460146585431339794e+01
1.442898511476913015e+01
1.425590399070353342e+01
1.408229265971310618e+01
1.390822129939433971e+01
1.373390865434873120e+01
1.355942490217278618e+01
1.338484022046300481e+01
1.321029907031837780e+01
1.303587162933540711e+01
1.286170235861309408e+01
1.268786143574793357e+01
1.251441903833642399e+01
1.234144534397506732e+01
1.216908481376285955e+01
1.199748190879880205e+01
1.182663252317688851e+01
1.165660683449362267e+01
1.148762358735049993e+01
1.131975295934401871e+01
1.115299084456817980e+01
1.098755598762448216e+01
1.082351856610941887e+01
1.066102304112199484e+01
1.049999102325370792e+01
1.034071554060855469e+01
1.018319248728053239e+01
1.002756632436864059e+01
9.873907229469383040e+00
9.722285380179249259e+00
9.572770954094744766e+00
9.425582695817364964e+00
9.280642215938611272e+00
9.138168259059979093e+00
8.998231002777966836e+00
8.860826341186578858e+00
8.726098735384805849e+00
8.594192646471650932e+00
8.465178252043612517e+00
8.339051446194687855e+00
8.215956690023876519e+00
8.095964161127676917e+00
7.979144037102586573e+00
7.865640779047605058e+00
7.755450877816158162e+00
7.648721778304388152e+00
7.545452955162859965e+00
7.445866733549642014e+00
7.349888304612801626e+00
7.257665710007905169e+00
7.169287564588524120e+00
7.084827626507721021e+00
7.004344797218066354e+00
6.927905406522378406e+00
6.855568355873222330e+00
6.787392546723167719e+00
6.723451737225279778e+00
6.663804828832128102e+00
6.608503294646030923e+00
6.557613464469803866e+00
6.511179383055514691e+00
6.469267380205982576e+00
6.431921500673274394e+00
6.399193217559707492e+00
6.371141432317847908e+00
6.347810189699766070e+00
6.329243534457527964e+00
6.315470654642701298e+00
6.306528166657103363e+00
6.302445258552301866e+00
6.303258546730115874e+00
6.309004647592360016e+00
6.319705320840355078e+00
6.335382326175416523e+00
6.356072279999361641e+00
6.381782085313010278e+00
6.412533501817678783e+00
6.448348289214683504e+00
6.489255635555593038e+00
6.535262443841225455e+00
6.586375617072398825e+00
6.642609486600178137e+00
6.703956098724882295e+00
6.770422356447329371e+00
6.842022591118588792e+00
6.918748849038974136e+00
7.000600604859055665e+00
7.087577333229400089e+00
7.179648795399574013e+00
7.276821894370398169e+00
7.379066391391437385e+00
7.486307477610759875e+00
7.598693194683932006e+00
7.716000166754023226e+00
7.838377216386607671e+00
7.965679155777285025e+00
8.097910145036662399e+00
8.235074344275345126e+00
8.377101630101446261e+00
8.523996162625566697e+00
8.675687818455818601e+00
8.832180757702802865e+00
8.993404856974633432e+00
9.159364276381914749e+00
9.329914609030252493e+00
9.505134298532754045e+00
9.684878937995026860e+00
9.869152687527680712e+00
1.005788542373881889e+01
1.025108130673905293e+01
1.044852164613148382e+01
1.065028488552922425e+01
1.085630090154038108e+01
1.106642528727055641e+01
1.128066220283036181e+01
1.149886724132540294e+01
1.172104456286628782e+01
1.194712404406112327e+01
1.217696127801551498e+01
1.241056042484007449e+01
1.264777707764040393e+01
1.288854111302461369e+01
1.313285669110330645e+01
1.338050512147959559e+01
1.363149056426408379e+01
1.388566861256238205e+01
1.414296914298259189e+01
1.440339631563532485e+01
1.466665715662118608e+01
1.493283010955328471e+01
1.520177076753722467e+01
1.547333472367861695e+01
1.574745185458556662e+01
1.602405203686618052e+01
1.630299086362606431e+01
1.658419821147333195e+01
1.686752967351358379e+01
1.715291512635492666e+01
1.744021016310297156e+01
1.772934466036582535e+01
1.802017421124909191e+01
1.831255440885838581e+01
1.860648941330430262e+01
1.890176053418995750e+01
1.919829773272231321e+01
1.949595702500124261e+01
1.979466879522798095e+01
2.009428914410126055e+01
2.039467417231981727e+01
2.069575426408487928e+01
2.099745980359769248e+01
2.129957260805446850e+01
2.160202306165645680e+01
2.190466726510238971e+01
2.220728703558849304e+01
2.250988704081850145e+01
2.281232338149115080e+01
2.311445215830516986e+01
2.341612947195929451e+01
2.371728570665476354e+01
2.401785124659279802e+01
2.431775647597464030e+01
2.461670892849401682e+01
2.491478755535717227e+01
2.521184845726282120e+01
2.550759916790471138e+01
2.580211863848906972e+01
2.609518868621213272e+01
2.638673969527512853e+01
2.667655348287429717e+01
2.696456043321086327e+01
2.725061664698356623e+01
2.753465250839364131e+01
2.781659840164230602e+01
2.809616186042331165e+01
2.837342183594288159e+01
2.864816014539725586e+01
2.892023288948515969e+01
2.918964473591032416e+01
2.945617750186899642e+01
2.971983585506489334e+01
2.998040161269426207e+01
3.023787944246082304e+01
3.049205116156081630e+01
3.074292143769797292e+01
3.099027208806852229e+01
3.123410778037620972e+01
3.147428461531975330e+01
3.171058441009539308e+01
3.194301183240686370e+01
3.217142298295289748e+01
3.239567396243222674e+01
3.261576943854858257e+01
3.283156551200070083e+01
3.304306604839740658e+01
3.325019742146540835e+01
3.345288520283651934e+01
3.365105496414253849e+01
3.384455799351278671e+01
3.403346842958404750e+01
3.421763756048564176e+01
3.439699095784936844e+01
3.457137990980454134e+01
3.474080427148545169e+01
3.490511533102142039e+01
3.506423866004424639e+01
3.521817411368824935e+01
3.536677298008270043e+01
3.551003511436194771e+01
3.564788608815776882e+01
3.578032575660448344e+01
3.590720540783138404e+01
3.602845061347029088e+01
3.614413551215800169e+01
3.625418567552632254e+01
3.635845239170456722e+01
3.645700979932953345e+01
3.654978347003302730e+01
3.663669897544686194e+01
3.671775617070532860e+01
3.679295491094275405e+01
3.686214648428842366e+01
3.692533074587664998e+01
3.698250755084175267e+01
3.703352818731300999e+01
3.707846679392726230e+01
3.711717465881379496e+01
3.714972592060940570e+01
3.717619471795092068e+01
3.719650662247013173e+01
3.721081005630635019e+01
3.721895630758888274e+01
3.722109379845703359e+01
3.721729666754760046e+01
3.720741620298990426e+01
3.719152654342074982e+01
3.716962754397442836e+01
3.714179334328775894e+01
3.710794951299254052e+01
3.706802162472057915e+01
3.702223238411369266e+01
3.697043307930116640e+01
3.691269784891982653e+01
3.684910083160647076e+01
3.677964107422788231e+01
3.670431439058079803e+01
3.662326435319944551e+01
3.653641168411053286e+01
3.644389995584826636e+01
3.634572417394187482e+01
3.624202791092557874e+01
3.613265760532357973e+01
3.601790539667510416e+01
3.589769200700686014e+01
3.577208672535057588e+01
3.564115884073796536e+01
3.550490335869824321e+01
3.536346385176561569e+01
3.521683532546931872e+01
3.506501278533855270e+01
3.490806552040505295e+01
3.474606281970051214e+01
3.457914825575915785e+01
3.440731683411021180e+01
3.423078641079037965e+01
3.404955199132889732e+01
3.386383143176245625e+01
3.367369402112279175e+01
3.347920904844161072e+01
3.328044580275062714e+01
3.307754785658406860e+01
3.287051021547114260e+01
3.265955073544857612e+01
3.244459013854307017e+01
3.222584628079135172e+01
3.200331416772263537e+01
3.177721165537364101e+01
3.154745946577108029e+01
3.131434973845417247e+01
3.107795176245462443e+01
3.083826054330167210e+01
3.059549393703202114e+01
3.034972123267737487e+01
3.010108600277197155e+01
2.984973181985002455e+01
2.959572797294324076e+01
2.933921803458584421e+01
2.908034557731203762e+01
2.881925417365605924e+01
2.855601311264960884e+01
2.829076596682690692e+01
2.802358202521967812e+01
2.775460486036212515e+01
2.748397804478847206e+01
2.721177090513393892e+01
2.693812720195023047e+01
2.666311644989005813e+01
2.638688244710863628e+01
2.610964327526367157e+01
2.583146844900786832e+01
2.555257604999894738e+01
2.527296130938711016e+01
2.499291659233256979e+01
2.471251141348803770e+01
2.443188957100872116e+01
2.415112057954733515e+01
2.387034823725908339e+01
2.358964205879668441e+01
2.330922012581784131e+01
2.302915195297526196e+01
2.274943277141916553e+01
2.247035494630975805e+01
2.219206227580225033e+01
2.191462427454934314e+01
2.163818474070626507e+01
2.136296175593070856e+01
2.108902483487539214e+01
2.081651777569552664e+01
2.054558437654631575e+01
2.027636843558297741e+01
2.000893946745821950e+01
1.974344127032725282e+01
1.947994335884278172e+01
1.921866381466251639e+01
1.895959786893667953e+01
1.870288931982046776e+01
1.844868196546909545e+01
1.819704532053527757e+01
1.794804889967171491e+01
1.770183650103362183e+01
1.745847763927371332e+01
1.721811611254719665e+01
1.698089571900927908e+01
1.674688597331266848e+01
1.651630495711507862e+01
1.628929646857172742e+01
1.606600430583781502e+01
1.584649798356604933e+01
1.563099558341414408e+01
1.541949233653231666e+01
1.521205775757326606e+01
1.500876136118970905e+01
1.480967266203435351e+01
1.461486117475991087e+01
1.442432301317251486e+01
1.423805782170202150e+01
1.405636326144420423e+01
1.387916557598234313e+01
1.370676242641221343e+01
1.353915433981959282e+01
1.337649041029526309e+01
1.321891973192999714e+01
1.306651711531207383e+01
1.291935737102977200e+01
1.277751530967136695e+01
1.264091717482013699e+01
1.250971206056686214e+01
1.238390049399731829e+01
1.226348300219728316e+01
1.214860867925753318e+01
1.203927805226384606e+01
1.193556593180450065e+01
1.183747284496527641e+01
1.174522216933944740e+01
1.165874014851029195e+01
1.157817587656859004e+01
1.150352988060011761e+01
1.143487697119315172e+01
1.137221767543346829e+01
1.131562680390935149e+01
1.126503060020407077e+01
1.122050387490590850e+01
1.118204715510064418e+01
1.114973525137654775e+01
1.112349440731690464e+01
1.110339943350999015e+01
1.108952514054407956e+01
1.108187205550495413e+01
1.108044070547838800e+01
1.108530590105266000e+01
1.109646816931354607e+01
1.111392803734682921e+01
1.113761174873578419e+01
1.116751983056618514e+01
1.120357852642131391e+01
1.124578836338694643e+01
1.129407558504636100e+01
1.134836643498283415e+01
1.140873572378464473e+01
1.147518397853756866e+01
1.154778600982988657e+01
1.162646806124487320e+01
1.171130494337080741e+01
1.180229718329346689e+01
1.189952039022194086e+01
1.200275623383856960e+01
1.211201003295400902e+01
1.222713853937390915e+01
1.234807278840642297e+01
1.247474381535970345e+01
1.260693408853690656e+01
1.274472321025118049e+01
1.288796793230818416e+01
1.303674785702106398e+01
1.319099401969797647e+01
1.335063745564707816e+01
1.351583205068401305e+01
1.368643455661444186e+01
1.386245029224901337e+01
1.404381029289588412e+01
1.423044559386320351e+01
1.442221294695662692e+01
1.461904338748430554e+01
1.482094223425689350e+01
1.502769195557754500e+01
1.523922358675440947e+01
1.545539387959314048e+01
1.567620815290439751e+01
1.590152315849382170e+01
1.613119564816707907e+01
1.636508237372981611e+01
1.660311437049018224e+01
1.684522267375633575e+01
1.709126403533392846e+01
1.734116949053111512e+01
1.759494435815854629e+01
1.785237110651937442e+01
1.811352933792674946e+01
1.837827580418633033e+01
1.864646725710376884e+01
1.891810901548971557e+01
1.919305783114982944e+01
1.947109617238725576e+01
1.975222935801264867e+01
2.003631413983166709e+01
2.032320726964995572e+01
2.061283978277567641e+01
2.090491986400947511e+01
2.119952711566450532e+01
2.149636972254142719e+01
2.179537871994838483e+01
2.209641085969103358e+01
2.239924861007252943e+01
2.270389728990352296e+01
2.301006496651213595e+01
2.331775637134632717e+01
2.362682755137653601e+01
2.393713455357320186e+01
2.424853342490674279e+01
2.456102877935260054e+01
2.487432809687621216e+01
2.518836170795050222e+01
2.550313422655090534e+01
2.581842741614535441e+01
2.613409732370429239e+01
2.645007427970063318e+01
2.676628861460732978e+01
2.708252209189229731e+01
2.739870504202848167e+01
2.771476779548881453e+01
2.803041783223871874e+01
2.834565976625363604e+01
2.866027536100149931e+01
2.897419494695523312e+01
2.928720028758278460e+01
2.959922171335707475e+01
2.991018955475103880e+01
3.021995985873510904e+01
3.052831438877722192e+01
3.083525775885281206e+01
3.114057173242980880e+01
3.144426092348364676e+01
3.174610709548225174e+01
3.204596629539607022e+01
3.234376885369802324e+01
3.263937081735854662e+01
3.293270251685057559e+01
3.322347143213954013e+01
3.351168217720088194e+01
3.379711651550251617e+01
3.407977906101989163e+01
3.435952586072343706e+01
3.463621296158358831e+01
3.490962212706826762e+01
3.517983225465541608e+01
3.544662510781296305e+01
3.570985673351134437e+01
3.596953174572600176e+01
3.622550619142734973e+01
3.647771040108833773e+01
3.672592613817688090e+01
3.697023230017092743e+01
3.721048493404090607e+01
3.744654008675724555e+01
3.767825298792763533e+01
3.790562416471377816e+01
3.812850475990963872e+01
3.834682019981165979e+01
3.856042162721380606e+01
3.876923446841252741e+01
3.897318414970428790e+01
3.917227038088804392e+01
3.936634430475775304e+01
3.955547991461486390e+01
3.973945406975084182e+01
3.991834076346712834e+01
4.009206542206020885e+01
4.026047918832401251e+01
4.042365605556000219e+01
4.058137288305965029e+01
4.073362938062188476e+01
4.088035097454319100e+01
4.102146309112001177e+01
4.115681687314630466e+01
4.128656059742602480e+01
4.141047112325063040e+01
4.152854816041908492e+01
4.164086570223283701e+01
4.174720060798333776e+01
4.184770115447456362e+01
4.194214420099795149e+01
4.203067802435747069e+01
4.211322805084957110e+01
4.218964542326820322e+01
4.226015270191983575e+01
4.232452674609591980e+01
4.238291583260041762e+01
4.243517110422727256e+01
4.248129227077545522e+01
4.252127904204392195e+01
4.255513112783162200e+01
4.258269967093251296e+01
4.260413294815054996e+01
4.261920781877719833e+01
4.262799827611389958e+01
4.263057831346212367e+01
4.262679907361582821e+01
4.261680883337896830e+01
4.260060730255048611e+01
4.257819419092935931e+01
4.254949492481202356e+01
4.251458349749994881e+01
4.247353390229459791e+01
4.242627156549241363e+01
4.237279536892707199e+01
4.231310088257110635e+01
4.224718284843175553e+01
4.217503600851627255e+01
4.209665510483188910e+01
4.201218344639087121e+01
4.192176434220544223e+01
4.182554110128786107e+01
4.172365703265037240e+01
4.161632972880770609e+01
4.150355393176712226e+01
4.138554723404335789e+01
4.126223009414116660e+01
4.113359725406778011e+01
4.099949488882545978e+01
4.085999202392393670e+01
4.071486055086296574e+01
4.056409521164978571e+01
4.040776503179413481e+01
4.024579046980077379e+01
4.007853768518943127e+01
3.990600141996736738e+01
3.972839926664931909e+01
3.954587453424753818e+01
3.935864481527675451e+01
3.916677913524672761e+01
3.897034651966720276e+01
3.876941599404790395e+01
3.856405658389860491e+01
3.835426303122653025e+01
3.814017864504393174e+01
3.792179816735805531e+01
3.769919062367863916e+01
3.747242503951544279e+01
3.724171900738319607e+01
3.700714155279165851e+01
3.676883598475305348e+01
3.652694561227965409e+01
3.628161374438367659e+01
3.603283512307238823e+01
3.578082734086051175e+01
3.552543657275032274e+01
3.526680612775403745e+01
3.500493074787890890e+01
3.473973089162969785e+01
3.447142415152112704e+01
3.419985670255545784e+01
3.392524613724742011e+01
3.364788433161427150e+01
3.336791459466824961e+01
3.308555466181142179e+01
3.280087427299012859e+01
3.251424044504803135e+01
3.222579734432130039e+01
3.193561485364357466e+01
3.164376285584852866e+01
3.135038551727232559e+01
3.105555272074862572e+01
3.075933434911107511e+01
3.046187456869584764e+01
3.016324326233661068e+01
2.986358459636951324e+01
2.956289417012571619e+01
2.926139043344388568e+01
2.895914326915768910e+01
2.865622256010076185e+01
2.835277247260929201e+01
2.804893717301942857e+01
2.774478654416483536e+01
2.744046475238166494e+01
2.713604168050359178e+01
2.683173577836926427e+01
2.652761692881234623e+01
2.622382929816900798e+01
2.592051705277539497e+01
2.561775007546518168e+01
2.531559824907201772e+01
2.501428002343457280e+01
2.471386528138650363e+01
2.441442390576147048e+01
2.411617434639813595e+01
2.381911220262766093e+01
2.352338164078620508e+01
2.322912682720992805e+01
2.293641764473249367e+01
2.264532397618755866e+01
2.235591570440878684e+01
2.206841127923483725e+01
2.178288058349937373e+01
2.149931921653355360e+01
2.121794562817604302e+01
2.093882970126049514e+01
2.066211560212307319e+01
2.038787321359744453e+01
2.011624670201976173e+01
1.984730595022368504e+01
1.958119512454538125e+01
1.931790982431600767e+01
1.905766849937423046e+01
1.880046674905119986e+01
1.854630095849109850e+01
1.829539350659764096e+01
1.804781899108256482e+01
1.780365200965759342e+01
1.756289287653196851e+01
1.732569047291991637e+01
1.709211939653316747e+01
1.686225424508346293e+01
1.663624389978502904e+01
1.641408867484710044e+01
1.619593745148389985e+01
1.598171626040217319e+01
1.577164826631864791e+01
1.556580806694505092e+01
1.536412169298812103e+01
1.516681230916458389e+01
1.497380594618117833e+01
1.478525148525213595e+01
1.460122352408918722e+01
1.442164809339906029e+01
1.424674835789849148e+01
1.407645034829421427e+01
1.391082866229795911e+01
1.375003218112395764e+01
1.359398693547894332e+01
1.344276752307464662e+01
1.329644854162280510e+01
1.315510458883514389e+01
1.301873597892089762e+01
1.288734302608930093e+01
1.276100032805208428e+01
1.263978248252097814e+01
1.252368980370521712e+01
1.241272260581403586e+01
1.230688120305666011e+01
1.220624019314482567e+01
1.211079989028776538e+01
1.202056060869471033e+01
1.193552266257489336e+01
1.185576064964004495e+01
1.178120060059689855e+01
1.171191711315718820e+01
1.164791050153014496e+01
1.158918107992499991e+01
1.153572916255098590e+01
1.148755506361733403e+01
1.144465909733328068e+01
1.140704157790805162e+01
1.137462853604838386e+01
1.134742028596350849e+01
1.132549209389053857e+01
1.130877333316311706e+01
1.129726832914276713e+01
1.129098140719101373e+01
1.128976832566437949e+01
1.129378197692938812e+01
1.130287811934256759e+01
1.131713536176793333e+01
1.133640946256201687e+01
1.136077903058883720e+01
1.139017410770742167e+01
1.142452473577679228e+01
1.146383524015847044e+01
1.150810994621398464e+01
1.155720461229985574e+01
1.161119784728010984e+01
1.166994540951126602e+01
1.173345162435485278e+01
1.180172081717239152e+01
1.187453446281790903e+01
1.195204545365792370e+01
1.203410954804896527e+01
1.212065678785005574e+01
1.221169149842271651e+01
1.230714372162597314e+01
1.240686921581634827e+01
1.251087230635536685e+01
1.261915731860455381e+01
1.273158001092043001e+01
1.284807042516202280e+01
1.296855860318835418e+01
1.309304887036094556e+01
1.322139698503632310e+01
1.335360727257601177e+01
1.348946120783403479e+01
1.362903739967441474e+01
1.377219160645367602e+01
1.391885387003084062e+01
1.406895423226493413e+01
1.422242273501498211e+01
1.437911513663751073e+01
1.453903576249403251e+01
1.470211465444358012e+01
1.486813328734017858e+01
1.503709598654534751e+01
1.520893279391810893e+01
1.538357375131749372e+01
1.556080033359751624e+01
1.574069114962221327e+01
1.592302767424559384e+01
1.610781416926888809e+01
1.629490607524708778e+01
1.648415876917488276e+01
1.667565047855446991e+01
1.686908801337553854e+01
1.706454960114027841e+01
1.726174205183838595e+01
1.746081787647454675e+01
1.766148388503845723e+01
1.786374402152980068e+01
1.806745366294328292e+01
1.827254246977608432e+01
1.847894010252540298e+01
1.868657622168842281e+01
1.889523192075734315e+01
1.910491114373185439e+01
1.931546926760664462e+01
1.952683595287890839e+01
1.973886657654333732e+01
1.995149079909712242e+01
2.016456399753494821e+01
2.037809011585652286e+01
2.059185024755402083e+01
2.080584833662715027e+01
2.101993976007058862e+01
2.123405417838153042e+01
2.144804696855467085e+01
2.166192207458970387e+01
2.187553487348131753e+01
2.208881502572670286e+01
2.230161790832055146e+01
2.251394746526255730e+01
2.272551050654241322e+01
2.293638525966230546e+01
2.314642710161692563e+01
2.335556569290347184e+01
2.356358212701412924e+01
2.377055463145109471e+01
2.397626429970656048e+01
2.418064079227770691e+01
2.438368805316424215e+01
2.458526145936084717e+01
2.478521638786221715e+01
2.498355678266804247e+01
2.518006373727051539e+01
2.537481547917182567e+01
2.556759310186416911e+01
2.575840054934723256e+01
2.594701891511321179e+01
2.613345214316179721e+01
2.631770349816341792e+01
2.649955067696394551e+01
2.667899354758749197e+01
2.685603197805817288e+01
2.703051726939509081e+01
2.720237500611987258e+01
2.737153077275411661e+01
2.753805872082443784e+01
2.770166158434495074e+01
2.786248779834476252e+01
2.802031438034049060e+01
2.817506691485374404e+01
2.832674526990863129e+01
2.847534931352926790e+01
2.862065606323224998e+01
2.876266538704171793e+01
2.890137715298176602e+01
2.903671694557399618e+01
2.916861034934004593e+01
2.929705723230400594e+01
2.942190889548498944e+01
2.954316520690711556e+01
2.966075175109199691e+01
2.977466839606373483e+01
2.988491500984644844e+01
2.999134289345925097e+01
3.009402619842875382e+01
3.019281622577405955e+01
3.028763856001677723e+01
3.037864163618604607e+01
3.046552818829594855e+01
3.054844665137559900e+01
3.062732260994662425e+01
3.070200736502812333e+01
3.077257506814671828e+01
3.083895130382401106e+01
3.090121022358660952e+01
3.095920312845364109e+01
3.101300416995170650e+01
3.106261321610491422e+01
3.110795585143488751e+01
3.114910622746823066e+01
3.118606421222904501e+01
3.121868110673646513e+01
3.124703106251708462e+01
3.127111394759501906e+01
3.129085534649188460e+01
3.130632941073428555e+01
3.131738744134134222e+01
3.132417787334215475e+01
3.132655143024367916e+01
3.132472794301668273e+01
3.131855524760728571e+01
3.130802974696658225e+01
3.129329641105068305e+01
3.127427735930820418e+01
3.125096899469025047e+01
3.122344200365042965e+01
3.119161850563735783e+01
3.115556918710462497e+01
3.111529045100335722e+01
3.107077870028465583e+01
3.102203033789963627e+01
3.096911605030189563e+01
3.091210652394504876e+01
3.085092387827770111e+01
3.078578736675846983e+01
3.071654482533345032e+01
3.064341550746125975e+01
3.056632153259050355e+01
3.048533358717479658e+01
3.040052235766773947e+01
3.031188424702044415e+01
3.021948994168651481e+01
3.012326156111457109e+01
3.002334407526070947e+01
2.991973388707603476e+01
2.981242739951167309e+01
2.970156958252372448e+01
2.958715683906329730e+01
2.946925985558399574e+01
2.934787503503693173e+01
2.922307306387570947e+01
2.909499891205645383e+01
2.896357469902775961e+01
2.882894539474572682e+01
2.869110740216148159e+01
2.855020569123112040e+01
2.840616238140325933e+01
2.825919672613650846e+01
2.810915656137696317e+01
2.795633542408575067e+01
2.780058115020895926e+01
2.764211299320520610e+01
2.748085307252311082e+01
2.731694635811876992e+01
2.715038925294329175e+01
2.698125244345028761e+01
2.680968089959587175e+01
2.663574530783363770e+01
2.645944211030638016e+01
2.628091647292854560e+01
2.610016503380126807e+01
2.591748156503567557e+01
2.573271413772789273e+01
2.554608224048654819e+01
2.535765679491527180e+01
2.516736015561269468e+01
2.497541181118744191e+01
2.478188268324313981e+01
2.458676940988091530e+01
2.439014291270440538e+01
2.419214839681972506e+01
2.399278250032801552e+01
2.379219042833539532e+01
2.359044310244549791e+01
2.338761144426194960e+01
2.318369209188587377e+01
2.297890453392590615e+01
2.277331969198567307e+01
2.256685992066379853e+01
2.235981899207141765e+01
2.215211926080715088e+01
2.194390593197713102e+01
2.173524992718498794e+01
2.152629645153684379e+01
2.131696785963132967e+01
2.110748364007707067e+01
2.089784043097520438e+01
2.068818343743184585e+01
2.047843501404563327e+01
2.026881464942519528e+01
2.005931898167164817e+01
1.985001893238863246e+01
1.964105970668227030e+01
1.943251222615618801e+01
1.922444741241402255e+01
1.901693618705939315e+01
1.881004947169592967e+01
1.860393247142976492e+01
1.839858182436202583e+01
1.819414273559883100e+01
1.799061184324132157e+01
1.778806006889311320e+01
1.758663261766034580e+01
1.738625184414164693e+01
1.718713723694563100e+01
1.698928543417344272e+01
1.679276735742869775e+01
1.659765392831503306e+01
1.640401661070275097e+01
1.621192903752888270e+01
1.602139110049463255e+01
1.583255125830621068e+01
1.564548368616732787e+01
1.546026255928169135e+01
1.527681348584800602e+01
1.509535920807498144e+01
1.491582533416132605e+01
1.473836032281324826e+01
1.456296406573195767e+01
1.438978502162365913e+01
1.421882308218956403e+01
1.405015242263337782e+01
1.388377293465631013e+01
1.371983307696456222e+01
1.355833274125935617e+01
1.339934610274439031e+01
1.324294733662337187e+01
1.308913633459751402e+01
1.293798727187052222e+01
1.278957432364610369e+01
1.264382309812297045e+01
1.250095633750982493e+01
1.236089965000538093e+01
1.222372721081334213e+01
1.208943891163491990e+01
1.195810892767381794e+01
1.182973715063124942e+01
1.170439775571091978e+01
1.158216491811653803e+01
1.146303852954931024e+01
1.134701848171044603e+01
1.123410466630115501e+01
1.112444554202764202e+01
1.101796671708861730e+01
1.091466808318528869e+01
1.081469809902386636e+01
1.071805665630555282e+01
1.062466936322906186e+01
1.053461039499809715e+01
1.044787964331386831e+01
1.036447699987758497e+01
1.028447663989295791e+01
1.020787845506118785e+01
1.013468233708348443e+01
1.006488817766106081e+01
9.998495868495123062e+00
9.935579584789376639e+00
9.876064934742531776e+00
9.820026591667938121e+00
9.767392654312507361e+00
9.718240286537799477e+00
9.672572368702866186e+00
9.630317497664261595e+00
9.591552837283547461e+00
9.556281267919773725e+00
9.524357102927000440e+00
9.495931789669278089e+00
9.471008208505665493e+00
9.449440672790217377e+00
9.431306346384490169e+00
9.416608109647537361e+00
9.405274559435914838e+00
9.397382859611180805e+00
9.392861607029889370e+00
9.391639398548596418e+00
9.393867681531354208e+00
9.399326485829719857e+00
9.408167258807752731e+00
9.420244313819502224e+00
9.435634814726530095e+00
9.454193074882887515e+00
9.476070541652630297e+00
9.501047244887319110e+00
9.529274631951000885e+00
9.560607016197737451e+00
9.594972994484081141e+00
9.632524014174091320e+00
9.673040105119318000e+00
9.716672714683820544e+00
9.763201872719154295e+00
9.812704743086875681e+00
9.865109922643537033e+00
9.920420291748195396e+00
9.978490163754909048e+00
1.003939670252522731e+01
1.010306850491571318e+01
1.016943416778291542e+01
1.023849657148589287e+01
1.031011002937870202e+01
1.038435170532289575e+01
1.046115019617503172e+01
1.054035981528916466e+01
1.062205772652684921e+01
1.070617252674464304e+01
1.079255852929659909e+01
1.088129289804427380e+01
1.097222994634172366e+01
1.106537255454800395e+01
1.116064931769124691e+01
1.125798882348589203e+01
1.135739394132045277e+01
1.145871897357844560e+01
1.156204107315088869e+01
1.166714025891879380e+01
1.177409368377317911e+01
1.188282993360005868e+01
1.199320331078295077e+01
1.210521668471036882e+01
1.221879864126832871e+01
1.233395204984534743e+01
1.245053121282493969e+01
1.256846471609312133e+01
1.268782971254090874e+01
1.280848050455181486e+01
1.293034567801185553e+01
1.305335381880705192e+01
1.317750779632591396e+01
1.330266191295195988e+01
1.342881903807370314e+01
1.355598204107965898e+01
1.368393094085085160e+01
1.381266860677578379e+01
1.394212362474048206e+01
1.407229886413345632e+01
1.420312291084072243e+01
1.433445006724579507e+01
1.446628320273719659e+01
1.459855090320093218e+01
1.473118175452302836e+01
1.486417862609199148e+01
1.499732153678884572e+01
1.513068763950460038e+01
1.526420552012527310e+01
1.539772948103438033e+01
1.553118810811793615e+01
1.566465855426695875e+01
1.579792083836245808e+01
1.593105211329545590e+01
1.606390668144946687e+01
1.619648741221300270e+01
1.632864860796958695e+01
1.646046742161022891e+01
1.659172387201594034e+01
1.672242082857524537e+01
1.685256116067665388e+01
1.698207345420619063e+01
1.711081201154736320e+01
1.723877970208868504e+01
1.736590469199318321e+01
1.749211346853191174e+01
1.761740638275542636e+01
1.774170950221179055e+01
1.786487461094656126e+01
1.798697634351279362e+01
1.810794076745855463e+01
1.822761966682940127e+01
1.834608767617839220e+01
1.846319657955108440e+01
1.857894672799804425e+01
1.869326418906732812e+01
1.880614931380949173e+01
1.891752816977259855e+01
1.902732682450470847e+01
1.913547134555387785e+01
1.924203636747316537e+01
1.934687367430813509e+01
1.944990933360684693e+01
1.955121797992235599e+01
1.965057711379772343e+01
1.974813565328851084e+01
1.984374538244027164e+01
1.993733236880107285e+01
2.002897124692396957e+01
2.011858808435702528e+01
2.020610894864829277e+01
2.029160847435083781e+01
2.037493844551021382e+01
2.045609921317698721e+01
2.053509112840171369e+01
2.061191454223495612e+01
2.068642123872226790e+01
2.075868585241671127e+01
2.082856016736384674e+01
2.089611881811673300e+01
2.096128787222342993e+01
2.102399339723199745e+01
2.108431002769549423e+01
2.114216383116198017e+01
2.119755515868201812e+01
2.125041007780366087e+01
2.130072893957747127e+01
2.134851209505400860e+01
2.139368561178133277e+01
2.143632412431250600e+01
2.147635370019558110e+01
2.151377469048112445e+01
2.154858744621968469e+01
2.158071803495933594e+01
2.161024066839129532e+01
2.163707929975443989e+01
2.166115745942581938e+01
2.168262152828998168e+01
2.170132075322147003e+01
2.171732723160232581e+01
2.173056449380959876e+01
2.174103035372283443e+01
2.174872262522157840e+01
2.175371340568786849e+01
2.175607479250376031e+01
2.175565603254379710e+01
2.175252922319002025e+01
2.174676646182448181e+01
2.173836556232672024e+01
2.172725005507378171e+01
2.171341775394521534e+01
2.169694075632306607e+01
2.167774259258437652e+01
2.165596964361369459e+01
2.163139687278306766e+01
2.160424494447953236e+01
2.157443738908014552e+01
2.154197202046444559e+01
2.150692093601448107e+01
2.146935623311229335e+01
2.142912715863242923e+01
2.138638009345943658e+01
2.134111285147286097e+01
2.129324896304974857e+01
2.124293480907463660e+01
2.119009391992458546e+01
2.113479839298162233e+01
2.107704604212530697e+01
2.101676039773268201e+01
2.095408784068828822e+01
2.088910046837417056e+01
2.082164752766488292e+01
2.075187539944496251e+01
2.067985618109645785e+01
2.060558768649891448e+01
2.052906772953188153e+01
2.045036840757739327e+01
2.036956181801750532e+01
2.028657149122926029e+01
2.020139524109220375e+01
2.011425373199338296e+01
2.002499621080733405e+01
1.993369477491611619e+01
1.984034723819926427e+01
1.974509995059454326e+01
1.964795057124754152e+01
1.954889672835707870e+01
1.944793605012196025e+01
1.934521473174600459e+01
1.924073040142801361e+01
1.913455497086929924e+01
1.902661178476617110e+01
1.891704703832244050e+01
1.880593264323942293e+01
1.869319194421342090e+01
1.857897113644825282e+01
1.846326784814272060e+01
1.834615399099813615e+01
1.822762719321331559e+01
1.810768508298706436e+01
1.798654813902569671e+01
1.786406542252302287e+01
1.774030884518034412e+01
1.761542460220148243e+01
1.748933603828274030e+01
1.736218934862793262e+01
1.723398216143586836e+01
1.710478638840785948e+01
1.697467394124521078e+01
1.684371673164924132e+01
1.671198667132125593e+01
1.657940710495756420e+01
1.644612422776198102e+01
1.631220995143581476e+01
1.617758762067536793e+01
1.604240343068446251e+01
1.590665500966190393e+01
1.577033998580650298e+01
1.563360455432207097e+01
1.549644634340741867e+01
1.535886298126135152e+01
1.522100066308768085e+01
1.508278273358272514e+01
1.494442967145278978e+01
1.480586482139418081e+01
1.466716009510821195e+01
1.452831312079369752e+01
1.438947009365444352e+01
1.425062864188926071e+01
1.411171211019445693e+01
1.397294097727634998e+01
1.383423858783124238e+01
1.369567685356045139e+01
1.355740196966778122e+01
1.341926330642851362e+01
1.328148288795628673e+01
1.314413448044120969e+01
1.300706899956589346e+01
1.287058306202794533e+01
1.273452758350997449e+01
1.259897633020208829e+01
1.246407735179689702e+01
1.232975584747950570e+01
1.219615986694252641e+01
1.206321460937106771e+01
1.193099384095523696e+01
1.179957132788513974e+01
1.166894655284838933e+01
1.153919328203509309e+01
1.141038528163535837e+01
1.128252203433679490e+01
1.115560302282701066e+01
1.102970201329611477e+01
1.090481848843171342e+01
1.078110049792641867e+01
1.065847324096533733e+01
1.053708476724107790e+01
1.041686027593874719e+01
1.029787353324845611e+01
1.018012402185781617e+01
1.006375979145942878e+01
9.948631757735906689e+00
9.834962253882361338e+00
9.722676479083892431e+00
9.611773916028118592e+00
9.502328330905143616e+00
9.394413489905073078e+00
9.287954592213019112e+00
9.183025404019090843e+00
9.079699691513395621e+00
8.977976937383543188e+00
8.877856624317139733e+00
8.779412518504294383e+00
8.682644102632618655e+00
8.587550859389716962e+00
8.494206554965700207e+00
8.402536388545678747e+00
8.312688409822255764e+00
8.224587817980545168e+00
8.138308379210652532e+00
8.053775292697688215e+00
7.971136608134256285e+00
7.890317524705472430e+00
7.811317525098940173e+00
7.734210709717261878e+00
7.658998232310504584e+00
7.585681580841229454e+00
7.514262243271995878e+00
7.444815991067867067e+00
7.377270028688901249e+00
7.311700127600158083e+00
7.248033492261699351e+00
7.186390464240083986e+00
7.126705676345621576e+00
7.068995473241376892e+00
7.013276199590406712e+00
6.959549343355271311e+00
6.907816392498531854e+00
6.858093691683247783e+00
6.810382728871982039e+00
6.764677563677041761e+00
6.720994540761488167e+00
6.679327719737632840e+00
6.639678588568035167e+00
6.602048635215255423e+00
6.566424490941354719e+00
6.532807643708892442e+00
6.501199581480427980e+00
6.471594363868274691e+00
6.443993478834990185e+00
6.418383557642634685e+00
6.394758659903521547e+00
6.373112845229958801e+00
6.353440173234256250e+00
6.335727275178475892e+00
6.319975639025177117e+00
6.306171896036420144e+00
6.294295249124014724e+00
6.284347186250523798e+00
6.276306910327754451e+00
6.270161052617769570e+00
6.265903672732878071e+00
6.263513973584890593e+00
6.262978586435866468e+00
6.264291570898118167e+00
6.267417273182955384e+00
6.272349752902687037e+00
6.279060784618874180e+00
6.287551856294077091e+00
6.297787314139607240e+00
6.309753789417523073e+00
6.323423056689387423e+00
6.338789175567508316e+00
6.355816492263196338e+00
6.374491701839461122e+00
6.394794326212849711e+00
6.416696522750610754e+00
6.440177877170239817e+00
6.465210546838982886e+00
6.491774117474339079e+00
6.519840746443552604e+00
6.549382591113872998e+00
6.580379237202793163e+00
6.612802842077564414e+00
6.646625563105430068e+00
6.681812129303389192e+00
6.718349554739186047e+00
6.756202568429821476e+00
6.795343327742535244e+00
6.835743990044580443e+00
6.877376712703202166e+00
6.920213653085647287e+00
6.964219540208911319e+00
7.009366531440242021e+00
7.055589642395636574e+00
7.102950170645340400e+00
7.151353418404350570e+00
7.200726972938415571e+00
7.251072705015779718e+00
7.302466768907191152e+00
7.354688184873396928e+00
7.407813107185141632e+00
7.461843406610675800e+00
7.516706670415743474e+00
7.572330485866089589e+00
7.628716723729965565e+00
7.685792971273116336e+00
7.743635382766287378e+00
7.802097261972726905e+00
7.861180479660678344e+00
7.920886906598394894e+00
7.981144130051617935e+00
8.041954020788594448e+00
8.103244166075073807e+00
8.165016436679303879e+00
8.227124136364526663e+00
8.289717702903992347e+00
8.352650440060944703e+00
8.415849935101133994e+00
8.479392342295307472e+00
8.543205248909206517e+00
8.607216242208583168e+00
8.671427192961681740e+00
8.735765688434250720e+00
8.800233383069389959e+00
8.864756782507123845e+00
8.929410743067325740e+00
8.993972987059876800e+00
9.058592654307151548e+00
9.123121750621530524e+00
9.187635132322887088e+00
9.251984805223605335e+00
9.316171342141052136e+00
9.380195315892612129e+00
9.444057299295661068e+00
9.507609298162575939e+00
9.570926168813231882e+00
9.634008484065009981e+00
9.696633966227786061e+00
9.758951755123936422e+00
9.820888140068339212e+00
9.882369410375869023e+00
9.943396138863906941e+00
1.000396889834983050e+01
1.006401397814851251e+01
1.012353195107733228e+01
1.018252338995366912e+01
1.024084030058990002e+01
1.029855753930590012e+01
1.035560139541654756e+01
1.041204672524171926e+01
1.046774553459379220e+01
1.052269839629014392e+01
1.057698016665065488e+01
1.063036856798519558e+01
1.068301274011614765e+01
1.073483897235839102e+01
1.078584783752929788e+01
1.083589134144124699e+01
1.088504434041411351e+01
1.093330740726528028e+01
1.098060683130962190e+01
1.102694318536451235e+01
1.107231704224733271e+01
1.111665469127296113e+01
1.115995670525876982e+01
1.120222365702214162e+01
1.124345611938045053e+01
1.128365466515107407e+01
1.132274558364889039e+01
1.136072944769127524e+01
1.139753254659310677e+01
1.143322973667426545e+01
1.146774730724962055e+01
1.150108557457154390e+01
1.153316954512983195e+01
1.156414681935677713e+01
1.159379358017216788e+01
1.162225742800828954e+01
1.164946311278993640e+01
1.167540966794439328e+01
1.170009612689895029e+01
1.172352152308089401e+01
1.174561060641501697e+01
1.176636241032860575e+01
1.178585025175144629e+01
1.180399888060833291e+01
1.182080733032655218e+01
1.183627463433339067e+01
1.185032554255363735e+01
1.186310765541958645e+01
1.187447143935352045e+01
1.188456449478773003e+01
1.189323728814450121e+01
1.190056313635363061e+01
1.190646678933990010e+01
1.191109584753560036e+01
1.191437506086551856e+01
1.191622917925444725e+01
1.191673151963217236e+01
1.191588111542598405e+01
1.191367700006316888e+01
1.191004392346851759e+01
1.190505520257181793e+01
1.189870987080035825e+01
1.189108124508392805e+01
1.188201979184481338e+01
1.187159882801280908e+01
1.185981738701519994e+01
1.184667450227927432e+01
1.183224349073481996e+01
1.181644910230662937e+01
1.179936465392448852e+01
1.178091489551318993e+01
1.176117314400251779e+01
1.174013843281976044e+01
1.171780979539220802e+01
1.169418626514715243e+01
1.166926687551187669e+01
1.164305065991367449e+01
1.161561093528233357e+01
1.158687245154263934e+01
1.155690852562438486e+01
1.152564390745235556e+01
1.149315183587134293e+01
1.145943095388363275e+01
1.142455410990901576e+01
1.138851986886477974e+01
1.135125251216571307e+01
1.131282488823160648e+01
1.127330984548224535e+01
1.123270594883492102e+01
1.119101176320691948e+01
1.114815157001303092e+01
1.110427250117554543e+01
1.105937312161174724e+01
1.101337771273642829e+01
1.096635912296937754e+01
1.091831591722788453e+01
1.086932094393173287e+01
1.081929848449571452e+01
1.076839567084211957e+01
1.071646250088323349e+01
1.066372039004384753e+01
1.061009361973875009e+01
1.055558075488522718e+01
1.050018036040057012e+01
1.044396528470456609e+01
1.038693409271450463e+01
1.032915963285017291e+01
1.027056618652636111e+01
1.021115231866035522e+01
1.015113944467694829e+01
1.009030327898592638e+01
1.002886523701207722e+01
9.966749600170190959e+00
9.903954933377555392e+00
9.840628368556460615e+00
9.776694187121693247e+00
9.712150953990542845e+00
9.647145801085297734e+00
9.581603009820744532e+00
9.515595428616675733e+00
9.449047338887881509e+00
9.382105872556643078e+00
9.314695311037754166e+00
9.246888502751001937e+00
9.178758296116177107e+00
9.110228972548066295e+00
9.041299096963955506e+00
8.972115801286140169e+00
8.902677650431902734e+00
8.832908925816036927e+00
8.762882475858326359e+00
8.692671295646210439e+00
8.622274683435215081e+00
8.551692084148520223e+00
8.480922942709300472e+00
8.410115271045730978e+00
8.339119947075987582e+00
8.268084982728248988e+00
8.197009822925689804e+00
8.125893912591486412e+00
8.054810980151316357e+00
7.983686187025852199e+00
7.912593261640775033e+00
7.841531648919257691e+00
7.770575077286976828e+00
7.699722991667109717e+00
7.629049120485333901e+00
7.558478625162322828e+00
7.488085234123752265e+00
7.417942675795300644e+00
7.347976111597644078e+00
7.278333553458958605e+00
7.208895592698419286e+00
7.139787956193453411e+00
7.070995232166735533e+00
7.002531722241945644e+00
6.934426584743255795e+00
6.866694121294345976e+00
6.799356061869139545e+00
6.732426708091311163e+00
6.665935218285041763e+00
6.599903322424255592e+00
6.534337893782377726e+00
6.469275519033836019e+00
6.404730499802306021e+00
6.340724566061714640e+00
6.277264591085486067e+00
6.214364876497298518e+00
6.152054580621327595e+00
6.090340576730999267e+00
6.029244594800240442e+00
5.968773508102475311e+00
5.908949046611633449e+00
5.849792940301639099e+00
5.791319490796168701e+00
5.733542999718897804e+00
5.676477768693503734e+00
5.620138099343662930e+00
5.564553149993550996e+00
5.509722365566343427e+00
5.455667476035967134e+00
5.402388120472291888e+00
5.349899571232447748e+00
5.298224723170511297e+00
5.247364186089807703e+00
5.197333426494163078e+00
5.148140482537152174e+00
5.099808249072848909e+00
5.052337335904579341e+00
5.005735781185919997e+00
4.960026479770942132e+00
4.915210041462975354e+00
4.871301932765842224e+00
4.828302763482868798e+00
4.786235428468129882e+00
4.745093109174699286e+00
4.704891272106404898e+00
4.665637955416819693e+00
4.627333768909270617e+00
4.589986750737331533e+00
4.553612367404827665e+00
4.518203800364833711e+00
4.483769087770927086e+00
4.450308839426430296e+00
4.417838521835169452e+00
4.386358744800469722e+00
4.355862689775406693e+00
4.326365823263804700e+00
4.297861326718740216e+00
4.270364666644036689e+00
4.243861596142520121e+00
4.218367581718016623e+00
4.193883233173849590e+00
4.170401731963093717e+00
4.147938544589576892e+00
4.126471995805872872e+00
4.106017552115805991e+00
4.086568394972452722e+00
4.068117705828885988e+00
4.050673522838683205e+00
4.034229027454919958e+00
4.018784829480920529e+00
4.004334110369757838e+00
3.990870051574510136e+00
3.978393262898501259e+00
3.966904354145056821e+00
3.956389078417000604e+00
3.946848045517659553e+00
3.938281865250358393e+00
3.930668862367671768e+00
3.924017075023174872e+00
3.918319759363856125e+00
3.913555613611853001e+00
3.909733124084214140e+00
3.906845920397493455e+00
3.904880203817988171e+00
3.903822175612001733e+00
3.903680322096581445e+00
3.904433416187779393e+00
3.906075087502146825e+00
3.908598965656232327e+00
3.911998680266587591e+00
3.916260432599512953e+00
3.921377852271558329e+00
3.927337140549024497e+00
3.934124498698211347e+00
3.941733556335669686e+00
3.950157943077951206e+00
3.959376431841104438e+00
3.969382652241680187e+00
3.980162805545979676e+00
3.991710521370552378e+00
4.004004572631449932e+00
4.017046017295472282e+00
4.030806199928418820e+00
4.045278750146842128e+00
4.060457297567290347e+00
4.076320615105816003e+00
4.092854904028716767e+00
4.110046365602296525e+00
4.127881201092852947e+00
4.146345611766688144e+00
4.165433227240351144e+00
4.185115392079644003e+00
4.205393164251365334e+00
4.226237888321317193e+00
4.247635765555799026e+00
4.269580425571361637e+00
4.292058069634305362e+00
4.315040042310431367e+00
4.338527401566539154e+00
4.362491491968428114e+00
4.386925943132651717e+00
4.411802099625008466e+00
4.437121019412297862e+00
4.462854047060321960e+00
4.488979955485131512e+00
4.515499802653525130e+00
4.542384933131304869e+00
4.569621548184769289e+00
4.597195849080222274e+00
4.625086520374142474e+00
4.653279321534989244e+00
4.681752495321402918e+00
4.710491712842270751e+00
4.739490073556735794e+00
4.768710963522935664e+00
4.798154910550262109e+00
4.827800157397351910e+00
4.857632375173096762e+00
4.887622378285884750e+00
4.917763266194858041e+00
4.948040710008902998e+00
4.978432952486662622e+00
5.008918236386775469e+00
5.039482232818131457e+00
5.070110612889619617e+00
5.100781619359878505e+00
5.131488351688051175e+00
5.162201624282523937e+00
5.192921964952688541e+00
5.223620188106933959e+00
5.254296821554651054e+00
5.284922679704227910e+00
5.315490862014804030e+00
5.345979611245020635e+00
5.376374598503765867e+00
5.406668923250181891e+00
5.436833399892655905e+00
5.466861127890328298e+00
5.496730350001840293e+00
5.526426737336080031e+00
5.555935961001936541e+00
5.585251120458551100e+00
5.614350458464563154e+00
5.643219646128860845e+00
5.671851782910586337e+00
5.700225111568378189e+00
5.728332731561375013e+00
5.756152885648218032e+00
5.783686101638297217e+00
5.810895765589750184e+00
5.837789833662219152e+00
5.864339120264091321e+00
5.890536724854507966e+00
5.916368318542360782e+00
5.941819572436535246e+00
5.966883585996172634e+00
5.991546030330163752e+00
6.015800004897648101e+00
6.039631180807514710e+00
6.063032514256854633e+00
6.085988960044315554e+00
6.108492758056744520e+00
6.130528719830739881e+00
6.152089085253151346e+00
6.173166094210824184e+00
6.193737129890108939e+00
6.213794432177854432e+00
6.233330240960905932e+00
6.252336796126114926e+00
6.270806337560325794e+00
6.288731105150390910e+00
6.306088482082655489e+00
6.322892993294718877e+00
6.339122021972928955e+00
6.354767808004133656e+00
6.369830019625432271e+00
6.384300896723670959e+00
6.398172679185701206e+00
6.411445035248617863e+00
6.424102776449020169e+00
6.436145571024007417e+00
6.447573087210675347e+00
6.458370136545625861e+00
6.468528958915703342e+00
6.478056650908257552e+00
6.486930595709638148e+00
6.495157889907191340e+00
6.502730773387766838e+00
6.509641486038209024e+00
6.515889696095621630e+00
6.521475071797099510e+00
6.526389853029490595e+00
6.530648564730395123e+00
6.534236018436409665e+00
6.537166739085130907e+00
6.539425538213161637e+00
6.541026940758095876e+00
6.541948329906285053e+00
6.542211658945574548e+00
6.541794311062313128e+00
6.540703382843849667e+00
6.538945970877533931e+00
6.536506886699959828e+00
6.533385798548229317e+00
6.529597231359939968e+00
6.525140853372187522e+00
6.520008904471822575e+00
6.514208481246194005e+00
6.507739251932396662e+00
6.500608240540402427e+00
6.492807324070160924e+00
6.484343163644743058e+00
6.475222420387218847e+00
6.465429470369912224e+00
6.454978403066142789e+00
6.443868451248730977e+00
6.432098847690498999e+00
6.419676253514518649e+00
6.406607329843859056e+00
6.392891309451342430e+00
6.378549710160541508e+00
6.363589193094524532e+00
6.348001562675865017e+00
6.331808336728133035e+00
6.315001319673900326e+00
6.297602029336736962e+00
6.279602270139215570e+00
6.261016131554656639e+00
6.241850274706130186e+00
6.222096504016208840e+00
6.201768908958213089e+00
6.180881579005465198e+00
6.159426318580535131e+00
6.137432073857245207e+00
6.114898077608415861e+00
6.091823562606867526e+00
6.068237475026421635e+00
6.044131619289650814e+00
6.019520084869875554e+00
5.994402104539915399e+00
5.968799196123343975e+00
5.942710592392979940e+00
5.916142954471896864e+00
5.889102943483165653e+00
5.861604648900104131e+00
5.833662160196037227e+00
5.805267281793535794e+00
5.776456388216669069e+00
5.747221283888009680e+00
5.717583486631128586e+00
5.687549657569096695e+00
5.657141314525484077e+00
5.626357690273114720e+00
5.595205445935056865e+00
5.563706099334883248e+00
5.531858883245414304e+00
5.499677887139973187e+00
5.467169772141627249e+00
5.434348627723700531e+00
5.401213739932105184e+00
5.367794321306119443e+00
5.334082495906862675e+00
5.300100101196455249e+00
5.265861546286767059e+00
5.231366383589165281e+00
5.196636450565772947e+00
5.161678727978208592e+00
5.126500196588091640e+00
5.091122693857541570e+00
5.055545772197928223e+00
5.019791269071372852e+00
4.983858736889243524e+00
4.947777441463910186e+00
4.911539506856493098e+00
4.875166770529111737e+00
4.838673641593635999e+00
4.802059672461434836e+00
4.765339272244379032e+00
4.728526850054338482e+00
4.691629386652931721e+00
4.654668719502279117e+00
4.617644401013750510e+00
4.580578268649464491e+00
4.543477303171044035e+00
4.506363342040605069e+00
4.469235937669519210e+00
4.432124355870156407e+00
4.395020720703634254e+00
4.357954297982325365e+00
4.320917211767348221e+00
4.283931299520822300e+00
4.246996113654118332e+00
4.210133491629354019e+00
4.173350414208151449e+00
4.136646433801879574e+00
4.100050816222907457e+00
4.063555685532354467e+00
4.027182879192341858e+00
3.990946806314738637e+00
3.954847019310913758e+00
3.918897927292738892e+00
3.883113939372081713e+00
3.847494607960313395e+00
3.812061770519552528e+00
3.776807551110919814e+00
3.741753787196534287e+00
3.706900031187766675e+00
3.672260692196485543e+00
3.637850179334561229e+00
3.603668137709682195e+00
3.569722011565065856e+00
3.536034194540746078e+00
3.502604795226009760e+00
3.469441350560391601e+00
3.436566254183927249e+00
3.403972186335651795e+00
3.371681540655601328e+00
3.339686997382811384e+00
3.308003521807066249e+00
3.276631222517651931e+00
3.245592493154604963e+00
3.214880013956959992e+00
3.184501321864252166e+00
3.154471382166267546e+00
3.124797731802541279e+00
3.095473051012108456e+00
3.066519733435005168e+00
3.037937887660516090e+00
3.009735050628178143e+00
2.981918759277525144e+00
2.954489122197843987e+00
2.927453676328668930e+00
2.900827386959786480e+00
2.874595505979981702e+00
2.848780427029288909e+00
2.823382258696995439e+00
2.798401109572385526e+00
2.773844516594995202e+00
2.749720016704359615e+00
2.726020290139514302e+00
2.702760302190244879e+00
2.679940161445836910e+00
2.657567404845825099e+00
2.635634712629245868e+00
2.614149621735634366e+00
2.593119669104525737e+00
2.572544963325205991e+00
2.552433041337209385e+00
2.532776583379572788e+00
2.513583126391831346e+00
2.494860207313520206e+00
2.476600506383674460e+00
2.458811560541830588e+00
2.441493478377273263e+00
2.424638940129038467e+00
2.408262911086911373e+00
2.392358071489927518e+00
2.376924529927371577e+00
2.361962394988530445e+00
2.347471864846067291e+00
2.333453496006164141e+00
2.319907934558379736e+00
2.306835826592274596e+00
2.294245246547657491e+00
2.282121983813588884e+00
2.270474112829877988e+00
2.259294851335835297e+00
2.248584845421019995e+00
2.238352169525242186e+00
2.228582613037561000e+00
2.219276822047536513e+00
2.210442870994978826e+00
2.202066549268947515e+00
2.194155931309252239e+00
2.186704234855202600e+00
2.179712105996358229e+00
2.173172762472029174e+00
2.167094278722025535e+00
2.161455015785155975e+00
2.156270476451481510e+00
2.151526450110060829e+00
2.147223582850454893e+00
2.143355092411971974e+00
2.139929053234422174e+00
2.136923826356616374e+00
2.134347486218363343e+00
2.132193250558973130e+00
2.130461765468005364e+00
2.129138820334519178e+00
2.128225061248075534e+00
2.127721134298233618e+00
2.127612828874053008e+00
2.127900791065093777e+00
2.128585666960915113e+00
2.129653245950577478e+00
2.131096745773390033e+00
2.132924240869162880e+00
2.135114092276705566e+00
2.137674374435828195e+00
2.140590876735589454e+00
2.143864245265550750e+00
2.147480269414770770e+00
2.151439595272809147e+00
2.155742868929226397e+00
2.160368451422831182e+00
2.165324417193434492e+00
2.170596555630094571e+00
2.176178084472122798e+00
2.182069649809077916e+00
2.188256912947678767e+00
2.194732451215532176e+00
2.201496142208152929e+00
2.208540435170806226e+00
2.215850350998507690e+00
2.223418338936522076e+00
2.231244276580365504e+00
2.239313184825052261e+00
2.247624941266098020e+00
2.256164566798517512e+00
2.264931939017826856e+00
2.273912078819041227e+00
2.283097435447425383e+00
2.292487886498494998e+00
2.302068452867264803e+00
2.311831583799000889e+00
2.321769728538967570e+00
2.331882764682680964e+00
2.342148284774905331e+00
2.352573594761407705e+00
2.363136287186951012e+00
2.373836239647052260e+00
2.384665901386976206e+00
2.395610293301738025e+00
2.406669292986852948e+00
2.417835349687586621e+00
2.429093484298953776e+00
2.440436146066219170e+00
2.451863212584899809e+00
2.463359704750009538e+00
2.474925500157064473e+00
2.486545619701078458e+00
2.498219940977568054e+00
2.509933484881548882e+00
2.521678700658285255e+00
2.533455465903292403e+00
2.545241373161335918e+00
2.557043728378181058e+00
2.568847552448842997e+00
2.580637866268336911e+00
2.592421975782428056e+00
2.604184901886132497e+00
2.615919093824714547e+00
2.627624429193689437e+00
2.639278500537822758e+00
2.650888613802880212e+00
2.662439789883876529e+00
2.673931906376326939e+00
2.685342555824996591e+00
2.696679044175651629e+00
