# ee
3.696703676104297343e-02
6.404917139997158559e-02
7.664332804786602726e-02
7.278158776142487629e-02
5.789715374612398185e-02
3.973086289848067748e-02
2.434630627738655281e-02
1.442932586837273115e-02
9.675851901966927432e-03
8.174273881059363617e-03
7.902249707556405905e-03
7.587196380063345423e-03
6.879270006170452867e-03
6.039796559211501811e-03
5.487480762983876909e-03
5.370303139406899101e-03
5.706145049136939450e-03
6.301655640104903734e-03
6.935098794771227780e-03
7.562864027725338389e-03
8.220620825011607305e-03
9.010748075954521166e-03
1.004214894509901021e-02
1.135220547591115833e-02
1.295269025759484757e-02
1.479982743906204865e-02
1.682909989337670262e-02
1.904729738497367222e-02
2.147497370817534265e-02
2.410729589941581694e-02
2.695999890169934257e-02
2.998904201097574163e-02
3.321275007246574096e-02
3.662143973807260866e-02
4.022781950099286324e-02
4.405290352261203440e-02
4.809056371233295241e-02
5.236517695656794230e-02
5.691136442766495801e-02
6.175644318973887159e-02
6.689799568442983402e-02
7.232600311676662397e-02
7.802829187651713627e-02
8.398986499777513770e-02
9.019814629948325058e-02
9.666198126176482608e-02
1.033886991578300274e-01
1.103848859099027524e-01
1.176682694747924335e-01
1.252531679228659767e-01
1.331358041960695182e-01
1.413045344054371655e-01
1.497484571350874150e-01
1.584581563172403063e-01
1.674218463849337923e-01
1.766450067155482251e-01
1.861396613014204005e-01
1.959185768375538705e-01
2.059870915896808430e-01
2.163475306328153658e-01
2.269901664075049674e-01
2.379030011151139490e-01
2.490732942887009527e-01
2.604905341930233709e-01
2.721394997459946619e-01
2.840128737160629857e-01
2.961023438422503706e-01
3.084018268778940808e-01
3.209059829975526856e-01
3.336119093904824640e-01
3.465167925415951200e-01
3.596165419301307620e-01
3.729011252506756469e-01
3.863597683379996761e-01
3.999794007923897499e-01
4.137496495512923977e-01
4.276585883138600552e-01
4.416950349115085772e-01
4.558478085527137291e-01
4.701051720183362370e-01
4.844546437520537707e-01
4.988817002585398397e-01
5.133725625714942176e-01
5.279127106599750263e-01
5.424903981700037736e-01
5.570930826272386671e-01
5.717095097108524371e-01
5.863284271643519618e-01
6.009341278543136600e-01
6.155146070211271470e-01
6.300555776621170612e-01
6.445427411006385832e-01
6.589640295493761624e-01
6.733044063235416044e-01
6.875503229031734165e-01
7.016874904784352607e-01
7.157008799967291557e-01
7.295769507108329499e-01
7.433043930537001076e-01
7.568689288290572081e-01
7.702488542331349386e-01
7.834447532829210692e-01
7.964274993887430210e-01
8.091902538243139764e-01
8.217187523404434479e-01
8.340061618755366668e-01
8.460307955094007459e-01
8.577858258648327627e-01
8.692495717016007761e-01
8.804153225934903126e-01
8.912768160714439336e-01
9.018130470438643354e-01
9.120104415350399618e-01
9.218702850042523878e-01
9.313790089076128265e-01
9.405156190061825239e-01
9.492814087183736316e-01
9.576628173156014334e-01
9.656537149130347553e-01
9.732405457038936225e-01
9.804171845896016979e-01
9.871775087520016090e-01
9.935079692217561043e-01
9.994098758394204252e-01
1.004869683762350752e+00
1.009888706764944022e+00
1.014453403733143633e+00
1.018565091954193091e+00
1.022210233599360141e+00
1.025390384646507558e+00
1.028108044978646829e+00
1.030351094624527342e+00
1.032137128079463118e+00
1.033446599010069855e+00
1.034289675258387664e+00
1.034661668588187533e+00
1.034572747927324565e+00
1.034018225805823921e+00
1.033000843237780186e+00
1.031538197902236664e+00
1.029618173864224051e+00
1.027250939848043165e+00
1.024446664001551266e+00
1.021200657009046386e+00
1.017530513650364510e+00
1.013446399205186754e+00
1.008951049255408794e+00
1.004054626182655285e+00
9.987672906150102392e-01
9.930992110252493399e-01
9.870605929384489441e-01
9.806690776525366360e-01
9.739423038662654575e-01
9.668830507620428394e-01
9.595163795389397565e-01
9.518450630897861142e-01
9.439015842312243887e-01
9.356887086780871776e-01
9.272314832705570442e-01
9.185475223475688678e-01
9.096544358707233657e-01
9.005846858982043956e-01
8.913410162561452577e-01
8.819484507628135850e-01
8.724320079507493775e-01
8.628167008402725102e-01
8.531275367132777898e-01
8.433895168872095338e-01
8.336202081410997167e-01
8.238520275428532491e-01
8.141099571765312293e-01
8.044189722731043268e-01
7.948040409921031113e-01
7.853049809067651488e-01
7.759393691728588838e-01
7.667472688215557497e-01
7.577539303988850561e-01
7.489845963285856056e-01
7.404793574116189658e-01
7.322708675788048849e-01
7.243917720484663869e-01
7.168672787874301733e-01
7.097374433788742332e-01
7.030423121427280542e-01
6.968070652621596306e-01
6.910650445013301058e-01
6.858592387141292379e-01
6.812237128124218888e-01
6.771954929779384624e-01
6.738093666743226740e-01
6.711030823578790772e-01
6.691128923389991767e-01
6.678772668382294553e-01
6.674346653687203146e-01
6.678235366333031831e-01
6.690838040998009495e-01
6.712538945750318176e-01
6.743722237989389079e-01
6.784771963773672532e-01
6.836086781667936041e-01
6.898012710262930725e-01
6.970902951476305454e-01
7.055103165884977212e-01
7.150966329283117151e-01
7.258830447597118818e-01
7.379055698722793988e-01
7.511987290972044207e-01
7.657962891745646594e-01
7.817342341373758607e-01
7.990477940281310865e-01
8.177699592978880938e-01
8.379366807330677069e-01
8.595831553750826748e-01
8.827371411125868317e-01
9.074419846880802387e-01
9.337254227607424406e-01
9.616151815891613719e-01
9.911538338925900415e-01
1.022369085623594964e+00
1.055288632856405728e+00
1.089955018687791544e+00
1.126388491700552441e+00
1.164624147942584287e+00
1.204682217766398056e+00
1.246605207835555396e+00
1.290420759640560577e+00
1.336149078130171919e+00
1.383825217056031009e+00
1.433476794228399687e+00
1.485116563485648689e+00
1.538779556777544411e+00
1.594493371108523849e+00
1.652278168894512067e+00
1.712161535031976101e+00
1.774171048928084415e+00
1.838311999841878208e+00
1.904611957389056753e+00
1.973083630204858219e+00
2.043762008120173501e+00
2.116659792495350079e+00
2.191789681716694638e+00
2.269171800001729800e+00
2.348818841163843096e+00
2.430750925786405947e+00
2.514965888305189079e+00
2.601491275951166582e+00
2.690339779147203902e+00
2.781509232021643907e+00
2.875027183015498089e+00
2.970875611798687643e+00
3.069069641321619191e+00
3.169601111876670263e+00
3.272476723500451712e+00
3.377680894769046649e+00
3.485220333451912733e+00
3.595086895317592735e+00
3.707265013045850210e+00
3.821761410194004061e+00
3.938560531665478148e+00
4.057654257683665833e+00
4.179034476017631228e+00
4.302693082561019899e+00
4.428614553562788991e+00
4.556775946210201766e+00
4.687161755913507477e+00
4.819749060191614198e+00
4.954522375958460678e+00
5.091466231759912198e+00
5.230550311659787788e+00
5.371759169227656727e+00
5.515069943073539704e+00
5.660437500731982929e+00
5.807853866047084423e+00
5.957281364601116458e+00
6.108697194394941299e+00
6.262071141373296790e+00
6.417373008347769137e+00
6.574557758865491763e+00
6.733587802825337754e+00
6.894440425389141147e+00
7.057063217436194691e+00
7.221426074565782116e+00
7.387491484241796691e+00
7.555214526331414326e+00
7.724557730338169392e+00
7.895461362526632776e+00
8.067895424891856848e+00
8.241807657217805172e+00
8.417153250980270229e+00
8.593902278189267108e+00
8.771913409918543181e+00
8.951253335839339798e+00
9.131840203871908201e+00
9.313517904139827053e+00
9.496353203420962785e+00
9.680190044561193474e+00
9.865020964403363735e+00
1.005076424368324872e+01
1.023733819092184483e+01
1.042481019369469131e+01
1.061295246964081684e+01
1.080183488316632001e+01
1.099137876087219645e+01
1.118150545887397485e+01
1.137221064660197101e+01
1.156334145657464241e+01
1.175489361867157179e+01
1.194678860987037616e+01
1.213887365447289213e+01
1.233121885832132136e+01
1.252367150797016215e+01
1.271622748836510475e+01
1.290873414897844107e+01
1.310111315444059343e+01
1.329343476814507596e+01
1.348547215131348054e+01
1.367722134757027597e+01
1.386860414896711013e+01
1.405961666299764445e+01
1.425010646207721265e+01
1.443999543401196384e+01
1.462920549843336815e+01
1.481765860671050206e+01
1.500535102533886800e+01
1.519220476879580772e+01
1.537806759937508971e+01
1.556286159399997793e+01
1.574658314400441483e+01
1.592908010437979804e+01
1.611034892751258241e+01
1.629031181237632708e+01
1.646881670420436450e+01
1.664586014464212127e+01
1.682129013735455558e+01
1.699510328162517325e+01
1.716722192141056524e+01
1.733756842837665957e+01
1.750606520140468092e+01
1.767270894957208682e+01
1.783727355759325306e+01
1.799975578625781836e+01
1.816007813781610736e+01
1.831808885534803721e+01
1.847378477261216645e+01
1.862701417935061343e+01
1.877777395458728193e+01
1.892583814837782441e+01
1.907135224906611271e+01
1.921416463097251182e+01
1.935427421793137981e+01
1.949161352195356045e+01
1.962611703585744038e+01
1.975779355254869074e+01
1.988650331360341283e+01
2.001225514234604574e+01
2.013498359238761637e+01
2.025462323015313970e+01
2.037103435038271115e+01
2.048422582562296412e+01
2.059413225468388120e+01
2.070068824508690497e+01
2.080382841199267929e+01
2.090356166061402376e+01
2.099982261810504625e+01
2.109254591594172012e+01
2.118174047228816548e+01
2.126726664033812497e+01
2.134928190816649973e+01
2.142749806252767542e+01
2.150214687320021412e+01
2.157294012275329465e+01
2.164003529087077382e+01
2.170336700161092125e+01
2.176286987268848350e+01
2.181847851424165086e+01
2.187020181109521033e+01
2.191797435451060139e+01
2.196173072443880159e+01
2.200147977176953873e+01
2.203723033357217531e+01
2.206876838132983565e+01
2.209632557120207608e+01
2.211976212423692090e+01
2.213908680962848052e+01
2.215438265995581091e+01
2.216558411941835516e+01
2.217277417659191840e+01
2.217588722916797295e+01
2.217493193321499234e+01
2.216991691843427859e+01
2.216077650342221617e+01
2.214759354494818311e+01
2.213030230272270416e+01
2.210883700518789752e+01
2.208335469881953372e+01
2.205371526241252766e+01
2.202000139041172844e+01
2.198214717422269615e+01
2.194030951855875955e+01
2.189434929025199139e+01
2.184435470507544608e+01
2.179041507266014577e+01
2.173247109389220100e+01
2.167053771031856257e+01
2.160477838656238347e+01
2.153513369173816727e+01
2.146154414890289885e+01
2.138424736802535620e+01
2.130318377694247189e+01
2.121836803786512604e+01
2.112988904638944021e+01
2.103776136352135495e+01
2.094207378172992406e+01
2.084291504051283539e+01
2.074022525847926346e+01
2.063416734997104030e+01
2.052475560667971521e+01
2.041200426380335387e+01
2.029592749922041861e+01
2.017668799969194993e+01
2.005422554256973555e+01
1.992855412905156598e+01
1.979983626695398868e+01
1.966808583599813787e+01
1.953339093763963419e+01
1.939591389441818237e+01
1.925574268232992026e+01
1.911289093023347618e+01
1.896744648629051611e+01
1.881964570093374789e+01
1.866942772534855166e+01
1.851688021201643508e+01
1.836216503077332263e+01
1.820522113439396961e+01
1.804621025923534106e+01
1.788514550738787889e+01
1.772218848038461658e+01
1.755735214492759511e+01
1.739072368316872996e+01
1.722246449252189748e+01
1.705258733500648916e+01
1.688125347114846520e+01
1.670854980940470114e+01
1.653448890613623945e+01
1.635930609963383375e+01
1.618301380916157228e+01
1.600577295257171784e+01
1.582767009594374485e+01
1.564871745377606693e+01
1.546914828342912074e+01
1.528896596498061200e+01
1.510832063848148010e+01
1.492728809363041798e+01
1.474594405370157268e+01
1.456436417601785216e+01
1.438262405247267850e+01
1.420087349360301410e+01
1.401918796220381225e+01
1.383764285749899692e+01
1.365631351585948217e+01
1.347542377857526397e+01
1.329504885866206010e+01
1.311526390873206083e+01
1.293621830541142259e+01
1.275798708329928566e+01
1.258071950298534780e+01
1.240449048510605579e+01
1.222937489495621577e+01
1.205544754364576576e+01
1.188285747280612092e+01
1.171175367233800202e+01
1.154213651470299240e+01
1.137408060677238630e+01
1.120780907471602639e+01
1.104339643142223260e+01
1.088084286147294577e+01
1.072037135666885277e+01
1.056205630007261043e+01
1.040604631811275205e+01
1.025226714820875173e+01
1.010101590846458741e+01
9.952292547856512073e+00
9.806245548994429129e+00
9.662949079395470875e+00
9.522477276801062374e+00
9.384904251024222432e+00
9.250452652832795053e+00
9.119047974842857229e+00
8.990912821475797401e+00
8.866121209908129686e+00
8.744672855564871838e+00
8.626716024643341640e+00
8.512398969147966454e+00
8.401795645450469863e+00
8.294905716373708771e+00
8.191877403803344393e+00
8.092784640303392507e+00
7.997701354759406023e+00
7.906775758038367741e+00
7.820004458323089658e+00
7.737520488316179446e+00
7.659305282422954164e+00
7.585563132806616871e+00
7.516201207093612169e+00
7.451349535123544143e+00
7.391078733880791951e+00
7.335444579844677904e+00
7.284488011244697248e+00
7.238257415371952774e+00
7.196793774143638522e+00
7.160138094722078961e+00
7.128346268486033921e+00
7.101459359902132285e+00
7.079511037148045638e+00
7.062549859435318211e+00
7.050602137528937163e+00
7.043716506116966869e+00
7.041919355973474737e+00
7.045244549619706476e+00
7.053733423578305128e+00
7.067412505570605852e+00
7.086308373457129939e+00
7.110432800768693440e+00
7.139805043978870280e+00
7.174436988014275762e+00
7.214348005154106680e+00
7.259557528865623333e+00
7.310070199275332747e+00
7.365890722025496551e+00
7.427038727114236849e+00
7.493504200915628743e+00
7.565292058383588980e+00
7.642407288433539669e+00
7.724862384352817912e+00
7.812647632436926948e+00
7.905753399052913188e+00
8.004177560976351913e+00
8.107895793949825958e+00
8.216898716364770650e+00
8.331184462811776825e+00
8.450728972547922879e+00
8.575515704733428279e+00
8.705528211881773615e+00
8.840720428222875071e+00
8.981083526581565835e+00
9.126571636561847001e+00
9.277094417842361551e+00
9.432784482388505864e+00
9.593403127991054546e+00
9.759082521073942473e+00
9.929655185445279031e+00
1.010510166592150760e+01
1.028540261641957443e+01
1.047046451776924059e+01
1.066026824597969913e+01
1.085472050644105835e+01
1.105380240208023679e+01
1.125742086744878101e+01
1.146555723676248562e+01
1.167804439436786446e+01
1.189493819316782641e+01
1.211607175445703888e+01
1.234142688622135964e+01
1.257091123335286120e+01
1.280450684531137640e+01
1.304197304270489433e+01
1.328336640232976507e+01
1.352859505661054307e+01
1.377749297748829527e+01
1.403004282724438490e+01
1.428607882473682444e+01
1.454558387958564936e+01
1.480846674177022848e+01
1.507456200166249971e+01
1.534385294049575421e+01
1.561617439624446391e+01
1.589143561394918436e+01
1.616962024546208454e+01
1.645048921511021689e+01
1.673402642031161136e+01
1.702006731359197644e+01
1.730852175254953451e+01
1.759937399924081092e+01
1.789231130198236741e+01
1.818739244611688477e+01
1.848445348516584019e+01
1.878333059043964326e+01
1.908393433357297297e+01
1.938617540198581324e+01
1.968989031427594227e+01
1.999498998605065125e+01
2.030131116168092476e+01
2.060876497999891299e+01
2.091718840591875050e+01
2.122649279600213390e+01
2.153651532994859608e+01
2.184709329252947896e+01
2.215821263896032534e+01
2.246963657569347461e+01
2.278128002894998616e+01
2.309299595072433320e+01
2.340471472557923249e+01
2.371629254892452465e+01
2.402758570852125430e+01
2.433852486592711983e+01
2.464904077087943080e+01
2.495891569211849514e+01
2.526808054916957857e+01
2.557639205955220163e+01
2.588363273644184659e+01
2.618980802028791288e+01
2.649477485885583761e+01
2.679839027173403565e+01
2.710051134778454340e+01
2.740106952604476476e+01
2.769999630957455139e+01
2.799722326275600182e+01
2.829245915803764788e+01
2.858578424115851746e+01
2.887705596028502697e+01
2.916598324662518849e+01
2.945264649601226026e+01
2.973682901440507820e+01
3.001846271588257409e+01
3.029733098557152715e+01
3.057336581055360014e+01
3.084642492621520660e+01
3.111644038007129609e+01
3.138334424504465758e+01
3.164684576570384422e+01
3.190702562299444978e+01
3.216366737939416254e+01
3.241662889307134776e+01
3.266591659800314318e+01
3.291131408304978123e+01
3.315282778952927600e+01
3.339024130673662683e+01
3.362356106946924683e+01
3.385257065350033656e+01
3.407727647306208496e+01
3.429746207628058841e+01
3.451313384262464723e+01
3.472414956181228263e+01
3.493029271372031275e+01
3.513156959879101038e+01
3.532783791690818020e+01
3.551895533078489819e+01
3.570492802934722221e+01
3.588561359010178364e+01
3.606102170670780538e+01
3.623110212640289518e+01
3.639580813834005824e+01
3.655509297279758130e+01
3.670883551408094547e+01
3.685713743094909489e+01
3.699987747203060451e+01
3.713700859628188766e+01
3.726840940244947831e+01
3.739410697606673040e+01
3.751397975195683188e+01
3.762798036127956181e+01
3.773613562809902788e+01
3.783832371547460127e+01
3.793457125610235892e+01
3.802483049847392493e+01
3.810912787058524742e+01
3.818734112617182319e+01
3.825942219200059924e+01
3.832547144819987750e+01
3.838544059112209794e+01
3.843920691376634124e+01
3.848687043675703023e+01
3.852838248785120356e+01
3.856369426601555261e+01
3.859283112205530841e+01
3.861581827229369424e+01
3.863253222880650384e+01
3.864299793073043077e+01
3.864724017461671224e+01
3.864513504484668260e+01
3.863678132862785475e+01
3.862205481252703976e+01
3.860105398109918440e+01
3.857387716406059752e+01
3.854047396703309403e+01
3.850101668687468504e+01
3.845538032505093184e+01
3.840373685361515754e+01
3.834618379572900437e+01
3.828259565676389542e+01
3.821306962349724756e+01
3.813762842835929234e+01
3.805636891477154649e+01
3.796923918505029150e+01
3.787618716590113621e+01
3.777745774099783915e+01
3.767292419810918602e+01
3.756268249584947938e+01
3.744682841198378753e+01
3.732538316392832201e+01
3.719836740655431129e+01
3.706595008293606242e+01
3.692807710088146678e+01
3.678491703318418615e+01
3.663648969943545808e+01
3.648296329944709981e+01
3.632420871173852106e+01
3.616054232815401548e+01
3.599190893501847199e+01
3.581840169742988422e+01
3.564011359212195629e+01
3.545706312392270831e+01
3.526941717631724771e+01
3.507719387758806562e+01
3.488041116806602560e+01
3.467916108397525221e+01
3.447353547437006682e+01
3.426370028517469279e+01
3.404967270931108914e+01
3.383169260494572939e+01
3.360977679530813589e+01
3.338416477063887555e+01
3.315494727171029865e+01
3.292221485796496694e+01
3.268605790874964612e+01
3.244664090815230395e+01
3.220397959592984449e+01
3.195831238655659945e+01
3.170958038634303122e+01
3.145802166319246140e+01
3.120365126392017885e+01
3.094670691720451217e+01
3.068712905110457356e+01
3.042522934671634971e+01
3.016109647238392810e+01
2.989474465303270279e+01
2.962641080660345239e+01
2.935618312905884508e+01
2.908422394750372675e+01
2.881069543938797395e+01
2.853568535180044918e+01
2.825935557136035925e+01
2.798186784368923696e+01
2.770338377647205874e+01
2.742399055910077976e+01
2.714384953290842617e+01
2.686304762747448294e+01
2.658174593101937688e+01
2.630010541036886451e+01
2.601820853361721575e+01
2.573619554861855008e+01
2.545412821179624885e+01
2.517214245627840796e+01
2.489044839571847945e+01
2.460910747767224649e+01
2.432832962155389112e+01
2.404810180512884799e+01
2.376870805309339474e+01
2.349020945667388105e+01
2.321274131180530631e+01
2.293636455634487703e+01
2.266121434134256774e+01
2.238735146834693523e+01
2.211498524426594869e+01
2.184417635175074324e+01
2.157491113712994135e+01
2.130747303238977608e+01
2.104199685866057479e+01
2.077854311425211975e+01
2.051724654622113420e+01
2.025831615496088034e+01
2.000181234830906263e+01
1.974786979669397269e+01
1.949662315429218395e+01
1.924820706370874035e+01
1.900268187717245638e+01
1.876018222825529591e+01
1.852076846959604950e+01
1.828464952814944056e+01
1.805181149242667615e+01
1.782238903477039216e+01
1.759651684912064695e+01
1.737425537228977745e+01
1.715566507224765758e+01
1.694088073641052006e+01
1.672996290942463560e+01
1.652304646496078888e+01
1.632026632700060986e+01
1.612168319112078763e+01
1.592750637978379480e+01
1.573787099660840738e+01
1.555291221464383433e+01
1.537269099763052260e+01
1.519741695526138159e+01
1.502707693041148751e+01
1.486173213787734326e+01
1.470144388558865955e+01
1.454627357930615972e+01
1.439628272730068836e+01
1.425145497129558336e+01
1.411175930396409761e+01
1.397745827819204223e+01
1.384844315035350881e+01
1.372497671989140322e+01
1.360702478231859125e+01
1.349470183472282514e+01
1.338812251321485469e+01
1.328732731384004140e+01
1.319235688045276689e+01
1.310325200904390996e+01
1.301990508501542188e+01
1.294243150492191319e+01
1.287079826313360975e+01
1.280497252296010124e+01
1.274507018771417677e+01
1.269105877069762478e+01
1.264298024963815337e+01
1.260080250354432074e+01
1.256471645050246977e+01
1.253461606686995466e+01
1.251061837542386890e+01
1.249269203139690276e+01
1.248088017644697700e+01
1.247515187502503409e+01
1.247555068466008876e+01
1.248197180863589217e+01
1.249445923308615924e+01
1.251298287947017229e+01
1.253758717445603743e+01
1.256816820218324260e+01
1.260477084093233913e+01
1.264744019866615155e+01
1.269614733195765055e+01
1.275086353180460463e+01
1.281163460932368992e+01
1.287843233081457228e+01
1.295122870320693842e+01
1.302992169237616693e+01
1.311448379183868340e+01
1.320481345730799028e+01
1.330088367513014980e+01
1.340259339657766446e+01
1.350984182251844778e+01
1.362267697145416356e+01
1.374107282991242052e+01
1.386507792021774677e+01
1.399459245061588497e+01
1.412966544978183414e+01
1.427027191667674266e+01
1.441646227442985406e+01
1.456799361286198291e+01
1.472484701303252841e+01
1.488685524291717144e+01
1.505392560762158105e+01
1.522596566545663244e+01
1.540273466038388861e+01
1.558428922235528447e+01
1.577046338199634512e+01
1.596131427069926545e+01
1.615675070206786756e+01
1.635668173776117129e+01
1.656123953672243587e+01
1.677025936926818162e+01
1.698372531659653006e+01
1.720154741866212333e+01
1.742363595595168491e+01
1.764982716414764852e+01
1.788003179919407515e+01
1.811423513525428319e+01
1.835219982855729981e+01
1.859383733266721705e+01
1.883898504563498122e+01
1.908762915806916283e+01
1.933960751659495969e+01
1.959475818823536386e+01
1.985291945769606770e+01
2.011400410806295014e+01
2.037792513440580677e+01
2.064452145729457655e+01
2.091370648673645505e+01
2.118546811902267279e+01
2.145957159948024895e+01
2.173607950366729114e+01
2.201483174944987908e+01
2.229566844402094006e+01
2.257857844733402430e+01
2.286340223443995257e+01
2.314990617525367611e+01
2.343807966474703619e+01
2.372776370153692227e+01
2.401879945090922419e+01
2.431110252425839136e+01
2.460436584093252677e+01
2.489865389202640955e+01
2.519365990104738628e+01
2.548930008754395615e+01
2.578541652862189437e+01
2.608177715438806743e+01
2.637837287732151736e+01
2.667490233367686869e+01
2.697138033862667683e+01
2.726767798843459190e+01
2.756366649185066819e+01
2.785921716506213386e+01
2.815434999356821777e+01
2.844878792595478956e+01
2.874247685312180778e+01
2.903543703590996827e+01
2.932746596564498631e+01
2.961843549262586706e+01
2.990829182052874202e+01
3.019698121723564554e+01
3.048430144208986547e+01
3.077019887409788268e+01
3.105461993905007745e+01
3.133728825307532162e+01
3.161822460115995170e+01
3.189722694657382362e+01
3.217424184227216699e+01
3.244906729072387463e+01
3.272164987171245798e+01
3.299193616907883353e+01
3.325979848092726598e+01
3.352503481329890178e+01
3.378766600782473262e+01
3.404749003432797849e+01
3.430452768543525366e+01
3.455857686914172433e+01
3.480950973639043156e+01
3.505727267463566932e+01
3.530173773440103702e+01
3.554285118985236380e+01
3.578033639836607449e+01
3.601421377864075168e+01
3.624428081979536387e+01
3.647055777602663795e+01
3.669291624277158093e+01
3.691122771742539754e+01
3.712528930959527429e+01
3.733519515241790998e+01
3.754074212839868352e+01
3.774180128084250896e+01
3.793839209133901846e+01
3.813038533980447653e+01
3.831772594911522845e+01
3.850021012880470295e+01
3.867793107036594336e+01
3.885075895710889426e+01
3.901856380913387312e+01
3.918121907724439268e+01
3.933876100266739684e+01
3.949108067974891867e+01
3.963814330197604363e+01
3.977983958994585834e+01
3.991613435345477257e+01
4.004699220319268704e+01
4.017245182955689131e+01
4.029240314757227992e+01
4.040695870994937877e+01
4.051593371823145162e+01
4.061944028659925010e+01
4.071744173676171386e+01
4.080982687748549154e+01
4.089670713475378250e+01
4.097789656351953624e+01
4.105343182861525975e+01
4.112327506725703330e+01
4.118738816918178713e+01
4.124565848990021522e+01
4.129827026508414889e+01
4.134503605603775611e+01
4.138599101482918741e+01
4.142124431451364330e+01
4.145060772896476919e+01
4.147426418185525421e+01
4.149202490920314546e+01
4.150407229208003201e+01
4.151036558638473650e+01
4.151078948775155197e+01
4.150559983057656410e+01
4.149460646760849158e+01
4.147799038670054728e+01
4.145563515761718065e+01
4.142757263148237001e+01
4.139383437231111884e+01
4.135445165564858883e+01
4.130930690030621122e+01
4.125857936821929428e+01
4.120207661186862680e+01
4.113990302484822337e+01
4.107216270700187266e+01
4.099873661316369322e+01
4.091980253702556070e+01
4.083538940957443941e+01
4.074552586565289403e+01
4.065016596011609096e+01
4.054941201810374451e+01
4.044336606790591304e+01
4.033198127393623622e+01
4.021528324427247014e+01
4.009329111818957614e+01
3.996602219563205693e+01
3.983349348069210549e+01
3.969572168214980934e+01
3.955287178113601954e+01
3.940510846490525410e+01
3.925259612773562168e+01
3.909549887195277762e+01
3.893405479258247937e+01
3.876827884461908269e+01
3.859840854544913924e+01
3.842438399187503251e+01
3.824621927930267873e+01
3.806377965304557165e+01
3.787715292778661080e+01
3.768612950514951621e+01
3.749072236044636952e+01
3.729101847804500380e+01
3.708695600337769349e+01
3.687891851362175544e+01
3.666691790197837975e+01
3.645118864864485175e+01
3.623189068990334505e+01
3.600925798837133840e+01
3.578337568588611362e+01
3.555432867404786634e+01
3.532220159790364988e+01
3.508707885977603524e+01
3.484897033973291514e+01
3.460803425020981194e+01
3.436428000625524959e+01
3.411779108043257480e+01
3.386865072384831876e+01
3.361709053782237788e+01
3.336319334467483344e+01
3.310711604315886802e+01
3.284901533000920182e+01
3.258904770511531268e+01
3.232722090980821150e+01
3.206376534977939485e+01
3.179853983257831374e+01
3.153170012475890616e+01
3.126325325659104593e+01
3.099313181138733242e+01
3.072156534893327517e+01
3.044841185997116639e+01
3.017390060731519696e+01
2.989833499801061478e+01
2.962186973906948495e+01
2.934472878656291428e+01
2.906696777830732259e+01
2.878893446449778537e+01
2.851075363740794444e+01
2.823247570493409242e+01
2.795415098068098914e+01
2.767590397408736891e+01
2.739778483007852827e+01
2.711984361925665610e+01
2.684220462811656915e+01
2.656491779877517345e+01
2.628810730272761376e+01
2.601174869710349924e+01
2.573604034895184256e+01
2.546103202450548864e+01
2.518677346296414044e+01
2.491338866677224217e+01
2.464100162488594847e+01
2.436966203603067527e+01
2.409949388245413004e+01
2.383054686965409985e+01
2.356301928360078080e+01
2.329696086342124062e+01
2.303249565857863956e+01
2.276974775201618328e+01
2.250876698327403602e+01
2.224960323858204347e+01
2.199245502442403222e+01
2.173737234005425378e+01
2.148440525099469411e+01
2.123375246249652548e+01
2.098538990844676633e+01
2.073944217526140577e+01
2.049603394122112476e+01
2.025521569926845800e+01
2.001703804676757770e+01
1.978155169171809291e+01
1.954895602592921477e+01
1.931930199713302443e+01
1.909256639856323545e+01
1.886894900899319438e+01
1.864850118120192946e+01
1.843134869840928403e+01
1.821754321314648095e+01
1.800721082008301011e+01
1.780040349478849748e+01
1.759724766644770710e+01
1.739772137300481702e+01
1.720202568426747547e+01
1.701013900642119481e+01
1.682203665410224147e+01
1.663790385460418975e+01
1.645777418739658415e+01
1.628168144029034892e+01
1.610958533112247082e+01
1.594159436337518798e+01
1.577774298070183434e+01
1.561806585538187520e+01
1.546267217669211647e+01
1.531152280518130482e+01
1.516472741137260627e+01
1.502217306285100484e+01
1.488404421328493932e+01
1.475037700581648537e+01
1.462105927736458533e+01
1.449627626383807311e+01
1.437591633620500353e+01
1.426009098898801319e+01
1.414883771011718494e+01
1.404204570117227568e+01
1.393990158202132257e+01
1.384229512629973691e+01
1.374926496579722901e+01
1.366092431019673725e+01
1.357716381617263046e+01
1.349802300787560050e+01
1.342354171276114094e+01
1.335376006428195161e+01
1.328864422093424835e+01
1.322816065216306392e+01
1.317235042411960144e+01
1.312125491826351009e+01
1.307484154981348645e+01
1.303307805304928912e+01
1.299593248295643910e+01
1.296344750021722447e+01
1.293559180553695498e+01
1.291233442431945910e+01
1.289364470768122573e+01
1.287956661680859227e+01
1.286999587314506499e+01
1.286497709293616509e+01
1.286448093709678275e+01
1.286847839492879331e+01
1.287694078417658972e+01
1.288983975092370393e+01
1.290714726933126144e+01
1.292883564121879125e+01
1.295480321198624196e+01
1.298502293688796350e+01
1.301954406328659175e+01
1.305827432852450798e+01
1.310119775982511925e+01
1.314829870631237974e+01
1.319941327051843594e+01
1.325467500776486673e+01
1.331392065636434019e+01
1.337721012021671996e+01
1.344438076573190344e+01
1.351549312064344122e+01
1.359045945415770440e+01
1.366919234148528517e+01
1.375167894473683639e+01
1.383790672668278177e+01
1.392771488088113507e+01
1.402116574619581790e+01
1.411809910266209478e+01
1.421850358575620987e+01
1.432236811602603588e+01
1.442945904509971200e+01
1.453991442010399737e+01
1.465357542842440886e+01
1.477035781138592796e+01
1.489025186030905346e+01
1.501317384545016154e+01
1.513896601183771473e+01
1.526761942550874451e+01
1.539912540212703718e+01
1.553332693549721277e+01
1.567014154348858845e+01
1.580948697984817919e+01
1.595135551291914311e+01
1.609559107025130942e+01
1.624218636763275114e+01
1.639091148650417296e+01
1.654183385330983214e+01
1.669479824972193427e+01
1.684972394130242535e+01
1.700653038856385635e+01
1.716513724144610364e+01
1.732539005020555933e+01
1.748728311023124604e+01
1.765073660576464576e+01
1.781552232054520246e+01
1.798163504939340029e+01
1.814899545819631044e+01
1.831752436133245254e+01
1.848699414851836309e+01
1.865747447960688987e+01
1.882873801028434713e+01
1.900078512670526720e+01
1.917348679096308217e+01
1.934671883224005384e+01
1.952058003433140598e+01
1.969479786105285513e+01
1.986947128464431245e+01
2.004432794407727059e+01
2.021954125687200232e+01
2.039483901031773883e+01
2.057024618971176366e+01
2.074563927052580325e+01
2.092096906206587548e+01
2.109618641709665354e+01
2.127124222494638772e+01
2.144593883758874142e+01
2.162030148022782328e+01
2.179420682684740740e+01
2.196760584377348735e+01
2.214037521572129208e+01
2.231246590585303124e+01
2.248375458183036102e+01
2.265426645938777028e+01
2.282380387789800480e+01
2.299239199448117787e+01
2.315990735960589220e+01
2.332630076073360570e+01
2.349144864847765035e+01
2.365537598030490329e+01
2.381795907975406479e+01
2.397914848020870338e+01
2.413882035119834768e+01
2.429699934225597602e+01
2.445341287529990737e+01
2.460815968960319466e+01
2.476111556727337515e+01
2.491223046081801584e+01
2.506130563625114860e+01
2.520843936778330630e+01
2.535343266354006175e+01
2.549623496038168824e+01
2.563686983427345112e+01
2.577521214372147185e+01
2.591113659079372766e+01
2.604466628221562630e+01
2.617560130602464952e+01
2.630403871033333729e+01
2.642977822963510448e+01
2.655284226372921452e+01
2.667303017119692043e+01
2.679036396499251182e+01
2.690486836985099828e+01
2.701635670628824570e+01
2.712486784669939865e+01
2.723044044653032003e+01
2.733296437229612152e+01
2.743240354720597551e+01
2.752872166287293609e+01
2.762203074162766470e+01
2.771207114740757760e+01
2.779902869979012081e+01
2.788271755107169270e+01
2.796310016649356101e+01
2.804021303655142816e+01
2.811409238940980160e+01
2.818455133641813148e+01
2.825162556925738144e+01
2.831535050567389433e+01
2.837568700232965213e+01
2.843259563477052509e+01
2.848611097750938015e+01
2.853611875021579891e+01
2.858265294854165006e+01
2.862567299054941827e+01
2.866521228077509420e+01
2.870130392390778340e+01
2.873383215509254640e+01
2.876290375487882400e+01
2.878840234577114288e+01
2.881028552393664555e+01
2.882873342404144168e+01
2.884348016569500217e+01
2.885470525358485006e+01
2.886236502419809113e+01
2.886634121121175411e+01
2.886673807803130742e+01
2.886351099895135164e+01
2.885676359198535579e+01
2.884637630032085909e+01
2.883245209245158591e+01
2.881501932743550043e+01
2.879403175431482609e+01
2.876959136219690194e+01
2.874172552947418779e+01
2.871031274020439383e+01
2.867545400166135749e+01
2.863717571051991229e+01
2.859542965320745722e+01
2.855031585692012897e+01
2.850171117277603727e+01
2.844978926115562246e+01
2.839442468526259944e+01
2.833585654558666889e+01
2.827395056436589016e+01
2.820872071094920841e+01
2.814032920339692012e+01
2.806871509272151144e+01
2.799389139880226907e+01
2.791594511244009880e+01
2.783481434705295854e+01
2.775058547503548567e+01
2.766327027974560693e+01
2.757288024164355988e+01
2.747942654106872595e+01
2.738299434465668014e+01
2.728366852488665373e+01
2.718138509625928734e+01
2.707637691962424853e+01
2.696850515409776250e+01
2.685800209565192631e+01
2.674480262927805896e+01
2.662898993380591506e+01
2.651064691881829560e+01
2.638978194518061215e+01
2.626647739618706368e+01
2.614066683130061719e+01
2.601250640801583103e+01
2.588200346879678904e+01
2.574916511262928509e+01
2.561414676666690582e+01
2.547695505695279294e+01
2.533767066374687715e+01
2.519629975942538636e+01
2.505292258047246534e+01
2.490769343254612522e+01
2.476054356161054670e+01
2.461162686016738377e+01
2.446094845503093751e+01
2.430866184669437047e+01
2.415469749724014648e+01
2.399928282034418103e+01
2.384227363530206745e+01
2.368397129116476307e+01
2.352423127037420159e+01
2.336328031301203723e+01
2.320104787105184840e+01
2.303768609870284578e+01
2.287319844077344655e+01
2.270766248910275920e+01
2.254122998853087623e+01
2.237397827590850241e+01
2.220590598345297195e+01
2.203714298724902321e+01
2.186766618748258040e+01
2.169774951833375454e+01
2.152722111916445868e+01
2.135628045929303909e+01
2.118497835975699672e+01
2.101321699962444711e+01
2.084119562335012787e+01
2.066896484612912843e+01
2.049650094379419940e+01
2.032385442623953864e+01
2.015115004386159470e+01
1.997836394351261191e+01
1.980562080898956623e+01
1.963297101702131187e+01
1.946046492727935728e+01
1.928807860539471974e+01
1.911601096349591700e+01
1.894431234923069240e+01
1.877288455230357656e+01
1.860200079553186114e+01
1.843156290635679184e+01
1.826169559139482601e+01
1.809244930895085446e+01
1.792394884253518939e+01
1.775609617335123858e+01
1.758909047129310110e+01
1.742290811688720353e+01
1.725767412523955358e+01
1.709329073493025319e+01
1.692995739890668006e+01
1.676765080630684324e+01
1.660642202277186641e+01
1.644639649670635606e+01
1.628762549848824293e+01
1.613016041013689517e+01
1.597405273142587667e+01
1.581935408593931136e+01
1.566619051057075751e+01
1.551453961094867573e+01
1.536452770131236711e+01
1.521613267629767208e+01
1.506940686716633060e+01
1.492447704745099735e+01
1.478124730451015445e+01
1.463991902952711932e+01
1.450047093838813339e+01
1.436295621099860043e+01
1.422742821299522475e+01
1.409393795965573482e+01
1.396252649729122730e+01
1.383315824829815277e+01
1.370594640769808947e+01
1.358093009734854739e+01
1.345814865405806415e+01
1.333749306708617688e+01
1.321915168355407744e+01
1.310301594470947073e+01
1.298920037461647503e+01
1.287767116670196010e+01
1.276854332170955431e+01
1.266178351751767828e+01
1.255743296335827708e+01
1.245545883640534512e+01
1.235597713575749523e+01
1.225895555178400187e+01
1.216443631986873442e+01
1.207246194002397921e+01
1.198300089638392940e+01
1.189609622708482561e+01
1.181179124351666410e+01
1.172998096595120110e+01
1.165085782706868400e+01
1.157431740632809358e+01
1.150040413325084820e+01
1.142908843906056049e+01
1.136041532571358204e+01
1.129435580079795542e+01
1.123095544632071707e+01
1.117026013686599484e+01
1.111224175763140742e+01
1.105687248934761868e+01
1.100412480957364814e+01
1.095412006087514634e+01
1.090675703436315480e+01
1.086200910463316838e+01
1.081999851407433688e+01
1.078069923954363141e+01
1.074401127642970444e+01
1.070998348959871826e+01
1.067859076320196188e+01
1.064980828436977411e+01
1.062368582678164053e+01
1.060019918360457680e+01
1.057932445081440598e+01
1.056103802688973303e+01
1.054531661238060636e+01
1.053221149285412750e+01
1.052162568770427775e+01
1.051361256013496615e+01
1.050808311256062488e+01
1.050509868920830847e+01
1.050464664763931744e+01
1.050664035743343305e+01
1.051114204925350393e+01
1.051813996276795038e+01
1.052747406145134867e+01
1.053928173177554584e+01
1.055355208024425195e+01
1.057012593131626232e+01
1.058906724271535715e+01
1.061036596909234753e+01
1.063393805957246840e+01
1.065984830568638841e+01
1.068801320466064908e+01
1.071834952360116944e+01
1.075099714705834231e+01
1.078572480594507432e+01
1.082267290938171911e+01
1.086168498987667341e+01
1.090282768443222494e+01
1.094594503000451269e+01
1.099117844438483615e+01
1.103829817093169474e+01
1.108744610974326861e+01
1.113846726217761329e+01
1.119128114430545651e+01
1.124603034975559090e+01
1.130248627743799794e+01
1.136079196221727372e+01
1.142071923544434853e+01
1.148233727194654641e+01
1.154556688439417123e+01
1.161040336910644477e+01
1.167669365076236154e+01
1.174450769505452818e+01
1.181376708624413574e+01
1.188439358916255628e+01
1.195638342764280182e+01
1.202958442887656432e+01
1.210406743572972665e+01
1.217975488397478401e+01
1.225649508048294045e+01
1.233435933187174705e+01
1.241327052158122690e+01
1.249307738791879885e+01
1.257385165256875403e+01
1.265544231403643494e+01
1.273784705958254193e+01
1.282099312816037262e+01
1.290482274544624630e+01
1.298935624449524973e+01
1.307446549047526752e+01
1.316024529245430408e+01
1.324649341313592998e+01
1.333330483111255660e+01
1.342062603406642118e+01
1.350832929647276437e+01
1.359643552429501945e+01
1.368489139865392090e+01
1.377371793699992608e+01
1.386278763676594217e+01
1.395204732002980919e+01
1.404159241116803258e+01
1.413129551349289592e+01
1.422110353741183708e+01
1.431096341107602221e+01
1.440089635803713541e+01
1.449077504089903634e+01
1.458062068949361212e+01
1.467045452804966921e+01
1.476007491886919887e+01
1.484950305753766564e+01
1.493868583312243281e+01
1.502764438940108782e+01
1.511632555209627427e+01
1.520460182313404296e+01
1.529249422542980064e+01
1.537994944668130692e+01
1.546691411719583620e+01
1.555340908774309305e+01
1.563923228992382342e+01
1.572447871509593398e+01
1.580909470780050441e+01
1.589295224373984361e+01
1.597599749129474489e+01
1.605832508957874794e+01
1.613973244201633150e+01
1.622031397900034122e+01
1.629994116805869453e+01
1.637863392610042013e+01
1.645626348019115781e+01
1.653292377990597117e+01
1.660841150770962926e+01
1.668274605843210878e+01
1.675594668378230523e+01
1.682795820393258523e+01
1.689865100267470410e+01
1.696804387315476248e+01
1.703608339501490221e+01
1.710272491031697584e+01
1.716800010546257838e+01
1.723186620738298203e+01
1.729420597916716673e+01
1.735512484978777792e+01
1.741457949239562453e+01
1.747245210372257773e+01
1.752884753408779162e+01
1.758364758247709148e+01
1.763688241025034031e+01
1.768850768693153697e+01
1.773855315361588580e+01
1.778697405247368124e+01
1.783372540686978525e+01
1.787876201809099541e+01
1.792218702918962236e+01
1.796388050442279649e+01
1.800379656032833608e+01
1.804203764640838514e+01
1.807840884141195659e+01
1.811308640227179012e+01
1.814594921011418194e+01
1.817695018542180918e+01
1.820619056930527435e+01
1.823362278738096975e+01
1.825919901478282270e+01
1.828301974129296781e+01
1.830496235207362332e+01
1.832505254354247270e+01
1.834331575484851484e+01
1.835977716647054692e+01
1.837431313192758608e+01
1.838702259412311335e+01
1.839778138327724477e+01
1.840668791700370122e+01
1.841369178197296108e+01
1.841874230020581393e+01
1.842193709547868963e+01
1.842322495882485356e+01
1.842262869866280539e+01
1.842009657352089746e+01
1.841565085887951625e+01
1.840931356361236837e+01
1.840103214653310815e+01
1.839090236705650838e+01
1.837887115144547678e+01
1.836495944367796440e+01
1.834918792240534557e+01
1.833150271801134679e+01
1.831199706472644451e+01
1.829061057021505121e+01
1.826728138060140338e+01
1.824217023098681878e+01
1.821514046198447900e+01
1.818627800538542161e+01
1.815551996789021416e+01
1.812287748295582901e+01
1.808836142872722519e+01
1.805205671306847748e+01
1.801404799168292570e+01
1.797419681932217728e+01
1.793258735261121117e+01
1.788930350144438108e+01
1.784435464747965838e+01
1.779767564622841647e+01
1.774927539624308892e+01
1.769923684139273945e+01
1.764749412272359308e+01
1.759420399843220650e+01
1.753915157839821148e+01
1.748256744535684959e+01
1.742438482261065857e+01
1.736461099437022426e+01
1.730332730867358748e+01
1.724061489689383819e+01
1.717633182633196753e+01
1.711063308792432380e+01
1.704352489850648666e+01
1.697493898768293619e+01
1.690502973529139652e+01
1.683372847392863747e+01
1.676111491008883903e+01
1.668719427736618854e+01
1.661189734024746301e+01
1.653537753199593396e+01
1.645771382459482979e+01
1.637876216577380362e+01
1.629867546763387054e+01
1.621753219331656126e+01
1.613533636125744763e+01
1.605209183301214537e+01
1.596787660114956431e+01
1.588276851020536284e+01
1.579669669419529399e+01
1.570966443170078719e+01
1.562189771750917444e+01
1.553325099928307651e+01
1.544380145032099882e+01
1.535355184033633158e+01
1.526265028596801265e+01
1.517108380715421845e+01
1.507883621354507753e+01
1.498589121428448401e+01
1.489238098999848781e+01
1.479828906379803044e+01
1.470367315682518417e+01
1.460844234280727427e+01
1.451272847065060745e+01
1.441658903552814763e+01
1.431993290048802336e+01
1.422289171908721350e+01
1.412544852300746889e+01
1.402766057769544084e+01
1.392951082049162181e+01
1.383098214926528691e+01
1.373228027805027196e+01
1.363323947414630766e+01
1.353391683125110312e+01
1.343444370755546835e+01
1.333472859681942779e+01
1.323490283445683424e+01
1.313494918507415221e+01
1.303492469800865727e+01
1.293488642883431261e+01
1.283489144434602380e+01
1.273499682751802808e+01
1.263511111542999643e+01
1.253536572168155416e+01
1.243581780725438968e+01
1.233637600185001126e+01
1.223717182620996446e+01
1.213818827937714673e+01
1.203940841043970877e+01
1.194096389023896521e+01
1.184283788202555776e+01
1.174501361309276248e+01
1.164762294637122864e+01
1.155057496746669443e+01
1.145407597368743424e+01
1.135803521049313147e+01
1.126251057693677105e+01
1.116748577954130006e+01
1.107309318714772317e+01
1.097931670120117431e+01
1.088606604350416163e+01
1.079354817793345589e+01
1.070167304657705998e+01
1.061049927485796651e+01
1.052015989209072089e+01
1.043048895229089368e+01
1.034168419259460414e+01
1.025379294970357158e+01
1.016663984591748893e+01
1.008049534444872286e+01
9.995184351126756184e+00
9.910754769595659042e+00
9.827328937922956698e+00
9.744806498140514250e+00
9.663310100745629683e+00
9.582739707105377036e+00
9.503144010319688917e+00
9.424571871496153719e+00
9.346998039454502916e+00
9.270471720863410425e+00
9.195042299792792306e+00
9.120685057186621592e+00
9.047375457259210663e+00
8.975163433807740176e+00
8.904024825931362130e+00
8.834084231174621493e+00
8.765243590560670484e+00
8.697627892059671240e+00
8.631139471932771201e+00
8.565829434507294948e+00
8.501674803833745742e+00
8.438801376257742959e+00
8.377038021367797072e+00
8.316585235377356611e+00
8.257346591357034526e+00
8.199300158395931959e+00
8.142498503143112742e+00
8.086994407738401947e+00
8.032692304131586525e+00
7.979645409306731274e+00
7.927907159381168967e+00
7.877456927096276651e+00
7.828274306202270161e+00
7.780413395732153070e+00
7.733854233657317501e+00
7.688577080940299346e+00
7.644636705477646288e+00
7.601939531923519233e+00
7.560615059425034090e+00
7.520570160722863662e+00
7.481860499673175013e+00
7.444393397142405888e+00
7.408299248321244868e+00
7.373485821409622609e+00
7.339935391226771522e+00
7.307705577591563362e+00
7.276783294358585508e+00
7.247156515597890980e+00
7.218813435937303069e+00
7.191816753195682921e+00
7.166080816919066621e+00
7.141668761349151850e+00
7.118495370289152469e+00
7.096668780010801925e+00
7.076111632108957217e+00
7.056828492752234894e+00
7.038824139398353275e+00
7.022088702590424170e+00
7.006612521085053835e+00
6.992400996913348266e+00
6.979444880275273100e+00
6.967727696122041792e+00
6.957255455727760385e+00
6.948012084698738988e+00
6.939989134427083428e+00
6.933178351736039247e+00
6.927556820119566972e+00
6.923116671028814118e+00
6.919850225003597366e+00
6.917742561101521304e+00
6.916786371325654770e+00
6.916959673249579055e+00
6.918248092692875773e+00
6.920637432944722889e+00
6.924113672287108834e+00
6.928655533117007437e+00
6.934256764418893937e+00
6.940896425734300657e+00
6.948546312831364702e+00
6.957200668373331176e+00
6.966831609032257511e+00
6.977418836052507345e+00
6.988949632359787500e+00
7.001396574565403874e+00
7.014739815017469127e+00
7.028967078746030772e+00
7.044036518600981012e+00
7.059936138886884649e+00
7.076631793686924965e+00
7.094119182032931903e+00
7.112356989413568975e+00
7.131326311178571409e+00
7.150993507331508958e+00
7.171347340766602407e+00
7.192346975244439555e+00
7.213976460299247329e+00
7.236222484408279421e+00
7.259066900988312199e+00
7.282499091208859632e+00
7.306501103435511624e+00
7.331062506020224134e+00
7.356165526638254626e+00
7.381792476624999821e+00
7.407933175263819336e+00
7.434570088976223623e+00
7.461685755518272956e+00
7.489255351434324304e+00
7.517276401222629190e+00
7.545724202962088789e+00
7.574581537408074716e+00
7.603831235307151992e+00
7.633456173035295222e+00
7.663439268213444677e+00
7.693756046953630801e+00
7.724389496140782185e+00
7.755285488901394686e+00
7.786516203872275277e+00
7.817997843451634843e+00
7.849668909767332892e+00
7.881542198696664059e+00
7.913704795444840734e+00
7.945946652625593742e+00
7.978354853893183218e+00
8.010942192065369838e+00
8.043647164786186465e+00
8.076408253723016628e+00
8.109238203799190359e+00
8.142075451958758592e+00
8.175006973486970807e+00
8.207896860357626778e+00
8.240757734655765887e+00
8.273602177536151459e+00
8.306368441740778152e+00
8.339069014682966241e+00
8.371642047582996682e+00
8.404099918677655268e+00
8.436306378983090326e+00
8.468422249647563405e+00
8.500311150338173860e+00
8.531910913230039029e+00
8.563307863056452973e+00
8.594439679717913450e+00
8.625243961977886897e+00
8.655732507727920577e+00
8.685842743816706957e+00
8.715587970563143827e+00
8.744913833535608916e+00
8.773916129295390220e+00
8.802393420891675646e+00
8.830515586563807418e+00
8.858155265463727446e+00
8.885407839481938908e+00
8.912145729602704236e+00
8.938389810846425476e+00
8.964160842752173508e+00
8.989479466920851536e+00
9.014217637606638078e+00
9.038470036877251701e+00
9.062256938300647491e+00
9.085375637683728911e+00
9.107994718880812357e+00
9.130059783604977497e+00
9.151516299807900268e+00
9.172383883093750967e+00
9.192682011165860700e+00
9.212355738309469189e+00
9.231424260416901006e+00
9.249906629539223601e+00
9.267673184968447941e+00
9.284816968869881393e+00
9.301282306921690335e+00
9.317161940509235407e+00
9.332325607429405423e+00
9.346791457652914303e+00
9.360651768105448411e+00
9.373701523473624064e+00
9.386106966082252256e+00
9.397811326266975129e+00
9.408831954816683663e+00
9.419037470940368806e+00
9.428519178298310877e+00
9.437293929557849737e+00
9.445304125008949114e+00
9.452566278237707564e+00
9.459096731348488163e+00
9.464837370245627213e+00
9.469804190485660911e+00
9.474013012688750734e+00
9.477479481522962601e+00
9.480219064762607672e+00
9.482172768921985906e+00
9.483355705478258457e+00
9.483708523169550375e+00
9.483320257894565231e+00
9.482131198187103038e+00
9.480155229118206961e+00
9.477329746413477807e+00
9.473814308801719264e+00
9.469396876067040836e+00
9.464236644067664628e+00
9.458269776819488328e+00
9.451506540721275940e+00
9.443957021380676053e+00
9.435631124057367813e+00
9.426464290719318129e+00
9.416466067722696565e+00
9.405720106603075337e+00
9.394161314475420355e+00
9.381798705564417418e+00
9.368641118839546422e+00
9.354622935763078573e+00
9.339901215661983613e+00
9.324335712681362409e+00
9.308083145381868206e+00
9.291002930400626525e+00
9.273177168749780819e+00
9.254539230181487497e+00
9.235245172670420999e+00
9.215228043456862750e+00
9.194420731695911897e+00
9.172904537682923021e+00
9.150686324640108893e+00
9.127772804581645971e+00
9.104096257236859557e+00
9.079737383041083021e+00
9.054702455163479158e+00
9.029071889093874148e+00
9.002703111255394575e+00
8.975676262677353634e+00
8.947997067672938343e+00
8.919671120053816793e+00
8.890778169363724004e+00
8.861249273116301950e+00
8.831163933559626145e+00
8.800452966425359236e+00
8.769195637698341983e+00
8.737396815864991950e+00
8.705061258164512594e+00
8.672193613326927064e+00
8.638798424297778666e+00
8.604880130946812145e+00
8.570517356261156294e+00
8.535640058508727535e+00
8.500326667898443489e+00
8.464506955198565663e+00
8.428257258349233894e+00
8.391571904527445724e+00
8.354517509727417135e+00
8.317086324302412237e+00
8.279196235488761602e+00
8.240913620420050378e+00
8.202304781613861451e+00
8.163361665948416501e+00
8.124076150634399696e+00
8.084365762175272252e+00
8.044370812836602269e+00
8.004082985593344191e+00
7.963419620095950613e+00
7.922446565649523542e+00
7.881155333189778567e+00
7.839611664787480727e+00
7.797732685660450080e+00
7.755658324229477429e+00
7.713231330172313882e+00
7.670665828549501519e+00
7.627878770920619722e+00
7.584861355534597394e+00
7.541604746547112548e+00
7.498174360288208717e+00
7.454561301070016910e+00
7.410830931054571025e+00
7.366900022660818337e+00
7.322759612040008470e+00
7.278623569102713908e+00
7.234260049073147236e+00
7.189882897650688776e+00
7.145408819170749659e+00
7.100828797356302680e+00
7.056282382111265683e+00
7.011686275348416153e+00
6.967031468386957194e+00
6.922457528886557299e+00
6.877881186806711789e+00
6.833367755427438794e+00
6.788834000879060859e+00
6.744419563221194736e+00
6.700041259015390160e+00
6.655764502440750796e+00
6.611654741901013210e+00
6.567628896634554181e+00
6.523678210832559721e+00
6.479942540741210344e+00
6.436413224233025865e+00
6.393007367865050306e+00
6.349790700909164975e+00
6.306827615946562382e+00
6.264102701151752939e+00
6.221599214822402857e+00
6.179300484579009378e+00
6.137338477617637622e+00
6.095548102866517048e+00
6.054061482095202784e+00
6.012862251900062738e+00
5.971934133615429019e+00
5.931335219622607902e+00
5.890975125544350099e+00
5.850912126848123229e+00
5.811130310819279998e+00
5.771688145931022085e+00
5.732569917086026479e+00
5.693834294747841973e+00
5.655391486438108295e+00
5.617300372629086880e+00
5.579619941498902946e+00
5.542260723565105351e+00
5.505356210715454779e+00
5.468772586491255971e+00
5.432621283538678014e+00
5.396872710567174103e+00
5.361527105467686738e+00
5.326599679570103163e+00
5.292090905100390152e+00
5.258008800995061627e+00
5.224354076875663999e+00
5.191142418691778282e+00
5.158382204186513498e+00
5.126067074992841199e+00
5.094220507119335828e+00
5.062843812827036771e+00
5.031945854310952093e+00
5.001520758888732487e+00
4.971570204256998693e+00
4.942110847020466657e+00
4.913137181099815898e+00
4.884658679629005462e+00
4.856670081693679641e+00
4.829181105871239055e+00
4.802201593674509716e+00
4.775734081356227456e+00
4.749781228429358571e+00
4.724345817856607788e+00
4.699430756263122788e+00
4.675053930875849417e+00
4.651203639689481584e+00
4.627890590215831601e+00
4.605103587379972829e+00
4.582847448638229793e+00
4.561134803012754979e+00
4.539956120442993459e+00
4.519316853985874793e+00
4.499215155239393304e+00
4.479664159889602537e+00
4.460654846473489421e+00
4.442185750307485748e+00
4.424270392373147232e+00
4.406900138103583053e+00
4.390081339668228999e+00
4.373805623094322748e+00
4.358087030522513672e+00
4.342910022233438028e+00
4.328281475544296875e+00
4.314200971810607577e+00
4.300660796779041561e+00
4.287660797582061534e+00
4.275208382965383080e+00
4.263288810039146171e+00
4.251902326098166540e+00
4.241041883548698266e+00
4.230715424838017213e+00
4.220916168825842085e+00
4.211630038794043962e+00
4.202865375387618840e+00
4.194608365927893878e+00
4.186867613798328946e+00
4.179622139142185056e+00
4.172880804675169308e+00
4.166637744452871495e+00
4.160879790946300005e+00
4.155616187022608266e+00
4.150819157577402052e+00
4.146498191326164928e+00
4.142640612147248547e+00
4.139233862135865749e+00
4.136280356169256933e+00
4.133767766235677321e+00
4.131691304085540750e+00
4.130038862007124223e+00
4.128798438535719484e+00
4.127965564052455072e+00
4.127535869580582606e+00
4.127490227137910139e+00
4.127824460106703341e+00
4.128534483427558577e+00
4.129594015379109528e+00
4.131006572806798616e+00
4.132762312771165014e+00
4.134842274296511633e+00
4.137258700111138054e+00
4.140009048206356290e+00
4.143083416865398050e+00
4.146471969706793992e+00
4.150187217453580324e+00
4.154212016236387583e+00
4.158544134496332312e+00
4.163181393142449949e+00
4.168121662475658518e+00
4.173355430836837243e+00
4.178880658388652414e+00
4.184687917586042083e+00
4.190767818794030930e+00
4.197118436007233555e+00
4.203737875975628313e+00
4.210609419090139305e+00
4.217731230482445248e+00
4.225094072787700661e+00
4.232696160773344651e+00
4.240520874331220824e+00
4.248573898384734093e+00
4.256831222703457485e+00
4.265291138728026787e+00
4.273951952994989867e+00
4.282797129008570458e+00
4.291817570954084005e+00
4.301004194093565047e+00
4.310347923586626884e+00
4.319839693377665490e+00
4.329477873490314543e+00
4.339238555617442650e+00
4.349127550600588421e+00
4.359120960681254431e+00
4.369209748670483506e+00
4.379392308669856959e+00
4.389659608434469007e+00
4.399987760066766285e+00
4.410382589131670805e+00
4.420820206826842735e+00
4.431299007354614794e+00
4.441795096678525567e+00
4.452314289761214461e+00
4.462832682467819723e+00
4.473333791933526982e+00
4.483823411783748547e+00
4.494277612099069508e+00
4.504687307824547737e+00
4.515043400263840212e+00
4.525330490235819347e+00
4.535545163020969994e+00
4.545677699211641887e+00
4.555725785700948549e+00
4.565694513281238542e+00
4.575559232374282637e+00
4.585332405551823420e+00
4.595004177993408767e+00
4.604572088044776024e+00
4.614018779229235534e+00
4.623349138974059969e+00
4.632560582106752811e+00
4.641643047684925527e+00
4.650586424120088935e+00
4.659387974257067633e+00
4.668044903721445316e+00
4.676546929248769580e+00
4.684898560410410084e+00
4.693081954547547063e+00
4.701108911932774248e+00
4.708961445717611660e+00
4.716651205538280323e+00
4.724160047587047551e+00
4.731492030021030359e+00
4.738636268266747109e+00
4.745589217238787683e+00
4.752354668633737234e+00
4.758914034961633455e+00
4.765270917230544079e+00
4.771413960940228627e+00
4.777339139049828098e+00
4.783042321725356594e+00
4.788526702977039307e+00
4.793780514091095846e+00
4.798799307364427946e+00
4.803585954993534912e+00
4.808128363120946602e+00
4.812429184542270200e+00
4.816476104820480053e+00
4.820278983759663127e+00
4.823810428529709426e+00
4.827087505645613064e+00
4.830090029434772170e+00
4.832819989345482625e+00
4.835271837230098235e+00
4.837439916547206842e+00
4.839325891720442918e+00
4.840923892590841326e+00
4.842235372401586524e+00
4.843254252498547352e+00
4.843981706201323512e+00
4.844411080693776128e+00
4.844542978383637788e+00
4.844370476248911039e+00
4.843893984289749710e+00
4.843113818949515981e+00
4.842015348189089963e+00
4.840598706648949978e+00
4.838863940680059983e+00
4.836811010029077984e+00
4.834439789462485315e+00
4.831750070314560830e+00
4.828726705245006023e+00
4.825391608046277092e+00
4.821729471382139032e+00
4.817739766355578546e+00
4.813429315140521858e+00
4.808797435121333841e+00
4.803843367934701014e+00
4.798573708358293111e+00
4.792980119642169079e+00
4.787069047133862831e+00
4.780846861644024948e+00
4.774305002656142882e+00
4.767442263134516800e+00
4.760272217484159185e+00
4.752778650918043191e+00
4.744974985594949679e+00
4.736859709731030321e+00
4.728431233401512834e+00
4.719695315893011056e+00
4.710657636269992565e+00
4.701316363870772896e+00
4.691691870500537931e+00
4.681774730733835099e+00
4.671585147451049913e+00
4.661113523769226497e+00
4.650379888593755950e+00
4.639367040251772600e+00
4.628102257185639168e+00
4.616568156664595080e+00
4.604776977294775975e+00
4.592740864736939876e+00
4.580449585903651588e+00
4.567907670104610851e+00
4.555134408603423779e+00
4.542134140951036514e+00
4.528903683262408109e+00
4.515454613398268258e+00
4.501790986261453575e+00
4.487923176702696360e+00
4.473842552174135179e+00
4.459554230279811904e+00
4.445063237734821371e+00
4.430352226853941033e+00
4.415433475791285645e+00
4.400304320473746422e+00
4.384962013580510742e+00
4.369411155410911185e+00
4.353656268283820019e+00
4.337694371159492412e+00
4.321544696224842497e+00
4.305211550525509523e+00
4.288684319534318057e+00
4.271982040990109475e+00
4.255093981984824580e+00
4.238039069787411073e+00
4.220806469176695330e+00
4.203407585119849799e+00
4.185846353668264186e+00
4.168111817951507092e+00
4.150215274297112344e+00
4.132167991549173358e+00
4.113958930364197464e+00
4.095614174313211286e+00
4.077130078960013115e+00
4.058502989399983996e+00
4.039758957684030705e+00
4.020886891553001163e+00
4.001897984969556177e+00
3.982788579920882199e+00
3.963577311529897340e+00
3.944260541103691065e+00
3.924842072459431286e+00
3.905325726261258623e+00
3.885722770808855753e+00
3.866044495868013353e+00
3.846279929535959319e+00
3.826462695040742101e+00
3.806581871913730097e+00
3.786656280596103041e+00
3.766689913171830106e+00
3.746701647338302799e+00
3.726688104966445092e+00
3.706653365564029912e+00
3.686616394449960588e+00
3.666573900602453140e+00
3.646537477799847160e+00
3.626511318766998393e+00
3.606507070899025003e+00
3.586520637291572111e+00
3.566574007213961561e+00
3.546651137952898214e+00
3.526765721298446454e+00
3.506924040277822563e+00
3.487117539255894183e+00
3.467359964128937655e+00
3.447650219033533414e+00
3.427987221550934827e+00
3.408384757981038682e+00
3.388834340259350597e+00
3.369349774846018164e+00
3.349922591554827189e+00
3.330574041100775595e+00
3.311288239229974728e+00
3.292079021360057478e+00
3.272952800540501084e+00
3.253901139053549496e+00
3.234930462019285358e+00
3.216047201164002889e+00
3.197250367212421285e+00
3.178553835961489327e+00
3.159949207836587171e+00
3.141450379586864461e+00
3.123056404412771769e+00
3.104781207527251841e+00
3.086616446839708150e+00
3.068583514109016530e+00
3.050666682746874248e+00
3.032887394516454727e+00
3.015229979449857822e+00
2.997708514625669007e+00
2.980314829526718334e+00
2.963063080112563252e+00
2.945952611176113844e+00
2.928975388912052669e+00
2.912153146969122641e+00
2.895470535652772792e+00
2.878941981456292876e+00
2.862574549681944802e+00
2.846360520425556651e+00
2.830307106243631132e+00
2.814421599619143954e+00
2.798696520296744872e+00
2.783146760908845163e+00
2.767757592208765161e+00
2.752544093339276632e+00
2.737499156602410277e+00
2.722630632162049036e+00
2.707946474001270865e+00
2.693439829955195819e+00
2.679111161942052455e+00
2.664975842801423411e+00
2.651027071447338734e+00
2.637265587188689420e+00
2.623707098615134292e+00
2.610337713642240320e+00
2.597173366068828759e+00
2.584200388139889615e+00
2.571427507976633997e+00
2.558848706424081687e+00
2.546480357031689845e+00
2.534309225474760119e+00
2.522337037188791431e+00
2.510573046230810679e+00
2.499019175490604816e+00
2.487662584976486624e+00
2.476520238303587806e+00
2.465586900408098803e+00
2.454864846924099453e+00
2.444356431650928307e+00
2.434056653896123024e+00
2.423968010779106841e+00
2.414100492780170804e+00
2.404434437519848533e+00
2.394987380459953297e+00
2.385754623704727795e+00
2.376731516745019146e+00
2.367920880627561786e+00
2.359325575583420154e+00
2.350933640499040411e+00
2.342755431063185956e+00
2.334786474665039524e+00
2.327029752375473937e+00
2.319473411132876972e+00
2.312120474709412843e+00
2.304973984923835761e+00
2.298029571569376817e+00
2.291290307770603718e+00
2.284744423977093319e+00
2.278395020803963167e+00
2.272245212168722439e+00
2.266283268825838082e+00
2.260512332396184210e+00
2.254928131330669050e+00
2.249518982299129277e+00
2.244295505340301311e+00
2.239246055850989681e+00
2.234366440398193543e+00
2.229652491075909904e+00
2.225100757823990083e+00
2.220710579671489437e+00
2.216482020127175545e+00
2.212415181427094701e+00
2.208517636609969248e+00
2.204774719936974048e+00
2.201194100870351278e+00
2.197768646214602217e+00
2.194498709033873673e+00
2.191392132451060348e+00
2.188434539936972456e+00
2.185626480601606136e+00
2.182976004193472708e+00
2.180468950818584606e+00
2.178113523894723791e+00
2.175903150949891618e+00
2.173838770886125982e+00
2.171913979123992977e+00
2.170137314102346338e+00
2.168487688204007391e+00
2.166981243491759024e+00
2.165604496677582258e+00
2.164358908868712295e+00
2.163238599673726448e+00
2.162252630915284080e+00
2.161380434693192409e+00
2.160631237854893083e+00
2.159999489072025991e+00
2.159487140588639331e+00
2.159081359401409106e+00
2.158784236443095583e+00
2.158597925238201931e+00
2.158509780158185176e+00
2.158522064407532248e+00
2.158637087570306701e+00
2.158842342855413321e+00
2.159132785830473633e+00
2.159518256234642219e+00
2.159978901163106979e+00
2.160524595024327699e+00
2.161142934160483531e+00
2.161836371636431053e+00
2.162592496891544425e+00
2.163413742258458505e+00
2.164302519494893051e+00
2.165238928129262330e+00
2.166232747521223967e+00
2.167271432277913412e+00
2.168349819827958935e+00
2.169470124942260547e+00
2.170620354261700413e+00
2.171798700690664941e+00
2.173011425186891721e+00
2.174257291680625315e+00
2.175527563882251325e+00
2.176820859332622149e+00
2.178143147313364114e+00
2.179485462281196106e+00
2.180853616338198631e+00
2.182238485488549706e+00
2.183645723285648099e+00
2.185066048259941329e+00
2.186497530371111164e+00
2.187945592966813457e+00
2.189400730227836878e+00
2.190860795227108415e+00
2.192323575070910913e+00
2.193794223189849291e+00
2.195255550290371449e+00
2.196720027529037278e+00
2.198170364758217143e+00
2.199611514302417081e+00
2.201040963107840920e+00
2.202448738465870193e+00
2.203839698904902278e+00
2.205211255041730212e+00
2.206553375487320778e+00
2.207863449398553612e+00
2.209146292216827678e+00
2.210391866185982490e+00
2.211604999095212243e+00
2.212775675938454256e+00
2.213908757040800257e+00
2.214994268997816373e+00
2.216029693633294606e+00
2.217019971429018632e+00
2.217947791035423055e+00
2.218825590080651278e+00
2.219643558489642121e+00
2.220391924692421082e+00
2.221083241196854186e+00
2.221707814357103850e+00
2.222263416981556272e+00
2.222755286871106684e+00
2.223166411288500122e+00
2.223509522618646095e+00
2.223775096475881785e+00
2.223968489382729619e+00
2.224072792338510407e+00
2.224100824012476441e+00
2.224043254083168719e+00
2.223898693112935199e+00
2.223665874654467522e+00
2.223350948834688978e+00
2.222952618125523916e+00
2.222462129517054130e+00
2.221885551504241274e+00
2.221228909148913466e+00
2.220483319034016745e+00
2.219647265929526547e+00
2.218734022787230309e+00
2.217727072382830400e+00
2.216632097680481195e+00
2.215454688933129912e+00
2.214192907790347942e+00
2.212837280129743789e+00
2.211393074377091317e+00
2.209865438574614593e+00
2.208251966357270391e+00
2.206542691891225871e+00
2.204749798875328182e+00
2.202870475097172598e+00
2.200909194537787883e+00
2.198855430155532531e+00
2.196713365930130113e+00
2.194479611285193421e+00
2.192165486457186230e+00
2.189759881915533946e+00
2.187266402139427246e+00
2.184688511791344823e+00
2.182022111075897275e+00
2.179262968614585461e+00
2.176414155108377102e+00
2.173478621054298010e+00
2.170444346825146642e+00
2.167321491867798766e+00
2.164105261012815529e+00
2.160790769790907895e+00
2.157387910240661455e+00
2.153884218687217800e+00
2.150296884073528592e+00
2.146605902960857293e+00
2.142835801727682288e+00
2.138966506824065306e+00
2.135015067109113929e+00
2.130968809125596053e+00
2.126837345835300486e+00
2.122615444922755223e+00
2.118305323588040689e+00
2.113909229543385226e+00
2.109421565989983094e+00
2.104842390005093211e+00
2.100171358516687903e+00
2.095408190845565510e+00
2.090545246594954776e+00
2.085597244474910905e+00
2.080549268405605723e+00
2.075408769610694648e+00
2.070175855906444706e+00
2.064843293409930336e+00
2.059418792293540079e+00
2.053895293068922268e+00
2.048280678648296771e+00
2.042568058581464729e+00
2.036758050733830316e+00
2.030858776922586095e+00
2.024863572539582268e+00
2.018788122050600542e+00
2.012618453411015196e+00
2.006370356907798413e+00
2.000044806331390035e+00
1.993635377900363936e+00
1.987157953612943784e+00
1.980613568902825916e+00
1.973995829939725333e+00
1.967320615615344215e+00
1.960574067406805288e+00
1.953772004323409472e+00
1.946915340881158807e+00
1.940004931914851793e+00
1.933041560829800609e+00
1.926033356449535994e+00
1.918980925162850903e+00
1.911892196925487175e+00
1.904760130064599322e+00
1.897599843537260300e+00
1.890411466431916487e+00
1.883187558405569950e+00
1.875942816088915999e+00
1.868676925333387251e+00
1.861396841323584406e+00
1.854094499713740074e+00
1.846769099044132778e+00
1.839441956030936742e+00
1.832097078611604424e+00
1.824748022228423805e+00
1.817393322157072388e+00
1.810038782291107262e+00
1.802682623473113255e+00
1.795330346508380082e+00
1.787979408718826990e+00
1.780640094839057941e+00
1.773307236507495555e+00
1.765968125993388371e+00
1.758632241704113586e+00
1.751294119505524272e+00
1.743955651723326561e+00
1.736618673528060430e+00
1.729270121652204839e+00
1.721911763782104199e+00
1.714552786656978078e+00
1.707180099454638222e+00
1.699795492542658160e+00
1.692408226212573918e+00
1.685005334317321690e+00
1.677588782882873941e+00
1.670160629957643250e+00
1.662723041719720962e+00
1.655263451311477008e+00
1.647799143776293551e+00
1.640325271618931824e+00
1.632829724576634556e+00
1.625330283386618779e+00
1.617815203840358818e+00
1.610287796483582445e+00
1.602759006517174845e+00
1.595210278870395681e+00
1.587660418680968855e+00
1.580106168266263156e+00
1.572544494345207600e+00
1.564980016922984607e+00
1.557425008166293479e+00
1.549869676208910807e+00
1.542326730794702838e+00
1.534801663769528979e+00
1.527292741356164774e+00
1.519805851554325127e+00
1.512339636621086392e+00
1.504907765852844692e+00
1.497501780196864196e+00
1.490135647440646638e+00
1.482808604378262896e+00
1.475519996373311438e+00
1.468284115992195327e+00
1.461100470740124058e+00
1.453968620245388532e+00
1.446903012939756206e+00
1.439903252288773361e+00
1.432976361285765998e+00
1.426121905170309567e+00
