# pp
8.561060977116309034e-09
5.207478615403995864e-09
3.599473348288349913e-09
2.674558919564009708e-09
2.082045899777071307e-09
1.675074480137334923e-09
1.381118532599377387e-09
1.160732526197034117e-09
9.904649648596956933e-10
8.559978885764322477e-10
7.473714647345007555e-10
6.585163082626646176e-10
5.845751699206304202e-10
5.224914640350655193e-10
4.697237710340780771e-10
4.244743330733337191e-10
3.853976731454073165e-10
3.513830104164928814e-10
3.215611184280726472e-10
2.952778754933845764e-10
2.720072351062277876e-10
2.512976911119535636e-10
2.327785802620193374e-10
2.161531549444676853e-10
2.011759710478315938e-10
1.876377963508314720e-10
1.753599618629891830e-10
1.641836345833753174e-10
1.539758793752413862e-10
1.446342871254833978e-10
1.360708569964568223e-10
1.282016952676573804e-10
1.209529903643296461e-10
1.142619629221751940e-10
1.080740775952814351e-10
1.023410855934190790e-10
9.702028087504085452e-11
9.207332011258798181e-11
8.746615046302048393e-11
8.316870799426962815e-11
7.915439059951862035e-11
7.539950106527921556e-11
7.188285975763725477e-11
6.858551104157667527e-11
6.549027127277520780e-11
6.258147615194709857e-11
5.984488969795130516e-11
5.726762967344804339e-11
5.483806471419796611e-11
5.254559546101150988e-11
5.038036198291549600e-11
4.833342468851944935e-11
4.639657503556893733e-11
4.456233579412709856e-11
4.282387207422585644e-11
4.117477689038889133e-11
3.960917378967252153e-11
3.812167970112462658e-11
3.670732213371935563e-11
3.536156653666382821e-11
3.408029765308134063e-11
3.285973618814033646e-11
3.169635953987202461e-11
3.058694117401667975e-11
2.952843363600715357e-11
2.851793286310011052e-11
2.755271306621596005e-11
2.663024383581256612e-11
2.574817056041709627e-11
2.490428789220510823e-11
2.409648191573130253e-11
2.332276841120010817e-11
2.258130218246417166e-11
2.187034275399315651e-11
2.118830041878179934e-11
2.053372343653212784e-11
1.990524968375118399e-11
1.930161700770780808e-11
1.872163293008584501e-11
1.816416850529754018e-11
1.762815772911378263e-11
1.711258975973826825e-11
1.661650512438930590e-11
1.613901902890448987e-11
1.567927130710090010e-11
1.523645572040697851e-11
1.480979765762382605e-11
1.439857283693114423e-11
1.400209369273072090e-11
1.361970691197592026e-11
1.325079052412019267e-11
1.289475287175717877e-11
1.255103847630865196e-11
1.221911261033093081e-11
1.189847864459936649e-11
1.158866013335719969e-11
1.128920522231883762e-11
1.099968643710079763e-11
1.071969912891579341e-11
1.044885636861280363e-11
1.018678925476321821e-11
9.933155226774066261e-12
9.687617880736457015e-12
9.449862760877095734e-12
9.219589276634025307e-12
8.996511045733082719e-12
8.780356128903651653e-12
8.570866166197351548e-12
8.367788714253741135e-12
8.170889728300986994e-12
7.979936202928750746e-12
7.794707604512575428e-12
7.614993302364777231e-12
7.440591173939204050e-12
7.271309768247728208e-12
7.106962649586263237e-12
6.947372412487592181e-12
6.792374148465717731e-12
6.641803623344953670e-12
6.495506758026493960e-12
6.353337446768241101e-12
6.215151243303748114e-12
6.080814810551083886e-12
5.950196009110208954e-12
5.823169551395949536e-12
5.699617928535268475e-12
5.579424337311155786e-12
5.462478644794974066e-12
5.348675079453136288e-12
5.237911089172896922e-12
5.130087484180755400e-12
5.025108638032457334e-12
4.922883221258971036e-12
4.823320574559705673e-12
4.726337497383669732e-12
4.631851167403465848e-12
4.539782474497025804e-12
4.450057394749056499e-12
4.362601526396190484e-12
4.277344798083764997e-12
4.194219719305754213e-12
4.113161269223351218e-12
4.034106316683982487e-12
3.956994495370629840e-12
3.881768518463064941e-12
3.808370418804750529e-12
3.736747870934344879e-12
3.666846440921154627e-12
3.598617495100042604e-12
3.532011545991874227e-12
3.466980905310601668e-12
3.403481970408294856e-12
3.341469025703485749e-12
3.280901457310372962e-12
3.221737686319123178e-12
3.163938301676248164e-12
3.107464474135985139e-12
3.052281203760743820e-12
2.998350692832367752e-12
2.945639235917626835e-12
2.894114198931224967e-12
2.843741970013529577e-12
2.794492043888946056e-12
2.746334220621958480e-12
2.699239261951640743e-12
2.653178543042428146e-12
2.608124659199358579e-12
2.564051668190053371e-12
2.520932632195028755e-12
2.478743243227891970e-12
2.437459634187530790e-12
2.397057529661939114e-12
2.357514813819339415e-12
2.318809748733431132e-12
2.280920395242294373e-12
2.243825329114120778e-12
2.207505308389624700e-12
2.171940094074230552e-12
2.137110066993172794e-12
2.102997693522891976e-12
2.069583970420619506e-12
2.036851925691762957e-12
2.004784829583254520e-12
1.973365731902090813e-12
1.942578416845441766e-12
1.912408044539351850e-12
1.882838622604099322e-12
1.853856392867386247e-12
1.825446666178827365e-12
1.797595182014086865e-12
1.770289556012658001e-12
1.743515247509286788e-12
1.717260801126015717e-12
1.691513642232651077e-12
1.666260762992094357e-12
1.641491674790289584e-12
1.617194420776374825e-12
1.593357951796170210e-12
1.569971517895605521e-12
1.547024690412989921e-12
1.524507804741614625e-12
1.502410408189999140e-12
1.480723744427844337e-12
1.459437886854396116e-12
1.438544208916179266e-12
1.418034298040010912e-12
1.397898959164146730e-12
1.378130231283559822e-12
1.358720027106754001e-12
1.339660149976145507e-12
1.320943713704105518e-12
1.302562291182406909e-12
1.284509061577014475e-12
1.266776913156571193e-12
1.249358764963577652e-12
1.232247862814543408e-12
1.215437907616505322e-12
1.198921898075244207e-12
1.182694000330669457e-12
1.166748235832429779e-12
1.151078088436359250e-12
1.135678021783949783e-12
1.120542361309784175e-12
1.105665830992749142e-12
1.091042500940543528e-12
1.076667361772755556e-12
1.062535265436666795e-12
1.048641186514209062e-12
1.034980341163275256e-12
1.021547572284610445e-12
1.008338688664955224e-12
9.953487605516353261e-13
9.825732156349066399e-13
9.700079352633941415e-13
9.576487767671750124e-13
9.454912431035942518e-13
9.335315018708800107e-13
9.217656935846028105e-13
9.101897212818560893e-13
8.987996935377234546e-13
8.875921249850483189e-13
8.765632925130325126e-13
8.657098668606440317e-13
8.550279814986819645e-13
8.445146662145533629e-13
8.341663159187792354e-13
8.239799007927420824e-13
8.139521642287257078e-13
8.040800192095750189e-13
7.943606526785958399e-13
7.847908231818310662e-13
7.753681204622164924e-13
7.660894513062314861e-13
7.569525143713648261e-13
7.479543400976429157e-13
7.390925557327804778e-13
7.303648340750718968e-13
7.217683801850359985e-13
7.133011417269830499e-13
7.049604333914484308e-13
6.967442939060322669e-13
6.886501425047376289e-13
6.806759434394421119e-13
6.728195396538386580e-13
6.650788971856389334e-13
6.574517884488413036e-13
6.499362660667434473e-13
6.425301923249531935e-13
6.352319277617049535e-13
6.280392640403308598e-13
6.209504857420066084e-13
6.139639809554961533e-13
6.070773744537721847e-13
6.002894183764101443e-13
5.935982451742593202e-13
5.870020279088128152e-13
5.804993227732986700e-13
5.740883697005097864e-13
5.677675138158925812e-13
5.615354666882662151e-13
5.553904327529006036e-13
5.493311130310251933e-13
5.433557788902452677e-13
5.374633140198991469e-13
5.316521125947015467e-13
5.259207910692953442e-13
5.202679309084154841e-13
5.146923250274249251e-13
5.091927262492432922e-13
5.037677308415586569e-13
4.984160235846516013e-13
4.931365491108450456e-13
4.879279790493886386e-13
4.827890699366100497e-13
4.777188292609770086e-13
4.727158873610829103e-13
4.677794038686524462e-13
4.629081091729392368e-13
4.581008153058639889e-13
4.533566882275144921e-13
4.486746146103171057e-13
4.440535636001098733e-13
4.394927323334287766e-13
4.349910712109153927e-13
4.305476538152767448e-13
4.261614693480063599e-13
4.218318770572013165e-13
4.175578462495337301e-13
4.133384168551679497e-13
4.091729387794931009e-13
4.050604811367589214e-13
4.010002265855071597e-13
3.969912780698274857e-13
3.930331287803802690e-13
3.891246291803656929e-13
3.852652512645108284e-13
3.814542903427461318e-13
3.776909187027836627e-13
3.739743249095961298e-13
3.703039766623037744e-13
3.666790862867023797e-13
3.630988815150789213e-13
3.595628607443903040e-13
3.560701896977028416e-13
3.526203861833617026e-13
3.492126415405650862e-13
3.458464921907273677e-13
3.425211541488375503e-13
3.392361816872705155e-13
3.359908544088122834e-13
3.327846242721471140e-13
3.296169124764294904e-13
3.264871498577714594e-13
3.233947767052129693e-13
3.203391666584666530e-13
3.173199309349395220e-13
3.143363859707058039e-13
3.113881578066735322e-13
3.084746196072807051e-13
3.055953019709117379e-13
3.027497065165188954e-13
2.999373429800649546e-13
2.971576586253823928e-13
2.944103204972827156e-13
2.916947906920868830e-13
2.890105756771505534e-13
2.863571905671518806e-13
2.837343271059218844e-13
2.811414126169325709e-13
2.785781537420889090e-13
2.760440430176234187e-13
2.735387158770842806e-13
2.710617806149625047e-13
2.686128197583753890e-13
2.661914860560894465e-13
2.637974056919331021e-13
2.614301486219742141e-13
2.590894769586706019e-13
2.567749408637840813e-13
2.544861595811397432e-13
2.522229082766380110e-13
2.499847556487498376e-13
2.477713962482387391e-13
2.455824413071986764e-13
2.434177111200424924e-13
2.412766825110050476e-13
2.391592128188019538e-13
2.370649051358106426e-13
2.349934816373656734e-13
2.329446404700083131e-13
2.309180568990522137e-13
2.289134658466523068e-13
2.269305249025800186e-13
2.249690845182349273e-13
2.230286773659115678e-13
2.211091875007470217e-13
2.192102636350094425e-13
2.173316642563506351e-13
2.154730742259743475e-13
2.136343106742034068e-13
2.118150914370883211e-13
2.100151140407981255e-13
2.082342048389401560e-13
2.064721178028618549e-13
2.047284890657123560e-13
2.030032271751998721e-13
2.012960243478338344e-13
1.996066732921280236e-13
1.979348988049468115e-13
1.962805469103188909e-13
1.946433952356567515e-13
1.930231101109966446e-13
1.914196145222069488e-13
1.898326273126589465e-13
1.882619172469891177e-13
1.867073675004006950e-13
1.851687074768129205e-13
1.836457369791522959e-13
1.821382802209715779e-13
1.806461007253037206e-13
1.791690784979025328e-13
1.777069901030059040e-13
1.762596786739283072e-13
1.748269683403405589e-13
1.734086650475046201e-13
1.720045981588180888e-13
1.706145791002761934e-13
1.692385225987368138e-13
1.678762036145121144e-13
1.665274605168339993e-13
1.651921534346537111e-13
1.638700856779378390e-13
1.625611603304993313e-13
1.612652232928668062e-13
1.599820276165060164e-13
1.587115385068007987e-13
1.574535140517138198e-13
1.562079211195520466e-13
1.549745043247909397e-13
1.537531413658159911e-13
1.525437655010780571e-13
1.513461838384104256e-13
1.501602604443144993e-13
1.489858788339572955e-13
1.478229061768115872e-13
1.466711591602952684e-13
1.455306132049119554e-13
1.444010365635176364e-13
1.432823213542947509e-13
1.421744113840369603e-13
1.410771327856025205e-13
1.399903646648829219e-13
1.389140206433223226e-13
1.378479003547254426e-13
1.367919860083712901e-13
1.357461133228096968e-13
1.347101689270617967e-13
1.336840408879793686e-13
1.326676344328985552e-13
1.316608400839752068e-13
1.306635342401520323e-13
1.296756105205056512e-13
1.286969638806538150e-13
1.277275057516105304e-13
1.267671333631819470e-13
1.258157004367294821e-13
1.248731966800968351e-13
1.239394338662045592e-13
1.230143298462195191e-13
1.220978468544979709e-13
1.211898464973582483e-13
1.202902358173879076e-13
1.193989229991123353e-13
1.185158454854919798e-13
1.176408432617788314e-13
1.167739119322958108e-13
1.159149218978420511e-13
1.150637868220646579e-13
1.142204214177531045e-13
1.133847548903038055e-13
1.125566769929264049e-13
1.117361455815377379e-13
1.109230525109413731e-13
1.101173175304042601e-13
1.093188613540409303e-13
1.085276185298118508e-13
1.077434858044165740e-13
1.069664250781454739e-13
1.061963350342581481e-13
1.054331410210104025e-13
1.046767692748438313e-13
1.039271592451705404e-13
1.031842141469441568e-13
1.024478995581271694e-13
1.017181204798944364e-13
1.009948074167099984e-13
1.002778916914239340e-13
9.956732907415819476e-14
9.886299330845459010e-14
9.816488877830911308e-14
9.747291451626892699e-14
9.678700577967205127e-14
9.610709858062089854e-14
9.543312967594550259e-14
9.476505905837324203e-14
9.410276861351654268e-14
9.344626454328935037e-14
9.279545273853234114e-14
9.215027353837922707e-14
9.151066796951153498e-14
9.087657773713143752e-14
9.024794521606965001e-14
8.962472408300110051e-14
8.900685780604547193e-14
8.839428000576264972e-14
8.778691480684110036e-14
8.718477034527353834e-14
8.658773029960851842e-14
8.599576234355852206e-14
8.540882441217191797e-14
8.482684598562551835e-14
8.424980803215272468e-14
8.367764156976510558e-14
8.311029843750264492e-14
8.254773100659531637e-14
8.198991164475781224e-14
8.143675469421378589e-14
8.088824329092675588e-14
8.034431259425815412e-14
7.980494615988501950e-14
7.927008020754802706e-14
7.873967065367077970e-14
7.821367389556663959e-14
7.769206525694025976e-14
7.717476505324126503e-14
7.666175876755992912e-14
7.615298639415440303e-14
7.564843377751339623e-14
7.514804187305762596e-14
7.465177028387476419e-14
7.415957904820213051e-14
7.367142863407042756e-14
7.318729731682239486e-14
7.270710289434494128e-14
7.223085907156707871e-14
7.175850191218194040e-14
7.128999395816027488e-14
7.082528132822360076e-14
7.036437782500861054e-14
6.990719670624014719e-14
6.945371890404854090e-14
6.900390890829310787e-14
6.855773972656973151e-14
6.811517643777377934e-14
6.767616037705186462e-14
6.724068976576352003e-14
6.680871474988839907e-14
6.638020200826022425e-14
6.595511856895593057e-14
6.553344737191324844e-14
6.511512489840108151e-14
6.470014255079436336e-14
6.428845329508848320e-14
6.388004875233820321e-14
6.347488259368695880e-14
6.307292418051023860e-14
6.267414319156813542e-14
6.227850961926411349e-14
6.188599376595369472e-14
6.149656632592020820e-14
6.111021315331479875e-14
6.072686962474552443e-14
6.034655115968244779e-14
5.996920827288421548e-14
5.959479937899644792e-14
5.922332573184882949e-14
5.885474621085073166e-14
5.848903421381308282e-14
5.812617721641961071e-14
5.776612144769140067e-14
5.740885499792566452e-14
5.705435909932366992e-14
5.670259486713648123e-14
5.635355747445137746e-14
5.600720858485969896e-14
5.566352366458352744e-14
5.532247842502533731e-14
5.498404881997953651e-14
5.464821104287982785e-14
5.431494152408234052e-14
5.398421692818339571e-14
5.365602689942972385e-14
5.333031665419236953e-14
5.300710167313462314e-14
5.268634041133728494e-14
5.236799822494374641e-14
5.205207809093799299e-14
5.173854572512600450e-14
5.142737957517568322e-14
5.111855830032914908e-14
5.081206076904394459e-14
5.050787805747505600e-14
5.020596537226796293e-14
4.990632612670081571e-14
4.960891032274764362e-14
4.931373330953883678e-14
4.902074572966428489e-14
4.872995121868624714e-14
4.844131852154398607e-14
4.815482828979139548e-14
4.787046136216543680e-14
4.758819876253355450e-14
4.730802169786663180e-14
4.702992273144717076e-14
4.675386101451679058e-14
4.647982953266958602e-14
4.620781569553632671e-14
4.593779058396210876e-14
4.566975283697148382e-14
4.540367399627844034e-14
4.513953709456146865e-14
4.487731474633815131e-14
4.461701177786137450e-14
4.435860105446958888e-14
4.410207680210285816e-14
4.384740189821132551e-14
4.359457093277654676e-14
4.334356810389374122e-14
4.309438799812453812e-14
4.284698947552486248e-14
4.260138780744208125e-14
4.235755241283876895e-14
4.211545820494512777e-14
4.187511031941016920e-14
4.163648389033710882e-14
4.139956425476705508e-14
4.116433688528175826e-14
4.093078738858145209e-14
4.069890150407985455e-14
4.046866510251573484e-14
4.024007374778612975e-14
4.001309438887734161e-14
3.978772289981599647e-14
3.956395036441416845e-14
3.934175386072843658e-14
3.912113404461912059e-14
3.890206826701806022e-14
3.868453420844927136e-14
3.846853730182707818e-14
3.825405541385939298e-14
3.804107577384259357e-14
3.782958572694954295e-14
3.761957273303903412e-14
3.741102436547939022e-14
3.720393715226656280e-14
3.699828115691612849e-14
3.679405317785580606e-14
3.659124992778571077e-14
3.638983776455108459e-14
3.618983093775074026e-14
3.599119618499551756e-14
3.579393910339413929e-14
3.559803963664695044e-14
3.540348643238032584e-14
3.521025987079047765e-14
3.501836558459552449e-14
3.482778410789304535e-14
3.463850448790180737e-14
3.445052405766632660e-14
3.426381568161513737e-14
3.407837715117513957e-14
3.389419816079759158e-14
3.371127650812540896e-14
3.352958599846526374e-14
3.334912861429375282e-14
3.316988645785204903e-14
3.299186149320146671e-14
3.281502821742668031e-14
3.263939258133786941e-14
3.246493713620966126e-14
3.229165235874565398e-14
3.211952880824019108e-14
3.194854953153061708e-14
3.177872047947898076e-14
3.161003233332039384e-14
3.144246090722517543e-14
3.127600471536342914e-14
3.111065479586272895e-14
3.094640226395243069e-14
3.078324562868370691e-14
3.062116148381248164e-14
3.046014852762756751e-14
3.030020177771831062e-14
3.014131266712802585e-14
2.998346201110106240e-14
2.982665573704371868e-14
2.967087838641275536e-14
2.951611471979381921e-14
2.936237065377105941e-14
2.920963105141250703e-14
2.905788789767212482e-14
2.890713324546590226e-14
2.875735921502182787e-14
2.860855799323700547e-14
2.846072183304146623e-14
2.831384305276908996e-14
2.816792073181011890e-14
2.802293389045690553e-14
2.787888177048275250e-14
2.773576353930021355e-14
2.759355861203380066e-14
2.745226957735870826e-14
2.731188265141839350e-14
2.717240039364389471e-14
2.703380915813196627e-14
2.689609549055835750e-14
2.675926521051486973e-14
2.662330494822633543e-14
2.648820781860440738e-14
2.635396704035483743e-14
2.622057607396889144e-14
2.608802847976537137e-14
2.595631787060402694e-14
2.582543791140010643e-14
2.569538231864398776e-14
2.556614485992584554e-14
2.543771935346527548e-14
2.531010568505811753e-14
2.518328570783968215e-14
2.505725943687199034e-14
2.493202681587984137e-14
2.480757002458570772e-14
2.468389206704664368e-14
2.456098121987215243e-14
2.443884044940385471e-14
2.431745814103988045e-14
2.419682284207063808e-14
2.407694043283882349e-14
2.395779952308538153e-14
2.383939454908174007e-14
2.372171999162808904e-14
2.360477037565094150e-14
2.348853468513900107e-14
2.337301872885616740e-14
2.325821707940182495e-14
2.314411334726550428e-14
2.303070782933257740e-14
2.291799530706310686e-14
2.280597060333890346e-14
2.269463397814074104e-14
2.258396951769721890e-14
2.247397758944520954e-14
2.236465849593149357e-14
2.225599660054128734e-14
2.214799494373772424e-14
2.204064334925109581e-14
2.193394481952835340e-14
2.182788407816729553e-14
2.172246674821270973e-14
2.161768286964898465e-14
2.151352261955661095e-14
2.140999158277291111e-14
2.130707998506244062e-14
2.120478322859447628e-14
2.110309675145028832e-14
2.100201602730760862e-14
2.090153656512821342e-14
2.080165390884864881e-14
2.070236363707396024e-14
2.060366139558104946e-14
2.050554299473997346e-14
2.040800430958499242e-14
2.031104124655888556e-14
2.021465455004906044e-14
2.011883055212233351e-14
2.002357008154172497e-14
1.992887390660159908e-14
1.983472858660232068e-14
1.974113966653391677e-14
1.964809151847230130e-14
1.955559434049948654e-14
1.946363264044817300e-14
1.937221190318157359e-14
1.928132371349755132e-14
1.919095977116143418e-14
1.910112551604330212e-14
1.901181268236188850e-14
1.892301311708548400e-14
1.883473221519614343e-14
1.874696185707582840e-14
1.865969847100568578e-14
1.857293851195054959e-14
1.848667846133378428e-14
1.840091482681415385e-14
1.831564414206493138e-14
1.823086296655505315e-14
1.814656788533233974e-14
1.806275550880885957e-14
1.797942674820686567e-14
1.789656969302373115e-14
1.781418532395715597e-14
1.773227035076887476e-14
1.765082570511100031e-14
1.756983973079995860e-14
1.748931758606567103e-14
1.740924773934063362e-14
1.732963119830497192e-14
1.725046686685402135e-14
1.717174750902264579e-14
1.709347614930362844e-14
1.701564560709204680e-14
1.693824879854174771e-14
1.686129076515363279e-14
1.678476444925280141e-14
1.670866288812593302e-14
1.663299107986693999e-14
1.655774208714974649e-14
1.648291298586783033e-14
1.640850087320703802e-14
1.633450288653558810e-14
1.626091626004431254e-14
1.618773826672121339e-14
1.611496619903231924e-14
1.604259736876408026e-14
1.597062910686718633e-14
1.589905876330188408e-14
1.582788370688463807e-14
1.575710132513620567e-14
1.568670902413113818e-14
1.561670794249633779e-14
1.554708807812600522e-14
1.547785062265149042e-14
1.540899305488387631e-14
1.534051651996062566e-14
1.527241121899687716e-14
1.520468196484211701e-14
1.513731905829219087e-14
1.507032728245777837e-14
1.500369525232973156e-14
1.493743129775718877e-14
1.487152412299282858e-14
1.480597845212437276e-14
1.474078487750564350e-14
1.467594809394121783e-14
1.461146226376324731e-14
1.454732162697340536e-14
1.448353083473841169e-14
1.442008414381682841e-14
1.435697930200311601e-14
1.429421407277886200e-14
1.423178285020952360e-14
1.416969021350106100e-14
1.410793057264297390e-14
1.404650175264369008e-14
1.398540159359303752e-14
1.392462795054426708e-14
1.386417869339716070e-14
1.380405170678215870e-14
1.374424488994549698e-14
1.368475941159060355e-14
1.362558667587923400e-14
1.356672789432095706e-14
1.350818102349634034e-14
1.344994403404248247e-14
1.339201809591475579e-14
1.333439482309925231e-14
1.327707542689281181e-14
1.322006107757434531e-14
1.316334351197484385e-14
1.310692395267788505e-14
1.305080362882670895e-14
1.299497446792394588e-14
1.293944082711341214e-14
1.288419317946035627e-14
1.282923892511224030e-14
1.277456860752981133e-14
1.272018652766173064e-14
1.266608785671998447e-14
1.261226782938648841e-14
1.255873070492851296e-14
1.250547172875256295e-14
1.245248620866646734e-14
1.239977836265319166e-14
1.234734350891440842e-14
1.229517995164711194e-14
1.224328309402259331e-14
1.219165709959244558e-14
1.214029738149597625e-14
1.208920228853990571e-14
1.203837018047477434e-14
1.198779942791302723e-14
1.193748841224766680e-14
1.188743552557170541e-14
1.183763917059824268e-14
1.178809776058119761e-14
1.173880971923680112e-14
1.168977348066563136e-14
1.164098748927538897e-14
1.159245295728931253e-14
1.154416282285027170e-14
1.149611832995364795e-14
1.144831796347572371e-14
1.140076021822329695e-14
1.135344629962560168e-14
1.130636930940841593e-14
1.125953048374553848e-14
1.121293102379703166e-14
1.116656412719010408e-14
1.112043102523172606e-14
1.107453291467676186e-14
1.102886308741069438e-14
1.098342538254870340e-14
1.093821185289460712e-14
1.089322892012553213e-14
1.084846869290880664e-14
1.080393496085573926e-14
1.075962119957457212e-14
1.071553117417029324e-14
1.067166095878513938e-14
1.062800668940938173e-14
1.058457215080080381e-14
1.054135354146295295e-14
1.049834710908263880e-14
1.045555661186037586e-14
1.041297830304495276e-14
1.037061095139065739e-14
1.032845333340416143e-14
1.028650178618284554e-14
1.024476000570927080e-14
1.020322433433693655e-14
1.016189357903264757e-14
1.012076655424292586e-14
1.007984208184083664e-14
1.003911899107317102e-14
9.998596118508097099e-15
9.958272307983229347e-15
9.918146410554095411e-15
9.878217284443032158e-15
9.838483794988506085e-15
9.798944814594791885e-15
9.759599222682122748e-15
9.720445905637171985e-15
9.681486060021747500e-15
9.642713970274462980e-15
9.604130855909611815e-15
9.565735630692411523e-15
9.527527215112972112e-15
9.489506793950697096e-15
9.451668776784640256e-15
9.414014370649831377e-15
9.376544753220351730e-15
9.339254407538853022e-15
9.302144533128918269e-15
9.265216300536396408e-15
9.228464265080853607e-15
9.191891805607434757e-15
9.155493524972276424e-15
9.119272779729867072e-15
9.083223139257845513e-15
9.047350103255561667e-15
9.011647283337157048e-15
8.976117991959427908e-15
8.940756971551064929e-15
8.905567512759501440e-15
8.870544403546730432e-15
8.835690912909050452e-15
8.801003967759840237e-15
8.766480533892474310e-15
8.732123848120673473e-15
8.697930882809695700e-15
8.663900722997440401e-15
8.630030409256091012e-15
8.596323155366201311e-15
8.562776004704724438e-15
8.529388067324236557e-15
8.496158458614349127e-15
8.463084285714555208e-15
8.430168709508835984e-15
8.397408839766456472e-15
8.364803812865426666e-15
8.332352770342174819e-15
8.300054858856660855e-15
8.267909230157726447e-15
8.235915041048713296e-15
8.204071453353379616e-15
8.172377633882024861e-15
8.140832754397926852e-15
8.109435991583990318e-15
8.078186527009674688e-15
8.047083547098166433e-15
8.016126243093808582e-15
7.985313811029760573e-15
7.954647344343057620e-15
7.924122255995439374e-15
7.893739656134802857e-15
7.863498759630999571e-15
7.833398785984709102e-15
7.803440815986581297e-15
7.773620357835131604e-15
7.743938508553384938e-15
7.714394505858581504e-15
7.684989420468526157e-15
7.655718835023808510e-15
7.626583836103443122e-15
7.597585486898425806e-15
7.568719424886410889e-15
7.539986728847806597e-15
7.511388454472018006e-15
7.482920293238664960e-15
7.454585089890184651e-15
7.426378571451026066e-15
7.398303564118140760e-15
7.370354953251138997e-15
7.342537303645806743e-15
7.314845532168044714e-15
7.287282428334168653e-15
7.259843823660811732e-15
7.232532489526922828e-15
7.205346006037717486e-15
7.178281986615034930e-15
7.151343192724298969e-15
7.124527256116913768e-15
7.097831837848831601e-15
7.071259675674657225e-15
7.044808431701668100e-15
7.018475796921843029e-15
6.992264482251332238e-15
6.966172179677118989e-15
6.940198261058484652e-15
6.914340456573877862e-15
6.888601441823712793e-15
6.862978947909035362e-15
6.837472360833036150e-15
6.812081070078211468e-15
6.786804468584025975e-15
6.761640343789535438e-15
6.736591319309622695e-15
6.711655183402898207e-15
6.686831342616816877e-15
6.662119206846575484e-15
6.637518189313751909e-15
6.613027706545075311e-15
6.588647178351368270e-15
6.564376027806632512e-15
6.540213681227288455e-15
6.516159568151560692e-15
6.492213121319018099e-15
6.468373776650250412e-15
6.444640973226713613e-15
6.421014153270686562e-15
6.397492762125399582e-15
6.374077764995662880e-15
6.350765574342350782e-15
6.327557167083151631e-15
6.304452000848980542e-15
6.281449536294402836e-15
6.258550726362256850e-15
6.235752053707780394e-15
6.213054482672825062e-15
6.190457485817374751e-15
6.167960538631204101e-15
6.145564581926556477e-15
6.123266166872252991e-15
6.101066245375572971e-15
6.078965751033841884e-15
6.056961275337114465e-15
6.035053762799959462e-15
6.013244139852610719e-15
5.991529037728524653e-15
5.969910815359664428e-15
5.948386135772606736e-15
5.926955937967411047e-15
5.905621143177885626e-15
5.884378454210559934e-15
5.863230197916972138e-15
5.842173102564453746e-15
5.821208787469590597e-15
5.800335393866051832e-15
5.779554523785950742e-15
5.758862955697402860e-15
5.738262972077066564e-15
5.717751376138364961e-15
5.697330435786695233e-15
5.676998329711198077e-15
5.656753258463915522e-15
5.636597468296872761e-15
5.616529159852853705e-15
5.596546555340760718e-15
5.576651879600882198e-15
5.556843354905750817e-15
5.537119224801995592e-15
5.517481692956863236e-15
5.497929002954399228e-15
5.478459419365398072e-15
5.459075124919855323e-15
5.439774384200633477e-15
5.420556772461595941e-15
5.401420581827394720e-15
5.382367967473450792e-15
5.363397221503999653e-15
5.344507928235192847e-15
5.325699674214532578e-15
5.306972048207356937e-15
5.288323382669654493e-15
5.269755792206523461e-15
5.251267609207475890e-15
5.232858431176182816e-15
5.214527857768050146e-15
5.196275490777250573e-15
5.178100934123868299e-15
5.160003793841125798e-15
5.141983678062683158e-15
5.124040197010039969e-15
5.106172962980011370e-15
5.088381590332297176e-15
5.070665695477135421e-15
5.053024896863023732e-15
5.035458814964547998e-15
5.017967072270274931e-15
5.000549294307483961e-15
4.983205112725424561e-15
4.965934162147005506e-15
4.948736079116792850e-15
4.931611675752070183e-15
4.914558241025142349e-15
4.897576594913561375e-15
4.880666381535252248e-15
4.863827246873569593e-15
4.847058838766292275e-15
4.830361956472167790e-15
4.813733948394678614e-15
4.797175621418937899e-15
4.780686630691597315e-15
4.764266633159729722e-15
4.747916417525665887e-15
4.731633380501422194e-15
4.715418318227043713e-15
4.699272013139820200e-15
4.683191890418800668e-15
4.667178739828447673e-15
4.651232230626116575e-15
4.635353136975465580e-15
4.619538921420058805e-15
4.603791460986851921e-15
4.588108236652142793e-15
4.572490025588574121e-15
4.556937591744844250e-15
4.541448443439521063e-15
4.526024428809117555e-15
4.510663074198293336e-15
4.495365146447175983e-15
4.480131399429462103e-15
4.464959386230195443e-15
4.449850926619440867e-15
4.434803063572133008e-15
4.419818662918946618e-15
4.404894783319811863e-15
4.390033222221618753e-15
4.375231585135208009e-15
4.360491658467300531e-15
4.345812099207553647e-15
4.331191579872293468e-15
4.316631870457841216e-15
4.302130619114981923e-15
4.287689584998743480e-15
4.273307450116786596e-15
4.258982911676375082e-15
4.244717712717321805e-15
4.230509543104065378e-15
4.216360136430873499e-15
4.202268205143841562e-15
4.188232477725164338e-15
4.174254677836047530e-15
4.160333533382800093e-15
4.146468773803114134e-15
4.132659146294812369e-15
4.118906353487301996e-15
4.105209141994132748e-15
4.091567246654778577e-15
4.077979433046637768e-15
4.064447383070666796e-15
4.050969861712167038e-15
4.037546609091233147e-15
4.024177366629518740e-15
4.010860922417202037e-15
3.997598932863696344e-15
3.984390185458041051e-15
3.971234426755363460e-15
3.958131404576155321e-15
3.945080867999172291e-15
3.932082567354373633e-15
3.919135321412268563e-15
3.906240751659248228e-15
3.893397676253354969e-15
3.880605850459729715e-15
3.867865030760089948e-15
3.855174974845939980e-15
3.842535441611811990e-15
3.829946191148567810e-15
3.817406984736714114e-15
3.804917584839798078e-15
3.792477755097810131e-15
3.780087260320648250e-15
3.767745866481614584e-15
3.755453340710955473e-15
3.743209451289445646e-15
3.731013967642004757e-15
3.718866660331362039e-15
3.706767301051751735e-15
3.694715662622655056e-15
3.682711518982583966e-15
3.670755518893750111e-15
3.658845688258959400e-15
3.646982680892383379e-15
3.635166275147142420e-15
3.623396250464860303e-15
3.611672387369660988e-15
3.599994467462219808e-15
3.588363127522060125e-15
3.576776441119458669e-15
3.565235053950858018e-15
3.553738756667938571e-15
3.542287340937751207e-15
3.530881439869297220e-15
3.519519163576232873e-15
3.508201149884561922e-15
3.496927194467701825e-15
3.485697093987093477e-15
3.474511473107286681e-15
3.463368473757599678e-15
3.452268725213316489e-15
3.441212847132392436e-15
3.430199000220229640e-15
3.419227808683121109e-15
3.408299887217016074e-15
3.397413415072634265e-15
3.386569011432864372e-15
3.375767286075823774e-15
3.365006436570180770e-15
3.354287077120582807e-15
3.343609812631086936e-15
3.332972858764277080e-15
3.322376824791293378e-15
3.311822310785517142e-15
3.301307550282674148e-15
3.290833930983257091e-15
3.280399698217359216e-15
3.270006231494838905e-15
3.259651787844414008e-15
3.249336965197345601e-15
3.239062352521839013e-15
3.228826224217099273e-15
3.218629939565909972e-15
3.208471402569811028e-15
3.198352729445164047e-15
3.188271834355915682e-15
3.178230060655961868e-15
3.168225716857908039e-15
3.158260138434185002e-15
3.148332394498536885e-15
3.138441564458688664e-15
3.128588972067315719e-15
3.118772953640028897e-15
3.108994825183992712e-15
3.099252933980325776e-15
3.089548588344281677e-15
3.079880879560245647e-15
3.070248908928390385e-15
3.060653973325612969e-15
3.051095174068254592e-15
3.041571625271046240e-15
3.032084616818378536e-15
3.022632543285054560e-15
3.013216687018453554e-15
3.003836168105372071e-15
2.994490829121952571e-15
2.985179802784805766e-15
2.975904356523152066e-15
2.966663622292173914e-15
2.957456741580213363e-15
2.948284970762655881e-15
2.939147450568541628e-15
2.930044028623266383e-15
2.920973857943813449e-15
2.911938180344169436e-15
2.902936148084956628e-15
2.893967611595033366e-15
2.885031735232576259e-15
2.876129746449564359e-15
2.867260808850872063e-15
2.858424775611044892e-15
2.849621500582168375e-15
2.840850162040854923e-15
2.832111969762085688e-15
2.823406101273142391e-15
2.814732413101461322e-15
2.806090762434694217e-15
2.797481007117302736e-15
2.788903005647175836e-15
2.780355955317402149e-15
2.771841041658516848e-15
2.763357461220094544e-15
2.754905075080291181e-15
2.746483744954056866e-15
2.738093333189861700e-15
2.729733702766444090e-15
2.721404717289589442e-15
2.713106240988904897e-15
2.704838138714631548e-15
2.696600275934468088e-15
2.688392518730414189e-15
2.680214733795629644e-15
2.672066788431314825e-15
2.663948550543604931e-15
2.655859888640488702e-15
2.647800671828736197e-15
2.639770769810855765e-15
2.631770052882053380e-15
2.623798391927224713e-15
2.615855658887702044e-15
2.607941728161758075e-15
2.600056475182327580e-15
2.592199775942967484e-15
2.584371506995021686e-15
2.576571545444810359e-15
2.568799768950828301e-15
2.561056055720963023e-15
2.553340284509729002e-15
2.545652940620841542e-15
2.537992690060331646e-15
2.530360021040876285e-15
2.522754814476109331e-15
2.515176951812687321e-15
2.507626315027619951e-15
2.500102786625608853e-15
2.492606249636402939e-15
2.485137179216914841e-15
2.477694274458500094e-15
2.470278013332555065e-15
2.462888280942854034e-15
2.455524962905224837e-15
2.448188528157170752e-15
2.440877695966891779e-15
2.433592938029191987e-15
2.426334141982665579e-15
2.419101195965321976e-15
2.411894562787474914e-15
2.404712981518817800e-15
2.397556917671170210e-15
2.390426261355472435e-15
2.383321470545633369e-15
2.376241299887945362e-15
2.369186210014152598e-15
2.362156655308450057e-15
2.355151401948005393e-15
2.348170906942657038e-15
2.341215621118754064e-15
2.334284322056364101e-15
2.327377463175752873e-15
2.320494939352011373e-15
2.313637196716690677e-15
2.306803027857651569e-15
2.299993429004757207e-15
2.293207200166851728e-15
2.286444787680696932e-15
2.279706631886989143e-15
2.272991543823817857e-15
2.266299966333354566e-15
2.259632336322629804e-15
2.252987476521181007e-15
2.246366364999417149e-15
2.239767835574744435e-15
2.233192329971949172e-15
2.226640284053116624e-15
2.220110542262892077e-15
2.213604069818834912e-15
2.207119718186064747e-15
2.200658447189179368e-15
2.194219115262809945e-15
2.187802676873887098e-15
2.181407997376031738e-15
2.175036025913538265e-15
2.168685634708929003e-15
2.162357767618626048e-15
2.156051047038959521e-15
2.149766925611627905e-15
2.143504031752590468e-15
2.137263298845785405e-15
2.131043619424170343e-15
2.124845921686538615e-15
2.118669104838633704e-15
2.112514091927832617e-15
2.106379788784680259e-15
2.100267113338606706e-15
2.094174977997382085e-15
2.088104295605705315e-15
2.082054480782164622e-15
2.076024954277416480e-15
2.070016621370783357e-15
2.064028410707609834e-15
2.058061222564429756e-15
2.052114480555889486e-15
2.046187614321841385e-15
2.040281516695198796e-15
2.034395132270304386e-15
2.028529348957688704e-15
2.022683599203069152e-15
2.016857321372717262e-15
2.011051396053006596e-15
2.005265260910602267e-15
1.999498359470972274e-15
1.993751565066928753e-15
1.988024320528749325e-15
1.982316074484532401e-15
1.976627693083322758e-15
1.970958624262426723e-15
1.965308321696748976e-15
1.959677644420568605e-15
1.954066045422378750e-15
1.948473447188082088e-15
1.942899309684418367e-15
1.937344482145341570e-15
1.931808423791102232e-15
1.926291058054789107e-15
1.920791851389260436e-15
1.915311643777034121e-15
1.909849901000849998e-15
1.904406547770965385e-15
1.898981057002290055e-15
1.893574259543323042e-15
1.888185627644499615e-15
1.882815087269453617e-15
1.877462564691499647e-15
1.872127540772366180e-15
1.866810835105422094e-15
1.861511927894924080e-15
1.856230746638524896e-15
1.850967219136393230e-15
1.845720834054751158e-15
1.840492399909073542e-15
1.835281404715058569e-15
1.830087777468931235e-15
1.824911447462454996e-15
1.819752344281560322e-15
1.814610397804974458e-15
1.809485107391952323e-15
1.804377266340266834e-15
1.799286373368278253e-15
1.794212359512405853e-15
1.789155156095139851e-15
1.784114694723721245e-15
1.779090907288820474e-15
1.774083725963230470e-15
1.769093083200561097e-15
1.764118911733943838e-15
1.759161144574738855e-15
1.754219715011255849e-15
1.749294140122256003e-15
1.744385187884919364e-15
1.739492374753340508e-15
1.734615635110930971e-15
1.729754903611734435e-15
1.724910115179178156e-15
1.720081205004839185e-15
1.715268108547209607e-15
1.710470761530476759e-15
1.705689099943300502e-15
1.700923060037602316e-15
1.696172578327360708e-15
1.691437593752239348e-15
1.686718054147027460e-15
1.682013909704384609e-15
1.677325110803216867e-15
1.672651608007864687e-15
1.667993352067301807e-15
1.663350293914332788e-15
1.658722779593148296e-15
1.654109969447223645e-15
1.649512210985921961e-15
1.644929455869427849e-15
1.640361655937813812e-15
1.635808763210258682e-15
1.631270729884277701e-15
1.626747508334949425e-15
1.622239051114152908e-15
1.617745310949803681e-15
1.613266240745096252e-15
1.608801793577750549e-15
1.604352304686719577e-15
1.599916962465931984e-15
1.595496103558764638e-15
1.591089681733550873e-15
1.586697650929432325e-15
1.582319965255624508e-15
1.577956578990688100e-15
1.573607446581804177e-15
1.569272896282057561e-15
1.564952134569295286e-15
1.560645491062010158e-15
1.556352920874671029e-15
1.552074379286794400e-15
1.547810190271719160e-15
1.543559571366269280e-15
1.539322847885389135e-15
1.535099975761761996e-15
1.530890911089630245e-15
1.526695973627996620e-15
1.522514391789107307e-15
1.518346486650198359e-15
1.514192214944901471e-15
1.510051533565005880e-15
1.505924758119702262e-15
1.501811127716139049e-15
1.497710959258795818e-15
1.493624210265404789e-15
1.489551193071177991e-15
1.485491155211214346e-15
1.481444410297959926e-15
1.477410916464564361e-15
1.473390979579085600e-15
1.469383839359501866e-15
1.465389786894864378e-15
1.461409109718275267e-15
1.457441050777678290e-15
1.453485899056170157e-15
1.449543594874652197e-15
1.445614423007069563e-15
1.441697634928432931e-15
1.437793516841408821e-15
1.433902351470632029e-15
1.430023396610821717e-15
1.426156936399646169e-15
1.422303251529376928e-15
1.418461606050656708e-15
1.414632282053327684e-15
1.410815558214017853e-15
1.407010704776406676e-15
1.403218001799452385e-15
1.399437725960639837e-15
1.395669153634680972e-15
1.391912894288559721e-15
1.388168228350320622e-15
1.384435432531151628e-15
1.380714780212702768e-15
1.377005557852636283e-15
1.373308367169098609e-15
1.369622498606271615e-15
1.365948225572988096e-15
1.362285818199286202e-15
1.358634572859919677e-15
1.354995083638314874e-15
1.351366650830490198e-15
1.347749544587331026e-15
1.344144031830499321e-15
1.340549418689859578e-15
1.336966291725624343e-15
1.333393960925197601e-15
1.329833009870153501e-15
1.326282752380364535e-15
1.322743769076036789e-15
1.319215377584676932e-15
1.315698155582232791e-15
1.312191424479248727e-15
1.308695759024364758e-15
1.305210484386796995e-15
1.301736172404671116e-15
1.298272151981741951e-15
1.294818529596289263e-15
1.291375871515033841e-15
1.287943667748501154e-15
1.284521580082858130e-15
1.281110192242656405e-15
1.277708864605737196e-15
1.274318177840867290e-15
1.270937495756087636e-15
1.267567395982568739e-15
1.264207245737387129e-15
1.260857619632206004e-15
1.257517888272095004e-15
1.254188623267209459e-15
1.250869198589687191e-15
1.247560182866083198e-15
1.244261249690794529e-15
1.240972075896605449e-15
1.237693225668030699e-15
1.234424081304130161e-15
1.231165204050170964e-15
1.227915979499996072e-15
1.224676965977208514e-15
1.221447843195510608e-15
1.218228294037937375e-15
1.215018872478354225e-15
1.211818972258620421e-15
1.208629144474492848e-15
1.205449073128838364e-15
1.202278445345351440e-15
1.199117807934968485e-15
1.195966847441827584e-15
1.192825253502117189e-15
1.189693568680500328e-15
1.186571482038479295e-15
1.183458685701067930e-15
1.180355718024906170e-15
1.177261990237824761e-15
1.174178037912220488e-15
1.171103554252649931e-15
1.168038235480142622e-15
1.164982613022167319e-15
1.161936382537916761e-15
1.158899518631296791e-15
1.155871720753866909e-15
1.152853514864763352e-15
1.149844599860054423e-15
1.146844677587518063e-15
1.143854269948346236e-15
1.140873078239552934e-15
1.137900806682486744e-15
1.134937973157198273e-15
1.131984281338971405e-15
1.129039704750811023e-15
1.126103941275210789e-15
1.123177492173194351e-15
1.120260052998355358e-15
1.117351588287598149e-15
1.114451797337044674e-15
1.111561176391432354e-15
1.108679424324302382e-15
1.105806506207900026e-15
1.102942124611342375e-15
1.100086770822063157e-15
1.097240146990586592e-15
1.094402218715612162e-15
1.091572691797033834e-15
1.088752052623069023e-15
1.085940006578953666e-15
1.083136519781124350e-15
1.080341558474107765e-15
1.077554832437941342e-15
1.074776822017155263e-15
1.072007236581978843e-15
1.069246042884004761e-15
1.066493207800277059e-15
1.063748445027398385e-15
1.061012228953889040e-15
1.058284272871318732e-15
1.055564544153371707e-15
1.052853010296607944e-15
1.050149638919956711e-15
1.047454148337789937e-15
1.044767005904796599e-15
1.042087929535943418e-15
1.039416887334604075e-15
1.036753847524014732e-15
1.034098778446780410e-15
1.031451648564381548e-15
1.028812181468126597e-15
1.026180836459322752e-15
1.023557336736303065e-15
1.020941651231189097e-15
1.018333748992550312e-15
1.015733599184930949e-15
1.013141171088370011e-15
1.010556434097929516e-15
1.007979117694159202e-15
1.005409672170561985e-15
1.002847826621883341e-15
1.000293550898583649e-15
9.977468149638045701e-16
9.952075888929136843e-16
9.926758428132723927e-16
9.901515467250544473e-16
9.876346706811072232e-16
9.851251848464004740e-16
9.826230594975725387e-16
9.801282650224700424e-16
9.776407719196956809e-16
9.751603185819909635e-16
9.726873407491712625e-16
9.702215764427904348e-16
9.677629965999777703e-16
9.653115722663762930e-16
9.628672745957023790e-16
9.604300748493032061e-16
9.579999443957216965e-16
9.555768547102581077e-16
9.531607773745379336e-16
9.507516840760768481e-16
9.483495466078533395e-16
9.459543368678799646e-16
9.435660268587755888e-16
9.411845886873427541e-16
9.388099945641432717e-16
9.364422168030811119e-16
9.340812278209803635e-16
9.317270001371697015e-16
9.293795063730676430e-16
9.270387192517711568e-16
9.247046115976407221e-16
9.223771563358948544e-16
9.200563264922012779e-16
9.177420951922700710e-16
9.154344356614531217e-16
9.131333212243390478e-16
9.108387253043544277e-16
9.085506214233658198e-16
9.062691990167369251e-16
9.039939996294633478e-16
9.017252134349917037e-16
8.994628143449939125e-16
8.972067763676154410e-16
8.949570736070889587e-16
8.927136802633483872e-16
8.904765706316443310e-16
8.882457191021618742e-16
8.860211001596392646e-16
8.838026883829898526e-16
8.815904584449233387e-16
8.793843851115714599e-16
8.771844432421118008e-16
8.749908193622409590e-16
8.728030872515288706e-16
8.706214500537222856e-16
8.684459020230419656e-16
8.662764374154765100e-16
8.641130504888105568e-16
8.619557355026539713e-16
8.598044867184713292e-16
8.576592983996084423e-16
8.555203685448967352e-16
8.533872834465560195e-16
8.512602416165879104e-16
8.491392373261478440e-16
8.470242648484120222e-16
8.449153184586039383e-16
8.428123924340251423e-16
8.407156812630170634e-16
8.386247783114429708e-16
8.365398785711457117e-16
8.344609763279907104e-16
8.323880658700512151e-16
8.303211414876321621e-16
8.282603947169220965e-16
8.262054248762861039e-16
8.241564239971595072e-16
8.221133863790309639e-16
8.200763063237468396e-16
8.180453729471835489e-16
8.160201904505405120e-16
8.140009484380908475e-16
8.119876412213556098e-16
8.099802631143368207e-16
8.079790008485919237e-16
8.059834634379545330e-16
8.039938380955517968e-16
8.020101191455336435e-16
8.000323009146443679e-16
7.980605677859213448e-16
7.960945335159508433e-16
7.941343829625375952e-16
7.921801104630288760e-16
7.902318985472941809e-16
7.882893647160138725e-16
7.863526919684004968e-16
7.844218746527552545e-16
7.824969071201707310e-16
7.805779696159537432e-16
7.786646842585369739e-16
7.767572317558132043e-16
7.748556064702512811e-16
7.729599816106901271e-16
7.710699568167825900e-16
7.691856797624653731e-16
7.673072964700179726e-16
7.654344044651342523e-16
7.635671505065820394e-16
7.617054983177636133e-16
7.598495927215647847e-16
7.579990353739358139e-16
7.561539718242471992e-16
7.543145460035982057e-16
7.524803626317758475e-16
7.506515663590046952e-16
7.488281218987716575e-16
7.470101720031733827e-16
7.451973254329817384e-16
7.433897256497953638e-16
7.415875145287841345e-16
7.397903038290309268e-16
7.379982361281284679e-16
7.362114524304257426e-16
7.344295674660941307e-16
7.326527229349448559e-16
7.308810589764549106e-16
7.291141932651706859e-16
7.273522666291885378e-16
7.255954183489101152e-16
7.238432690170445499e-16
7.220959585958831807e-16
7.203536255123996693e-16
7.186158932517455715e-16
7.168829009161684573e-16
7.151547860847061495e-16
7.134311751097250535e-16
7.117123757344962093e-16
7.099980162090838183e-16
7.082882342147088285e-16
7.065831659289894802e-16
7.048824424282276418e-16
7.031862005482175919e-16
7.014945756325736073e-16
6.998072015598816592e-16
6.981243805860101478e-16
6.964457484446559870e-16
6.947714405740739837e-16
6.931015909388137699e-16
6.914358380359711402e-16
6.897744807441912094e-16
6.881171593901837443e-16
6.864640080284636242e-16
6.848151642839404406e-16
6.831702962960321655e-16
6.815297295953353611e-16
6.798931388969072163e-16
6.782606866097366218e-16
6.766325335722400059e-16
6.750083567925097986e-16
6.733884778398082056e-16
6.717725752414617421e-16
6.701609689965384098e-16
6.685533391440316610e-16
6.669498452831233117e-16
6.653506454705404789e-16
6.637554219985877791e-16
6.621644909766529669e-16
6.605775361897841048e-16
6.589948722058094082e-16
6.574161842949464330e-16
6.558417854916354687e-16
6.542713625436912888e-16
6.527052269603304741e-16
6.511430669593901762e-16
6.495851925330265968e-16
6.480312933615218624e-16
6.464815239636871617e-16
6.449360373679975454e-16
6.433945254341970907e-16
6.418572943974649196e-16
6.403240375610467728e-16
6.387950596715887728e-16
6.372700554682590468e-16
6.357492525127583094e-16
6.342324985622603708e-16
6.327200195251541029e-16
6.312115129897162508e-16
6.297072792858059899e-16
6.282070174148852124e-16
6.267110262508031531e-16
6.252191551024992466e-16
6.237312546903177138e-16
6.222476217193146895e-16
6.207679586907527992e-16
6.192925608739652744e-16
6.178211321568693122e-16
6.163539663811803924e-16
6.148907688138914996e-16
6.134318318771976246e-16
6.119768622095891502e-16
6.105261508218349812e-16
6.090794057163433258e-16
6.076369141360925998e-16
6.061983736379971997e-16
6.047640583240012555e-16
6.033338085432867787e-16
6.019074660593883435e-16
6.004853030784686243e-16
5.990670184492217674e-16
5.976528831226795973e-16
5.962425973973215954e-16
5.948364309759693147e-16
5.934342269323559951e-16
5.920358297265406902e-16
5.906415072018935007e-16
5.892509632450076191e-16
5.878644644681228961e-16
5.864818558571132275e-16
5.851029837645985978e-16
5.837281129687575836e-16
5.823569508931365998e-16
5.809897611015573255e-16
5.796262524182347623e-16
5.782666871992592360e-16
5.769109130610603329e-16
5.755587789600067553e-16
5.742105454529036005e-16
5.728660612672835454e-16
5.715251764593394473e-16
5.701881498012257280e-16
5.688546956406657980e-16
5.675250715681007389e-16
5.661991281416016463e-16
5.648767172293766515e-16
5.635580946612553162e-16
5.622431120810239162e-16
5.609316224316585434e-16
5.596238797965879769e-16
5.583196039231752235e-16
5.570190477384026412e-16
5.557220646749130918e-16
5.544285094465604230e-16
5.531386332572688017e-16
5.518522906007617217e-16
5.505693372413455369e-16
5.492900226736876406e-16
5.480142024435422478e-16
5.467417333567369324e-16
5.454728632123321717e-16
5.442074485991650497e-16
5.429453473557539501e-16
5.416868055990511262e-16
5.404316804701484589e-16
5.391798284256761567e-16
5.379314910371245774e-16
5.366865240884493178e-16
5.354447846049115445e-16
5.342065125385725312e-16
5.329715647262365464e-16
5.317399258797449313e-16
5.305114544126557336e-16
5.292863881373218373e-16
5.280645852804436102e-16
5.268459052865526584e-16
5.256305843776440814e-16
5.244184818125694760e-16
5.232094580581790191e-16
5.220037477582799804e-16
5.208012111952016599e-16
5.196018336032211553e-16
5.184054767990180049e-16
5.172123733407814066e-16
5.160223848621879877e-16
5.148354968012033661e-16
5.136515723094308156e-16
5.124708418803693514e-16
5.112931684841054516e-16
5.101184162638167837e-16
5.089468141779802125e-16
5.077782261893500696e-16
5.066126380852828065e-16
5.054499153184411330e-16
5.042902848182844154e-16
5.031336118584822323e-16
5.019798824220858310e-16
5.008289632570669358e-16
4.996810792837190006e-16
4.985360970724201566e-16
4.973940027990957756e-16
4.962546644931114851e-16
4.951183050850617438e-16
4.939847924280870624e-16
4.928541128882106401e-16
4.917262528785511651e-16
4.906010820110326802e-16
4.894788207559294467e-16
4.883593385506093244e-16
4.872426219948803582e-16
4.861285419516750505e-16
4.850173169440012004e-16
4.839088176615357616e-16
4.828030308880983476e-16
4.816999454428366616e-16
4.805994436664357289e-16
4.795017535508247318e-16
4.784067591613316096e-16
4.773144592883127114e-16
4.762248527186092224e-16
4.751378250695515614e-16
4.740536017112389094e-16
4.729720679952687618e-16
4.718932226946597842e-16
4.708170645790339058e-16
4.697435924146416615e-16
4.686726933378541861e-16
4.676045896156509999e-16
4.665391681227945775e-16
4.654764276122809144e-16
4.644163668338492922e-16
4.633589845340080155e-16
4.623041693460121986e-16
4.612521404805732353e-16
4.602027863134416286e-16
4.591561055784222615e-16
4.581120970061998750e-16
4.570707593243620436e-16
4.560319826409314550e-16
4.549959831570480968e-16
4.539626507273155560e-16
4.529319840671534249e-16
4.519039818889938794e-16
4.508786429023034716e-16
4.498559658136047245e-16
4.488358424235818327e-16
4.478184854810236394e-16
4.468037865379381663e-16
4.457917442892841229e-16
4.447823574271816018e-16
4.437756246409333276e-16
4.427715446170453163e-16
4.417701160392478285e-16
4.407712326059900558e-16
4.397751031977702621e-16
4.387816212697506676e-16
4.377907854947627296e-16
4.368025945429632722e-16
4.358170470818561311e-16
4.348341417763102479e-16
4.338538772885804766e-16
4.328762522783276003e-16
4.319011625323120039e-16
4.309288126772601023e-16
4.299590962821613209e-16
4.289920021097858409e-16
4.280275169833470169e-16
4.270656277708145228e-16
4.261063213847583055e-16
4.251495847821904176e-16
4.241954049644097606e-16
4.232437689768451499e-16
4.222946639089012908e-16
4.213479765364887442e-16
4.204038949759431705e-16
4.194623058649469294e-16
4.185231964672689197e-16
4.175865540898863679e-16
4.166523660828332191e-16
4.157206198390489712e-16
4.147913027942285451e-16
4.138644024266723024e-16
4.129399062571362111e-16
4.120178018486840330e-16
4.110980768065387217e-16
4.101807187779344620e-16
4.092657154519699420e-16
4.083530545594622657e-16
4.074427238728007670e-16
4.065346143759953242e-16
4.056289077994341912e-16
4.047254949933230261e-16
4.038243638948944959e-16
4.029255024822330705e-16
4.020288987741306615e-16
4.011345408299464015e-16
4.002424167494638608e-16
3.993525146727508271e-16
3.984648227800182968e-16
3.975793292914815369e-16
3.966960224672194702e-16
3.958148906070368715e-16
3.949359220503257746e-16
3.940591051759276679e-16
3.931844284019960849e-16
3.923118801858600326e-16
3.914414490238881596e-16
3.905731234513527267e-16
3.897068920422941201e-16
3.888427434093869919e-16
3.879806662038056108e-16
3.871206491150901506e-16
3.862626808710140137e-16
3.854067502374508090e-16
3.845528474046617095e-16
3.837009681356119799e-16
3.828511095877158465e-16
3.820032689236979989e-16
3.811574433115797364e-16
3.803136299246678248e-16
3.794718259415411844e-16
3.786320285460393039e-16
3.777942349272497172e-16
3.769584422794957758e-16
3.761246478023248159e-16
3.752928487004953398e-16
3.744630421839658728e-16
3.736352254678822923e-16
3.728093957725655021e-16
3.719855503235004369e-16
3.711636863513229978e-16
3.703438010918088103e-16
3.695258917858612435e-16
3.687099556794992820e-16
3.678960776524505143e-16
3.670840795103539337e-16
3.662740463369446448e-16
3.654659753985859603e-16
3.646598639666984321e-16
3.638557093177480188e-16
3.630535087332338580e-16
3.622532594996776658e-16
3.614549589086112637e-16
3.606586042565655829e-16
3.598641928450589308e-16
3.590717219805856999e-16
3.582811889746045351e-16
3.574925911435272897e-16
3.567059258087076360e-16
3.559211902964294300e-16
3.551383819378958146e-16
3.543575824737719475e-16
3.535786202504550746e-16
3.528015772043501634e-16
3.520264506862232198e-16
3.512532380517032325e-16
3.504819366612708816e-16
3.497125438802474459e-16
3.489450570787841034e-16
3.481794736318500004e-16
3.474157909192226367e-16
3.466540063254754907e-16
3.458941172399678134e-16
3.451362032653950709e-16
3.443800967080054623e-16
3.436258748869529563e-16
3.428735322519489924e-16
3.421230632686944321e-16
3.413744624188281343e-16
3.406277241998775537e-16
3.398828431252068726e-16
3.391398137239673521e-16
3.383987111451205696e-16
3.376593685650270208e-16
3.369218613404765479e-16
3.361861840632672587e-16
3.354523313407347637e-16
3.347202977957039576e-16
3.339900780664387288e-16
3.332616668065941843e-16
3.325350586851666067e-16
3.318103274215353111e-16
3.310873094728760070e-16
3.303660787616156791e-16
3.296466300176332180e-16
3.289289579859081858e-16
3.282130574264733854e-16
3.274989231143665923e-16
3.267866276783011490e-16
3.260760100765217698e-16
3.253671431371611994e-16
3.246600216948059564e-16
3.239546405988125504e-16
3.232509947132614807e-16
3.225490789169102999e-16
3.218489647659790213e-16
3.211504936764426767e-16
3.204537374003891808e-16
3.197586908748240468e-16
3.190653490511995430e-16
3.183737068953706147e-16
3.176838350584658509e-16
3.169955770292727757e-16
3.163090036518041607e-16
3.156241099490720655e-16
3.149408909582669439e-16
3.142593417307119395e-16
3.135795320253038819e-16
3.129013073730155095e-16
3.122247377226983011e-16
3.115498181817658758e-16
3.108765438715449923e-16
3.102049099272321127e-16
3.095349852281320780e-16
3.088666171866914624e-16
3.081998742171265309e-16
3.075347507295517021e-16
3.068712411506347039e-16
3.062094128618419255e-16
3.055491142889503788e-16
3.048904130038983976e-16
3.042333034990428969e-16
3.035777802830330376e-16
3.029239100366118588e-16
3.022715428337927830e-16
3.016207455433767812e-16
3.009715127386643562e-16
3.003238390089911861e-16
2.996777903424640175e-16
2.990332184412594764e-16
2.983901894791703334e-16
2.977486981091637103e-16
2.971088097709678216e-16
2.964703774550681045e-16
2.958334667850098382e-16
2.951980724765896124e-16
2.945641892611871255e-16
2.939318819001040508e-16
2.933010049767228542e-16
2.926716234338637796e-16
2.920437320647478957e-16
2.914173950934894204e-16
2.907924683640057611e-16
2.901690162801184818e-16
2.895470336961127469e-16
2.889265154814194556e-16
2.883075251954985633e-16
2.876899202409865654e-16
2.870737643548232664e-16
2.864590524665463294e-16
2.858458476092745002e-16
2.852340084192630844e-16
2.846235981053560039e-16
2.840146116564440767e-16
2.834071115840165575e-16
2.828009577462544247e-16
2.821962128286421864e-16
2.815928718786806099e-16
2.809909968908752581e-16
2.803904489338033825e-16
2.797912901742598385e-16
2.791935157176225401e-16
2.785971870459944213e-16
2.780021664269801903e-16
2.774085159241192194e-16
2.768162986893421731e-16
2.762253803359546071e-16
2.756358245789683594e-16
2.750476290593121987e-16
2.744608568003809275e-16
2.738753745594931381e-16
2.732912455101391622e-16
2.727084673139316029e-16
2.721271024590947768e-16
2.715470188364017549e-16
2.709682790827758034e-16
2.703909452882878562e-16
2.698148861869175524e-16
2.692401640163934790e-16
2.686667764739969791e-16
2.680947851231997702e-16
2.675240598131377005e-16
2.669546622535611131e-16
2.663866536161786584e-16
2.658199045796934954e-16
2.652544764610648664e-16
2.646904300429552406e-16
2.641276368278403134e-16
2.635661577426103384e-16
2.630059905343666762e-16
2.624471954712462931e-16
2.618896451451256723e-16
2.613333999670148439e-16
2.607785198222904340e-16
2.602248781131973347e-16
2.596725348669761351e-16
2.591215495889150420e-16
2.585717964859327670e-16
2.580233352041773093e-16
2.574762248715073620e-16
2.569303404938504977e-16
2.563857413389264543e-16
2.558424861598096589e-16
2.553004507558010708e-16
2.547596940188430353e-16
2.542202743298582898e-16
2.536820682759145981e-16
2.531451343758150609e-16
2.526095306409501388e-16
2.520751344405771535e-16
2.515420039229846982e-16
2.510101967326377478e-16
2.504795910154347778e-16
2.499502445517618422e-16
2.494222143678389316e-16
2.488953781129242212e-16
2.483697916853789590e-16
2.478455104922477199e-16
2.473224127102196506e-16
2.468005538910450126e-16
2.462799890986243394e-16
2.457605972858413379e-16
2.452424336602393859e-16
2.447255529449488061e-16
2.442098348634957145e-16
2.436953342816003950e-16
2.431821055839757865e-16
2.426700292592877146e-16
2.421592175180970779e-16
2.416495513561288832e-16
2.411410850746376422e-16
2.406338724994838584e-16
2.401277953824659685e-16
2.396229076892716492e-16
2.391192629135222306e-16
2.386167435577149716e-16
2.381154599755004365e-16
2.376152951668781630e-16
2.371163025433786433e-16
2.366185350499494939e-16
2.361218764284336673e-16
2.356263797609086900e-16
2.351320976661210941e-16
2.346389146225065396e-16
2.341469391610037077e-16
2.336560562482153546e-16
2.331663184221365124e-16
2.326777777627876838e-16
2.321903199647158036e-16
2.317040524366810522e-16
2.312188613556738309e-16
2.307347987217858750e-16
2.302519160824137428e-16
2.297701003339695556e-16
2.292894577758983562e-16
2.288098757814162152e-16
2.283314058188021683e-16
2.278540989088432533e-16
2.273778431357792446e-16
2.269027437024179298e-16
2.264286891642453593e-16
2.259557304637319888e-16
2.254839181009836743e-16
2.250131413342352660e-16
2.245435043322475416e-16
2.240748970691559905e-16
2.236073702668096487e-16
2.231409742087067754e-16
2.226755996106403008e-16
2.222113498156094523e-16
2.217481159977160684e-16
2.212860010725836517e-16
2.208248966704972646e-16
2.203648527880331430e-16
2.199059189904020605e-16
2.194479875882030937e-16
2.189911604371180807e-16
2.185353302986645629e-16
2.180805986079195703e-16
2.176268585752329170e-16
2.171741594832962818e-16
2.167225501902930544e-16
2.162719245759344693e-16
2.158223830321277156e-16
2.153738198822491629e-16
2.149263351042486519e-16
2.144798234631207168e-16
2.140343845247339334e-16
2.135899134936649751e-16
2.131464587511570558e-16
2.127040682625764468e-16
2.122626378880782884e-16
2.118222661714750793e-16
2.113828494074605909e-16
2.109444857342575934e-16
2.105070718790997620e-16
2.100707055764528844e-16
2.096352839841029802e-16
2.092009044345816409e-16
2.087674645142502706e-16
2.083350115270606556e-16
2.079035923713607776e-16
2.074731052726912979e-16
2.070436465666622194e-16
2.066151149024929314e-16
2.061876062201647785e-16
2.057610195906359208e-16
2.053354505600392080e-16
2.049107986191415490e-16
2.044871589219983897e-16
2.040644313772658428e-16
2.036427107486833535e-16
2.032218973608873675e-16
2.028020855890533648e-16
2.023831762028247788e-16
2.019652633449750182e-16
2.015482483511810758e-16
2.011322250088493382e-16
2.007170950627155178e-16
2.003029519155739826e-16
1.998896977193572307e-16
1.994774254939728505e-16
1.990660377966976339e-16
1.986555799431978385e-16
1.982460968634645901e-16
1.978374917193376118e-16
1.974298565810001309e-16
1.970230950110451419e-16
1.966172752839423976e-16
1.962123482470336597e-16
1.958083817512330894e-16
1.954052801551882828e-16
1.950031344033918101e-16
1.946018492498104211e-16
1.942015152670592241e-16
1.938020837697107578e-16
1.934035064589263662e-16
1.930058733526206453e-16
1.926090901852315951e-16
1.922132466069387570e-16
1.918182487412612934e-16
1.914241858722865434e-16
1.910309645108523682e-16
1.906386735765888928e-16
1.902472199658992368e-16
1.898566922355826712e-16
1.894669976658628109e-16
1.890782244523271604e-16
1.886902802572835470e-16
1.883032529167185875e-16
1.879170504732968150e-16
1.875317604050069237e-16
1.871472911331514463e-16
1.867637297793163546e-16
1.863809851417316101e-16
1.859991439871681680e-16
1.856181154890814510e-16
1.852379860610070179e-16
1.848587092868991966e-16
1.844802391177300239e-16
1.841026614401270033e-16
1.837258863582188536e-16
1.833499994093134393e-16
1.829749110668745655e-16
1.826007065199504649e-16
1.822272966072131770e-16
1.818547661690359428e-16
1.814830264096316643e-16
1.811121618247096280e-16
1.807421270393502121e-16
1.803728770366883183e-16
1.800044957983042067e-16
1.796368954363065551e-16
1.792701595914233465e-16
1.789042007360665777e-16
1.785391021716236093e-16
1.781747767291905710e-16
1.778113073723183614e-16
1.774486495612133538e-16
1.770867591069749188e-16
1.767257184692036256e-16
1.763654413686738697e-16
1.760060099308783094e-16
1.756473382296712325e-16
1.752895080579160322e-16
1.749324755136939327e-16
1.745761970405188575e-16
1.742207539350667549e-16
1.738660611469813452e-16
1.735121996439744335e-16
1.731590847232621755e-16
1.728067970250459309e-16
1.724552932752677525e-16
1.721045305399362646e-16
1.717545889706964525e-16
1.714053847269048854e-16
1.710569976362991516e-16
1.707093442003962013e-16
1.703625039244545324e-16
1.700164341524378354e-16
1.696710925631019743e-16
1.693265581806506469e-16
1.689827483553286586e-16
1.686397417924027499e-16
1.682974962713511126e-16
1.679559699027327430e-16
1.676152409160396742e-16
1.672752275008061172e-16
1.669360075710852037e-16
1.665975393369990266e-16
1.662597813360843760e-16
1.659228110118355749e-16
1.655865473837547143e-16
1.652510675833535116e-16
1.649163302552831008e-16
1.645822944027155779e-16
1.642490367437191067e-16
1.639164771703506100e-16
1.635846920917708721e-16
1.632536406164739178e-16
1.629232821730034172e-16
1.625936927097004254e-16
1.622647929294499582e-16
1.619366584750645305e-16
1.616092488705940435e-16
1.612825239566074722e-16
1.609565589201354653e-16
1.606312752659194163e-16
1.603067478788002630e-16
1.599829366937618468e-16
1.596598019588177789e-16
1.593374181080054839e-16
1.590157453206734572e-16
1.586947440871269357e-16
1.583744883935586512e-16
1.580549010092887628e-16
1.577360556235802925e-16
1.574179128194358211e-16
1.571004334873924444e-16
1.567836908737531922e-16
1.564676458015598761e-16
1.561522593993555338e-16
1.558376044733859397e-16
1.555236420851320307e-16
1.552103335995566580e-16
1.548977513857310358e-16
1.545858199155183728e-16
1.542746112681312513e-16
1.539640868989241001e-16
1.536542085634010651e-16
1.533450479083584292e-16
1.530365666233788068e-16
1.527287266962138476e-16
1.524215993440717248e-16
1.521151464892049670e-16
1.518093303500693457e-16
1.515042217170925546e-16
1.511997827436505979e-16
1.508959758773704396e-16
1.505928714846876214e-16
1.502903961452204873e-16
1.499886199442823102e-16
1.496875054170481334e-16
1.493870153897220059e-16
1.490872195103504669e-16
1.487880804518926078e-16
1.484895611588585885e-16
1.481917307740262350e-16
1.478945521790214136e-16
1.475979885430236204e-16
1.473021085958894276e-16
1.470068754443136204e-16
1.467122524806557356e-16
1.464183080245362511e-16
1.461250054062268883e-16
1.458323082397899840e-16
1.455402844372744227e-16
1.452488975510484167e-16
1.449581114154113499e-16
1.446679935374846028e-16
1.443785076902642413e-16
1.440896179268318644e-16
1.438013913520057899e-16
1.435137919579521720e-16
1.432267840150916531e-16
1.429404342285434441e-16
1.426547068081977314e-16
1.423696001570569131e-16
1.420850788331013007e-16
1.418012090125341773e-16
1.415179551933141646e-16
1.412352821474363084e-16
1.409532556574041462e-16
1.406718404355694651e-16
1.403910014665357528e-16
1.401108041416451830e-16
1.398312133862335565e-16
1.395521943961175540e-16
1.392738121739969909e-16
1.389960318567934996e-16
1.387188518972441751e-16
1.384422377706312111e-16
1.381662539653498752e-16
1.378908658982799560e-16
1.376160392527031443e-16
1.373418381341754567e-16
1.370682281679423092e-16
1.367951752439252141e-16
1.365227430872964146e-16
1.362508975303046649e-16
1.359796370627890624e-16
1.357089278480943271e-16
1.354388331080012810e-16
1.351693189486620562e-16
1.349003517711276216e-16
1.346319945932257885e-16
1.343642139293578646e-16
1.340969765523033583e-16
1.338303451398864949e-16
1.335642864071307507e-16
1.332987990818379251e-16
1.330338502017763572e-16
1.327695019494860481e-16
1.325057213054636899e-16
1.322425070091760916e-16
1.319798263610916906e-16
1.317177410526864234e-16
1.314562183276372505e-16
1.311952256819482274e-16
1.309348244415443456e-16
1.306749820459957594e-16
1.304156972548959792e-16
1.301569378229929968e-16
1.298987645924442342e-16
1.296411452620372465e-16
1.293840786027044088e-16
1.291275326257054689e-16
1.288715676935492175e-16
1.286161517620038697e-16
1.283612530332599391e-16
1.281069315127711555e-16
1.278531553475857678e-16
1.275999233282012081e-16
1.273472039094607616e-16
1.270950566242912894e-16
1.268434498728559365e-16
1.265923824566754554e-16
1.263418230810678827e-16
1.260918308104538373e-16
1.258423742959296919e-16
1.255934523499268107e-16
1.253450339260800771e-16
1.250971776242889965e-16
1.248498523444209502e-16
1.246030569097069316e-16
1.243567605199595513e-16
1.241110213145078410e-16
1.238658084398470777e-16
1.236211207298984540e-16
1.233769276285323427e-16
1.231332868184230102e-16
1.228901676905704098e-16
1.226475690894769722e-16
1.224054607009702683e-16
1.221638996942205871e-16
1.219228553993469994e-16
1.216823263083400972e-16
1.214422819850332187e-16
1.212027788496429141e-16
1.209637864162352839e-16
1.207253031916126712e-16
1.204872989818576878e-16
1.202498297664827138e-16
1.200128653022110878e-16
1.197764041105011531e-16
1.195404447164509089e-16
1.193049572260260988e-16
1.190699970730696422e-16
1.188355343146912778e-16
1.186015674904528436e-16
1.183680669439133766e-16
1.181350876764964156e-16
1.179025999833023322e-16
1.176706024182049721e-16
1.174390935386325664e-16
1.172080439822836362e-16
1.169775082151323969e-16
1.167474568269087350e-16
1.165178883891657317e-16
1.162887737726606569e-16
1.160601670190169624e-16
1.158320389514102195e-16
1.156043881553704484e-16
1.153772132198991752e-16
1.151504853042994891e-16
1.149242579246983054e-16
1.146985021932943249e-16
1.144732167128836379e-16
1.142484000896883079e-16
1.140240237685136210e-16
1.138001407454057822e-16
1.135767224185356035e-16
1.133537674077402963e-16
1.131312743362383517e-16
1.129092149313381019e-16
1.126876416743408718e-16
1.124665262463838770e-16
1.122458672841234104e-16
1.120256367387409332e-16
1.118058866835307009e-16
1.115865890238684487e-16
1.113677424097086674e-16
1.111493454943084634e-16
1.109313969342191767e-16
