# tt
1.053722837302324933e+03
9.964389757527648044e+02
9.392600069003074168e+02
8.943154099765232559e+02
8.612968425480863743e+02
8.381867000029872088e+02
8.225981898361982303e+02
8.128970257206341330e+02
8.078105939123923918e+02
8.061350715771379782e+02
8.081845263193582696e+02
8.118210061209576907e+02
8.169799255398716014e+02
8.225848681901217105e+02
8.303069507132181570e+02
8.398737980136787655e+02
8.500457020890356716e+02
8.615943052098124326e+02
8.729365133169579849e+02
8.847493867933721958e+02
8.970321065224990207e+02
9.093806162591168913e+02
9.221024964352264988e+02
9.353306411841423369e+02
9.485735947390860474e+02
9.622262341463796247e+02
9.761048412874167752e+02
9.901305987900060472e+02
1.004504909563405590e+03
1.018640065782757119e+03
1.033357270021774184e+03
1.048124992206961224e+03
1.062916944822883124e+03
1.078317194523170883e+03
1.093427295953806606e+03
1.108764162219742957e+03
1.124425298485703706e+03
1.140312273905236907e+03
1.156346386680214891e+03
1.172442981080625941e+03
1.188605007721675520e+03
1.204844319824838976e+03
1.221209913138457068e+03
1.237765640780322883e+03
1.254478007333905680e+03
1.271332680725151704e+03
1.288307120297322626e+03
1.305393642262727326e+03
1.322651418016718708e+03
1.340142442102175892e+03
1.357813719884841703e+03
1.375592794543855916e+03
1.393459207176710606e+03
1.411407354910056256e+03
1.429547915509574068e+03
1.447981277168442602e+03
1.466664116207772167e+03
1.485508537673382307e+03
1.504493500481888987e+03
1.523625728423767669e+03
1.542911583582548246e+03
1.562370336049161097e+03
1.582006397602115840e+03
1.601846463404813221e+03
1.621929159799302624e+03
1.642236846031978985e+03
1.662734099083113051e+03
1.683378065829674142e+03
1.704140748107312675e+03
1.725001516220564099e+03
1.746073216442600369e+03
1.767468635252436570e+03
1.789196560657386044e+03
1.811258350819892257e+03
1.833608945403168264e+03
1.856121611302023666e+03
1.878779192465874758e+03
1.901623958546941140e+03
1.924675893167248660e+03
1.947958041157138496e+03
1.971483409820839597e+03
1.995230926186518673e+03
2.019201801885093573e+03
2.043389819889463297e+03
2.067792732358941066e+03
2.092379598738077675e+03
2.117130876286712919e+03
2.142056735912845397e+03
2.167159920552823678e+03
2.192450246291406074e+03
2.217928678661145568e+03
2.243610684926597060e+03
2.269489448145035112e+03
2.295580437364412774e+03
2.321876837608893311e+03
2.348379263356838692e+03
2.375095758607251810e+03
2.402004655184027797e+03
2.429121427932465394e+03
2.456439267950116118e+03
2.483958796009141679e+03
2.511665777515496757e+03
2.539560835908572244e+03
2.567637167598082669e+03
2.595887970291319107e+03
2.624306442960010372e+03
2.652878357447350936e+03
2.681611771817401404e+03
2.710492460193850548e+03
2.739513477320027505e+03
2.768674712163600361e+03
2.797968477459211044e+03
2.827387086749562968e+03
2.856922854299006758e+03
2.886575523355221776e+03
2.916337409359113281e+03
2.946193399855331336e+03
2.976143239454811464e+03
3.006179244698229013e+03
3.036293732323984386e+03
3.066471590840316821e+03
3.096712565504082704e+03
3.127008973204713584e+03
3.157345702406522832e+03
3.187722498150236788e+03
3.218124248612040446e+03
3.248543270124322135e+03
3.278979307156247160e+03
3.309417247254648828e+03
3.339842276221991142e+03
3.370263058605009974e+03
3.400658843846815671e+03
3.431031166303173450e+03
3.461366703542094456e+03
3.491666989807486061e+03
3.521918702692329134e+03
3.552115948274736184e+03
3.582245404513394988e+03
3.612316034754534485e+03
3.642307089395452749e+03
3.672212676109802032e+03
3.702034331628739892e+03
3.731751308477980729e+03
3.761365145222919637e+03
3.790847668165022696e+03
3.820192989945025147e+03
3.849387796295500721e+03
3.878418774545571068e+03
3.907272613774985075e+03
3.935928354822495294e+03
3.964393866805211928e+03
3.992654514193621253e+03
4.020710520496601930e+03
4.048554683344021669e+03
4.076194659663095081e+03
4.103608395693634520e+03
4.130803553896937046e+03
4.157765514600072493e+03
4.184487089481238399e+03
4.210946236590871194e+03
4.237135773811345643e+03
4.263048522201454034e+03
4.288662449326669048e+03
4.313977811026625204e+03
4.338980009665322541e+03
4.363661879168445921e+03
4.388016256644819805e+03
4.412035982343389151e+03
4.435713899595719340e+03
4.459035426394168098e+03
4.482008268707707430e+03
4.504610421931999554e+03
4.526834740880472054e+03
4.548681511312171097e+03
4.570136331128915117e+03
4.591192894425079430e+03
4.611837635495640825e+03
4.632071847348824122e+03
4.651889396491460502e+03
4.671276722760228040e+03
4.690235124200055907e+03
4.708758471838757941e+03
4.726833209511481073e+03
4.744460638736280998e+03
4.761627205139664511e+03
4.778334211687132665e+03
4.794575533466258094e+03
4.810337617525998212e+03
4.825621767773435749e+03
4.840421859776780366e+03
4.854724340627921265e+03
4.868523085515227649e+03
4.881826825956679386e+03
4.894622007942858545e+03
4.906909933594415634e+03
4.918691904380325468e+03
4.929969221049555927e+03
4.940720898525236407e+03
4.950963092664954274e+03
4.960682125044639179e+03
4.969871264588050508e+03
4.978508802621134237e+03
4.986602743020202070e+03
4.994123947083096027e+03
5.001080417066910741e+03
5.007457869432299958e+03
5.013249448301125994e+03
5.018485438923525180e+03
5.023151555899681625e+03
5.027255798413998491e+03
5.030813593622771805e+03
5.033825511696682952e+03
5.036299550968600670e+03
5.038236281332669023e+03
5.039621415994838571e+03
5.040455524974528089e+03
5.040739178503316907e+03
5.040465518771073221e+03
5.039627688368465897e+03
5.038233687074328373e+03
5.036269230184605476e+03
5.033742318686225190e+03
5.030660954269758804e+03
5.027025711032553772e+03
5.022829735521155271e+03
5.018081031812625952e+03
5.012780176481734998e+03
5.006935175306147357e+03
5.000539178206508041e+03
4.993600192624055126e+03
4.986126226782176673e+03
4.978110432933258380e+03
4.969553392342020743e+03
4.960470543553695279e+03
4.950847612196007503e+03
4.940707466020829088e+03
4.930043259627695988e+03
4.918863004428100794e+03
4.907167283445215617e+03
4.894956679503186933e+03
4.882246631756149327e+03
4.869037722106276306e+03
4.855330531714977951e+03
4.841140497506962674e+03
4.826475626917196678e+03
4.811329069333824009e+03
4.795723685989724800e+03
4.779652622948849057e+03
4.763131309346036687e+03
4.746152745703198889e+03
4.728724221357745591e+03
4.710845453322592221e+03
4.692531012510024084e+03
4.673765753438622596e+03
4.654564240851940667e+03
4.634933607793410374e+03
4.614888412143724054e+03
4.594435779769030887e+03
4.573597689433234336e+03
4.552373830922063462e+03
4.530786175034490952e+03
4.508841831736694076e+03
4.486547906783647704e+03
4.463904073306276587e+03
4.440917428466034835e+03
4.417602493425814828e+03
4.393958928286998344e+03
4.369986388794584855e+03
4.345691954708668163e+03
4.321097558192163888e+03
4.296195413762572571e+03
4.271014873512663144e+03
4.245548143690856705e+03
4.219809711599738876e+03
4.193821489004731120e+03
4.167583098853910087e+03
4.141101588810322937e+03
4.114391431392599770e+03
4.087467095773327856e+03
4.060328191233872985e+03
4.032989180725981896e+03
4.005464524335786336e+03
3.977753822750250038e+03
3.949871530826127582e+03
3.921824672706724414e+03
3.893635127038320206e+03
3.865302485381308998e+03
3.836833765768998546e+03
3.808250841209745886e+03
3.779560726430680006e+03
3.750763006364381454e+03
3.721872121326655815e+03
3.692902510432698364e+03
3.663853755002001890e+03
3.634740292052744280e+03
3.605561700981512786e+03
3.576339845382073236e+03
3.547081731348047924e+03
3.517794364213475092e+03
3.488492015491799066e+03
3.459188310225733858e+03
3.429889282947152878e+03
3.400608395799512891e+03
3.371359110158999101e+03
3.342140029892755592e+03
3.312972043056850453e+03
3.283861180080474242e+03
3.254813470391530245e+03
3.225827513982060282e+03
3.196931623066867360e+03
3.168116966831460104e+03
3.139404426478580717e+03
3.110800025016340896e+03
3.082302355494824951e+03
3.053932294291552807e+03
3.025695859244206076e+03
2.997606494586310419e+03
2.969662785783803429e+03
2.941870744476916116e+03
2.914258665077013575e+03
2.886810269517265169e+03
2.859553847366470563e+03
2.832480543896287145e+03
2.805611215163815359e+03
2.778944429501640116e+03
2.752493609223355634e+03
2.726264745540489002e+03
2.700263826894635713e+03
2.674504267304505447e+03
2.648984621327446803e+03
2.623718297488660028e+03
2.598703844924653822e+03
2.573954666845130305e+03
2.549484163909855397e+03
2.525290877621911932e+03
2.501380775488364634e+03
2.477759822795728724e+03
2.454441411101243375e+03
2.431431501688086882e+03
2.408728625735034257e+03
2.386338741199703691e+03
2.364267804663164952e+03
2.342514343185598591e+03
2.321084311222586621e+03
2.299983662499290858e+03
2.279210921891955422e+03
2.258772042366094865e+03
2.238680405218707165e+03
2.218934535272773246e+03
2.199547818463899148e+03
2.180526228852897930e+03
2.161868317054751515e+03
2.143580063242777214e+03
2.125674877386717526e+03
2.108143886083998950e+03
2.090993074536044787e+03
2.074228430064316854e+03
2.057848513966843257e+03
2.041851890064330291e+03
2.026244553234280829e+03
2.011025072881411916e+03
1.996206878145507062e+03
1.981773687942466267e+03
1.967746366243931107e+03
1.954116067036751019e+03
1.940888804520169515e+03
1.928063168134513489e+03
1.915637750974535038e+03
1.903626006536709383e+03
1.892011678648410225e+03
1.880808228284773577e+03
1.870006835116450475e+03
1.859613539245556467e+03
1.849619527775254937e+03
1.840030848168034936e+03
1.830853551490077280e+03
1.822071407293974971e+03
1.813697901993645246e+03
1.805731668676863137e+03
1.798163915361651561e+03
1.791000709946584038e+03
1.784240695054344542e+03
1.777875087922169769e+03
1.771902536990327235e+03
1.766329121789045985e+03
1.761153496125296670e+03
1.756359459621566657e+03
1.751953099359244789e+03
1.747933076374186157e+03
1.744298053909230475e+03
1.741031840622874142e+03
1.738147960607994946e+03
1.735630226516156881e+03
1.733477309595477664e+03
1.731687882937392942e+03
1.730253193085323346e+03
1.729179345056623788e+03
1.728457588925573418e+03
1.728086604871286227e+03
1.728065251141388444e+03
1.728385664635918147e+03
1.729047588735492127e+03
1.730050768698790307e+03
1.731380095026250956e+03
1.733035316937980497e+03
1.735016185762355008e+03
1.737315026686404735e+03
1.739916738867220602e+03
1.742835937304509798e+03
1.746042669468315808e+03
1.749551555640091010e+03
1.753354933905216285e+03
1.757445145353989574e+03
1.761807105885795409e+03
1.766455448117611240e+03
1.771367666390470276e+03
1.776550972080470046e+03
1.781990295304400206e+03
1.787692855175806471e+03
1.793643589853822277e+03
1.799834870088862544e+03
1.806273927710568842e+03
1.812945714005921900e+03
1.819842613240012497e+03
1.826964442765018475e+03
1.834288739716261944e+03
1.841830187898317035e+03
1.849558906002474032e+03
1.857474731164724744e+03
1.865577505604803946e+03
1.873852219949666960e+03
1.882306154992183338e+03
1.890916883229936047e+03
1.899691695640647822e+03
1.908623031536896633e+03
1.917703335205658504e+03
1.926925055830348128e+03
1.936288075746410868e+03
1.945777425279653471e+03
1.955385567670364253e+03
1.965097542231155103e+03
1.974913249241815265e+03
1.984817736379076223e+03
1.994803483585787490e+03
2.004862974527848792e+03
2.014988696391314079e+03
2.025187996371170357e+03
2.035445939700849294e+03
2.045755022827819630e+03
2.056115375697376294e+03
2.066527940710745497e+03
2.076971579897063293e+03
2.087447442265057816e+03
2.097941821816909396e+03
2.108448442366503969e+03
2.118961028960449767e+03
2.129465879304206737e+03
2.139949291895092756e+03
2.150427279213640304e+03
2.160871284020183793e+03
2.171304747716988913e+03
2.181699113264364314e+03
2.192077821915376717e+03
2.202412316155905955e+03
2.212718608114418657e+03
2.222982995929477056e+03
2.233191777034619918e+03
2.243346104756863951e+03
2.253432274827974652e+03
2.263436582011495830e+03
2.273360176743915872e+03
2.283189351688219631e+03
2.292925255102946267e+03
2.302561605772510575e+03
2.312099549701169053e+03
2.321525375067405548e+03
2.330847653991178504e+03
2.340067529158834532e+03
2.349163857157447183e+03
2.358152635319490855e+03
2.367005289919445659e+03
2.375730388081371075e+03
2.384314211035944027e+03
2.392743039233169384e+03
2.401025437456687541e+03
2.409147684786116770e+03
2.417103488060835389e+03
2.424901410290645345e+03
2.432527728961276352e+03
2.439983577837463599e+03
2.447270090308147701e+03
2.454388399424879935e+03
2.461332209581604729e+03
2.468095224885555581e+03
2.474678577517831854e+03
2.481068542681838608e+03
2.487266251991597528e+03
2.493265408395815939e+03
2.499059714489949783e+03
2.504642912744766363e+03
2.510016334631762220e+03
2.515173923003216260e+03
2.520117048419697312e+03
2.524854509043488633e+03
2.529372817117550312e+03
2.533680768933852050e+03
2.537772302936332835e+03
2.541641356263557554e+03
2.545304149630303982e+03
2.548739760345881223e+03
2.551964405627347332e+03
2.554964587249387932e+03
2.557741661440441931e+03
2.560296981970495835e+03
2.562631899934268404e+03
2.564740335180330476e+03
2.566616204438229943e+03
2.568268277794750247e+03
2.569683036718655330e+03
2.570869243939852367e+03
2.571820801478833801e+03
2.572531607132292720e+03
2.573017839314758930e+03
2.573265958404832418e+03
2.573292133353520967e+03
2.573090243048410230e+03
2.572661589541306967e+03
2.572007469536420558e+03
2.571136602591831888e+03
2.570035417583369963e+03
2.568720051035709275e+03
2.567184348565102937e+03
2.565422149840331258e+03
2.563449573559823875e+03
2.561253018942777544e+03
2.558848592490739065e+03
2.556230109512241597e+03
2.553406235867195846e+03
2.550363346225387886e+03
2.547124950894536141e+03
2.543684840710015123e+03
2.540036800493218834e+03
2.536196894174438967e+03
2.532166323127764826e+03
2.527938854620682832e+03
2.523523106976434974e+03
2.518920264646144460e+03
2.514131506692101993e+03
2.509158006929842941e+03
2.504015640901118331e+03
2.498689966296621606e+03
2.493196099551978932e+03
2.487541724139650796e+03
2.481719662387080916e+03
2.475730160697190513e+03
2.469595746418664021e+03
2.463301801212479404e+03
2.456855988019931374e+03
2.450258537823937331e+03
2.443524534857210256e+03
2.436639346652205859e+03
2.429618050987563947e+03
2.422468294273349329e+03
2.415175434978234080e+03
2.407754542199353637e+03
2.400213254018925454e+03
2.392544349251076255e+03
2.384755460928675348e+03
2.376846791326840957e+03
2.368825968725904659e+03
2.360700619111738433e+03
2.352470937864197822e+03
2.344137118134338380e+03
2.335721635910632813e+03
2.327209823221325678e+03
2.318624151630626329e+03
2.309957377070096754e+03
2.301217109914380671e+03
2.292410958246323389e+03
2.283546527814822184e+03
2.274623993635605075e+03
2.265643528286690525e+03
2.256620158549342250e+03
2.247554051943903687e+03
2.238445373364652369e+03
2.229301713363145609e+03
2.220138088081247133e+03
2.210939797434079992e+03
2.201729280198869219e+03
2.192506687153151688e+03
2.183272166070533785e+03
2.174033290021924586e+03
2.164790200633103268e+03
2.155557893101700756e+03
2.146336502771593587e+03
2.137126161818915989e+03
2.127934427598785987e+03
2.118768854303285934e+03
2.109629564631878566e+03
2.100531357777681478e+03
2.091458608078671205e+03
2.082440079875780611e+03
2.073459964483330623e+03
2.064524735430860346e+03
2.055648291866575619e+03
2.046822245274595161e+03
2.038060489708801470e+03
2.029369488538019823e+03
2.020733417905099714e+03
2.012181022051650189e+03
2.003696473299812396e+03
1.995286227400856433e+03
1.986971595392051086e+03
1.978729317011671583e+03
1.970588129478179098e+03
1.962539627521040529e+03
1.954590262073092845e+03
1.946739055466052378e+03
1.938992458381739198e+03
1.931364350106033498e+03
1.923846325383826297e+03
1.916437408076707470e+03
1.909151479769373509e+03
1.901987566623006842e+03
1.894952124677398160e+03
1.888036755047334964e+03
1.881262774265859889e+03
1.874614359367251836e+03
1.868105403266926032e+03
1.861734944878989154e+03
1.855502026026269277e+03
1.849420548339963489e+03
1.843482131696377564e+03
1.837693256144339330e+03
1.832060405368436477e+03
1.826582638489605415e+03
1.821259018552937505e+03
1.816096041001917001e+03
1.811092777088188541e+03
1.806255730668530305e+03
1.801576553236827522e+03
1.797076614094710749e+03
1.792732716904853760e+03
1.788566239936789543e+03
1.784576280944956579e+03
1.780754513887513667e+03
1.777107473984058061e+03
1.773634272661224941e+03
1.770348882589941240e+03
1.767235536523821793e+03
1.764300632607493753e+03
1.761550542401105076e+03
1.758984213523992139e+03
1.756608026306426154e+03
1.754406080335880461e+03
1.752392192853164943e+03
1.750565328593499999e+03
1.748924456428874237e+03
1.747468549310251319e+03
1.746196584211167419e+03
1.745114970423992872e+03
1.744215264458567162e+03
1.743503883396896072e+03
1.742979819801268150e+03
1.742634641679091146e+03
1.742474777505183738e+03
1.742506659500179694e+03
1.742714438566600393e+03
1.743111982735843412e+03
1.743690878720469755e+03
1.744450145328340795e+03
1.745388805134798304e+03
1.746505884514491754e+03
1.747807842032855433e+03
1.749286283445881736e+03
1.750940246810499502e+03
1.752761345852512250e+03
1.754763483444457961e+03
1.756938281588920518e+03
1.759277366561471581e+03
1.761779797359853092e+03
1.764452065808936140e+03
1.767293239970409331e+03
1.770287535907098345e+03
1.773441459552267816e+03
1.776754093429189425e+03
1.780224525123495141e+03
1.783851847405788021e+03
1.787627730003458964e+03
1.791551276421663033e+03
1.795621595710881138e+03
1.799837802581014103e+03
1.804191589160463536e+03
1.808689510150422848e+03
1.813308412820143758e+03
1.818069720598468621e+03
1.822950292951224583e+03
1.827964137304881660e+03
1.833095553954929301e+03
1.838343842571830464e+03
1.843701426252731835e+03
1.849175727533493045e+03
1.854766746996170696e+03
1.860452206568477095e+03
1.866254404662588058e+03
1.872151075945077082e+03
1.878142246448370997e+03
1.884235376815688142e+03
1.890415648831803992e+03
1.896683107092539558e+03
1.903045230559505626e+03
1.909479790700938793e+03
1.915994278173336852e+03
1.922588760937903771e+03
1.929248455766674624e+03
1.935973441489236166e+03
1.942763802128060206e+03
1.949612198374992431e+03
1.956518724110282619e+03
1.963476049513314365e+03
1.970484277567996060e+03
1.977543515512056047e+03
1.984646446282008128e+03
1.991793185005574742e+03
1.998976422090863934e+03
2.006196279715339188e+03
2.013452883263870490e+03
2.020724076067145234e+03
2.028024845994668340e+03
2.035347898446583940e+03
2.042678512851727874e+03
2.050024255870796878e+03
2.057377839452704848e+03
2.064724548998639420e+03
2.072079384934018435e+03
2.079420207384468995e+03
2.086754591164387421e+03
2.094075255520289829e+03
2.101374920685108918e+03
2.108646307741221790e+03
2.115889566843198281e+03
2.123104848749618213e+03
2.130277448014282982e+03
2.137407516288488296e+03
2.144487777181003821e+03
2.151518382878518423e+03
2.158492057374003252e+03
2.165408953104621560e+03
2.172261794196710980e+03
2.179043459392302793e+03
2.185747445878824692e+03
2.192382262086186529e+03
2.198941559634438363e+03
2.205418990010993184e+03
2.211808204551389736e+03
2.218125139474010666e+03
2.224356017414649614e+03
2.230501917515797686e+03
2.236556490364268029e+03
2.242520814679757223e+03
2.248388540601218210e+03
2.254160746372167068e+03
2.259823653271810144e+03
2.265378338994187743e+03
2.270825880921269345e+03
2.276152499390759203e+03
2.281366699409671583e+03
2.286447272158251053e+03
2.291410150090676325e+03
2.296241551723506291e+03
2.300935123319416107e+03
2.305499367161349255e+03
2.309920499716270569e+03
2.314199593292295049e+03
2.318345147585053837e+03
2.322350804514229822e+03
2.326217633152277358e+03
2.329946701242943163e+03
2.333531646710760469e+03
2.336980962562790410e+03
2.340280854979952892e+03
2.343439813253121883e+03
2.346444039508728565e+03
2.349294590280182547e+03
2.351977662920743569e+03
2.354501737163032885e+03
2.356860433171173099e+03
2.359039939690348092e+03
2.361056155594116262e+03
2.362895262876096695e+03
2.364565724893926017e+03
2.366061144409652115e+03
2.367382548432500244e+03
2.368523531311706847e+03
2.369492539582852714e+03
2.370290586715892914e+03
2.370911252918040645e+03
2.371362969992411763e+03
2.371639307750799617e+03
2.371741272936168116e+03
2.371677351204431488e+03
2.371433751405922067e+03
2.371018961480829603e+03
2.370419178212485349e+03
2.369628020493317308e+03
2.368646529200468649e+03
2.367475738732275204e+03
2.366109248556226248e+03
2.364548079819431678e+03
2.362793246920330148e+03
2.360860614143255589e+03
2.358743753853430462e+03
2.356451088206615168e+03
2.353991032419057774e+03
2.351364566399578962e+03
2.348565234743533892e+03
2.345594003438590335e+03
2.342444403180425525e+03
2.339109957749642035e+03
2.335584184048388579e+03
2.331868020496615372e+03
2.327954970386334480e+03
2.323853386995230721e+03
2.319571616956405705e+03
2.315110571985010665e+03
2.310478585661515808e+03
2.305676556819044890e+03
2.300720234686258209e+03
2.295610505581931193e+03
2.290348249713693804e+03
2.284926912927849116e+03
2.279339935160735422e+03
2.273595607240595200e+03
2.267679929237189299e+03
2.261586323962444567e+03
2.255323065418424449e+03
2.248898422191983173e+03
2.242298372496001321e+03
2.235553459409889456e+03
2.228657079110867926e+03
2.221617479405080303e+03
2.214435474751152469e+03
2.207134159730144347e+03
2.199692053956634936e+03
2.192124813989007635e+03
2.184418378228823713e+03
2.176580965418236701e+03
2.168605932928472157e+03
2.160486633494209400e+03
2.152238566128463390e+03
2.143854403551633823e+03
2.135341536452460787e+03
2.126699922614020124e+03
2.117951800322964573e+03
2.109082261571762501e+03
2.100113535561941262e+03
2.091045561899871245e+03
2.081878275642908648e+03
2.072611607293036741e+03
2.063252911139612024e+03
2.053794680200656785e+03
2.044251687966355803e+03
2.034616418290707315e+03
2.024888778787268620e+03
2.015083529176433785e+03
2.005185711183940384e+03
1.995202646996258636e+03
1.985141654217781479e+03
1.974995189183184266e+03
1.964770560376808135e+03
1.954475071756624629e+03
1.944101166084810984e+03
1.933663566717169260e+03
1.923162135897561029e+03
1.912604159862256665e+03
1.901989492201256326e+03
1.891340267329626386e+03
1.880641473764538659e+03
1.869907809365431376e+03
1.859131682979122161e+03
1.848327784647146473e+03
1.837488515619034160e+03
1.826613701876933419e+03
1.815710594267904526e+03
1.804779011944165404e+03
1.793818770862265865e+03
1.782844540640341620e+03
1.771841274620803915e+03
1.760831065193784525e+03
1.749806288822582246e+03
1.738774176328833846e+03
1.727734528030834554e+03
1.716701998988155992e+03
1.705661529098161054e+03
1.694635198449769177e+03
1.683615372375529660e+03
1.672609271759556123e+03
1.661624116544872095e+03
1.650659697591706163e+03
1.639715659443918639e+03
1.628805919860265021e+03
1.617929393996873614e+03
1.607084997104436525e+03
1.596279073080082753e+03
1.585510537965148387e+03
1.574793165190258605e+03
1.564118444013914313e+03
1.553492721458563210e+03
1.542914917439183000e+03
1.532391381637203722e+03
1.521928465317376777e+03
1.511525093138027160e+03
1.501180191654906139e+03
1.490892689467673108e+03
1.480676374059598174e+03
1.470522750178120077e+03
1.460430753360212748e+03
1.450414178399560569e+03
1.440471966055104986e+03
1.430595631503571667e+03
1.420798977835647293e+03
1.411088382743265811e+03
1.401447941900775959e+03
1.391898895842287629e+03
1.382432774878803002e+03
1.373055969263521320e+03
1.363774872549979818e+03
1.354588453295745467e+03
1.345495683462374245e+03
1.336495538461392243e+03
1.327601853897567025e+03
1.318806183857739143e+03
1.310114942700007532e+03
1.301527120039303099e+03
1.293041709132884307e+03
1.284665135265285471e+03
1.276396399082483640e+03
1.268241933327534298e+03
1.260193317825903705e+03
1.252264421274205688e+03
1.244446831178013554e+03
1.236746995644647541e+03
1.229163938376537089e+03
1.221704115418730453e+03
1.214359130158329208e+03
1.207142875129325148e+03
1.200046961968281494e+03
1.193070434876241961e+03
1.186227199033708985e+03
1.179508861800473596e+03
1.172914394836521296e+03
1.166450185530788303e+03
1.160107769147828776e+03
1.153900970662490408e+03
1.147821334745157401e+03
1.141875267602804797e+03
1.136054323670573240e+03
1.130364919107778633e+03
1.124813475194476496e+03
1.119391561729678870e+03
1.114105610532276160e+03
1.108954630490943828e+03
1.103937636015296448e+03
1.099053647136510335e+03
1.094301689607146727e+03
1.089688223349870668e+03
1.085204857503272933e+03
1.080858063916980200e+03
1.076646892192009091e+03
1.072562969768310268e+03
1.068612787058966205e+03
1.064795412478270009e+03
1.061117349215927106e+03
1.057562821904150724e+03
1.054138346781194741e+03
1.050850446696143763e+03
1.047690794457071206e+03
1.044658497923211598e+03
1.041760100038821065e+03
1.038987293808461345e+03
1.036339207365718039e+03
1.033814975632671576e+03
1.031421168671477517e+03
1.029149506626471748e+03
1.026999144759251294e+03
1.024976673424493811e+03
1.023073832986565662e+03
1.021289798829275810e+03
1.019623752956426642e+03
1.018074883934606646e+03
1.016649815178467861e+03
1.015332891477272369e+03
1.014138177367030153e+03
1.013050030242094181e+03
1.012075098714101841e+03
1.011212609112196901e+03
1.010461793728985526e+03
1.009814462360952120e+03
1.009277287245343132e+03
1.008834777733017063e+03
1.008501628244787071e+03
1.008262941719124115e+03
1.008126111395180828e+03
1.008076250582689568e+03
1.008128190983778609e+03
1.008267055760245398e+03
1.008500257854294432e+03
1.008827786456752847e+03
1.009234778526734203e+03
1.009736088764219062e+03
1.010316862680725194e+03
1.010977106575476910e+03
1.011731687412436031e+03
1.012558334248281199e+03
1.013471921617629846e+03
1.014472470967260165e+03
1.015545150545545653e+03
1.016697417046775627e+03
1.017929302106990917e+03
1.019233412204666479e+03
1.020609785265783898e+03
1.022043605521539575e+03
1.023549773522137798e+03
1.025106050900581977e+03
1.026727343794831768e+03
1.028398847618651189e+03
1.030120617089442021e+03
1.031907566157563224e+03
1.033737469486612554e+03
1.035625245890351380e+03
1.037556103116947725e+03
1.039544964589164920e+03
1.041577042541871151e+03
1.043659836414212577e+03
1.045778562689044747e+03
1.047925868234942300e+03
1.050116686947355674e+03
1.052336241236742580e+03
1.054577183718482729e+03
1.056847025500157997e+03
1.059138422715533579e+03
1.061444033157583590e+03
1.063778801258931253e+03
1.066127959566589197e+03
1.068491598766405104e+03
1.070869810901653636e+03
1.073262689287990270e+03
1.075662900073762557e+03
1.078070538846465979e+03
1.080478400877373588e+03
1.082887218850160707e+03
1.085297853269982397e+03
1.087711165305633358e+03
1.090113159970062043e+03
1.092512127747558452e+03
1.094901502713419177e+03
1.097282147450715456e+03
1.099647496211051248e+03
1.102005839822017151e+03
1.104350612138557153e+03
1.106682674942035192e+03
1.108995461084290127e+03
1.111289831029285097e+03
1.113559215990710300e+03
1.115811902818198860e+03
1.118033892079326279e+03
1.120240896342845417e+03
1.122411484856627567e+03
1.124561366879538809e+03
1.126676536358256271e+03
1.128765270208275069e+03
1.130813558042371142e+03
1.132829672103278426e+03
1.134807025345346801e+03
1.136753884670675234e+03
1.138656229015729423e+03
1.140522319293905412e+03
1.142338128138771481e+03
1.144119338204668793e+03
1.145851915218095655e+03
1.147536677937519244e+03
1.149174441316479488e+03
1.150766016372812146e+03
1.152304781713547527e+03
1.153791540116740180e+03
1.155227090068958205e+03
1.156604797309366859e+03
1.157925451431298370e+03
1.159189837439918392e+03
1.160398735667046594e+03
1.161545493342655163e+03
1.162630881224024051e+03
1.163655665180993765e+03
1.164620606138215408e+03
1.165519031673756444e+03
1.166359121025140439e+03
1.167134191649852482e+03
1.167837555893324406e+03
1.168484806012865420e+03
1.169054409235410503e+03
1.169562056887167955e+03
1.169993743586219807e+03
1.170365172156052722e+03
1.170662326820206772e+03
1.170886043303979022e+03
1.171044580487519170e+03
1.171123907010897710e+03
1.171139699734234000e+03
1.171077916945961306e+03
1.170946796826320906e+03
1.170739715708926269e+03
1.170464901495258118e+03
1.170115720267462393e+03
1.169692961352840257e+03
1.169197408986938171e+03
1.168629842326182825e+03
1.167991035459509931e+03
1.167274329068487077e+03
1.166480487136694592e+03
1.165617696956923055e+03
1.164679284085768813e+03
1.163665997397759156e+03
1.162586009086653803e+03
1.161425201263633198e+03
1.160184307705593937e+03
1.158878913850080153e+03
1.157502315036904065e+03
1.156047801549800397e+03
1.154530943656245881e+03
1.152937593143102504e+03
1.151275881754283546e+03
1.149546507774420206e+03
1.147742736012530031e+03
1.145872682835720752e+03
1.143937031100990680e+03
1.141929030137694099e+03
1.139856780781023645e+03
1.137720950304620146e+03
1.135507344054681880e+03
1.133238903887456445e+03
1.130901424654253560e+03
1.128502980993120218e+03
1.126036785569817994e+03
1.123510902473983833e+03
1.120925962166856380e+03
1.118282589833683687e+03
1.115573977039660804e+03
1.112808166791233361e+03
1.109985768500585664e+03
1.107107295808044228e+03
1.104172894963356384e+03
1.101190044851033463e+03
1.098143934174015158e+03
1.095049459947887954e+03
1.091899229097608213e+03
1.088700700263335648e+03
1.085453898810450482e+03
1.082158845246786314e+03
1.078815555295827380e+03
1.075424039976086306e+03
1.071991734036824482e+03
1.068511210998763772e+03
1.064989896652378548e+03
1.061427784110094535e+03
1.057817433914666935e+03
1.054166259203494064e+03
1.050474240776330134e+03
1.046748783918845220e+03
1.042982433479191513e+03
1.039182587400221337e+03
1.035349211803477147e+03
1.031482269477306090e+03
1.027581720017439920e+03
1.023647519969865129e+03
1.019687051325800553e+03
1.015700264967349653e+03
1.011679680814632661e+03
1.007640101374465075e+03
1.003574041786647172e+03
9.994814433724379796e+02
9.953696737813020263e+02
9.912386704360229714e+02
9.870883690270562738e+02
9.829187036547498337e+02
9.787296069693454683e+02
9.745284386586907885e+02
9.703151288823710274e+02
9.660896067535006750e+02
9.618443721166877367e+02
9.576016374239808329e+02
9.533464727036212025e+02
9.490862324792261688e+02
9.448282708323025645e+02
9.405650848110292372e+02
9.362965995862767841e+02
9.320301685528816051e+02
9.277731450767047363e+02
9.235180258875608388e+02
9.192647362196183849e+02
9.150205281269555826e+02
9.107848185542317196e+02
9.065569230775863616e+02
9.023435861015727824e+02
8.981366958818290414e+02
8.939429979969594342e+02
8.897618103664127602e+02
8.855998800176566874e+02
8.814565264507116353e+02
8.773236417018619022e+02
8.732079754571319654e+02
8.691162784138466577e+02
8.650404456418698373e+02
8.609872300463446209e+02
8.569633857292562880e+02
8.529533830013903071e+02
8.489714068977285706e+02
8.450167871408291376e+02
8.410888549077048992e+02
8.371795145477033202e+02
8.333103854038639611e+02
8.294585183827081210e+02
8.256455362318858988e+02
8.218559217645790795e+02
8.181038730915281576e+02
8.143813052517718916e+02
8.106949920491518924e+02
8.070442810896076935e+02
8.034359505724982000e+02
7.998619243334081830e+02
7.963215569911103557e+02
7.928216340463231973e+02
7.893689436326224040e+02
7.859479915690808411e+02
7.825729999174349132e+02
7.792359086375437300e+02
7.759435174473827601e+02
7.726952008822862581e+02
7.694903367561353207e+02
7.663283062729083213e+02
7.632159224887551545e+02
7.601525737232298070e+02
7.571302236705604400e+02
7.541556965608240262e+02
7.512283922183858067e+02
7.483551428699605594e+02
7.455279281994033909e+02
7.427535888518358433e+02
7.400241131329752307e+02
7.373537788575365539e+02
7.347271368043651592e+02
7.321509546977157470e+02
7.296319868021791990e+02
7.271621354898582013e+02
7.247481647174748787e+02
7.223894150466235260e+02
7.200852320596723075e+02
7.178349664198527762e+02
7.156305455753455362e+02
7.134936155589647342e+02
7.114012575280623878e+02
7.093676996535664330e+02
7.073923186983461164e+02
7.054670683913806215e+02
7.035987644962434615e+02
7.017793714216982153e+02
7.000231439784828353e+02
6.983220572773923323e+02
6.966755201240544011e+02
6.950829466568168300e+02
6.935437563294491383e+02
6.920648022388839991e+02
6.906380860470031848e+02
6.892623001642156169e+02
6.879443133829738599e+02
6.866813427965688561e+02
6.854728391151779761e+02
6.843182581130392919e+02
6.832170605776470893e+02
6.821694550912816339e+02
6.811749123051350807e+02
6.802329077165466060e+02
6.793429216096104710e+02
6.785044389945405783e+02
6.777176923811647384e+02
6.769814332117670119e+02
6.762959031388793392e+02
6.756598626229600768e+02
6.750728193756302744e+02
6.745357711335158228e+02
6.740467485878257321e+02
6.736052723353674310e+02
6.732108671507064628e+02
6.728638047649196778e+02
6.725613896358640886e+02
6.723046444105860928e+02
6.720916243591545935e+02
6.719226171708312449e+02
6.717956858968803999e+02
6.717103830806171345e+02
6.716663363370915931e+02
6.716627193554254518e+02
6.716987808157076643e+02
6.717737730582857694e+02
6.718891805525303198e+02
6.720420343466512350e+02
6.722330832191717036e+02
6.724615938008995499e+02
6.727268362128359058e+02
6.730273411994735397e+02
6.733638714374206984e+02
6.737349644936977029e+02
6.741399041339237783e+02
6.745779774547223724e+02
6.750484748502015009e+02
6.755506899771839926e+02
6.760839197188893195e+02
6.766474641467765423e+02
6.772406264802592659e+02
6.778619702089908969e+02
6.785115475525782358e+02
6.791886709072238091e+02
6.798911699592604236e+02
6.806191058054610039e+02
6.813710567195290650e+02
6.821463465950445197e+02
6.829443020444185777e+02
6.837635094938294742e+02
6.846025579440970432e+02
6.854615245623970168e+02
6.863390032596051924e+02
6.872328474385269601e+02
6.881438840780141390e+02
6.890699709575839051e+02
6.900097107332702535e+02
6.909631936693876924e+02
6.919282833562900805e+02
6.929050736097110530e+02
6.938914313462970540e+02
6.948859678060975966e+02
6.958887812669189543e+02
6.968977427457265321e+02
6.979122100477718504e+02
6.989300562982629117e+02
6.999513839873383176e+02
7.009740678281697228e+02
7.019974687990754774e+02
7.030194626694902809e+02
7.040401540405873675e+02
7.050574192004088445e+02
7.060707015806082154e+02
7.070790273658888054e+02
7.080837324522245808e+02
7.090764955381644086e+02
7.100683085602205438e+02
7.110523348128580210e+02
7.120291652127145881e+02
7.129993898241450552e+02
7.139561693874561570e+02
7.149000919008426536e+02
7.158317441547482076e+02
7.167591399701142336e+02
7.176680066889507543e+02
7.185663551711357968e+02
7.194547662925789382e+02
7.203189624981052930e+02
7.211743778101351836e+02
7.220141592882174564e+02
7.228314519951856028e+02
7.236416839674346875e+02
7.244231393365421354e+02
7.251912417594234057e+02
7.259391275479425758e+02
7.266673590053727594e+02
7.273690676650794558e+02
7.280522392840240400e+02
7.287174287381717477e+02
7.293577599718628335e+02
7.299737826506953979e+02
7.305586154162014054e+02
7.311276592445827873e+02
7.316665989550210725e+02
7.321759732733089550e+02
7.326563180953016854e+02
7.331155948026805618e+02
7.335469051790225876e+02
7.339433480781656272e+02
7.343128760933720969e+02
7.346485821255404289e+02
7.349584127537281120e+02
7.352354548037570794e+02
7.354802203684367896e+02
7.357006467767020013e+02
7.358823831612295407e+02
7.360259321776183015e+02
7.361392216212277617e+02
7.362227476928006809e+02
7.362621466132594605e+02
7.362727646890903088e+02
7.362402314730027229e+02
7.361799018338585938e+02
7.360774750343912274e+02
7.359409472221907436e+02
7.357708826797691017e+02
7.355604137809724534e+02
7.353100976467848113e+02
7.350204877493732738e+02
7.346995622157471644e+02
7.343330103794202159e+02
7.339362311842404551e+02
7.334949063340652629e+02
7.330169986959749622e+02
7.324956105004903293e+02
7.319386966942601020e+02
7.313393514912096407e+02
7.307055217263887243e+02
7.300302934087715130e+02
7.293216050772655308e+02
7.285725343561857699e+02
7.277835829642056069e+02
7.269552483242927110e+02
7.260880235261353164e+02
7.251898256413104491e+02
7.242462822899324237e+02
7.232653017127721569e+02
7.222473593440635113e+02
7.211854977887103360e+02
7.200876118538373021e+02
7.189541634826141490e+02
7.177856100930156344e+02
7.165749762201595559e+02
7.153301385638451393e+02
7.140441125886462714e+02
7.127247659303886849e+02
7.113651050050693811e+02
7.099729884242574371e+02
7.085414136129851386e+02
7.070708018838747648e+02
7.055689984649641247e+02
7.040364158314305314e+02
7.024660337421330496e+02
7.008582559808771748e+02
6.992134820510326563e+02
6.975395355746161385e+02
6.958293792941823313e+02
6.940834001798492636e+02
6.923094094890194583e+02
6.905003577785888638e+02
6.886566200216821017e+02
6.867859956764294793e+02
6.848887959846633748e+02
6.829576758291455008e+02
6.809926587261924169e+02
6.790011929753263757e+02
6.769832950378341820e+02
6.749389779673635985e+02
6.728682514913058412e+02
6.707636937427064368e+02
6.686327363937100472e+02
6.664753796877996592e+02
6.642916208730956669e+02
6.620814542852456270e+02
6.598448714299439644e+02
6.575818610648849472e+02
6.552924092809668082e+02
6.529839279328302837e+02
6.506489696673302205e+02
6.482949414025565602e+02
6.459143910035428462e+02
6.435072924083094676e+02
6.410884740519194338e+02
6.386430488372349146e+02
6.361709843070855186e+02
6.336871027133292955e+02
6.311765109828016875e+02
6.286540275851758679e+02
6.261121841455110371e+02
6.235509389080510800e+02
6.209776767975828307e+02
6.183849244286977864e+02
6.157800635655495398e+02
6.131556177784760848e+02
6.105189659016058386e+02
6.078774853880880755e+02
6.052162673143427583e+02
6.025501148862306309e+02
5.998641166910550737e+02
5.971730735533124061e+02
5.944769284868551722e+02
5.917644809237657455e+02
5.890468143444843463e+02
5.863223830860600856e+02
5.835918690976646985e+02
5.808552106562558492e+02
5.781138309283185208e+02
5.753684095225063402e+02
5.726203682185977186e+02
5.698696425226422662e+02
5.671176530687167769e+02
5.643650771770423944e+02
5.616125250351226441e+02
5.588618252781924411e+02
5.561117682034878271e+02
5.533633724042347239e+02
5.506176563365216907e+02
5.478741527230530437e+02
5.451331371338794725e+02
5.423956280638860790e+02
5.396619013420263400e+02
5.369322330473710281e+02
5.342068995918078826e+02
5.314884063094002613e+02
5.287755448619582239e+02
5.260700788414044382e+02
5.233730296830320867e+02
5.206839339199610777e+02
5.180038146136639625e+02
5.153336957751217824e+02
5.126731167865835914e+02
5.100231038338965277e+02
5.073839414938920527e+02
5.047559156619026908e+02
5.021393136440876219e+02
4.995351670844054297e+02
4.969437663859363852e+02
4.943661464715115699e+02
4.918018583682267604e+02
4.892519406359302820e+02
4.867174337841635747e+02
4.841978946875069028e+02
4.816943680092924183e+02
4.792064149431513442e+02
4.767358274676494716e+02
4.742821714133459636e+02
4.718457578776481114e+02
4.694276432969725761e+02
4.670266581760837425e+02
4.646453498348932385e+02
4.622832969568973454e+02
4.599408238249366718e+02
4.576182575437094897e+02
4.553174137642045025e+02
4.530371397247372443e+02
4.507792569791149617e+02
4.485426187611666364e+02
4.463290527064448838e+02
4.441389038803681615e+02
4.419710348133366438e+02
4.398272825428697956e+02
4.377072587973539157e+02
4.356113052202392169e+02
4.335397021325397304e+02
4.314934598135763508e+02
4.294713633202288747e+02
4.274744295120249831e+02
4.255029357235258658e+02
4.235571626095149327e+02
4.216373941529844274e+02
4.197439176710851143e+02
4.178762809841676926e+02
4.160347780881656377e+02
4.142204491553491721e+02
4.124321091935540267e+02
4.106715478894145122e+02
4.089375869251009021e+02
4.072312798194609513e+02
4.055514549130080013e+02
4.038991723725220027e+02
4.022747528448436469e+02
4.006770346153145397e+02
3.991078306110784411e+02
3.975652428788048383e+02
3.960503480927551436e+02
3.945634833724848249e+02
3.931042462757295084e+02
3.916722376264439731e+02
3.902685471780490616e+02
3.888927822667514533e+02
3.875452963102943045e+02
3.862249602968294084e+02
3.849328769542684654e+02
3.836686665696532259e+02
3.824319526539544540e+02
3.812223619370399774e+02
3.800395243628214530e+02
3.788845587545752096e+02
3.777563586351481604e+02
3.766545635623734256e+02
3.755795591242884939e+02
3.745309912641125152e+02
3.735085091100069690e+02
3.725125078044393945e+02
3.715418999929348729e+02
3.705970871573737213e+02
3.696777311033616797e+02
3.687827539517980426e+02
3.679133094695379214e+02
3.670683260486713380e+02
3.662467351997652827e+02
3.654504428787391817e+02
3.646769416787759042e+02
3.639268608348896237e+02
3.632001303599744233e+02
3.624966833029296254e+02
3.618164557266838415e+02
3.611586438491189597e+02
3.605239325219252464e+02
3.599115238620317996e+02
3.593213657258858689e+02
3.587534088412432993e+02
3.582076067715401564e+02
3.576839158777791567e+02
3.571815524428743061e+02
3.567004782985343923e+02
3.562406579445286070e+02
3.558020585004395002e+02
3.553839068198712425e+02
3.549861751072425591e+02
3.546080951920332609e+02
3.542496441407377006e+02
3.539108013614182369e+02
3.535908057060106557e+02
3.532896410755474790e+02
3.530065506832239066e+02
3.527415226556168477e+02
3.524945471270026474e+02
3.522641304969518501e+02
3.520510095315382841e+02
3.518544371128824650e+02
3.516736678326036554e+02
3.515087007491383133e+02
3.513587936390351274e+02
3.512232057525403093e+02
3.511026834035916409e+02
3.509957457141882742e+02
3.509016558737068863e+02
3.508211638930303593e+02
3.507527923485838528e+02
3.506965504768404003e+02
3.506517055890076335e+02
3.506175258263521073e+02
3.505940229162114292e+02
3.505804664237641646e+02
3.505768693448687259e+02
3.505817595248764746e+02
3.505951509238373660e+02
3.506163150378604882e+02
3.506445236620042465e+02
3.506797916546855731e+02
3.507206483635866903e+02
3.507671610030575948e+02
3.508196052323973504e+02
3.508760802729433408e+02
3.509383994215396569e+02
3.510046616400208563e+02
3.510744513419390955e+02
3.511488383359265413e+02
3.512266635957267908e+02
3.513082533822384903e+02
3.513924478520559092e+02
3.514795723478791842e+02
3.515684660103316332e+02
3.516601959065365577e+02
3.517535999748735094e+02
3.518482583213479984e+02
3.519437503421038400e+02
3.520403975171488469e+02
3.521377777000601554e+02
3.522347250786798440e+02
3.523315586417084546e+02
3.524278536358501697e+02
3.525231843636391886e+02
3.526171241466980746e+02
3.527099881243565278e+02
3.528006047123851090e+02
3.528892869070006100e+02
3.529756037436790166e+02
3.530598659309653726e+02
3.531401544739026122e+02
3.532167776473813774e+02
3.532907852888701541e+02
3.533595117505446979e+02
3.534240042112434708e+02
3.534838227923624459e+02
3.535385261882846066e+02
3.535876716260296462e+02
3.536308148241436129e+02
3.536682527858341132e+02
3.536995380862469460e+02
3.537234788290141978e+02
3.537403671071186864e+02
3.537504932879056696e+02
3.537519174623868139e+02
3.537464120791908613e+02
3.537312907124806998e+02
3.537083220349664430e+02
3.536763014199801205e+02
3.536340222336137344e+02
3.535825042916573580e+02
3.535212796362833387e+02
3.534498940470205639e+02
3.533679546599709056e+02
3.532758250881665276e+02
3.531731238154367247e+02
3.530602098200741352e+02
3.529359540241917443e+02
3.528007105892305049e+02
3.526540883674290399e+02
3.524971793647413847e+02
3.523281016899869087e+02
3.521479421959659248e+02
3.519555565969694726e+02
3.517512836085078902e+02
3.515354592439265389e+02
3.513076739482457924e+02
3.510682582394034625e+02
3.508160541768193070e+02
3.505513866776926193e+02
3.502753206608297205e+02
3.499859468531155926e+02
3.496850672891538352e+02
3.493715097833368759e+02
3.490448420951948947e+02
3.487068575926331278e+02
3.483556325679029442e+02
3.479914689169611393e+02
3.476154084715602153e+02
3.472262616642436797e+02
3.468243217114848562e+02
3.464098789545145678e+02
3.459824780379728963e+02
3.455424035963516758e+02
3.450891946029613564e+02
3.446231300615147006e+02
3.441437433600090685e+02
3.436527936370284237e+02
3.431490659649016379e+02
3.426328283901673331e+02
3.421043462956652093e+02
3.415638824343405417e+02
3.410116969645423524e+02
3.404473046516172303e+02
3.398709605757236432e+02
3.392821745005102798e+02
3.386826822527335139e+02
3.380705030821821993e+02
3.374466252174610190e+02
3.368120345667088600e+02
3.361647434184095573e+02
3.355072188324833178e+02
3.348381840942315648e+02
3.341584792305935707e+02
3.334681719139748566e+02
3.327665849027476384e+02
3.320537817496567072e+02
3.313305668393235806e+02
3.305962569197333210e+02
3.298509096428557541e+02
3.290945807640870271e+02
3.283280670106159960e+02
3.275506776085331921e+02
3.267624628189157079e+02
3.259642139676622605e+02
3.251552349690916799e+02
3.243370565286096507e+02
3.235089791590119717e+02
3.226710445460086589e+02
3.218240355726892403e+02
3.209679906730667653e+02
3.201029466899215095e+02
3.192289388969543893e+02
3.183460010203949651e+02
3.174549080952183999e+02
3.165549479809834565e+02
3.156476355577374306e+02
3.147315129016377000e+02
3.138080919861210987e+02
3.128773976930530125e+02
3.119387106695427292e+02
3.109935386904845700e+02
3.100411596716582494e+02
3.090823358690713576e+02
3.081170853992192633e+02
3.071461679357364574e+02
3.061688562323269025e+02
3.051866503274322895e+02
3.041995634003083637e+02
3.032068646390228537e+02
3.022100506153975061e+02
3.012091311466832622e+02
3.002033721694152177e+02
2.991942671204319026e+02
2.981818228048019819e+02
2.971653022760597764e+02
2.961461962236883210e+02
2.951237660125165121e+02
2.940995007445604301e+02
2.930726603026686234e+02
2.920447324165155578e+02
2.910149757102708463e+02
2.899848383279862105e+02
2.889541284865500756e+02
2.879226155422996953e+02
2.868908113351982934e+02
2.858592274198741734e+02
2.848276322978837811e+02
2.837957943210750500e+02
2.827642245958229523e+02
2.817326913828695751e+02
2.807017058377473404e+02
2.796710364113825449e+02
2.786411945908691337e+02
2.776119493000036869e+02
2.765838126395669860e+02
2.755572971219662008e+02
2.745321729051011630e+02
2.735089535303217190e+02
2.724874103190999790e+02
2.714680581084196547e+02
2.704506696444954059e+02
2.694357613148427504e+02
2.684238503733551511e+02
2.674139693282824055e+02
2.664066373381425592e+02
2.654031174301622400e+02
2.644024452111839310e+02
2.634051430912412002e+02
2.624117346593218372e+02
2.614227447264813122e+02
2.604372136961601427e+02
2.594571546119293544e+02
2.584816105121045666e+02
2.575111114719387615e+02
2.565454461278469580e+02
2.555851473740570441e+02
2.546307495515528103e+02
2.536813027994370202e+02
2.527380872490124659e+02
2.518001560302420785e+02
2.508687922962904224e+02
2.499437950607091636e+02
2.490249648778709854e+02
2.481135895216352480e+02
2.472087298172471890e+02
2.463109338220702114e+02
2.454207511599148859e+02
2.445387330243805479e+02
2.436632036762756286e+02
2.427962031256645048e+02
2.419368016180335133e+02
2.410855432604749069e+02
2.402429201974086084e+02
2.394079270969812967e+02
2.385817887127386427e+02
2.377642457104078346e+02
2.369557831754941901e+02
2.361554021114880015e+02
2.353643336191666151e+02
2.345815818916371995e+02
2.338091240658259267e+02
2.330444818797527375e+02
2.322896357016408615e+02
2.315443390248412641e+02
2.308083469844343938e+02
2.300814163701548978e+02
2.293633056407146285e+02
2.286552606095564215e+02
2.279570431218030535e+02
2.272676739076216563e+02
2.265884039418820350e+02
2.259190002897185536e+02
2.252584889632665579e+02
2.246081262843736681e+02
2.239669418978276383e+02
2.233361958054988747e+02
2.227149213806351327e+02
2.221036395677111273e+02
2.215021304021741173e+02
2.209101758701935410e+02
2.203275599330941930e+02
2.197555542213435729e+02
2.191932038826636528e+02
2.186402989444601133e+02
2.180966315000130464e+02
2.175627385633986535e+02
2.170391592528431204e+02
2.165242063023129333e+02
2.160191659214547713e+02
2.155230979631061530e+02
2.150365501088598990e+02
2.145593293720254735e+02
2.140919877731708709e+02
2.136335938378666128e+02
2.131839611017942957e+02
2.127436481079018904e+02
2.123124727305500983e+02
2.118902550017186854e+02
2.114768170991316083e+02
2.110719833313052334e+02
2.106763229545452702e+02
2.102881976738924266e+02
2.099090180505882302e+02
2.095379870434396423e+02
2.091757952918651426e+02
2.088216497430625225e+02
2.084762449567051590e+02
2.081387917268992283e+02
2.078092455469239894e+02
2.074890494016930234e+02
2.071766767129882680e+02
2.068720883031303117e+02
2.065759895118091549e+02
2.062876016414105322e+02
2.060068904112538917e+02
2.057345659057393732e+02
2.054698540166309897e+02
2.052127248949307159e+02
2.049631500623221143e+02
2.047218451925630518e+02
2.044872987178779056e+02
2.042602287859442072e+02
2.040406118671888862e+02
2.038276827029491756e+02
2.036229055946936910e+02
2.034240316740896333e+02
2.032317843698108391e+02
2.030468880204949187e+02
2.028678393243417588e+02
2.026953643056778844e+02
2.025294469331194307e+02
2.023693290797747579e+02
2.022142533204805375e+02
2.020656914011491949e+02
2.019221443599578265e+02
2.017843423409924242e+02
2.016515303896861724e+02
2.015236969305279047e+02
2.014008309066900040e+02
2.012821789216120862e+02
2.011677308875314623e+02
2.010574771707073296e+02
2.009514085733234481e+02
2.008495163169097282e+02
2.007503063570867994e+02
2.006545135446990571e+02
2.005621302727657849e+02
2.004724064643948793e+02
2.003853352314218910e+02
2.003001671934293881e+02
2.002168961371489218e+02
2.001362874484606778e+02
2.000569920893057940e+02
1.999791754340987495e+02
1.999030031455770882e+02
1.998286411625547032e+02
1.997555128517474543e+02
1.996837846635926610e+02
1.996136232817425480e+02
1.995444527711485421e+02
1.994764402296649450e+02
1.994097529328915641e+02
1.993430726421878205e+02
1.992780525909840890e+02
1.992133747787568723e+02
1.991484641182789801e+02
1.990849740756985682e+02
1.990215867932701315e+02
1.989577272302563813e+02
1.988950487966378660e+02
1.988314906344889721e+02
1.987679630927462995e+02
1.987046335096669054e+02
1.986401833335156368e+02
1.985755222516406207e+02
1.985108168026861506e+02
1.984447474923861137e+02
1.983774800831438938e+02
1.983091798722946635e+02
1.982392688044087379e+02
1.981686539229058042e+02
1.980960131408835139e+02
1.980222521968477452e+02
1.979467904250138304e+02
1.978690463708500715e+02
1.977899234069149372e+02
1.977080955040396475e+02
1.976244641885309647e+02
1.975384443150676077e+02
1.974494496859578589e+02
1.973583786717959754e+02
1.972646428235704832e+02
1.971676524967201658e+02
1.970668168071187836e+02
1.969637720942862984e+02
1.968564392016311899e+02
1.967464517895917027e+02
1.966324707858750003e+02
1.965138985287279070e+02
1.963923644079028463e+02
1.962657821582156430e+02
1.961357894139247549e+02
1.960010958555163256e+02
1.958619065199338820e+02
1.957184248884930184e+02
1.955708528752271604e+02
1.954186479830630674e+02
1.952612661328365391e+02
1.950996473300383514e+02
1.949332443240150212e+02
1.947622511148298656e+02
1.945861172873523230e+02
1.944050336876504446e+02
1.942184467613277548e+02
1.940272870688546050e+02
1.938309979574125634e+02
1.936290212443844041e+02
1.934230257371667676e+02
1.932109645688012165e+02
1.929945035649423914e+02
1.927723357460275793e+02
1.925453811903159647e+02
1.923138157119129801e+02
1.920763280439281004e+02
1.918338340316410608e+02
1.915865053101106241e+02
1.913330264863425327e+02
1.910743093309185952e+02
1.908105214535494838e+02
1.905410863177275758e+02
1.902661689242948455e+02
1.899866758237047009e+02
1.897012837868242059e+02
1.894101539895139013e+02
1.891141891855397716e+02
1.888128052078656083e+02
1.885061594784921226e+02
1.881936653415509682e+02
1.878762205699086678e+02
1.875532360250012403e+02
1.872248641602886892e+02
1.868905133480881204e+02
1.865510763801094072e+02
1.862067019565092778e+02
1.858567946787971437e+02
1.855022435467117248e+02
1.851424506089555564e+02
1.847768166232587248e+02
1.844069695508044902e+02
1.840323075349357111e+02
1.836529702297919755e+02
1.832683403294340962e+02
1.828792336936919583e+02
1.824849663644363034e+02
1.820855958490065518e+02
1.816811782749388442e+02
1.812725112155594616e+02
1.808581623414579553e+02
1.804396692584203095e+02
1.800155968213485096e+02
1.795874798101093290e+02
1.791538802466703828e+02
1.787163300744699370e+02
1.782733884793570951e+02
1.778258417379975356e+02
1.773744747182292087e+02
1.769178423817093062e+02
1.764567268041536465e+02
1.759919086827801493e+02
1.755219388462213317e+02
1.750483381171835902e+02
1.745703974872585889e+02
1.740874066444775963e+02
1.736008825033307801e+02
1.731101122219792501e+02
1.726158674070991026e+02
1.721166899707519349e+02
1.716140920097367086e+02
1.711073559966623066e+02
1.705972489932665610e+02
1.700837941853424127e+02
1.695670137594228777e+02
1.690469289459359743e+02
1.685235600636863751e+02
1.679969265654827382e+02
1.674685327547753388e+02
1.669361679878381040e+02
1.664013350719488642e+02
1.658647933035460653e+02
1.653250728466632324e+02
1.647829317915442857e+02
1.642383848627933673e+02
1.636914463022447705e+02
1.631428727512405885e+02
1.625926776270618461e+02
1.620401311684684629e+02
1.614867318202343824e+02
1.609317492661785707e+02
1.603751958110509861e+02
1.598178264207972745e+02
1.592589102561143193e+02
1.586991806780862646e+02
1.581385426641075469e+02
1.575768797901824883e+02
1.570140756335403296e+02
1.564507566369395306e+02
1.558860636308770893e+02
1.553213660339978901e+02
1.547550620312172782e+02
1.541892641102835171e+02
1.536223707309490862e+02
1.530557518577593328e+02
1.524885491306540075e+02
1.519213900541697626e+02
1.513534166698152319e+02
1.507859997421791149e+02
1.502182817583916119e+02
1.496508911116197851e+02
1.490829707682338494e+02
1.485158924492400274e+02
1.479480567906056194e+02
1.473815788633313844e+02
1.468148598275535335e+02
1.462485296167608055e+02
1.456839612715849057e+02
1.451188139334736604e+02
1.445552040339276232e+02
1.439922769485011997e+02
1.434306640116408005e+02
1.428702540168748385e+02
1.423101932227884561e+02
1.417518566999320342e+02
1.411943913284271162e+02
1.406384299818997761e+02
1.400838630323570158e+02
1.395313240314128223e+02
1.389807040527051072e+02
1.384311517057076912e+02
1.378840444910280780e+02
1.373392746418918193e+02
1.367967348122251110e+02
1.362563180961099363e+02
1.357186608836688606e+02
1.351829143782256892e+02
1.346504587949968368e+02
1.341204463757825351e+02
1.335927727551123496e+02
1.330680769874130931e+02
1.325462559051565279e+02
1.320279498180314874e+02
1.315123140378039750e+02
1.309999803752919547e+02
1.304907990452290392e+02
1.299853539891634284e+02
1.294827442760163478e+02
1.289842983092238171e+02
1.284883740135626340e+02
1.279963015471804795e+02
1.275079263229547877e+02
1.270223518745505658e+02
1.265409112269279319e+02
1.260627099158242288e+02
1.255883401915921809e+02
1.251176525417798899e+02
1.246504985526178899e+02
1.241867309341627248e+02
1.237269463790274955e+02
1.232709999144905879e+02
1.228187477580310940e+02
1.223700473361016492e+02
1.219255001361092354e+02
1.214842232164112232e+02
1.210475633945704885e+02
1.206146402483511224e+02
1.201860602999732919e+02
1.197616885181332549e+02
1.193413911580823452e+02
1.189250357646461396e+02
1.185124911732275024e+02
1.181043703438488706e+02
1.177005446881767483e+02
1.173001440647067994e+02
1.169045281122242272e+02
1.165128292312643481e+02
1.161256667491829688e+02
1.157421755684290190e+02
1.153629774935469925e+02
1.149886955466665768e+02
1.146177254467195752e+02
1.142514354377801027e+02
1.138897092610763053e+02
1.135316889713029695e+02
1.131780034222397404e+02
1.128285397416075710e+02
1.124824433105202388e+02
1.121410890826886941e+02
1.118043673881823707e+02
1.114714267472519538e+02
1.111421595192118446e+02
1.108172018814282609e+02
1.104964481385279527e+02
1.101798012571328798e+02
1.098671960061942769e+02
1.095585757774778415e+02
1.092546276818805069e+02
1.089545540264620911e+02
1.086583008024401806e+02
1.083665576689837735e+02
1.080785294328558308e+02
1.077949073741960007e+02
1.075156407281234010e+02
1.072399366724306731e+02
1.069684888213778180e+02
1.067012487103619947e+02
1.064381686217025447e+02
1.061784587413708039e+02
1.059235584918100699e+02
1.056726795154325060e+02
1.054257770092440012e+02
1.051820640501419319e+02
1.049429829311213354e+02
1.047077481479185934e+02
1.044763177365142610e+02
1.042493932710625302e+02
1.040254485221569638e+02
1.038059293007151922e+02
1.035893107767346919e+02
1.033770401585948235e+02
1.031683368470278594e+02
1.029624209392802072e+02
1.027607417331101942e+02
1.025625207152922513e+02
1.023677229000013682e+02
1.021755711565752165e+02
1.019875175468565516e+02
1.018020434765953155e+02
1.016206023714691753e+02
1.014416769918616410e+02
1.012659792720912577e+02
1.010927361383416923e+02
1.009234036757744803e+02
1.007557244391869062e+02
1.005911557929365756e+02
1.004296700542104617e+02
1.002704973152251569e+02
1.001136110991535446e+02
9.995898550965623031e+01
9.980659521410505874e+01
9.965641542547002985e+01
9.950842188287506929e+01
9.936259083083598398e+01
9.921891428152157744e+01
9.907670300936159435e+01
9.893602634360179593e+01
9.879769685826892101e+01
9.866029900523449214e+01
9.852538893149851162e+01
9.839229460513877257e+01
9.826108712562871972e+01
9.813109502318202715e+01
9.800313273248897872e+01
9.787727205566376654e+01
9.775284212972724163e+01
9.762917222867746148e+01
9.750782023528047660e+01
9.738811559741400004e+01
9.727013063455059694e+01
9.715319483409214740e+01
9.703738048791812787e+01
9.692350265911008478e+01
9.681089064393871979e+01
9.669961644444880733e+01
9.658975190149880063e+01
9.648136866348579588e+01
9.637379532080603894e+01
9.626710304624826620e+01
9.616210556628669792e+01
9.605738779331032617e+01
9.595376280921895784e+01
9.585130049996027424e+01
9.575007036644952052e+01
9.564939866675734947e+01
9.554935406474221793e+01
9.544926193999644681e+01
9.535067570939094139e+01
9.525217696482125973e+01
9.515457530279708465e+01
9.505719413523488015e+01
9.496009918195336752e+01
9.486335562456281423e+01
9.476702809685555451e+01
9.467043784162019904e+01
9.457439120896965790e+01
9.447820831086326621e+01
9.438195152212077232e+01
9.428568264259307341e+01
9.418872006052157531e+01
9.409186725711134613e+01
9.399444146696127689e+01
9.389724501963875980e+01
9.379885116688045343e+01
9.370006941126038669e+01
9.360099911613771440e+01
9.350026172858683537e+01
9.340019231384208354e+01
9.329866837505652200e+01
9.319653820879788952e+01
9.309390673526900173e+01
9.299013550363950742e+01
9.288532836730280451e+01
9.278033148884806280e+01
9.267450483961538055e+01
9.256720787393020089e+01
9.245928520279251472e+01
9.235083809180174796e+01
9.224122446342815351e+01
9.213054456852351848e+01
9.201889815187143995e+01
9.190638445180903204e+01
9.179235936381184047e+01
9.167766394311571787e+01
9.156165306106106527e+01
9.144442390547708044e+01
9.132681597483615121e+01
9.120743973114235814e+01
9.108713360190421326e+01
9.096524979567794844e+01
9.084262563170270255e+01
9.071861218823578099e+01
9.059404563003117516e+01
9.046753301959030580e+01
9.033990931274981051e+01
9.021126600315558619e+01
9.008169394108253414e+01
8.995054048151745008e+01
8.981789513673332692e+01
8.968384672331360719e+01
8.954922617886930425e+01
8.941263520339710169e+01
8.927490325078299804e+01
8.913611617008557175e+01
8.899561618708605693e+01
8.885423039122207456e+01
8.871129937779656416e+01
8.856690573595550120e+01
8.842113119730274207e+01
8.827479945544311590e+01
8.812650481141803027e+01
8.797706917054422604e+01
8.782582785526093971e+01
8.767360093461113024e+01
8.752046054115774609e+01
8.736571835677999331e+01
8.720942378375472970e+01
8.705162527476068135e+01
8.689311316592670664e+01
8.673244833673562937e+01
8.657116205724000224e+01
8.640781331198490989e+01
8.624393148644308837e+01
8.607807369517982465e+01
8.591102463752523022e+01
8.574208243506720351e+01
8.557202998646359049e+01
8.540016364410753624e+01
8.522726457298975333e+01
8.505337026631313790e+01
8.487703173299981074e+01
8.469977053211670182e+01
8.452162178863477493e+01
8.434113422084614342e+01
8.415982717930420165e+01
8.397699083166446599e+01
8.379340036889421128e+01
8.360760186213505563e+01
8.342111214059477220e+01
8.323321897963793958e+01
8.304320963948983092e+01
8.285259940411373236e+01
8.266067460484512708e+01
8.246820682908882816e+01
8.227373877836163274e+01
8.207804131101472933e+01
8.188114213392296392e+01
8.168306866833380298e+01
8.148459091457479531e+01
8.128425014032630713e+01
8.108281591767573104e+01
8.088105764333019465e+01
8.067825889210125467e+01
8.047370310861431619e+01
8.026890213205892621e+01
8.006388203866210063e+01
7.985718315713319271e+01
7.965031709204559718e+01
7.944256688963918123e+01
7.923470122164550844e+01
7.902600305160606808e+01
7.881649814409917099e+01
7.860695506665943810e+01
7.839665668444339985e+01
7.818561830519001887e+01
7.797529943661892560e+01
7.776343500821357679e+01
7.755221690617787544e+01
7.734012277845837957e+01
7.712785870376397668e+01
7.691538783898226939e+01
7.670193040557884956e+01
7.648893501517829918e+01
7.627487880916118002e+01
7.606121012314446261e+01
7.584640579079530198e+01
7.563191380800856223e+01
7.541695347190626819e+01
7.520148670554419823e+01
7.498621804318509021e+01
7.477036611139536149e+01
7.455463495644323757e+01
7.433824269284411912e+01
7.412263566869127374e+01
7.390628861244900349e+01
7.368990447204878080e+01
7.347418590586451614e+01
7.325760677597762083e+01
7.304161199412519068e+01
7.282541767985625825e+01
7.260898250662532405e+01
7.239300771053174799e+01
7.217745143181655010e+01
7.196152872925372890e+01
7.174594010247632525e+01
7.153064300700162903e+01
7.131559471217128987e+01
7.110149516184694107e+01
7.088681566265304923e+01
7.067299876005883164e+01
7.045925842654283144e+01
7.024629427233639944e+01
7.003332024304370407e+01
6.982103599936766614e+01
6.960939845334878839e+01
6.939836464615892453e+01
6.918714895704802359e+01
6.897719448835482581e+01
6.876845893595297809e+01
6.855941463519599210e+01
6.835224845211402567e+01
6.814543347896204750e+01
6.793892892466399758e+01
6.773418015924758606e+01
6.752965535758025339e+01
6.732676905319615912e+01
6.712395866645692877e+01
6.692263361227762175e+01
6.672197549078163092e+01
6.652265229571301575e+01
6.632458993986588780e+01
6.612697228258333837e+01
6.592972682410021434e+01
6.573426756147614469e+01
6.553978083084010109e+01
6.534545382616872189e+01
6.515344594932346922e+01
6.496146046589993261e+01
6.477091569272265303e+01
6.458100231597380514e+01
6.439239756077544996e+01
6.420503667675039594e+01
6.401885575994327837e+01
6.383304890106391838e+01
6.364903950536966448e+01
6.346602325898393104e+01
6.328393944234962731e+01
6.310272806566941028e+01
6.292307267175922902e+01
6.274417179644007803e+01
6.256671027203969260e+01
6.239063068396935563e+01
6.221587616598334591e+01
6.204164752431711349e+01
6.186937453623727379e+01
6.169825889799415108e+01
6.152824552304861783e+01
6.135927966557205337e+01
6.119204971476823829e+01
6.102650148526050344e+01
6.086183817903236815e+01
6.069874885429778999e+01
6.053643705139054276e+01
6.037559210136920029e+01
6.021690342729146295e+01
6.005883201356353140e+01
5.990206739387059542e+01
5.974692770995557112e+01
5.959306256276016711e+01
5.944064153756982449e+01
5.928953707867916734e+01
5.913984447129121236e+01
5.899143614213705433e+01
5.884440736640547698e+01
5.869870706609746946e+01
5.855436729198790147e+01
5.841134805811141462e+01
5.826968372563462850e+01
5.812940874575267713e+01
5.799040912273448356e+01
5.785286814840718961e+01
5.771667217075820844e+01
5.758178205092563218e+01
5.744830748870766257e+01
5.731620993273478604e+01
5.718552547695745147e+01
5.705606777401461471e+01
5.692802235161407509e+01
5.680135239342256170e+01
5.667594735508735226e+01
5.655184586341610498e+01
5.642901291374300143e+01
5.630748848355376879e+01
5.618723901039636814e+01
5.606823171815144491e+01
5.595050894072370085e+01
5.583396530872786911e+01
5.571864491729949975e+01
5.560459278912424708e+01
5.549170633335161540e+01
5.537995821758786263e+01
5.526947066816363474e+01
5.516006978091343882e+01
5.505180551230392183e+01
5.494465454667827942e+01
5.483859457552637906e+01
5.473360428767860952e+01
5.462973763738715860e+01
5.452682668928383691e+01
5.442492729280267838e+01
5.432409619961779867e+01
5.422416817576232972e+01
5.412520166014118672e+01
5.402718158312416818e+01
5.393009359803527047e+01
5.383384974133940659e+01
5.373858550640337484e+01
5.364413979518606368e+01
5.355050055234803352e+01
5.345773041219025856e+01
5.336574377642258327e+01
5.327445530779029070e+01
5.318392842257761544e+01
5.309407808151875940e+01
5.300490076685618135e+01
5.291642172923133103e+01
5.282859902578873346e+01
5.274146481375908024e+01
5.265505099741162098e+01
5.256924059427525719e+01
5.248428765617968850e+01
5.239992580755120599e+01
5.231633387555211101e+01
5.223354157139862508e+01
5.215135516134083105e+01
5.206995169468744677e+01
5.198921041814501365e+01
5.190915844884246155e+01
5.182974790222339578e+01
5.175100444403396693e+01
5.167295299852639801e+01
5.159554346347179177e+01
5.151879928252035512e+01
5.144259460686361507e+01
5.136710001515130131e+01
5.129211398746412698e+01
5.121773148873029413e+01
5.114397258925566092e+01
5.107063394160665126e+01
5.099788309800874231e+01
5.092551572978560870e+01
5.085362423798127907e+01
5.078215211558592301e+01
5.071104258138959864e+01
5.064023864986962309e+01
5.056975748701851359e+01
5.049961620097807469e+01
5.042968335033300775e+01
5.035997615391595872e+01
5.029043771591438627e+01
5.022101138412348575e+01
5.015178939015462589e+01
5.008264150290057160e+01
5.001343794712768442e+01
4.994434660202632159e+01
4.987516451005527784e+01
4.980591220055308099e+01
4.973661088947656594e+01
4.966713395676464415e+01
4.959750411834947670e+01
4.952767060683935085e+01
4.945758347900771668e+01
4.938726791574007535e+01
4.931667566365023703e+01
4.924583793352940830e+01
4.917458125131131652e+01
4.910310871757882722e+01
4.903125281743756148e+01
4.895914393952452315e+01
4.888661606730338605e+01
4.881380099840471587e+01
4.874068258717729663e+01
4.866724524781308503e+01
4.859347388339065077e+01
4.851942809177523230e+01
4.844501923135285892e+01
4.837030746566840378e+01
4.829527881852841631e+01
4.821999364223837148e+01
4.814443794813531241e+01
4.806852330114989513e+01
4.799238384615373576e+01
4.791593049783309510e+01
4.783929653194007159e+01
4.776231749116792713e+01
4.768512534453727625e+01
4.760762839603535923e+01
4.752995688138994268e+01
4.745194288271248695e+01
4.737371449986086702e+01
4.729525005770534563e+01
4.721645230357518130e+01
4.713744546156303272e+01
4.705805517529785931e+01
4.697847699434998958e+01
4.689860776572732703e+01
4.681849128653128389e+01
4.673802113063310060e+01
4.665738631977922068e+01
4.657640275185157464e+01
4.649518174208291299e+01
4.641361003828515663e+01
4.633179553173081189e+01
4.624954729261428810e+01
4.616704415157914099e+01
4.608409190456188753e+01
4.600079191380890364e+01
4.591702118216627326e+01
4.583280383832767058e+01
4.574816264603759919e+01
4.566311908825152699e+01
4.557747060815581364e+01
4.549138497543962245e+01
4.540473183905238841e+01
