# k_h
7.432733400492001665e-05
8.051135056663271848e-05
8.720987583967638979e-05
9.446571682681287113e-05
1.023252420632811291e-04
1.108386779354557773e-04
1.200604296531460410e-04
1.300494289267142703e-04
1.408695105708486571e-04
1.525898204416806703e-04
1.652852573141732652e-04
1.790369515236029773e-04
1.939327834299004469e-04
2.100679450181011600e-04
2.275455482238197792e-04
2.464772838712597151e-04
2.669841354347093497e-04
2.891971521848258199e-04
3.132582866605054610e-04
3.393213018182145851e-04
3.675527536559309509e-04
3.981330555911642721e-04
4.312576313949742762e-04
4.671381640498253451e-04
5.060039485121197453e-04
5.481033570242539992e-04
5.937054263402878704e-04
6.431015770084131441e-04
6.966074756973171696e-04
7.545650524676604347e-04
8.173446858800577320e-04
8.853475699035268012e-04
9.590082777501595865e-04
1.038797539020232903e-03
1.125225247905128380e-03
1.218843721672021240e-03
1.320251230253728343e-03
1.430095819499593119e-03
1.549079452519934149e-03
1.677962495589367361e-03
1.817568577276227997e-03
1.968789851850408223e-03
2.132592700605471635e-03
2.310023907529415357e-03
2.502217348789781502e-03
2.710401238782346196e-03
2.935905979049330695e-03
3.180172660225745376e-03
3.444762271345662170e-03
3.731365675360591612e-03
4.041814414618602816e-03
4.378092415356749090e-03
4.742348666004495873e-03
5.136910950318995112e-03
5.564300723113936240e-03
6.027249223645507643e-03
6.528714929628271629e-03
7.071902463421018276e-03
7.660283071202782755e-03
8.297616806011440596e-03
8.987976556405876186e-03
9.735774074307168915e-03
1.054578816834993681e-02
1.142319524291383719e-02
1.237360237799527314e-02
1.340308316131659516e-02
1.451821650165824144e-02
1.572612867145089730e-02
1.703453884730141490e-02
1.845180843947967844e-02
1.998699452560703804e-02
2.164990773001492300e-02
2.345117491865244749e-02
2.540230711019544896e-02
2.751577303734366320e-02
2.980507882840029155e-02
3.228485431834023089e-02
3.497094654093875488e-02
3.788052099942293416e-02
4.103217136281729627e-02
4.444603828899952591e-02
4.814393813380624110e-02
5.214950236870569827e-02
5.648832859798777473e-02
6.118814414054851020e-02
6.627898322164038625e-02
7.179337890693400503e-02
7.776657100544803747e-02
8.423673126995402660e-02
9.124520733400143246e-02
9.883678694444504587e-02
1.070599841780558725e-01
1.159673494712866737e-01
1.256158054444403982e-01
1.360670106663294521e-01
1.473877536840681735e-01
1.596503798360512372e-01
1.729332535756705480e-01
1.873212592602553628e-01
2.029063436055331959e-01
2.197881032721738515e-01
2.380744213393949649e-01
2.578821567330195075e-01
2.793378910137841453e-01
3.025787372982586820e-01
3.277532164817941740e-01
3.550222063630119052e-01
3.845599697352237722e-01
4.165552680148169040e-01
4.512125675232560029e-01
4.887533461314604311e-01
5.294175086166832411e-01
5.734649197767490714e-01
6.211770650990328102e-01
6.728588495967021688e-01
7.288405463077074486e-01
7.894799069084287302e-01
8.551644479298781132e-01
9.263139271865450386e-01
1.003383026243529264e+00
1.086864256064320022e+00
1.177291104407762745e+00
1.275241445087716974e+00
1.381341230882308757e+00
1.496268493692345602e+00
1.620757677511987183e+00
1.755604331901528203e+00
1.901670195955995402e+00
2.059888705258762887e+00
2.231270957012362999e+00
2.416912171466787829e+00
2.617998690937090700e+00
2.835815561137567720e+00
3.071754743281198685e+00
3.327324009423767937e+00
3.604156577898494529e+00
3.904021550416609809e+00
4.228835217532149748e+00
4.580673304718779093e+00
4.961784237317302448e+00
5.374603509123609513e+00
5.821769246439838064e+00
6.306139067050806624e+00
6.830808341863278343e+00
7.399129975909397139e+00
8.014735835124795926e+00
8.681559955829612818e+00
9.403863685232849434e+00
1.018626291362060776e+01
1.103375757225615139e+01
1.195176358549806750e+01
1.294614748132705806e+01
1.402326388146058633e+01
1.518999611063592070e+01
1.645380018457601778e+01
1.782275245774374639e+01
1.930560123537779660e+01
2.091182267963806041e+01
2.265168136712878066e+01
2.453629588479318713e+01
2.657770988337143336e+01
2.878896904248892596e+01
3.118420443922199681e+01
3.377872285290845866e+01
3.658910458329666682e+01
3.963330940714205752e+01
4.293079135036678906e+01
4.650262300923574799e+01
5.037163021502576044e+01
5.456253790276239357e+01
5.910212811620157680e+01
6.401941115878821620e+01
6.934581098433336876e+01
7.511536601215301800e+01
8.136494664997772475e+01
8.813449091471655095e+01
9.546725965681415005e+01
1.034101130192122611e+02
1.120138098976320009e+02
1.213333323158807389e+02
1.314282367891063075e+02
1.423630349203931758e+02
1.542076056629028358e+02
1.670376418821264508e+02
1.809351340720135681e+02
1.959888943161651298e+02
2.122951238424750784e+02
2.299580277981833376e+02
2.490904811740655873e+02
2.698147501333618266e+02
2.922632733550972262e+02
3.165795083849807838e+02
3.429188484025037837e+02
3.714496152628375967e+02
4.023541351595844731e+02
4.358299037824148172e+02
4.720908484155386873e+02
5.113686950424801125e+02
5.539144491936363011e+02
5.999999999999996589e+02
