# pe
-5.494101247672831747e-06
-4.881174741454924156e-06
-3.940829323103647389e-06
-2.966852271626624916e-06
-2.067631079717788520e-06
-1.294677978616108493e-06
-6.729834628452284430e-07
-2.133382044824367734e-07
9.002941406391239257e-08
2.603413385717010730e-07
3.277647287946590636e-07
3.193722143603673266e-07
2.571083366869991509e-07
1.637530758496388753e-07
6.458076547269055672e-08
-2.100478793398763579e-08
-8.131730816317453635e-08
-1.180010504975474791e-07
-1.346538612030323230e-07
-1.332079924254769130e-07
-1.158417184663908284e-07
-8.753995073832549880e-08
-5.415122655550977550e-08
-2.423997463217061162e-08
-4.395472381025695041e-09
5.550570229264050155e-09
7.415668862602971314e-09
3.878376651531219021e-09
-2.895437301647965102e-09
-1.263089048869911695e-08
-2.491864791875995825e-08
-3.723946437872162836e-08
-4.683297561334948944e-08
-5.117739185832844048e-08
-4.889357853029669489e-08
-4.216089543010485380e-08
-3.355994181592325530e-08
-2.465252719785600803e-08
-1.665840474833580044e-08
-1.048981192834317616e-08
-6.245405055007669453e-09
-3.837594930991896695e-09
-3.186925393017370221e-09
-4.221150177463279035e-09
-6.762464586597906031e-09
-1.021036914147787032e-08
-1.390821414266258120e-08
-1.725402472991100293e-08
-1.969492752081342962e-08
-2.085491993687470229e-08
-2.090773419324099702e-08
-2.014134097924020946e-08
-1.882197570768434106e-08
-1.719617210276960007e-08
-1.548928342142631542e-08
-1.389772216164530150e-08
-1.260097770927575786e-08
-1.176616933525960955e-08
-1.154908576530990852e-08
-1.200606528093606048e-08
-1.283928357397418752e-08
-1.368392053867303599e-08
-1.419830107364966115e-08
-1.406210509045929803e-08
-1.309789154131518779e-08
-1.162427652273776983e-08
-1.006036342258583951e-08
-8.800617611722890716e-09
-8.216647843222864047e-09
-8.546260647128022726e-09
-9.569917606499691640e-09
-1.097082571909777240e-08
-1.244954298981493559e-08
-1.372280397821667197e-08
-1.456494789639180011e-08
-1.492994212384015433e-08
-1.481552801022459116e-08
-1.421957264723429966e-08
-1.314004921399156452e-08
-1.161839791000285658e-08
-9.865377125425026099e-09
-8.123776584767916105e-09
-6.624686471747930649e-09
-5.588203315537824747e-09
-5.160966429300485858e-09
-5.233360252274646892e-09
-5.639162257093339782e-09
-6.219702881158997855e-09
-6.823443347609467878e-09
-7.330885225958903988e-09
-7.727901500052115504e-09
-8.025740910384898883e-09
-8.235167887787380904e-09
-8.366484050020186402e-09
-8.429564888157525147e-09
-8.433869803193158176e-09
-8.388469079254496568e-09
-8.302061847585446083e-09
-8.182998699870229393e-09
-8.039294322659346864e-09
-7.878643242788417943e-09
-7.708446560536763466e-09
-7.535807997428883227e-09
-7.367566108610177613e-09
-7.210293716782107309e-09
-7.070317389793142186e-09
-6.953729659587419134e-09
-6.866394953201298397e-09
-6.813961728755904192e-09
-6.800162489069273275e-09
-6.821813023153985341e-09
-6.874160440799820027e-09
-6.952621666204217186e-09
-7.052771185956997967e-09
-7.170340560235963907e-09
-7.301206899960964626e-09
-7.441389059593839466e-09
-7.587039961327408700e-09
-7.734442661456854773e-09
-7.880003195281944871e-09
-8.020249152141806380e-09
-8.151817368125593171e-09
-8.271456704780172614e-09
-8.376022883517619676e-09
-8.462466415081245983e-09
-8.527841376828200484e-09
-8.569289763054677969e-09
-8.584044795165662379e-09
-8.569425481948515725e-09
-8.523769688839586667e-09
-8.449187924249336095e-09
-8.348650913158481876e-09
-8.225038068330648864e-09
-8.081141913323057595e-09
-7.919676049334946039e-09
-7.743272338081249064e-09
-7.554483106220783165e-09
-7.355792954484466219e-09
-7.149607951580045099e-09
-6.938269786778496264e-09
-6.724052841564258916e-09
-6.509168185424838983e-09
-6.295761976427890331e-09
-6.085923851575896110e-09
-5.881686406178319812e-09
-5.685023703885897876e-09
-5.497857526524312213e-09
-5.322057078202625806e-09
-5.159443262153207968e-09
-5.011326522573512441e-09
-4.877157774763154878e-09
-4.755951286700468415e-09
-4.646743126878374749e-09
-4.548598828822853899e-09
-4.460604223222279040e-09
-4.381870726597036482e-09
-4.311530836503339962e-09
-4.248742052311918717e-09
-4.192678545354164899e-09
-4.142539108137394828e-09
-4.097540948140301724e-09
-4.056919162202131050e-09
-4.019930482483970710e-09
-3.985847395245993092e-09
-3.953961897894143381e-09
-3.923580720982009087e-09
-3.894029507089903469e-09
-3.864649490069849913e-09
-3.834795224421768244e-09
-3.803839160059787321e-09
-3.771168417214746299e-09
-3.736182147283631181e-09
-3.698294721500995726e-09
-3.656934838152498883e-09
-3.611672221680701306e-09
-3.562600108978138662e-09
-3.509939543140383335e-09
-3.453904510109277451e-09
-3.394704647194975231e-09
-3.332546922915765715e-09
-3.267630168637053624e-09
-3.200151981347701888e-09
-3.130304457528420158e-09
-3.058275152200019617e-09
-2.984247588454300245e-09
-2.908402056829663296e-09
-2.830914627015171126e-09
-2.751957620284503626e-09
-2.671700024561626737e-09
-2.590305704042346243e-09
-2.507937887353035518e-09
-2.424753369877453860e-09
-2.340908630192935982e-09
-2.256554614692459637e-09
-2.171839786738849445e-09
-2.086910600776649357e-09
-2.001909246820939285e-09
-1.916975337035723472e-09
-1.832246361530353486e-09
-1.747837420783173693e-09
-1.663786341415630213e-09
-1.580110843292203710e-09
-1.496829074992060725e-09
-1.413958087021883150e-09
-1.331515139430776934e-09
-1.249517119974248663e-09
-1.167980137996519894e-09
-1.086920319902334149e-09
-1.006353720322183923e-09
-9.262955769162786935e-10
-8.467612086148659980e-10
-7.677655176110581633e-10
-6.893230432006716219e-10
-6.114483040080384854e-10
-5.341550973745051956e-10
-4.574575375486736658e-10
-3.813691116756376680e-10
-3.059030930112121684e-10
-2.310725732971363191e-10
-1.568904236768367937e-10
-8.336922698125096113e-11
-1.052137379575017967e-11
6.164096861944802759e-11
1.331058828519748674e-10
2.038616112707632662e-10
2.738966017128653907e-10
3.431995879082923557e-10
4.117594223778461493e-10
4.795652337990221558e-10
5.466062440894671473e-10
6.128719026036123547e-10
6.783518414396340993e-10
7.430358714948785874e-10
8.069138830408936456e-10
8.699762168277982744e-10
9.322129990335922288e-10
9.936148141490549941e-10
1.054172561379429881e-09
1.113876561933130670e-09
1.172718011650727303e-09
1.230688021588861431e-09
1.287777697719686353e-09
1.343978741495211796e-09
1.399282219937085589e-09
1.453680294003346892e-09
1.507164623396015956e-09
1.559726975144810805e-09
1.611359412925584348e-09
1.662054325584031903e-09
1.711808720129439695e-09
1.760636856500791197e-09
1.808557792553593908e-09
1.855589651478700625e-09
1.901751347498062773e-09
1.947060189668880339e-09
1.991534322507602845e-09
2.035191175378144627e-09
2.078047661327723931e-09
2.120121162474760728e-09
2.161427303823374394e-09
2.201983727070451094e-09
2.241805262801250985e-09
2.280908835872916272e-09
2.319309280531574825e-09
2.357022537785837199e-09
2.394063785569828707e-09
2.430447686410177037e-09
2.466188662806117964e-09
2.501302384760922688e-09
2.535801668183238473e-09
2.569701169257085898e-09
2.603015678627208740e-09
2.635757018280070615e-09
2.667940513908479461e-09
2.699578186261396645e-09
2.730683422652655168e-09
2.761269109338072170e-09
2.791348278365171479e-09
2.820932790502396746e-09
2.850035651664696508e-09
2.878668695815392073e-09
2.906843915536198357e-09
2.934572786102195449e-09
2.961868359631318532e-09
2.988740386372881298e-09
3.015201252779309152e-09
3.041261061256100714e-09
3.066932268285198607e-09
3.092224659543408271e-09
3.117150052986242935e-09
3.141717546436072301e-09
3.165938674877823273e-09
3.189823352345987496e-09
3.213381341643344105e-09
3.236623408758478030e-09
3.259558660141772645e-09
3.282197604884486378e-09
3.304549467036217289e-09
3.326623331513553146e-09
3.348424963311322354e-09
3.369944208887402356e-09
3.391165906585127700e-09
3.412076278602463922e-09
3.432661743745321520e-09
3.452907685150711633e-09
3.472800059270043819e-09
3.492327476883352216e-09
3.511475020368512376e-09
3.530229582660274381e-09
3.548578647042466329e-09
3.566509871981955314e-09
3.584009812336208783e-09
3.601065594705907282e-09
3.617667071879328250e-09
3.633799549207802784e-09
3.649452769774555420e-09
3.664614918439511182e-09
3.679273455295093414e-09
3.693416849402991161e-09
3.707034593955402475e-09
3.720114571133899367e-09
3.732646119097567885e-09
3.744617830858797824e-09
3.756019320672283487e-09
3.766840341568477188e-09
3.777068989794952178e-09
3.786696172642116478e-09
3.795710686195248241e-09
3.804102797594601160e-09
3.811861996733375588e-09
3.818979251169689788e-09
3.825443838787774794e-09
3.831246513273606507e-09
3.836377691982362522e-09
3.840826994902260148e-09
3.844586432367236103e-09
3.847645847794020526e-09
3.849996561860351657e-09
3.851629089913425359e-09
3.852535424615433192e-09
3.852705834743306605e-09
3.852132063601656976e-09
3.850804584669508292e-09
3.848716714188984016e-09
3.845858667266391687e-09
3.842222128225973627e-09
3.837798422046444128e-09
3.832581245589170225e-09
3.826560744696317159e-09
3.819740055336458425e-09
3.812158762065143723e-09
3.803867008775151621e-09
3.794913921859251141e-09
3.785347173700207978e-09
3.775216139541952342e-09
3.764567406032478856e-09
3.753447928925741139e-09
3.741904583733630454e-09
3.729982837542501627e-09
3.717728535678084545e-09
3.705186134822030800e-09
3.692400478192843891e-09
3.679415913635395799e-09
3.666274123807695318e-09
3.653019809936272400e-09
3.639694585990357627e-09
3.626340907068946536e-09
3.612999907257639891e-09
3.599713131126474261e-09
3.586520820819701319e-09
3.573463634751476009e-09
3.560581369808020711e-09
3.547912132369186495e-09
3.535496983705885189e-09
3.523372775250613867e-09
3.511578890029478033e-09
3.500151796332474218e-09
3.489130065123911766e-09
3.478548966674708615e-09
3.468446696949413460e-09
3.458859406392266073e-09
3.449820819191395710e-09
3.441368801609873909e-09
3.433537565633961069e-09
3.426360560315519936e-09
3.419873727633820461e-09
3.414110210244829140e-09
3.409104020779399211e-09
3.404887611052777290e-09
3.401495114955985455e-09
3.398958306959689940e-09
3.397309438468547592e-09
3.396580835736153902e-09
3.396803693976956372e-09
3.398009291787357263e-09
3.400228995344462123e-09
3.403493051720297385e-09
3.407832207766307043e-09
3.413276503070581025e-09
3.419837006007804854e-09
3.427457864111688231e-09
3.436063996941723288e-09
3.445582280917433699e-09
3.455939914737359913e-09
3.467063992929282305e-09
3.478883548826769391e-09
3.491328322517671992e-09
3.504328336802839072e-09
3.517813881308034962e-09
3.531716334775711415e-09
3.545968164858445722e-09
3.560501237062808205e-09
3.575249753359115490e-09
3.590148147187585798e-09
3.605129782430336660e-09
3.620130780077917259e-09
3.635085737376359445e-09
3.649933312250038479e-09
3.664608886322159412e-09
3.679050597387158763e-09
3.693197620794424438e-09
3.706987528248434088e-09
3.720360217556900875e-09
3.733256607688688608e-09
3.745616414146963367e-09
3.757380344658009508e-09
3.768491443700600801e-09
3.778890622629382833e-09
3.788521116803449950e-09
3.797326698721908284e-09
3.805251218838409624e-09
3.812238141325655828e-09
3.818233706067846971e-09
3.823181943857561733e-09
3.827029654071088974e-09
3.829722316218519718e-09
3.831207719121356578e-09
3.831432772561215054e-09
3.830346230961874640e-09
3.827895047014941805e-09
3.824028917522854446e-09
3.818696184281340852e-09
3.811847011661336366e-09
3.803432466419478003e-09
3.793402251357929932e-09
3.781706970611466911e-09
3.768299463862042151e-09
3.753130308402681750e-09
3.736152307387164663e-09
3.717336361018680601e-09
3.696723749229655780e-09
3.674372115088925650e-09
3.650340341732569803e-09
3.624685917003401998e-09
3.597464540122752841e-09
3.568734418775415954e-09
3.538550688534247452e-09
3.506968857551706508e-09
3.474043950515656688e-09
3.439830922616482359e-09
3.404383025591437361e-09
3.367755078030623545e-09
3.329999008512971843e-09
3.291168296854017679e-09
3.251314387378473485e-09
3.210490221810795030e-09
3.168745603924541134e-09
3.126132950372690307e-09
3.082701964588231642e-09
3.038502683642976777e-09
2.993584719802506339e-09
2.947997965646352403e-09
2.901789440153719267e-09
2.855009593093131970e-09
2.807704996816152534e-09
2.759923878368663797e-09
2.711712731607663466e-09
2.663119284136721041e-09
2.614188939643508606e-09
2.564968309267047050e-09
2.515502678149543818e-09
2.465836976485407211e-09
2.416016645028544703e-09
2.366085862964936891e-09
2.316089292105783002e-09
2.266069567828916169e-09
2.216070904814545258e-09
2.166136318534048880e-09
2.116307969467984271e-09
2.066628699427549167e-09
2.017139999244795604e-09
1.967883766964561557e-09
1.918901767280048463e-09
1.870234494977045664e-09
1.821922593165888014e-09
1.774006166306960604e-09
1.726525837705476575e-09
1.679520644346292279e-09
1.633030148517068587e-09
1.587085674682966914e-09
1.541684681520443329e-09
1.496818647532913341e-09
1.452477273851136388e-09
1.408651426407881182e-09
1.365331355527456905e-09
1.322508212864887633e-09
1.280172249982391630e-09
1.238314587600847225e-09
1.196925667568607090e-09
1.155997023683460394e-09
1.115519387322400912e-09
1.075483854281265248e-09
1.035881589724729176e-09
9.967039459846116714e-10
9.579419834036042366e-10
9.195874129853836154e-10
8.816312244719622893e-10
8.440652479906134739e-10
8.068810377982761891e-10
7.700700301656947596e-10
7.336241092892360662e-10
6.975348567154572879e-10
6.617943445328751500e-10
6.263941352555039521e-10
5.913264826735677832e-10
5.565832382641187959e-10
5.221564714499983716e-10
4.880382536798992386e-10
4.542209479330731923e-10
4.206966280186594859e-10
3.874576581636732496e-10
3.544964023954490410e-10
3.218053585242867375e-10
2.893768782616456102e-10
2.572035075125178404e-10
2.252779012463244277e-10
1.935926932679728085e-10
1.621405336572114491e-10
1.309142187525586417e-10
9.990654514066270595e-11
6.911033806654092454e-11
3.851855127827978852e-11
8.124125845265378587e-12
-2.207991522358343216e-11
-5.210050779523342549e-11
-8.194453240062173869e-11
-1.116188060067988240e-10
-1.411301320447044916e-10
-1.704852317878964263e-10
-1.996891199926635219e-10
-2.287401722272033264e-10
-2.576349586668867091e-10
-2.863702570072908752e-10
-3.149427974819094593e-10
-3.433492114034806589e-10
-3.715863781864048629e-10
-3.996510982225898162e-10
-4.275400931467130184e-10
-4.552503515549351107e-10
-4.827785222803220735e-10
-5.101216488362337036e-10
-5.372766443309302831e-10
-5.642402425054212407e-10
-5.910096524619435521e-10
-6.175817152078759061e-10
-6.439534209475500418e-10
-6.701217811374813170e-10
-6.960838282997806469e-10
-7.218366158375312038e-10
-7.473772178521020630e-10
-7.727027289623777027e-10
-7.978104538418410759e-10
-8.226971540965678161e-10
-8.473602693263959333e-10
-8.717968795110071005e-10
-8.960040725933543664e-10
-9.199793821266650081e-10
-9.437197217569776515e-10
-9.672225654107156949e-10
-9.904849572044306700e-10
-1.013504420023218244e-09
-1.036278270807283620e-09
-1.058803467120771906e-09
-1.081077852702562109e-09
-1.103098413581584308e-09
-1.124862791139859849e-09
-1.146367983720108878e-09
-1.167611948727893892e-09
-1.188591853441230888e-09
-1.209305150056242635e-09
-1.229749308035911795e-09
-1.249921813964612941e-09
-1.269820171404114685e-09
-1.289442054077795359e-09
-1.308784694723163567e-09
-1.327845797977219794e-09
-1.346623254156126647e-09
-1.365114013484789426e-09
-1.383316158726686754e-09
-1.401227782226285031e-09
-1.418848518184340355e-09
-1.436178791827781796e-09
-1.453219544175802420e-09
-1.469970688747373943e-09
-1.486433172910974785e-09
-1.502606892462789287e-09
-1.518492259082836336e-09
-1.534089864361462829e-09
-1.549400488928184812e-09
-1.564423994846865473e-09
-1.579161159027560632e-09
-1.593612201174634643e-09
-1.607777140238895637e-09
-1.621657136444124296e-09
-1.635252206947425436e-09
-1.648562745374060450e-09
-1.661589142819176018e-09
-1.674331787868231545e-09
-1.686791066617212349e-09
-1.698967362692667078e-09
-1.710861464190933232e-09
-1.722472938783537246e-09
-1.733802566895997743e-09
-1.744850929977863235e-09
-1.755617985875135376e-09
-1.766104520030705363e-09
-1.776310902973713390e-09
-1.786236865429811959e-09
-1.795883403315042787e-09
-1.805250879966407303e-09
-1.814339224712958943e-09
-1.823149223342573882e-09
-1.831680796388612446e-09
-1.839934729399455762e-09
-1.847911373986924302e-09
-1.855610417333034642e-09
-1.863032863081232322e-09
-1.870179056077096564e-09
-1.877048669131414775e-09
-1.883642931494157376e-09
-1.889961509326221543e-09
-1.896005185162859358e-09
-1.901774066626890095e-09
-1.907268483322854854e-09
-1.912488307913445175e-09
-1.917434774621199191e-09
-1.922107753347306910e-09
-1.926507565686395722e-09
-1.930634760888524418e-09
-1.934489504128997193e-09
-1.938073867886823797e-09
-1.941389989555802574e-09
-1.944440455983669141e-09
-1.947226454118446462e-09
-1.949750776126445513e-09
-1.952015044169007118e-09
-1.954022027663475317e-09
-1.955772857817290064e-09
-1.957270279691545808e-09
-1.958516329266449164e-09
-1.959512563913907450e-09
-1.960261460516021634e-09
-1.960764318427696303e-09
-1.961023823899705748e-09
-1.961042185130199258e-09
-1.960820665303382368e-09
-1.960361215660950578e-09
-1.959666242119893011e-09
-1.958737206392850203e-09
-1.957576723831559374e-09
-1.956185767834065223e-09
-1.954566930604056476e-09
-1.952722094006601766e-09
-1.950652896567151007e-09
-1.948360734915434170e-09
-1.945848385773741435e-09
-1.943117223321949305e-09
-1.940168844171985646e-09
-1.937005526887303489e-09
-1.933628846303631470e-09
-1.930040597787399262e-09
-1.926242566187157114e-09
-1.922236525910404392e-09
-1.918024240999749335e-09
-1.913607465208398385e-09
-1.908987942074986668e-09
-1.904167631498221414e-09
-1.899147803212186879e-09
-1.893930397627649330e-09
-1.888517567442544220e-09
-1.882910106326159137e-09
-1.877110371919614616e-09
-1.871119591018578709e-09
-1.864940095716106472e-09
-1.858572873094721405e-09
-1.852019570727453782e-09
-1.845282265893203604e-09
-1.838362582695707753e-09
-1.831261700137841032e-09
-1.823981812070072981e-09
-1.816524827769886180e-09
-1.808893659984524603e-09
-1.801090343063652716e-09
-1.793117758026312169e-09
-1.784977915030644653e-09
-1.776673663601321457e-09
-1.768206990258115371e-09
-1.759580922578487820e-09
-1.750797212581836218e-09
-1.741858233025288181e-09
-1.732766961835232235e-09
-1.723525120457627456e-09
-1.714135449946883253e-09
-1.704599655454097238e-09
-1.694920854277404339e-09
-1.685100929610607941e-09
-1.675141960422386454e-09
-1.665046612024913065e-09
-1.654816936920573356e-09
-1.644455175562267789e-09
-1.633963555979837029e-09
-1.623344293865909225e-09
-1.612599208982591825e-09
-1.601731262544404295e-09
-1.590742436746231854e-09
-1.579634518974582376e-09
-1.568409855045835567e-09
-1.557070588392701860e-09
-1.545618850692131517e-09
-1.534057126944125166e-09
-1.522386792781914613e-09
-1.510610312843543116e-09
-1.498729950878442482e-09
-1.486747422956416450e-09
-1.474665322468350657e-09
-1.462484996373501478e-09
-1.450209011415836907e-09
-1.437839050483592923e-09
-1.425377645146833707e-09
-1.412826289730738014e-09
-1.400186985375225061e-09
-1.387462217717736982e-09
-1.374653462237464528e-09
-1.361763012120015549e-09
-1.348792495859653347e-09
-1.335744179491800487e-09
-1.322619676803317665e-09
-1.309421226884111458e-09
-1.296150429164615378e-09
-1.282809585162905933e-09
-1.269400725194925116e-09
-1.255926566535787289e-09
-1.242389209565245331e-09
-1.228791485788251374e-09
-1.215135327199254834e-09
-1.201423101530203203e-09
-1.187657587969776206e-09
-1.173840556024355079e-09
-1.159974893257438022e-09
-1.146062494116944288e-09
-1.132105934211439126e-09
-1.118107098645132838e-09
-1.104068800033827886e-09
-1.089993034239713951e-09
-1.075881926662911382e-09
-1.061737976634000249e-09
-1.047563284420523484e-09
-1.033359822467873982e-09
-1.019130292746777947e-09
-1.004876641323184239e-09
-9.906010521462228716e-10
-9.763056978503037784e-10
-9.619927398281655413e-10
-9.476643283033535790e-10
-9.333226024021410193e-10
-9.189696902248932924e-10
-9.046077089168843042e-10
-8.902387647385650159e-10
-8.758651615568608710e-10
-8.614885638075461560e-10
-8.471112573547827065e-10
-8.327353056121940277e-10
-8.183628588220181659e-10
-8.039957629326390437e-10
-7.896363369194219310e-10
-7.752862232060376266e-10
-7.609476244871630247e-10
-7.466226307599959519e-10
-7.323130536666509123e-10
-7.180211355453843294e-10
-7.037485859184348452e-10
-6.894973708462043360e-10
-6.752696071744950661e-10
-6.610672310699511318e-10
-6.468919380381936131e-10
-6.327458858192853630e-10
-6.186309814877213326e-10
-6.045489786892228746e-10
-5.905019159844701726e-10
-5.764913200160356495e-10
-5.625181323678854439e-10
-5.485828020545281944e-10
-5.346860429150315043e-10
-5.208283047875391218e-10
-5.070102891256496603e-10
-4.932324466260684382e-10
-4.794954664656023424e-10
-4.657998002322843336e-10
-4.521461249348429731e-10
-4.385349974450730516e-10
-4.249668201935491805e-10
-4.114423059412805192e-10
-3.979619086341699892e-10
-3.845263210916599918e-10
-3.711359493077609527e-10
-3.577914285761994711e-10
-3.444931738701279920e-10
-3.312418923654802587e-10
-3.180379984878159778e-10
-3.048821042844713525e-10
-2.917746330901594782e-10
-2.787162564842210408e-10
-2.657073973133291102e-10
-2.527486448149431980e-10
-2.398404877407359983e-10
-2.269833914595436018e-10
-2.141779839311507107e-10
-2.014247224524951562e-10
-1.887241189158242931e-10
-1.760766827448913783e-10
-1.634829014561826129e-10
-1.509433199801341476e-10
-1.384584194713410624e-10
-1.260286996267146143e-10
-1.136546577477424870e-10
-1.013367766961205355e-10
-8.907557460164039176e-11
-7.687152814044159870e-11
-6.472512517425140167e-11
-5.263686376711921937e-11
-4.060719922722774970e-11
-2.863662788707440398e-11
-1.672562839116440241e-11
-4.874677113675285452e-12
6.915752651095375555e-12
1.864518877935228243e-11
3.031316104768658005e-11
4.191921200670656695e-11
5.346285922857241274e-11
6.494352116657809149e-11
7.636011858497039239e-11
8.771142601474408982e-11
9.899627176905820456e-11
1.102134140560383261e-10
1.213616964575567700e-10
1.324399052434869727e-10
1.434469070445157435e-10
1.543814794345984919e-10
1.652424488395873724e-10
1.760287100237266196e-10
1.867390451772946654e-10
1.973722970387802309e-10
2.079273879820102085e-10
2.184031047716144949e-10
2.287983606378208605e-10
2.391119416685387622e-10
2.493428025439989396e-10
2.594898251098561474e-10
2.695518321622728159e-10
2.795277751345555879e-10
2.894164822762603777e-10
2.992169199537856333e-10
3.089279218356047443e-10
3.185484690215765566e-10
3.280774005683122858e-10
3.375137121089958607e-10
3.468562480612483143e-10
3.561040183909347304e-10
3.652559597887327286e-10
3.743108800907946157e-10
3.832678527630502165e-10
3.921257355303411572e-10
4.008835733088349941e-10
4.095403265943146484e-10
4.180948112555565899e-10
4.265460895176287934e-10
4.348932363637274621e-10
4.431350755769079817e-10
4.512705848945043876e-10
4.592989106958721113e-10
4.672188816879708558e-10
4.750296024639378204e-10
4.827299022874284138e-10
4.903190124548342987e-10
4.977957684196631197e-10
5.051592999848814391e-10
5.124084434352864303e-10
5.195424619847476517e-10
5.265602607380189276e-10
5.334610396324598900e-10
5.402451254877060694e-10
5.469128886314772161e-10
5.534646284051150431e-10
5.599010359259607213e-10
5.662224082963130830e-10
5.724291709127057953e-10
5.785217472983917476e-10
5.845004895505718962e-10
5.903659559047110853e-10
5.961184954742986642e-10
6.017585243917219248e-10
6.072864569669060490e-10
6.127027056972786365e-10
6.180076812776679550e-10
6.232017926101386346e-10
6.282854468137591198e-10
6.332590492343088407e-10
6.381230034539226224e-10
6.428777113006669542e-10
6.475235728580611494e-10
6.520609864745298479e-10
6.564903487727987541e-10
6.608121333064601037e-10
6.650265764820435514e-10
6.691341479337215693e-10
6.731352374741974921e-10
6.770302332365419242e-10
6.808196837415353519e-10
6.845036505506070767e-10
6.880826779680353874e-10
6.915572298057530779e-10
6.949275217193145627e-10
6.981940138457022767e-10
7.013572497591133194e-10
7.044172713074394756e-10
7.073747022932217196e-10
7.102297464991916945e-10
7.129830277223037000e-10
7.156345758257584300e-10
7.181850124487239432e-10
7.206345324681492033e-10
7.229837571486023619e-10
7.252327052773934063e-10
7.273819958831055904e-10
7.294318154537305405e-10
7.313827822788055444e-10
7.332349922343606857e-10
7.349887994852662798e-10
7.366447321258684742e-10
7.382032272362097758e-10
7.396648821278070776e-10
7.410305503574902385e-10
7.423013470183362100e-10
7.434778544460870431e-10
7.445610928460513382e-10
7.455517249572538980e-10
7.464505867769813028e-10
7.472587777006600015e-10
7.479768605833795783e-10
7.486058393066932346e-10
7.491463582308722841e-10
7.495994146837209334e-10
7.499656459489845952e-10
7.502460427878414506e-10
7.504412355609265449e-10
7.505522084505894654e-10
7.505795850453522650e-10
7.505243429372078309e-10
7.503870990911716326e-10
7.501688244980266275e-10
7.498701296455191690e-10
7.494919789130426898e-10
7.490351547641755189e-10
7.485001691208751153e-10
7.478880656368242810e-10
7.471994392312157040e-10
7.464352377149901254e-10
7.455962275155725920e-10
7.446829059637346616e-10
7.436962997509683694e-10
7.426369890913787658e-10
7.415059934382346153e-10
7.403037988118444777e-10
7.390311537915311633e-10
7.376890673871783504e-10
7.362780177948309247e-10
7.347987446039077473e-10
7.332522462955469206e-10
7.316389936028342895e-10
7.299598910325226743e-10
7.282154051375798820e-10
7.264066073222847029e-10
7.245339589146403331e-10
7.225983510674123272e-10
7.206002413242909393e-10
7.185406859486449856e-10
7.164201374662556174e-10
7.142394736673144721e-10
7.119993131735041137e-10
7.097001626128583410e-10
7.073429304209723586e-10
7.049279890913108762e-10
7.024557948422100823e-10
6.999270528861784018e-10
6.973422148587964809e-10
6.947016487923853738e-10
6.920062173930835203e-10
6.892562838396884748e-10
6.864523752258711526e-10
6.835949351887030334e-10
6.806846497457060726e-10
6.777219580517619313e-10
6.747073789161049720e-10
6.716414291023316359e-10
6.685246233384642333e-10
6.653573159270780758e-10
6.621403351203707994e-10
6.588740304456590470e-10
6.555589085879818727e-10
6.521954742462338245e-10
6.487842301428742867e-10
6.453256770335850207e-10
6.418203137168674245e-10
6.382686370435854049e-10
6.346711419264528296e-10
6.310283213494646264e-10
6.273406663772718415e-10
6.236086661645061368e-10
6.198328079650441090e-10
6.160135771412230120e-10
6.121514571730002319e-10
6.082470020705901535e-10
6.043005462997276171e-10
6.003126406159231736e-10
5.962837610602134506e-10
5.922143818362626212e-10
5.881051153320045548e-10
5.839561510897003704e-10
5.797680988448243547e-10
5.755414255396232658e-10
5.712765963226973127e-10
5.669741420490918070e-10
5.626343888063500073e-10
5.582578644171192149e-10
5.538451587987512054e-10
5.493964634849867120e-10
5.449123659497108997e-10
5.403933833519618632e-10
5.358398375988485302e-10
5.312524306011683683e-10
5.266316614019105845e-10
5.219784688746234639e-10
5.172937228179504090e-10
5.125781046666132685e-10
5.078325995624400619e-10
5.030577636216391553e-10
4.982545742304950948e-10
4.934237052189066286e-10
4.885661228243039593e-10
4.836823803005027042e-10
4.787734362028472634e-10
4.738399570902167474e-10
4.688828903679592900e-10
4.639028420772185456e-10
4.589005863454863572e-10
4.538770565093037312e-10
4.488328552510400000e-10
4.437687480684575036e-10
4.386856542825545037e-10
4.335841734070609711e-10
4.284650624282323085e-10
4.233292267101118400e-10
4.181772627785345666e-10
4.130099192244853046e-10
4.078280875189200373e-10
4.026323613712542680e-10
3.974235757129518926e-10
3.922023243266027240e-10
3.869694821319131878e-10
3.817257775331943882e-10
3.764718465914153577e-10
3.712085044443875516e-10
3.659363842879129415e-10
3.606562075436674687e-10
3.553688199006942278e-10
3.500748068023476244e-10
3.447749638442495792e-10
3.394699173087253523e-10
3.341604550478778573e-10
3.288472006735322723e-10
3.235309343373948252e-10
3.182122770321672655e-10
3.128920012531002616e-10
3.075707254232943522e-10
3.022492144262996151e-10
2.969280841632995487e-10
2.916080919517113660e-10
2.862898512166628997e-10
2.809741117558141721e-10
2.756614537138551495e-10
2.703524653978148057e-10
2.650475711596980274e-10
2.597473223166021386e-10
2.544522027888500474e-10
2.491626057551540871e-10
2.438791043951748766e-10
2.386021205729661590e-10
2.333321905523372860e-10
2.280697352477251382e-10
2.228153114928870712e-10
2.175693115019903238e-10
2.123322091127366338e-10
2.071045257712451689e-10
2.018866801210472939e-10
1.966792111636305195e-10
1.914825120203366975e-10
1.862970481055567193e-10
1.811233478549091966e-10
1.759618049813062422e-10
1.708128799328134029e-10
1.656770512356774572e-10
1.605548124521529394e-10
1.554465581274461537e-10
1.503527779869959105e-10
1.452738688264069819e-10
1.402103332382008274e-10
1.351626167143936955e-10
1.301311166952450386e-10
1.251163404843114670e-10
1.201186841670947335e-10
1.151385905252282977e-10
1.101765401192442833e-10
1.052329297134558660e-10
1.003082212989133606e-10
9.540281385365362656e-11
9.051718725201096450e-11
8.565173916817558813e-11
8.080692081033831940e-11
7.598313203651727504e-11
7.118083739598604667e-11
6.640044337218190518e-11
6.164236685909752080e-11
5.690704584585603795e-11
5.219488126898837823e-11
4.750631889857438374e-11
4.284176351700579074e-11
3.820162744952980155e-11
3.358633576231313597e-11
2.899629042484209905e-11
2.443189234269268178e-11
1.989341218402127194e-11
1.538109933735694096e-11
1.089520834708744439e-11
6.435986324743367036e-12
2.003681886008759034e-12
-2.401456642130232968e-12
-6.779182462531960359e-12
-1.112925000706932266e-11
-1.545141407994350137e-11
-1.974542798032241393e-11
-2.401105239405686859e-11
-2.824804281221212668e-11
-3.245615740033652218e-11
-3.663515515530700865e-11
-4.078478619040991735e-11
-4.490482959617532767e-11
-4.899503811894924787e-11
-5.305517404552875266e-11
-5.708500047640461435e-11
-6.108428132228845617e-11
-6.505278130065759299e-11
-6.899025771854347890e-11
-7.289649285913459241e-11
-7.677124609469796839e-11
-8.061428533560218508e-11
-8.442537928196896623e-11
-8.820429742032225953e-11
-9.195081002025486677e-11
-9.566468813111157882e-11
-9.934570357868934539e-11
-1.029936289619542985e-10
-1.066082376497751519e-10
-1.101893037776734534e-10
-1.137366022445898910e-10
-1.172499087096675422e-10
-1.207289995890506979e-10
-1.241736520527002819e-10
-1.275836440212251416e-10
-1.309587541627296883e-10
-1.342987618896767636e-10
-1.376034473557667896e-10
-1.408726082250621513e-10
-1.441059929649622974e-10
-1.473034003172742191e-10
-1.504646133697251093e-10
-1.535894159359083742e-10
-1.566775925522555051e-10
-1.597289284750226602e-10
-1.627432484298511901e-10
-1.657202930504419441e-10
-1.686600412793070530e-10
-1.715624649130613737e-10
-1.744275358424994200e-10
-1.772552471563984957e-10
-1.800455290565899965e-10
-1.827983744815715082e-10
-1.855137556949650107e-10
-1.881916450526379595e-10
-1.908320604438828512e-10
-1.934348841446385786e-10
-1.960001335980032067e-10
-1.985278051621503070e-10
-2.010178246707406528e-10
-2.034701883613195758e-10
-2.058849182511950544e-10
-2.082618899341102874e-10
-2.106011250304528336e-10
-2.129026221466521281e-10
-2.151663042005312803e-10
-2.173921697004224119e-10
-2.195802444551780956e-10
-2.217303980093709515e-10
-2.238426558245691651e-10
-2.259170185804470124e-10
-2.279534065897955064e-10
-2.299518752148035230e-10
-2.319122894448927337e-10
-2.338347055264237168e-10
-2.357190422090272394e-10
-2.375653013971500222e-10
-2.393735144684906153e-10
-2.411435423008820330e-10
-2.428754449260956190e-10
-2.445691393359271093e-10
-2.462246875837493992e-10
-2.478419475786633095e-10
-2.494209821296260404e-10
-2.509617069796603154e-10
-2.524641867928714348e-10
-2.539283070295689741e-10
-2.553540423499624324e-10
-2.567414592291410035e-10
-2.580904110693474060e-10
-2.594009650009161658e-10
-2.606730349199502333e-10
-2.619066895197259784e-10
-2.631018113485307351e-10
-2.642583757178675825e-10
-2.653764528370515262e-10
-2.664559599816640141e-10
-2.674970513793647173e-10
-2.685000124167466569e-10
-2.694648726062553928e-10
-2.703920127368727889e-10
-2.712814926130601816e-10
-2.721335641497336340e-10
-2.729483169726943570e-10
-2.737260345270519496e-10
-2.744669027379464021e-10
-2.751710086233052568e-10
-2.758386346949006555e-10
-2.764699650784580055e-10
-2.770651173125761454e-10
-2.776242739098795951e-10
-2.781477161868009734e-10
-2.786355265474306586e-10
-2.790879522782523617e-10
-2.795050741166652298e-10
-2.798871716149778738e-10
-2.802344242042456719e-10
-2.805469439178793409e-10
-2.808249756879565532e-10
-2.810685968110810758e-10
-2.812780846517162588e-10
-2.814536157814960679e-10
-2.815952991360456677e-10
-2.817033771420763335e-10
-2.817779575681295247e-10
-2.818192817974061504e-10
-2.818274229147452501e-10
-2.818026547995546341e-10
-2.817451501139119611e-10
-2.816550138850321479e-10
-2.815324847860769952e-10
-2.813776668172334024e-10
-2.811907975278240022e-10
-2.809719799301079356e-10
-2.807214504271784906e-10
-2.804393110820652472e-10
-2.801257971294887821e-10
-2.797810097215488177e-10
-2.794051829026962493e-10
-2.789984169520038564e-10
-2.785609447020005215e-10
-2.780928655962424474e-10
-2.775944112339272602e-10
-2.770656802602141088e-10
-2.765069030198034139e-10
-2.759181773961888462e-10
-2.752997585972220737e-10
-2.746518743132043511e-10
-2.739749085468784690e-10
-2.732691135168576297e-10
-2.725348709522265606e-10
-2.717724314636208748e-10
-2.709821744940934934e-10
-2.701643490881226242e-10
-2.693193323908194288e-10
-2.684474358512235349e-10
-2.675488743740091249e-10
-2.666240537047235922e-10
-2.656732191506590601e-10
-2.646967420630522243e-10
-2.636948663236528717e-10
-2.626679609476991681e-10
-2.616162684299515911e-10
-2.605401864632992632e-10
-2.594399249078843009e-10
-2.583157865519783756e-10
-2.571681345287908949e-10
-2.559972080296655777e-10
-2.548033981598528587e-10
-2.535869122228832743e-10
-2.523480485023245787e-10
-2.510871641948601261e-10
-2.498044954139312820e-10
-2.485004265580231192e-10
-2.471751626644187701e-10
-2.458289975943613510e-10
-2.444622825604739186e-10
-2.430753087014618335e-10
-2.416682799358636140e-10
-2.402415729753012002e-10
-2.387954763201085487e-10
-2.373301928103361170e-10
-2.358460950315670665e-10
-2.343434688759543356e-10
-2.328225161957031606e-10
-2.312836054178443752e-10
-2.297269651461650022e-10
-2.281529604624406057e-10
-2.265617914750859607e-10
-2.249537936588427612e-10
-2.233291671495786145e-10
-2.216882719691569650e-10
-2.200313863623584102e-10
-2.183587097303462817e-10
-2.166705978530622041e-10
-2.149673264839274928e-10
-2.132490976841111202e-10
-2.115163047180845589e-10
-2.097691651412988040e-10
-2.080079724441648467e-10
-2.062330929350771691e-10
-2.044447434462762691e-10
-2.026432631577049443e-10
-2.008288691035709542e-10
-1.990019459440471866e-10
-1.971627096597397152e-10
-1.953114942993740007e-10
-1.934485161251352217e-10
-1.915741529153608671e-10
-1.896886199208367712e-10
-1.877922460624552602e-10
-1.858852469468359583e-10
-1.839679934314927796e-10
-1.820407001517845558e-10
-1.801036909076334150e-10
-1.781571807591957067e-10
-1.762015336119574673e-10
-1.742369635929163120e-10
-1.722637893913334008e-10
-1.702822256227424757e-10
-1.682926292170968930e-10
-1.662952138928659453e-10
-1.642902932423708116e-10
-1.622781201792308920e-10
-1.602589286978702325e-10
-1.582330669873951624e-10
-1.562007483851538592e-10
-1.541622801367605221e-10
-1.521179124211686478e-10
-1.500678777415015945e-10
-1.480125155358899411e-10
-1.459520388916396677e-10
-1.438867487409095943e-10
-1.418168926176668757e-10
-1.397427016358908070e-10
-1.376645064871138894e-10
-1.355825362714220786e-10
-1.334970372113754783e-10
-1.314083027159806586e-10
-1.293165772558739056e-10
-1.272220903997062404e-10
-1.251251623690306011e-10
-1.230260207461728931e-10
-1.209249087721196166e-10
-1.188221124009076767e-10
-1.167178731517289306e-10
-1.146124437599117911e-10
-1.125060386436171064e-10
-1.103989497209825729e-10
-1.082913868440556984e-10
-1.061835864857969352e-10
-1.040757720524054393e-10
-1.019682037109727751e-10
-9.986110327746725615e-11
-9.775470454638076339e-11
-9.564921786820942457e-11
-9.354492177421292737e-11
-9.144202479307907241e-11
-8.934075807858162499e-11
-8.724135213015640974e-11
-8.514402665600368894e-11
-8.304903138169673224e-11
-8.095658446850317253e-11
-7.886691382149560998e-11
-7.678024670286801192e-11
-7.469679194388998107e-11
-7.261681160376500137e-11
-7.054051274303518111e-11
-6.846812007485989479e-11
-6.639985768073925781e-11
-6.433594901272988488e-11
-6.227661689565082558e-11
-6.022207635778943514e-11
-5.817256356311418555e-11
-5.612829205170236891e-11
-5.408948216127512838e-11
-5.205635361320937087e-11
-5.002912551468902478e-11
-4.800801636084734076e-11
-4.599324403690033922e-11
-4.398502582027095194e-11
-4.198357838270481440e-11
-3.998911779237686210e-11
-3.800185951598920930e-11
-3.602200984148786299e-11
-3.404980066734914495e-11
-3.208543661740094447e-11
-3.012913077320846586e-11
-2.818109562522355995e-11
-2.624154307483074891e-11
-2.431068443638491459e-11
-2.238873043924033380e-11
-2.047589122977146758e-11
-1.857237637338535273e-11
-1.667839485652550179e-11
-1.479415508866778963e-11
-1.291984610852536515e-11
-1.105558130231028675e-11
-9.201454973922904395e-12
-7.357561167591105898e-12
-5.523993668762364159e-12
-3.700846004992096026e-12
-1.888211446828383259e-12
-8.618301895627991275e-14
1.705146753301540157e-12
3.485685140275254653e-12
5.255339890660634539e-12
7.014019005791537637e-12
8.761630738776778034e-12
1.049808359364052851e-11
1.222328632446624274e-11
1.393714793454410023e-11
1.563957767552190872e-11
1.733048504655948479e-11
1.900977979348648551e-11
2.067737683280786471e-11
2.233317694586666473e-11
2.397709514112335290e-11
2.560904214271255226e-11
2.722892891727919043e-11
2.883666667315671186e-11
3.043216685954860521e-11
3.201534116571330733e-11
3.358610551986818158e-11
3.514436427509128143e-11
3.669003364859137908e-11
3.822302628175088071e-11
3.974325505198083261e-11
4.125064289690485097e-11
4.274508386959870535e-11
4.422650101672738366e-11
4.569480815187295440e-11
4.714991932070044877e-11
4.859175458693253213e-11
5.002021705467580624e-11
5.143522707621317413e-11
5.283669961776759055e-11
5.422454987377849167e-11
5.559870650859453610e-11
5.695905900990287954e-11
5.830553616735541265e-11
5.963805408062775142e-11
6.095653633313256047e-11
6.226088510937018291e-11
6.355102428233142496e-11
6.482687084490851481e-11
6.608836191166469664e-11
6.733540450691118793e-11
6.856795659869441681e-11
6.978596917846491992e-11
7.098936860099629629e-11
7.217810601724672407e-11
7.335212456391672984e-11
7.451138527597533210e-11
7.565579636978409100e-11
7.678531890473066812e-11
7.789990589579736458e-11
7.899948280641712234e-11
8.008400281640612584e-11
8.115342943852726295e-11
8.220766859623468479e-11
8.324668384219694059e-11
8.427042983696845237e-11
8.527883139963691218e-11
8.627184336056964519e-11
8.724943156269254268e-11
8.821149987865191742e-11
8.915802482538076011e-11
9.008893077189823099e-11
9.100417386086713675e-11
9.190372176248729170e-11
9.278747682973411958e-11
9.365541795633557263e-11
9.450746914222813378e-11
9.534358778432792633e-11
9.616374327451457163e-11
9.696783662192839061e-11
9.775584894464046732e-11
9.852770395633322654e-11
9.928336024955473579e-11
1.000227888308994367e-10
1.007458895449361569e-10
1.014526455794546412e-10
1.021429804465287645e-10
1.028168783647227319e-10
1.034742383782876041e-10
1.041150452180117229e-10
1.047392222968275154e-10
1.053467553020871845e-10
1.059375425963272741e-10
1.065115703519142503e-10
1.070687619388641224e-10
1.076091044110609465e-10
1.081324955696214158e-10
1.086389099877557268e-10
1.091283098643950694e-10
1.096006760150156069e-10
1.100560751434651020e-10
1.104946832703326990e-10
1.109166106430841592e-10
1.113220330488450803e-10
1.117110333631881654e-10
1.120837868189024898e-10
1.124404018785043200e-10
1.127810534797277560e-10
1.131058223980287282e-10
1.134148830025878285e-10
1.137083420505315460e-10
1.139863735565727714e-10
1.142490699416272592e-10
1.144965638187754546e-10
1.147290284638363283e-10
1.149465413091140745e-10
1.151492750385119260e-10
1.153373336092084958e-10
1.155108892518470280e-10
1.156700314464355786e-10
1.158148904918500360e-10
1.159456377913883065e-10
1.160623478369516080e-10
1.161651914184665431e-10
1.162542976082891884e-10
1.163297535783227761e-10
1.163917292465413055e-10
1.164403526915039769e-10
1.164757100424688613e-10
1.164979703109517611e-10
1.165072605913906481e-10
1.165036660221967922e-10
1.164873546750517976e-10
1.164584249302403625e-10
1.164170442045935053e-10
1.163632963789061729e-10
1.162973066462971351e-10
1.162192414173841137e-10
1.161291836847165145e-10
1.160272853486193166e-10
1.159136288725050089e-10
1.157883793194743647e-10
1.156516599420948348e-10
1.155035524069291990e-10
1.153442207148787136e-10
1.151737871811738379e-10
1.149923327207801350e-10
1.148000202445534978e-10
1.145969711394354964e-10
1.143832721785255952e-10
1.141590090376596072e-10
1.139243008426999490e-10
1.136791849475761394e-10
1.134237664042627693e-10
1.131580824402790088e-10
1.128822511407586520e-10
1.125963497736876663e-10
1.123004286578850632e-10
1.119945648813335718e-10
1.116788752501907791e-10
1.113533963497982192e-10
1.110182311510238071e-10
1.106734162085003845e-10
1.103190672206303671e-10
1.099552599046468370e-10
1.095820436811583491e-10
1.091995201635587739e-10
1.088077256177025852e-10
1.084067741567017310e-10
1.079967405484410449e-10
1.075776737446905293e-10
1.071496739600800880e-10
1.067127772686628793e-10
1.062670961300085350e-10
1.058127043776058215e-10
1.053496505625585633e-10
1.048780334614107154e-10
1.043979014835384496e-10
1.039093280685472097e-10
1.034124234314558608e-10
1.029072233546552284e-10
1.023938251392272918e-10
1.018722768851791453e-10
1.013426752933796073e-10
1.008050683576708499e-10
1.002595282913090205e-10
9.970616276230933982e-11
9.914500761771512140e-11
9.857615803383543758e-11
9.799966178168518999e-11
9.741561341846717462e-11
9.682406064270961589e-11
9.622509738738285308e-11
9.561875989955054359e-11
9.500515301735152563e-11
9.438434680711317486e-11
9.375638882641078223e-11
9.312137142597846730e-11
9.247934212273294436e-11
9.183040287669313068e-11
9.117465237579700954e-11
9.051224300079390130e-11
8.984328338204361374e-11
8.916792495380219386e-11
8.848627603600367450e-11
8.779848711404431730e-11
8.710465583297062530e-11
8.640494226813132249e-11
8.569947456380040422e-11
8.498836030625690617e-11
8.427174759981018556e-11
8.354974375354375234e-11
8.282249591634719664e-11
8.209011112899212522e-11
8.135273558356252338e-11
8.061047606113254746e-11
7.986347779580980719e-11
7.911184731731834652e-11
7.835572890083302374e-11
7.759522883280882093e-11
7.683049042874477826e-11
7.606161973964316865e-11
7.528875912079664242e-11
7.451201439530785291e-11
7.373152695794404027e-11
7.294740241119915037e-11
7.215978118920661375e-11
7.136876868088186392e-11
7.057450435982598067e-11
6.977709340814670742e-11
6.897667433922294011e-11
6.817335213486760325e-11
6.736726434875549540e-11
6.655851576866067620e-11
6.574724298927897405e-11
6.493356607795770718e-11
6.411758190513456593e-11
6.329943345958293726e-11
6.247922506969868964e-11
6.165709093727399380e-11
6.083313521655923688e-11
6.000749115452265106e-11
5.918026273638584878e-11
5.835158225593869609e-11
5.752155353424125838e-11
5.669030791375279554e-11
5.585794905599064733e-11
5.502460735413246491e-11
5.419038631452446677e-11
5.335541845631809637e-11
5.251978418709302410e-11
5.168358006344408230e-11
5.084691452845855126e-11
5.000987117694297407e-11
4.917255760321196138e-11
4.833505735193108820e-11
4.749747717096551629e-11
4.665990055768207102e-11
4.582243887365471002e-11
4.498516991448177874e-11
4.414818822632276611e-11
4.331159845216922992e-11
4.247548398228473383e-11
4.163994862262329332e-11
4.080507572453153062e-11
3.997097302072960315e-11
3.913771886636194262e-11
3.830540627820542173e-11
3.747413698334095524e-11
3.664399424395018122e-11
3.581507896145876813e-11
3.498748269951764810e-11
3.416128460308448526e-11
3.333658860771015031e-11
3.251347789557119797e-11
3.169205132010969853e-11
3.087239938755259387e-11
3.005460165618809387e-11
2.923875953723438358e-11
2.842495613902104204e-11
2.761328829202340405e-11
2.680384546109125340e-11
2.599670761640760569e-11
2.519197367660656756e-11
2.438972667936396320e-11
2.359006145963679084e-11
2.279306645667298627e-11
2.199882204683541552e-11
2.120742469168118999e-11
2.041895735849709950e-11
1.963351525505911035e-11
1.885117879507290531e-11
1.807203576658804673e-11
1.729617787482601328e-11
1.652368801405658176e-11
1.575465899663260111e-11
1.498917162739543808e-11
1.422731269053167735e-11
1.346917197830546298e-11
1.271482603655151463e-11
1.196430978930665800e-11
1.121765786888125663e-11
1.047490002884464435e-11
9.736062478168666628e-12
9.001178843375976393e-12
8.270276707300407593e-12
7.543388772735078842e-12
6.820541764459235587e-12
6.101765553190830650e-12
5.387091864352511053e-12
4.676547995638610609e-12
3.970163612004236675e-12
3.267969087165312280e-12
2.569993447981465654e-12
1.876264987533609035e-12
1.186813769366770203e-12
5.016686263612968855e-13
-1.791416073105751460e-13
-8.555878045772291982e-13
-1.527641324765878906e-12
-2.195272804879310430e-12
-2.858454038713610991e-12
-3.517156157126010050e-12
-4.171350537626582766e-12
-4.821008048017319519e-12
-5.466101917330423572e-12
-6.106601993407883663e-12
-6.742479681871705173e-12
-7.373709090269850197e-12
-8.000259571230408943e-12
-8.622102726203589537e-12
-9.239213524690039292e-12
-9.851560837449606766e-12
-1.045911895180477781e-11
-1.106185620772803394e-11
-1.165974848240678947e-11
-1.225276819171758903e-11
-1.284088322184101618e-11
-1.342407027750269990e-11
-1.400230195541583030e-11
-1.457554570216762394e-11
-1.514378083647198333e-11
-1.570697472292677597e-11
-1.626509979431673374e-11
-1.681813455766750601e-11
-1.736604595684272640e-11
-1.790881087881194755e-11
-1.844639580123879853e-11
-1.897878006081118968e-11
-1.950595013177752997e-11
-2.002793847511231310e-11
-2.054480712327076554e-11
-2.105660141824700550e-11
-2.156337355934520713e-11
-2.206518351794954736e-11
-2.256207573917513191e-11
-2.305410757237378962e-11
-2.354132269942709467e-11
-2.402378402482193720e-11
-2.450153482707702716e-11
-2.497462651188362623e-11
-2.544311946604945668e-11
-2.590705611438136319e-11
-2.636649380798323040e-11
-2.682147424816737857e-11
-2.727206111526149265e-11
-2.771829572311688446e-11
-2.816023540672239964e-11
-2.859792077788636539e-11
-2.903141592018961957e-11
-2.946076106661922735e-11
-2.988601352449048725e-11
-3.030721284529559938e-11
-3.072441982894335694e-11
-3.113768463530787778e-11
-3.154704603906210301e-11
-3.195256876467739739e-11
-3.235429122235372135e-11
-3.275227064528187863e-11
-3.314654479597660540e-11
-3.353717873062767196e-11
-3.392420985504035682e-11
-3.430769534657084346e-11
-3.468767198144433442e-11
-3.506420512428725112e-11
-3.543733120206565084e-11
-3.580710732736197562e-11
-3.617357793221636188e-11
-3.653678281557986418e-11
-3.689678769707690550e-11
-3.725362781426438171e-11
-3.760736018723409043e-11
-3.795801946151767208e-11
-3.830567161802775240e-11
-3.865035096867061121e-11
-3.899211445114734807e-11
-3.933099580063368611e-11
-3.966706124067497195e-11
-4.000034417927455272e-11
-4.033085615676683771e-11
-4.065840367353492925e-11
-4.098278206258348381e-11
-4.130375823805545247e-11
-4.162110424640903131e-11
-4.193460745038905248e-11
-4.224403083093901196e-11
-4.254917288522235554e-11
-4.284979743891824556e-11
-4.314569405993876410e-11
-4.343663754971611548e-11
-4.372239783509497917e-11
-4.400277649546442010e-11
-4.427753919412695536e-11
-4.454647820154933514e-11
-4.480937049887772273e-11
-4.506598803941710455e-11
-4.531613539023849024e-11
-4.555958006889022394e-11
-4.579611698290254553e-11
-4.602551431396223390e-11
-4.624757894283930597e-11
-4.646208542362059047e-11
-4.666881411950133475e-11
-4.686756250362089963e-11
-4.705811187641118303e-11
-4.724023827309684408e-11
-4.741375190269258788e-11
-4.757842408191682074e-11
-4.773405477215980275e-11
-4.788042742085145407e-11
-4.801732013242582905e-11
-4.814454574558528218e-11
-4.826188329078450502e-11
-4.836911788840024734e-11
-4.846605237537026190e-11
-4.855246120452297389e-11
-4.862815970055333061e-11
-4.869292896719691813e-11
-4.874655628681912143e-11
-4.878884679392773844e-11
-4.881958865190729676e-11
-4.883856462495398535e-11
-4.884559281441200667e-11
-4.884045685674938655e-11
-4.882294663529341268e-11
-4.879286991458820193e-11
-4.875001743675465579e-11
-4.869417458983828139e-11
-4.862516200721932535e-11
-4.854286484771609515e-11
-4.844756984188796498e-11
-4.833967925657376451e-11
-4.821957720068362358e-11
-4.808764129037524709e-11
-4.794428272702045419e-11
-4.778987746373136868e-11
-4.762481212845211966e-11
-4.744946688671940927e-11
-4.726423807374828010e-11
-4.706950421963908702e-11
-4.686563755838343594e-11
-4.665304306726734262e-11
-4.643209132975034263e-11
-4.620315784139311946e-11
-4.596663384080857360e-11
-4.572289320687340025e-11
-4.547231455768591581e-11
-4.521526495008703669e-11
-4.495214303135375127e-11
-4.468331422413029449e-11
-4.440915400066090553e-11
-4.413003179524655426e-11
-4.384633206650239196e-11
-4.355842265885456296e-11
-4.326666562377104847e-11
-4.297145323244182981e-11
-4.267314592224710319e-11
-4.237211373836794573e-11
-4.206872094764171761e-11
-4.176334612127170143e-11
-4.145635196135460554e-11
-4.114810545589524337e-11
-4.083896310432829088e-11
-4.052930991013347327e-11
-4.021950078619834980e-11
-3.990989969479303824e-11
-3.960086512950981968e-11
-3.929276902245772404e-11
-3.898596833310714950e-11
-3.868082402913388910e-11
-3.837769633438975510e-11
-3.807693565957018831e-11
-3.777891896010044613e-11
-3.748399509684104755e-11
-3.719252133733996791e-11
-3.690484981881650232e-11
-3.662134516787068913e-11
-3.634235802443296842e-11
-3.606824273003350122e-11
-3.579925151732912951e-11
-3.553522231571203627e-11
-3.527591755013967438e-11
-3.502107464504757010e-11
-3.477044007352799601e-11
-3.452376082735318947e-11
-3.428078033219291123e-11
-3.404125480865391199e-11
-3.380492868424626838e-11
-3.357155101228368747e-11
-3.334087135817581950e-11
-3.311263979812362604e-11
-3.288659908302929793e-11
-3.266251602973905443e-11
-3.244013435046268630e-11
-3.221920615165798841e-11
-3.199948404410988960e-11
-3.178072114164954403e-11
-3.156266730017846796e-11
-3.134508418110720729e-11
-3.112772261411649354e-11
-3.091033771251940202e-11
-3.069268508632834768e-11
-3.047452084099745389e-11
-3.025559436814704251e-11
-3.003567722878932279e-11
-2.981451974707884875e-11
-2.959187999779229142e-11
-2.936751654491595457e-11
-2.914118844041071010e-11
-2.891265522298069439e-11
-2.868167350030955428e-11
-2.844801064181349651e-11
-2.821142419505527925e-11
-2.797167563350149588e-11
-2.772852691126089780e-11
-2.748174046187526967e-11
-2.723107919711391380e-11
-2.697630650577177933e-11
-2.671717988739685304e-11
-2.645347647421500648e-11
-2.618495465217445677e-11
-2.591137970628207085e-11
-2.563251739261493031e-11
-2.534813393714001569e-11
-2.505799603453741931e-11
-2.476187084702704126e-11
-2.445952600319895926e-11
-2.415072672001499014e-11
-2.383524734655341619e-11
-2.351294371637789935e-11
-2.318403358541479255e-11
-2.284882391134306332e-11
-2.250762103888004944e-11
-2.216073070130972037e-11
-2.180845802200625991e-11
-2.145110751595316083e-11
-2.108898309125776988e-11
-2.072238805066129314e-11
-2.035162024445820596e-11
-1.997699155559186228e-11
-1.959879854273318119e-11
-1.921734210209742932e-11
-1.883292253201672185e-11
-1.844583953442316704e-11
-1.805639221632771006e-11
-1.766487909129454690e-11
-1.727159808091109863e-11
-1.687684651625371405e-11
-1.648092113934891979e-11
-1.608411810463040848e-11
-1.568673298039170040e-11
-1.528906075023442362e-11
-1.489139581451239366e-11
-1.449403199177137784e-11
-1.409726084090346950e-11
-1.370137842686011294e-11
-1.330667510478002675e-11
-1.291344238025458216e-11
-1.252197118420235087e-11
-1.213255187428344824e-11
-1.174547423630982933e-11
-1.136102748565131179e-11
-1.097950026863750321e-11
-1.060118066395562002e-11
-1.022635618404413015e-11
-9.855313776482329162e-12
-9.488339825375814484e-12
-9.125720152737901286e-12
-8.767740019866949261e-12
-8.414684128719655323e-12
-8.066836623280308932e-12
-7.724481090926048853e-12
-7.387900563788059937e-12
-7.057377520108837568e-12
-6.733193885595441411e-12
-6.415631034768782086e-12
-6.104969792308965816e-12
-5.801490434396691377e-12
-5.505472690050746222e-12
-5.217107240158211331e-12
-4.936230557101262937e-12
-4.662591015970596209e-12
-4.395937482100854929e-12
-4.136019309878105229e-12
-3.882586341550804661e-12
-3.635388906044225794e-12
-3.394177817778345645e-12
-3.158704375489168242e-12
-2.928720361053491605e-12
-2.703978038317084438e-12
-2.484230151926280992e-12
-2.269229926162962195e-12
-2.058731063782936795e-12
-1.852487744857683724e-12
-1.650254625619465792e-12
-1.451786837309787040e-12
-1.256839985031202840e-12
-1.065170146602447197e-12
-8.765338714168790794e-13
-6.906882615810976238e-13
-5.073906198376349433e-13
-3.263990078739186001e-13
-1.474718500034995479e-13
2.963196354377048904e-14
2.051530777436148824e-13
3.793316738959709301e-13
5.524074707404025601e-13
7.246197255682860448e-13
8.962072353318021914e-13
1.067408337749715691e-12
1.238460912409980573e-12
1.409602381869165623e-12
1.581069712748714270e-12
1.753099416828056691e-12
1.925927552134568099e-12
2.099789724030403892e-12
2.274921628290316766e-12
2.451556926288922634e-12
2.629930372207674226e-12
2.810275771609571655e-12
2.992826482779819722e-12
3.177815417794075939e-12
3.365475043583650344e-12
3.556037382997647008e-12
3.749734015862071067e-12
3.946796080035891181e-12
4.147454272464111131e-12
4.351938850227805334e-12
4.560480174854645697e-12
4.773238698218556309e-12
4.990104803739394618e-12
5.210900763129777651e-12
5.435449186154105819e-12
5.663573019825776049e-12
5.895095547606694715e-12
6.129840388609049961e-12
6.367631496799384621e-12
6.608294734625018484e-12
6.851651632522256414e-12
7.097528661308038781e-12
7.345751106410349758e-12
7.596144584165673125e-12
7.848535041036520600e-12
8.102748752831177580e-12
8.358612323925647676e-12
8.615952686487828393e-12
8.874598156889558961e-12
9.134374237138582258e-12
9.395109864499195638e-12
9.656633274571827094e-12
9.918773026902478131e-12
1.018135800421990330e-11
1.044421741167505801e-11
1.070718332707283659e-11
1.097008055879109941e-11
1.123274176300286307e-11
1.149499742694412397e-11
1.175667835650215842e-11
1.201761567546768518e-11
1.227764082478913140e-11
1.253658705525572337e-11
1.279428348374782138e-11
1.305056396079289142e-11
1.330526118853486320e-11
1.355820818257812148e-11
1.380923827125426209e-11
1.405818844427365219e-11
1.430488601324252967e-11
1.454916853032535794e-11
1.479087056743178277e-11
1.502982700556325720e-11
1.526587303409202435e-11
1.549884599635659661e-11
1.572857803105472548e-11
1.595490706690659372e-11
1.617766951957843592e-11
1.639670210953248976e-11
1.661184186131795031e-11
1.682293011096602844e-11
1.702982035475383569e-11
1.723247355732958562e-11
1.743087061589765524e-11
1.762499246316400209e-11
1.781482218946868165e-11
1.800033657594472797e-11
1.818151876090805168e-11
1.835834981824750325e-11
1.853081085694403984e-11
1.869888747605711326e-11
1.886255198336856744e-11
1.902179000766716807e-11
1.917658279748801430e-11
1.932691163605452513e-11
1.947276016092478155e-11
1.961410510184472456e-11
1.975093014797224611e-11
1.988321672048308484e-11
2.001095104252744287e-11
2.013410509775707768e-11
2.025266514722739399e-11
2.036661274879693140e-11
2.047592949429961980e-11
2.058059946117341380e-11
2.068059941746909186e-11
2.077591349571388093e-11
2.086652342286213574e-11
2.095241595146133712e-11
2.103356291088571862e-11
2.110995110015654349e-11
2.118156238011016615e-11
2.124837864486298909e-11
2.131038436038633100e-11
2.136755641663766954e-11
2.141987933837881864e-11
2.146733515208414548e-11
2.150991104197558932e-11
2.154757885953781484e-11
2.158032584442083521e-11
2.160813415424883655e-11
2.163098855609799251e-11
2.164886612115144992e-11
2.166175167874049460e-11
2.166962751644851172e-11
2.167248111775694605e-11
2.167028450707988471e-11
2.166302523160460109e-11
2.165068570769174820e-11
2.163325096084078503e-11
2.161069831442637827e-11
2.158305086000770592e-11
2.155048613885336036e-11
2.151320393219340727e-11
2.147141906012299238e-11
2.142534081986937200e-11
2.137518067533841925e-11
2.132114206598471173e-11
2.126343570487216374e-11
2.120226937556481000e-11
2.113785552158153032e-11
2.107039108622106858e-11
2.100008777838074044e-11
2.092715437465573317e-11
2.085179179070652381e-11
2.077420806689320014e-11
2.069460837065314678e-11
2.061320241029381442e-11
2.053018477106266552e-11
2.044576444245928952e-11
2.036014754094187230e-11
2.027353252916096505e-11
2.018612480052091292e-11
2.009813173588142232e-11
2.000974596485678835e-11
1.992117416097686282e-11
1.983261782532628955e-11
1.974428044897665663e-11
1.965635809485720586e-11
1.956905354276138581e-11
1.948257149202713072e-11
1.939710233708534699e-11
1.931285008094315749e-11
1.923001599768871257e-11
1.914879412267441805e-11
1.906938502769981548e-11
1.899199115395080645e-11
1.891680099557584318e-11
1.884401630483207713e-11
1.877383617452412772e-11
1.870645262814233558e-11
1.864206406418614160e-11
1.858087071317048338e-11
1.852305916126263066e-11
1.846882895560350198e-11
1.841837704803337288e-11
1.837189345526939209e-11
1.832957444183598056e-11
1.829161808470689347e-11
1.825820903368886293e-11
1.822954468610982501e-11
1.820574412436866317e-11
1.818661675547220774e-11
1.817190312285531407e-11
1.816134638994516113e-11
1.815467720073914277e-11
1.815163964713739749e-11
1.815197611532243854e-11
1.815542296499852721e-11
1.816172350215919170e-11
1.817062365814752230e-11
1.818185683636624722e-11
1.819516987976938471e-11
1.821030792887480499e-11
1.822701007236942181e-11
1.824502670376293182e-11
1.826409346466752740e-11
1.828395948039517818e-11
1.830437216446861950e-11
1.832507284044148900e-11
1.834580981716485846e-11
1.836633404871124824e-11
1.838638381240836878e-11
1.840571314193927330e-11
1.842406556849485592e-11
1.844119164029138544e-11
1.845684455523703812e-11
1.847076476343737039e-11
1.848270634113430770e-11
1.849242161337332077e-11
1.849965673565492850e-11
1.850416931700753486e-11
1.850570197518011588e-11
1.850401098870375923e-11
1.849885086695207283e-11
1.848996994074536052e-11
1.847712798922608249e-11
1.846006980784023919e-11
1.843855383732739614e-11
1.841233673653674779e-11
1.838116900930041971e-11
1.834481254580045484e-11
1.830301434428708121e-11
1.825553496056148032e-11
1.820213316474305444e-11
1.814256163900911421e-11
1.807658431484560408e-11
1.800395043333445949e-11
1.792442261118503442e-11
1.783776168825596461e-11
1.774372253797590239e-11
1.764214861044514837e-11
1.753317896278268496e-11
1.741704254664142389e-11
1.729396575588979984e-11
1.716416839863239685e-11
1.702788016234996894e-11
1.688531606642999925e-11
1.673670497500051094e-11
1.658226527641485274e-11
1.642222099145649013e-11
1.625679761824987925e-11
1.608620861039473121e-11
1.591068063446839495e-11
1.573043035433789492e-11
1.554568348549728148e-11
1.535665228972983428e-11
1.516355985033155481e-11
1.496662690689380627e-11
1.476606844819644397e-11
1.456210795196871537e-11
1.435495625494509968e-11
1.414483601040879235e-11
1.393196089807885854e-11
1.371655259773583949e-11
1.349882084958788282e-11
1.327898492936540170e-11
1.305726197740527802e-11
1.283386407015345623e-11
1.260901063817847084e-11
1.238291009430261728e-11
1.215578105159057050e-11
1.192783432616486473e-11
1.169928755368355293e-11
1.147034811154218181e-11
1.124123282287252354e-11
1.101215125959167659e-11
1.078331670226527354e-11
1.055494321706448450e-11
1.032723690925827329e-11
1.010041237953380029e-11
9.874677662055997023e-12
9.650246394436299536e-12
9.427323673958704375e-12
9.206122341114308425e-12
8.986849209816916263e-12
8.769716169632177144e-12
8.554927311388620893e-12
8.342693736230807677e-12
8.133221043050314606e-12
7.926719397740250842e-12
7.723340206156609374e-12
7.523034663688557132e-12
7.325697773846476546e-12
7.131229150799171998e-12
6.939522520588751355e-12
6.750477777544455686e-12
6.563990810005042173e-12
6.379961657740363133e-12
6.198285103682334079e-12
6.018860751488142039e-12
5.841587509608103200e-12
5.666362350309589554e-12
5.493085856567636753e-12
5.321654098745725188e-12
5.151967940944784300e-12
4.983925206844388248e-12
4.817426920167367962e-12
4.652370158115922548e-12
4.488656225072332484e-12
4.326183783889663401e-12
4.164854302101222961e-12
4.004566323694642824e-12
3.845220164610959007e-12
3.686717625896167101e-12
3.528957507359842439e-12
3.371841888579370309e-12
3.215270876285872044e-12
3.059146715322043453e-12
2.903369172703843863e-12
2.747840769845740037e-12
2.592462427172443899e-12
2.437136830270114740e-12
2.281764704744199538e-12
2.126249010256600540e-12
1.970491474601013451e-12
1.814395218857266393e-12
1.657861921660733327e-12
1.500794975137997954e-12
1.343096909678488786e-12
1.184671274423771131e-12
1.025420698516183674e-12
8.652489985855189331e-13
7.040595043843997965e-13
5.417561835163644355e-13
3.782426611855868674e-13
2.134230332137419671e-13
4.720157344636744316e-14
-1.205174226063086443e-13
-2.898294211018970343e-13
-4.608296965925368979e-13
-6.335906326265971563e-13
-8.080923205211116985e-13
-9.842924447235374956e-13
-1.162148320107060769e-12
-1.341617961499464392e-12
-1.522658623528698641e-12
-1.705227981848920002e-12
-1.889284456493992584e-12
-2.074785071480468745e-12
-2.261688452638375507e-12
-2.449952103388730442e-12
-2.639534989376252236e-12
-2.830394057290848209e-12
-3.022488479391533685e-12
-3.215776622413883152e-12
-3.410215704172203614e-12
-3.605765310079315323e-12
-3.802383108881569072e-12
-4.000029033070603846e-12
-4.198659865436301066e-12
-4.398235745969059228e-12
-4.598715524564381829e-12
-4.800056404256411311e-12
-5.002218943234390679e-12
-5.205160955880786998e-12
-5.408843352582271392e-12
-5.613222721785765713e-12
-5.818260181571262928e-12
-6.023915057375864927e-12
-6.230144515468204067e-12
-6.436910095057630515e-12
-6.644169739965028317e-12
-6.851885344594660999e-12
-7.060013279447850923e-12
-7.268515646134457896e-12
-7.477352238141612578e-12
-7.686480168117000517e-12
-7.895861959639693618e-12
-8.105455673221700225e-12
-8.315224188537398971e-12
-8.525124656950436985e-12
-8.735117117228940259e-12
-8.945164870492093673e-12
-9.155223948331579631e-12
-9.365257857206793308e-12
-9.575227046495911159e-12
-9.785088533043341322e-12
-9.994806242897343954e-12
-1.020433838790852059e-11
-1.041364924791581922e-11
-1.062265600447547485e-11
-1.083112013261684636e-11
-1.103876760637135792e-11
-1.124531577090224698e-11
-1.145049157985312047e-11
-1.165401856610961185e-11
-1.185561647438222726e-11
-1.205501382936135959e-11
-1.225193259095953040e-11
-1.244610239376400675e-11
-1.263724456117047982e-11
-1.282508517307565627e-11
-1.300935540639516110e-11
-1.318977614304396536e-11
-1.336607951296358430e-11
-1.353799350161910846e-11
-1.370524163419632667e-11
-1.386755755354835131e-11
-1.402467056142705928e-11
-1.417630532768177966e-11
-1.432219698505453178e-11
-1.446207269677093118e-11
-1.459566862477481276e-11
-1.472271102831208506e-11
-1.484293172438785952e-11
-1.495606831376809286e-11
-1.506184821963669083e-11
-1.516000456403926501e-11
-1.525027635589488510e-11
-1.533239219727101637e-11
-1.540608650827892222e-11
-1.547109967280374015e-11
-1.552715963950984456e-11
-1.557400766924407185e-11
-1.561137993557222371e-11
-1.563900744035364362e-11
-1.565663276868803969e-11
-1.566399335524688791e-11
-1.566082145207604394e-11
-1.564686092953039911e-11
-1.562185047489635644e-11
-1.558552361664564190e-11
-1.553762546891195606e-11
-1.547789596316501869e-11
-1.540606993311855190e-11
-1.532189369274170295e-11
-1.522510478154597552e-11
-1.511545025317322389e-11
-1.499266669172347261e-11
-1.485649657980037345e-11
-1.470684486607015751e-11
-1.454423294096000623e-11
-1.436934338344080237e-11
-1.418286275953938729e-11
-1.398546627515246059e-11
-1.377783325608796644e-11
-1.356064679788078241e-11
-1.333457906525493531e-11
-1.310030614816650020e-11
-1.285850612842594874e-11
-1.260985277554523362e-11
-1.235501436499691291e-11
-1.209466711483401869e-11
-1.182948157402347118e-11
-1.156012308942593050e-11
-1.128726439903243600e-11
-1.101157285254876090e-11
-1.073371090072154830e-11
-1.045434780709851598e-11
-1.017414774326146738e-11
-9.893770289763886630e-12
-9.613881247634152923e-12
-9.335141631321798386e-12
-9.058209249743930250e-12
-8.783743222065676272e-12
-8.512404663995400198e-12
-8.244847370411179657e-12
-7.981727331310915342e-12
-7.723702256116299448e-12
-7.471423112887083231e-12
-7.225542778843660630e-12
-6.986715591957208021e-12
-6.755589695500665485e-12
-6.532814870185394736e-12
-6.319042123536953490e-12
-6.114916769642884433e-12
-5.921086919716530460e-12
-5.738196065394511430e-12
-5.566890913369385042e-12
-5.407814977359727578e-12
-5.261608885858835696e-12
-5.128916121508690864e-12
-5.010377177207599942e-12
-4.906629794843401652e-12
-4.818314292304707613e-12
-4.746068161584229011e-12
-4.690526787019328467e-12
-4.652325710622069967e-12
-4.632101119734265020e-12
-4.630484880291254520e-12
-4.647850847134750480e-12
-4.683539632624958802e-12
-4.736631084893337002e-12
-4.806208133514866467e-12
-4.891356881027255657e-12
-4.991161427779252061e-12
-5.104710203384281522e-12
-5.231090060022344976e-12
-5.369392923979424799e-12
-5.518710368640578332e-12
-5.678134041582697808e-12
-5.846758246144804211e-12
-6.023680846261501608e-12
-6.207996937611770813e-12
-6.398805048318264514e-12
-6.595207465059098780e-12
-6.796303303397971842e-12
-7.001196962685819944e-12
-7.208990140977901929e-12
-7.418790935870488799e-12
-7.629706409586372775e-12
-7.840843146020273465e-12
-8.051310833151209435e-12
-8.260223496021242389e-12
-8.466690785602766546e-12
-8.669826535514157096e-12
-8.868749127798410223e-12
-9.062572120262090236e-12
-9.250415675132510866e-12
-9.431395881317852464e-12
-9.604636805623507350e-12
-9.769260633075565072e-12
-9.924388537596043673e-12
-1.006914530441800384e-11
-1.020266072782934350e-11
-1.032405875645724976e-11
-1.043247072997536243e-11
-1.052702316366729878e-11
-1.060685137473100007e-11
-1.067108832177458789e-11
-1.071886573712724155e-11
-1.074931920964946860e-11
-1.076158952122115231e-11
-1.075481110109729721e-11
-1.072812610827293423e-11
-1.068067163476933877e-11
-1.061159376529172303e-11
-1.052003604651123108e-11
-1.040514084815274647e-11
-1.026605441755938437e-11
-1.010223857065639056e-11
-9.914390647697202781e-12
-9.703523347823199246e-12
-9.470641970148009399e-12
-9.216757200678338587e-12
-8.942874619909090752e-12
-8.649996189472977947e-12
-8.339124600785095318e-12
-8.011263883528369592e-12
-7.667410571391980208e-12
-7.308564511056128665e-12
-6.935720370060371893e-12
-6.549873209104628034e-12
-6.152018773717064653e-12
-5.743146607089228530e-12
-5.324248490895253693e-12
-4.896311374720759245e-12
-4.460324502673150365e-12
-4.017273551528085254e-12
-3.568141837289736617e-12
-3.113913086377057255e-12
-2.655567509827266694e-12
-2.194086047512205170e-12
-1.730446867208114308e-12
-1.265626342367196394e-12
-8.005999916953238874e-13
-3.363419682646981068e-13
1.261756300987213255e-13
5.859818739652577040e-13
1.042107251495359297e-12
1.493583647604369098e-12
1.939445115664135668e-12
2.378726110265507366e-12
2.810463598749201718e-12
3.233694879740184869e-12
3.647459180411009468e-12
4.050798640575986710e-12
4.442754247695851100e-12
4.822370754303854864e-12
5.188692247902189857e-12
5.540765237284513498e-12
5.877639786512653172e-12
6.198363440144036199e-12
6.501988596522319694e-12
6.787565331090169013e-12
7.054149800391001644e-12
7.300797362613559058e-12
7.526562995759449205e-12
7.730506577001965689e-12
7.911685823941114909e-12
