# fsigma_8
4.387446617377338542e-01
4.441426437721200937e-01
4.491857234008536093e-01
4.538796229384853276e-01
4.582308896199464021e-01
4.622467888309526596e-01
4.659352201232124235e-01
4.693046387331869518e-01
4.723639694395437849e-01
4.751225276433421740e-01
4.775899375827000748e-01
4.797760727020093929e-01
4.816909860827703338e-01
4.833448534565709664e-01
4.847479048106120847e-01
4.859103936345072206e-01
4.868425414608619217e-01
4.875544877894774642e-01
4.880562608240786027e-01
4.883577536991746681e-01
4.884686751413508943e-01
4.883985509783501655e-01
4.881566726532115541e-01
4.877521099254403802e-01
4.871936815121590270e-01
4.864899231084263698e-01
4.856491218409148547e-01
4.846792798199900387e-01
4.835881199828705457e-01
4.823830632055089995e-01
4.810712696712766689e-01
4.796595996577044385e-01
4.781546259436620927e-01
4.765626501364109147e-01
4.748897003633679170e-01
4.731415233715093316e-01
4.713236113449636999e-01
4.694411881604500514e-01
4.674992291700751923e-01
4.655024768007749447e-01
4.634554266960695390e-01
4.613623364432685170e-01
4.592272561974677925e-01
4.570540312202917010e-01
4.548462779431610148e-01
4.526074324729750242e-01
4.503407430864906358e-01
4.480492645144493746e-01
4.457358991882152122e-01
4.434033579708629436e-01
4.410542189616061259e-01
4.386908916751830478e-01
4.363156556787883278e-01
4.339306482220806616e-01
4.315378674985334007e-01
4.291392051435319321e-01
4.267364158173089783e-01
4.243311680410294384e-01
4.219249985692784533e-01
4.195193598745374230e-01
4.171156014862962835e-01
4.147149936018337812e-01
4.123187092402164078e-01
4.099278504320276184e-01
4.075434307782663801e-01
4.051663968612247979e-01
4.027976391416356328e-01
4.004379736475738860e-01
3.980881476658518769e-01
3.957488698627331658e-01
3.934207780618815820e-01
3.911044698385337526e-01
3.888004871144890573e-01
3.865093342458380543e-01
3.842314684202941533e-01
3.819673076157922842e-01
3.797172329129281376e-01
3.774815896672317761e-01
3.752606902774089370e-01
3.730548153470664152e-01
3.708642116074471473e-01
3.686891076235728759e-01
3.665297034079261773e-01
3.643861633967154234e-01
3.622586445970040758e-01
3.601472773238261205e-01
3.580521707195282732e-01
3.559734093265873867e-01
3.539110720809096611e-01
3.518652174846008118e-01
3.498358833913800536e-01
3.478230972616257466e-01
3.458268776315485127e-01
3.438472192166133756e-01
3.418841193963905734e-01
3.399375504177086782e-01
3.380074854484658164e-01
3.360938833364251477e-01
3.341966934763900832e-01
3.323158636956614620e-01
3.304513273370807691e-01
3.286030159243669702e-01
3.267708454501869197e-01
3.249547400783189821e-01
3.231546089218429452e-01
3.213703541542857200e-01
3.196018834093349303e-01
3.178490949946529143e-01
3.161118780077382673e-01
3.143901252646459366e-01
3.126837245951281652e-01
3.109925610814034957e-01
3.093165185619718427e-01
3.076554739762394908e-01
3.060093056061202743e-01
3.043778882763746307e-01
3.027610972612637674e-01
3.011588099915110672e-01
2.995708895928415605e-01
2.979972201384730734e-01
2.964376567626642034e-01
2.948920767150903233e-01
2.933603464452659293e-01
2.918423363989177122e-01
2.903379200033037177e-01
2.888469516055959252e-01
2.873693091403141664e-01
2.859048602893003443e-01
2.844534683808992437e-01
2.830150036341960162e-01
2.815893382033617387e-01
2.801763396987010935e-01
2.787758745284561468e-01
2.773878176269748419e-01
2.760120327694989273e-01
2.746484017255448884e-01
2.732967848948116840e-01
2.719570659255316492e-01
2.706291110904578967e-01
2.693127979862416921e-01
2.680080034800644828e-01
2.667146026925257263e-01
2.654324691895104671e-01
2.641614866411211571e-01
2.629015338979439065e-01
2.616524859167477235e-01
2.604142302783002960e-01
2.591866458776874715e-01
2.579696169404278594e-01
2.567630289037945435e-01
