# rs_dv
inf
1.644384961305325854e+00
8.275833558075054164e-01
5.553951587162503367e-01
4.193595118881985329e-01
3.377842130026629253e-01
2.834385051044311932e-01
2.446520464880140855e-01
2.155896531138482841e-01
1.930095460233041127e-01
1.749666502469967577e-01
1.602231851604311863e-01
1.479539596058766504e-01
1.375876845961979678e-01
1.287162948080558256e-01
1.210405414285142534e-01
1.143359876375672490e-01
1.084310056412764595e-01
1.031921079862535423e-01
9.851391105251841585e-02
9.431210946318827060e-02
9.051845777308809016e-02
8.707712075776091742e-02
8.394197577352158213e-02
8.107458950239909701e-02
7.844268025544050282e-02
7.601893510835559808e-02
7.378008987713621791e-02
7.170620622482128115e-02
6.978009831714518385e-02
6.798687413339368768e-02
6.631356554358711075e-02
6.474882773530159230e-02
6.328269328048308218e-02
6.190636959366459247e-02
6.061207110406847953e-02
5.939287939237283820e-02
5.824262600217605668e-02
5.715579374983229682e-02
5.612743321297716109e-02
5.515309174196417197e-02
5.422875285659950473e-02
5.335078429769534586e-02
5.251589332488170586e-02
5.172108810819011498e-02
5.096364426578294665e-02
5.024107576498228200e-02
4.955110953697955400e-02
4.889166326385654959e-02
4.826082588491571734e-02
4.765684044178056938e-02
4.707808894140298045e-02
4.652307896546362120e-02
4.599043179562084527e-02
4.547887185820704420e-02
4.498721732052667760e-02
4.451437169487968554e-02
4.405931632661675562e-02
4.362110365958759423e-02
4.319885118679438890e-02
4.279173600634877950e-02
4.239898991330355582e-02
4.201989496688351977e-02
4.165377948031542821e-02
4.130001438705219186e-02
4.095800994287038255e-02
4.062721272822805013e-02
4.030710291951990210e-02
3.999719180155340836e-02
3.969701949677750807e-02
3.940615288958844442e-02
3.912418372647943898e-02
3.885072687493552890e-02
3.858541872584833610e-02
3.832791572586966705e-02
3.807789302757136340e-02
3.783504324655479617e-02
3.759907531578084161e-02
3.736971342838849020e-02
3.714669606115422046e-02
3.692977507152860744e-02
3.671871486188389710e-02
3.651329160522756578e-02
3.631329252718986517e-02
3.611851523958845012e-02
3.592876712131468087e-02
3.574386474268215208e-02
3.556363332973293961e-02
3.538790626531589101e-02
3.521652462403715433e-02
3.504933673844168318e-02
3.488619779401608972e-02
3.472696945081330672e-02
3.457151948968878452e-02
3.441972148130878484e-02
3.427145447624695834e-02
3.412660271462531619e-02
3.398505535388361698e-02
3.384670621337643182e-02
3.371145353460291288e-02
3.357919975596968670e-02
3.344985130107470950e-02
3.332331837957925452e-02
3.319951479980794845e-02
3.307835779228329026e-02
3.295976784346097560e-02
3.284366853898876976e-02
3.272998641586158386e-02
3.261865082289275991e-02
3.250959378896352281e-02
3.240274989855258109e-02
3.229805617408312846e-02
3.219545196465806169e-02
3.209487884078505993e-02
3.199628050661941503e-02
3.189960265871411016e-02
3.180479296583472310e-02
3.171180093870403643e-02
3.162057786080810923e-02
3.153107671211321378e-02
3.144325209665668752e-02
3.135706017378501326e-02
3.127245859282837964e-02
3.118940643101376919e-02
3.110786413443216922e-02
3.102779346188698842e-02
3.094915743146192666e-02
3.087192026965691546e-02
3.079604736294996176e-02
3.072150521165186929e-02
3.064826138592906604e-02
3.057628448387714887e-02
3.050554409153527838e-02
3.043601074473789234e-02
3.036765589270672486e-02
3.030045186329169415e-02
3.023437182977473450e-02
3.016938977915565798e-02
3.010548048184397141e-02
3.004261946268476854e-02
2.998078297325128955e-02
2.991994796534022671e-02
2.986009206560975501e-02
2.980119355130356543e-02
2.974323132700733632e-02
2.968618490238710342e-02
2.963003437086172281e-02
2.957476038916444228e-02
2.952034415775054571e-02
2.946676740201122427e-02
