# lsst_simulation
2.661733451529033781e-09
1.923071928113742592e-09
1.183784199876743177e-09
6.104984472929782743e-10
5.113138634086314912e-10
3.613014522439851097e-10
2.275771877209192227e-10
1.578896965832003976e-10
1.098111032779008299e-10
6.866821312620060951e-11
5.058828596142543625e-11
2.935198051456620164e-11
1.639418719837437809e-11
9.630245941610944022e-12
5.657553852973270482e-12
3.446861325897027573e-09
3.056985118655468768e-09
2.017873925405615656e-09
1.038429519360237248e-09
8.169868390540443932e-10
5.471355386388854893e-10
3.839751192476354203e-10
2.382017332643286674e-10
1.696397929769817852e-10
1.229734351454835845e-10
7.638652972112726952e-11
5.255549398986838867e-11
3.186656212039467264e-11
1.735818363583339337e-11
9.429421123000682917e-12
3.517890137365338285e-09
2.994186904987909662e-09
2.140305047753874280e-09
1.010205112467713964e-09
7.511687274591943221e-10
5.196435797826622234e-10
3.831385623434605557e-10
2.241506710661664380e-10
1.656854671273963600e-10
1.215481762982492402e-10
7.643507815479171555e-11
5.213902219911349964e-11
2.854506510291298969e-11
1.436512516183269409e-11
8.162331074299995005e-12
3.298569281465188134e-09
3.244533235283192521e-09
2.090146691643824396e-09
9.121210019232108040e-10
7.725127979879889525e-10
5.033292207737194100e-10
3.837765097056941077e-10
2.041162864475214652e-10
1.646868591131699965e-10
1.258914327425824380e-10
8.252281989905365923e-11
5.106129191409997401e-11
2.923165291406225763e-11
1.589868825937909580e-11
8.499972365796768247e-12
2.749841184546031589e-09
3.526499576157004449e-09
2.183670277377511729e-09
8.412754427194629375e-10
7.960758941162752023e-10
4.561557660394550710e-10
3.455252525786230947e-10
2.149855746967496522e-10
1.733383701573086807e-10
1.218652867381082994e-10
8.183324162704766915e-11
5.027566168016004033e-11
3.094778377773319678e-11
1.416872755655514640e-11
7.383717650711427250e-12
1.430959041631743350e-08
1.088076587786431737e-08
7.595389281155769703e-09
4.859944822138271434e-09
3.314320852854934939e-09
2.220462662480484972e-09
1.428518474969779034e-09
9.320310245092958351e-10
6.417236078327139885e-10
4.262961207659985605e-10
3.078066069192895133e-10
2.100155509717562923e-10
1.356100824492955506e-10
8.160329777607851041e-11
4.873126466069050239e-11
1.858304811112988271e-08
1.385616057893329637e-08
9.880127750766874170e-09
6.231918082175068785e-09
4.264971691949605031e-09
2.812135085837400941e-09
1.852113028382978102e-09
1.187210225162388321e-09
8.111270592681255904e-10
5.587092649191070719e-10
3.840503030125883528e-10
2.635624911124248465e-10
1.734329855582108940e-10
1.084271546798583165e-10
6.409567633114753005e-11
1.992995307535489850e-08
1.552602369172127084e-08
1.119478881041578134e-08
6.944592319320913564e-09
4.787468738047937283e-09
3.069952268370234279e-09
2.077639761978289743e-09
1.298146271512586025e-09
8.930933849658370766e-10
6.198541041703242699e-10
4.239418930593894605e-10
2.903678348066119699e-10
1.921813101513853959e-10
1.184689605655702679e-10
7.201063599910197662e-11
2.128007577349702760e-08
1.844759275883343781e-08
1.180532146993526739e-08
7.652945502202065569e-09
5.291764444025891209e-09
3.305042234453127036e-09
2.250568664519842916e-09
1.417081606332312563e-09
9.551193156083380442e-10
6.658194384300735148e-10
4.556377839584499972e-10
3.156628383238408176e-10
2.095046993804870603e-10
1.285798017377088462e-10
7.952746763807032291e-11
2.823596524172669025e-08
2.152765998682042220e-08
1.631523353389478191e-08
1.069468053627613964e-08
7.586104518046125741e-09
4.897535239611281689e-09
3.291011525339045888e-09
2.060622222800647261e-09
1.378335848750037181e-09
9.030515982843545063e-10
6.216654108713072961e-10
4.244006058776540456e-10
2.871460554762847442e-10
1.877552348156962774e-10
1.177922619003233548e-10
3.320977494280981308e-08
2.656291616342447622e-08
2.041173746937042019e-08
1.345656112275133975e-08
9.616343180876229534e-09
6.190232097747606096e-09
4.126036553406929560e-09
2.570514341098488353e-09
1.710479171254877342e-09
1.137816978360973354e-09
7.733772853863032454e-10
5.226146340350536833e-10
3.564372536986812029e-10
2.334448934847271388e-10
1.475500544499096510e-10
3.769124593370874861e-08
3.131672975727732409e-08
2.357916961645542491e-08
1.591324770480439354e-08
1.130005624426363067e-08
7.207111023550874547e-09
4.821432841793362932e-09
2.988737455130852214e-09
1.968914688259846480e-09
1.311736990937223027e-09
8.824821863971494657e-10
6.033286770786055303e-10
4.128096063153663172e-10
2.734009750279748942e-10
1.738782711890993964e-10
4.322441919263875934e-08
3.631171850799071603e-08
2.932987181558885466e-08
1.960488270705548983e-08
1.423292938827932862e-08
9.354451066452934662e-09
6.346644600106296569e-09
3.950758953475016555e-09
2.576302037933310617e-09
1.694568247155577886e-09
1.118978038616337097e-09
7.467599470105272854e-10
5.087069184592676704e-10
3.401072146173402293e-10
2.186961475953831083e-10
5.207949574031085402e-08
4.568531090897674596e-08
3.717662073669230840e-08
2.566068133470877307e-08
1.844837893752482763e-08
1.230618915574231368e-08
8.323690084139673117e-09
5.163162302885634553e-09
3.358803376486454586e-09
2.176143699719422647e-09
1.429171904309938890e-09
9.548673208255838290e-10
6.434213569670622506e-10
4.297812408534274473e-10
2.795449026394784399e-10
6.825406264568410695e-08
6.296831349600712386e-08
5.328178457083305682e-08
3.893349602926532705e-08
2.850624818288041560e-08
1.936214960434877268e-08
1.348157416636162288e-08
8.478294433095585073e-09
5.501559124848961684e-09
3.494808875434070786e-09
2.227476723026029871e-09
1.458491837783407135e-09
9.716481823344182623e-10
6.449447009674276348e-10
4.219536298781873305e-10
