# lsst_data
2.520117906349694738e-09
1.700513109789844583e-09
1.125715703217626901e-09
7.480584295910459745e-10
5.032432571093839069e-10
3.393835680351782984e-10
2.325907037161479717e-10
1.604593741336995238e-10
1.099666523065560064e-10
7.376787009141226504e-11
4.775562793496696472e-11
2.958166246816061261e-11
1.754994449515781436e-11
1.000170146064122068e-11
5.497188444977378949e-12
4.223462761206304064e-09
2.846134126822661094e-09
1.875245552576472332e-09
1.216631309290073283e-09
7.978169604616854246e-10
5.357168162698584820e-10
3.652673138360197764e-10
2.545866956936936255e-10
1.781230789811323218e-10
1.226526540705941315e-10
8.143119031946356210e-11
5.129572366090048751e-11
3.049988316814000953e-11
1.716122555654682135e-11
9.228041360651836078e-12
4.296599874573494708e-09
2.841106758673177033e-09
1.843015267327218071e-09
1.171128018926818497e-09
7.519270409719995221e-10
5.063989717400018098e-10
3.470220967289175293e-10
2.455618833164979764e-10
1.744225396390985878e-10
1.214861191555504102e-10
8.101430069245130910e-11
5.073677644019375061e-11
2.959642749533799301e-11
1.610430507138746563e-11
8.279323500528694333e-12
4.363714625414663827e-09
2.858392216918699336e-09
1.839347234481888444e-09
1.155651224864139320e-09
7.333012012068889918e-10
4.945214857794169936e-10
3.398310610518670318e-10
2.424576040864947048e-10
1.736438964709523165e-10
1.217065973370775010e-10
8.137612953045414002e-11
5.082673141407415567e-11
2.935770601276106054e-11
1.568377764986529790e-11
7.853650466468942662e-12
4.421920486760771763e-09
2.873594790183866365e-09
1.836389351521119286e-09
1.142420435774635665e-09
7.173502877073967180e-10
4.843637268970483848e-10
3.336818912103184944e-10
2.398178655136727051e-10
1.729967032674991081e-10
1.219128849639682713e-10
8.169902595873500260e-11
5.091110002849010709e-11
2.915520675717681273e-11
1.532201259142534918e-11
7.486420138147438466e-12
1.423249024032146200e-08
1.033133809613570193e-08
7.262098814940782730e-09
4.983642952583730570e-09
3.312845806587048594e-09
2.164460204931967882e-09
1.419373169511250913e-09
9.430528073608952191e-10
6.385993665313756099e-10
4.388001025569503162e-10
3.014161888075458016e-10
2.032033399915862508e-10
1.324476670579973772e-10
8.248650962016940887e-11
4.889041636346084088e-11
1.788633875740148318e-08
1.312982749607051528e-08
9.295462654623080277e-09
6.435977726126523667e-09
4.303837726996738722e-09
2.790470085576297609e-09
1.826317026594381159e-09
1.201947589559903712e-09
8.091741542562922609e-10
5.547538932350698041e-10
3.822161761441225366e-10
2.598486745756516708e-10
1.714545042108294701e-10
1.082162980687965188e-10
6.488977282227573447e-11
1.981223439083882675e-08
1.456045743727836791e-08
1.030683128138182050e-08
7.145169726111520188e-09
4.777811603211725762e-09
3.079499545306781752e-09
2.012950234279084876e-09
1.320414199235875250e-09
8.887030162115288759e-10
6.100260666899864036e-10
4.215892321044732838e-10
2.878727376943154829e-10
1.908290516889201423e-10
1.208825693137379258e-10
7.259530195911458420e-11
2.149555223750554580e-08
1.581601136865063016e-08
1.119788583886387380e-08
7.771473614177497839e-09
5.197476933746332736e-09
3.336957079861138547e-09
2.179235462058405096e-09
1.426088995745367026e-09
9.594316944031725072e-10
6.590236061961745064e-10
4.563803715656138173e-10
3.125788413230529757e-10
2.078967496052748129e-10
1.320529558357720258e-10
7.941171776615376292e-11
2.700929765213521813e-08
2.083441073624716698e-08
1.526665087989954408e-08
1.086073151010924977e-08
7.500518234716979494e-09
4.956162117841687165e-09
3.211172736031615064e-09
2.087306547273834425e-09
1.371617250210552846e-09
9.187420789996691180e-10
6.243384372549819217e-10
4.249612069734126872e-10
2.854672638387778148e-10
1.861252649074702662e-10
1.163355479172361702e-10
3.243250552659066991e-08
2.544857076681580737e-08
1.886360443889827981e-08
1.352484598025961680e-08
9.424191272523930681e-09
6.274910537953796415e-09
4.046426011481803351e-09
2.626496271054401448e-09
1.711329252365535022e-09
1.138042514125865169e-09
7.698851554370608759e-10
5.240023281787499043e-10
3.537964596009919129e-10
2.328850208235984075e-10
1.473422888101399757e-10
3.694002434078082944e-08
2.924818028999017274e-08
2.179507117254324882e-08
1.567807437394990245e-08
1.097141497558584136e-08
7.328225613486089124e-09
4.705827975514047513e-09
3.052592371489593168e-09
1.979160264883312795e-09
1.311865741063125183e-09
8.861285543637400079e-10
6.037156386953020566e-10
4.091115403404961104e-10
2.708320188865042469e-10
1.724663258744192864e-10
4.270675556843023639e-08
3.489375054522379334e-08
2.676860185776044902e-08
1.965305796867440152e-08
1.395964455865384507e-08
9.531682431456755821e-09
6.223017857435761052e-09
4.010069419005944270e-09
2.582908225766036641e-09
1.686787553393897825e-09
1.120229765890853725e-09
7.531340248305097667e-10
5.075466300995607520e-10
3.374653662072015566e-10
2.180377731231913409e-10
5.165930137441717607e-08
4.315909713616579128e-08
3.372605689011151270e-08
2.507304041985495378e-08
1.797505444380022057e-08
1.241486981309403304e-08
8.169972946948572260e-09
5.237563326803035030e-09
3.362844821685809295e-09
2.176258507506061073e-09
1.431583219670526523e-09
9.560685310018847301e-10
6.433151113952275007e-10
4.296235495242368401e-10
2.803115274255775964e-10
6.830209920178632990e-08
5.967026573213452878e-08
4.874368479979713730e-08
3.759112985957440858e-08
2.765083063670870345e-08
1.953338670699635595e-08
1.325989865921400214e-08
8.577398439786356053e-09
5.478273480691850698e-09
3.489125540347921586e-09
2.244178391691515761e-09
1.463677373516624707e-09
9.674962588854925208e-10
6.417187463435661279e-10
4.213490376329835534e-10
