# lsst_simulation
2.666706818502457833e-09
1.871677546148416634e-09
9.147189239969940725e-10
7.115168956250637473e-10
4.937922566919845251e-10
3.501336742336281150e-10
2.424162883183280034e-10
1.499238918204246551e-10
1.115635820445524779e-10
7.088241702657498450e-11
5.380778809176202325e-11
2.789139876543752129e-11
1.650123248986540433e-11
9.171124249809307638e-12
5.777577653825765224e-12
4.659415964629870322e-09
3.122412591120963251e-09
1.529574682430741663e-09
1.184766694942654769e-09
7.615992777981872099e-10
5.552752416661184209e-10
3.524370171931399039e-10
2.447139133275265622e-10
1.808080464149634682e-10
1.295366838174711445e-10
7.946081680596219754e-11
5.106711265813949924e-11
2.780933920114392482e-11
1.582001851869163331e-11
9.330771938830836813e-12
4.276874130569182908e-09
3.481593754974069177e-09
1.407517638847362226e-09
1.165797720809924615e-09
7.286555534938671564e-10
4.598235765216445135e-10
3.402097141448500627e-10
2.420817611692316226e-10
1.814725612132868598e-10
1.303127287447172566e-10
8.234873647630008269e-11
4.673477295273542861e-11
2.823432174965295674e-11
1.644994575562929826e-11
7.987012647519660793e-12
4.359084039274082850e-09
3.417858615365447315e-09
1.373607438663652442e-09
1.038205166635270047e-09
7.425805840751006687e-10
4.445679956792484674e-10
3.486493954246633844e-10
2.260392880050303744e-10
1.826650300642013272e-10
1.284996143136050233e-10
8.321641886612747930e-11
4.765213212614196852e-11
2.791075326512858799e-11
1.343980217520957456e-11
8.134678546186218960e-12
4.206597999461848819e-09
3.139226252149537357e-09
1.384233429510730178e-09
1.045119507550548318e-09
6.686557086965414696e-10
4.629147460834586921e-10
3.650233191716531150e-10
2.334850237824175422e-10
1.821991352872004948e-10
1.321235250698386952e-10
8.163950045954947978e-11
4.870703599424358604e-11
2.872758650125274239e-11
1.531170337473606012e-11
7.626839348154403212e-12
1.539890415655092916e-08
1.070600652903333686e-08
6.788339973523381425e-09
4.961588734707575809e-09
3.526335380369517855e-09
2.113432357837612131e-09
1.402764930540688327e-09
9.137991302718907931e-10
6.414569412140593877e-10
4.402495716244529613e-10
3.014170221439019013e-10
2.044970879939955903e-10
1.314388013143116367e-10
8.326662312846776273e-11
4.890575774263423223e-11
1.847520394845107419e-08
1.415739785056046871e-08
8.677328535193961908e-09
6.363883441472667871e-09
4.463203981446887785e-09
2.756696580106734701e-09
1.839813579139502933e-09
1.195279580692272648e-09
8.029825748928803651e-10
5.568097111910769206e-10
3.766188103427156219e-10
2.630399206455585392e-10
1.717302408964029579e-10
1.084907010963426847e-10
6.406640262427947240e-11
2.055699255124502278e-08
1.497518254424911402e-08
9.450348703354634844e-09
6.878150857864286224e-09
4.853989456935566090e-09
3.072595280281810905e-09
2.096304080026711179e-09
1.286525201165539486e-09
8.868321277346051133e-10
6.076899528982277454e-10
4.189595367263585763e-10
2.881681268847853307e-10
1.937180554698265673e-10
1.197922663551855488e-10
7.291578437789530565e-11
2.180865471106619864e-08
1.545759536747555469e-08
1.017014263250347508e-08
7.602468645063295626e-09
5.176253292026309772e-09
3.395254864658895009e-09
2.315503515485742128e-09
1.431554834239147707e-09
9.548635258016842547e-10
6.686053395008107209e-10
4.500329524567118459e-10
3.147433141840400644e-10
2.094524020757198693e-10
1.323429632491286444e-10
7.924686063760155117e-11
2.637035932521223770e-08
2.226395902234845167e-08
1.425108935244354866e-08
1.112592540211854111e-08
7.460168078502083055e-09
5.018580891985744551e-09
3.239452587174043497e-09
2.079840901415642694e-09
1.375740917795697682e-09
9.184658024370674780e-10
6.196749721129242077e-10
4.263587717309144797e-10
2.861596721636239654e-10
1.860594154263433698e-10
1.157250070185612776e-10
3.204684179834171618e-08
2.605237635860112391e-08
1.739507598904730051e-08
1.375325995125542371e-08
9.310238985101570981e-09
6.424834051540562349e-09
4.136226179628800464e-09
2.601743781352191773e-09
1.704205901723896703e-09
1.146641436678464611e-09
7.681985727979716473e-10
5.215627374363812807e-10
3.567698722617870798e-10
2.305141902783907784e-10
1.479613613785632682e-10
3.533114282253727666e-08
2.913227996178444991e-08
2.018195751386715326e-08
1.634594195210639900e-08
1.051067441225797235e-08
7.593704207217212101e-09
4.862582227026460007e-09
3.045173174440442425e-09
1.968233060580339081e-09
1.320621121694953832e-09
8.860552277469999850e-10
6.022963446741063810e-10
4.089215726579065508e-10
2.713692306331476644e-10
1.726137395603430091e-10
4.355615390528024207e-08
3.431791432872003591e-08
2.458672023299416061e-08
1.995747444064450902e-08
1.372445809023919411e-08
9.758737479798205250e-09
6.338270351701102286e-09
3.973565936143468575e-09
2.570055940761836056e-09
1.697000264523544251e-09
1.123869326772757819e-09
7.486231572548410364e-10
5.131580606786583236e-10
3.377548970182303625e-10
2.160312910743402256e-10
5.122603853874241907e-08
4.174114328015395588e-08
3.108260316298753916e-08
2.573354398487745847e-08
1.732266994319897941e-08
1.276258183887039380e-08
8.374123261964861328e-09
5.210428825333148445e-09
3.344735042288012596e-09
2.192147134447501957e-09
1.429352071161092901e-09
9.522814259087774128e-10
6.457658825662448057e-10
4.275920841195682415e-10
2.809327356076915602e-10
6.549448505997046515e-08
5.916454866301756294e-08
4.547904879492047127e-08
3.793157746167332195e-08
2.642155038139664076e-08
2.015746857627384640e-08
1.373001285308649656e-08
8.461101785341892837e-09
5.455586988911199746e-09
3.505729800456563155e-09
2.228098063971743105e-09
1.461764623976017974e-09
9.701428920016273347e-10
6.389725859650933899e-10
4.220654626663741686e-10
5.217978458931121138e-07
3.692478599292124181e-07
1.942909656063151648e-07
1.396509314882654179e-07
9.779858290585150428e-08
6.849995939500258658e-08
4.406931403789337870e-08
3.019574385208101414e-08
2.163395213372675752e-08
1.531914738370576325e-08
1.030284066653387237e-08
6.563143534614886495e-09
4.019819952744695562e-09
2.416140592714441813e-09
1.353050155432466117e-09
1.663716899716698345e-06
1.187123656159646738e-06
7.523339778733906948e-07
5.244682715272687042e-07
3.607680674987016556e-07
2.253490761771408997e-07
1.499973395197321921e-07
9.814031948573838543e-08
6.841433756055476897e-08
4.807889927740524319e-08
3.327098161987073255e-08
2.254805069283818663e-08
1.471074335101385402e-08
9.025200214210588086e-09
5.270671736379014650e-09
1.897405031294389870e-06
1.518680034527459865e-06
9.165118740337656063e-07
6.311602431954977219e-07
4.218654234754914461e-07
2.722652811345144139e-07
1.841808053221443190e-07
1.194793127510476510e-07
8.146619350097763172e-08
5.744665153765834161e-08
3.971303280522138590e-08
2.724865941193339254e-08
1.790009940691178891e-08
1.102662354067447332e-08
6.483916671715169686e-09
2.051604935790957019e-06
1.576058236202254685e-06
1.001560686641648610e-06
6.772167618440418374e-07
4.596084421729327716e-07
2.990638360895796876e-07
2.063158890145377592e-07
1.297441027529618120e-07
8.924627585936318821e-08
6.291626865035198799e-08
4.383413668837099487e-08
2.987106896401679178e-08
1.982238098698769071e-08
1.221131608835117357e-08
7.176460092388525004e-09
2.142978125512382317e-06
1.568265762253329534e-06
1.063973266640245424e-06
7.546548972945323350e-07
4.754040318362226825e-07
3.294836255187999812e-07
2.266295479896518911e-07
1.419076392889132933e-07
9.511732733321524304e-08
6.830861168287945580e-08
4.715104933525097081e-08
3.217154743253854880e-08
2.132917347613433650e-08
1.323094702893536592e-08
7.813009522173014658e-09
-5.458622133718026236e-08
-3.535436466157177178e-08
-6.227965255942888630e-08
-2.659841918928225286e-08
-2.660210167161279248e-08
-1.765128009229839791e-08
-1.023678854156047196e-08
-6.011170898205520906e-09
-4.359452859656661933e-09
-2.359428381877504579e-09
-1.846000388556748001e-09
-1.309927517103832598e-09
-9.081721272621922884e-10
-6.591779353225420150e-10
-4.152801791416253339e-10
6.330185356763920383e-07
5.221762584864705162e-07
3.260618968399204562e-07
2.822861810029370723e-07
2.165178940729620876e-07
1.223988273272828544e-07
7.959277216339868752e-08
5.031751555155190456e-08
3.159059715532703776e-08
2.136014228836669206e-08
1.440680482210924758e-08
1.038818850653364387e-08
7.310704824304604026e-09
4.983487080875729438e-09
3.187332841391973982e-09
1.115823077762844159e-06
8.647740216588887798e-07
6.058340984550202845e-07
5.203422084042409966e-07
3.655374160157043347e-07
2.296609672663078670e-07
1.446446266965869280e-07
9.209090775731918202e-08
5.820308534303619310e-08
3.812271336736537029e-08
2.567270672956400930e-08
1.832411313602930129e-08
1.299129329692952163e-08
8.841374450970740098e-09
5.727474294205290855e-09
1.415948638175108292e-06
1.045724110095263257e-06
7.341483688739807731e-07
6.388799434003779877e-07
4.387421447293897771e-07
2.924778680706316202e-07
1.859725666392516172e-07
1.125423666224059312e-07
7.209149551685697897e-08
4.719997592081853101e-08
3.206870268116540552e-08
2.248641283833177744e-08
1.618175856041244090e-08
1.096238825415428104e-08
7.149770239673412599e-09
1.576428529640948031e-06
1.225724080665021737e-06
8.830160784840696304e-07
7.675302933081091299e-07
5.084046392376715880e-07
3.444135379013194650e-07
2.180567656575530000e-07
1.330576472174371322e-07
8.428102801987607257e-08
5.582142236475584218e-08
3.739552655084298963e-08
2.649445377035543630e-08
1.871337718292424064e-08
1.276829095021581127e-08
8.399110136362872955e-09
-9.093256196840507257e-08
-5.161213103849095516e-09
-2.100609074125328759e-08
-1.999434082389240030e-08
-1.006786845501784781e-08
-1.184424032687422018e-08
-5.093105990387619034e-09
-2.752112125017364358e-09
-1.898604231148732252e-09
-1.551527435197979648e-09
-1.018673842384096345e-09
-7.365863586017771694e-10
-4.810548797963920078e-10
-3.441796208601303776e-10
-2.468717322477270882e-10
8.773958839640786363e-08
1.228809624975643269e-07
7.266910797903010634e-08
6.338937201499037766e-08
3.554659651729420854e-08
2.906990565006554789e-08
1.991216494415796946e-08
9.307359072560500567e-09
6.353675245517304009e-09
4.205758401137142216e-09
2.509640159285112381e-09
1.972335292995876273e-09
1.432194355317155994e-09
9.954426347548498052e-10
6.628086462631466421e-10
5.411271241945511052e-07
5.216166948409377047e-07
4.179747492810508242e-07
3.484684718942520779e-07
2.309880958443690855e-07
1.740357483519312541e-07
1.055870489537303192e-07
6.447687397343888158e-08
4.190064395009742264e-08
2.606995334398836104e-08
1.695847901422723443e-08
1.159918757746363502e-08
8.108724757280118272e-09
5.676929334942076879e-09
3.847794030958964514e-09
8.431150976295951930e-07
7.620226930470711215e-07
6.029027966173460505e-07
5.111661160781216204e-07
3.403511903118857657e-07
2.530058598428167090e-07
1.539188838798349756e-07
9.456254181633611629e-08
6.049133483180627545e-08
3.835703449315133830e-08
2.492850523819826649e-08
1.687173792115481789e-08
1.181820018922123407e-08
8.221051580349366210e-09
5.590666381151236986e-09
1.080624085907984266e-06
9.825440117526669128e-07
7.783247147463604323e-07
6.342917433689092327e-07
4.150340366668365949e-07
3.212946505617808053e-07
2.001635640049503764e-07
1.205109094593426325e-07
7.731713549939621632e-08
4.841740009876975035e-08
3.132244608884538251e-08
2.142952817236866937e-08
1.493858398841023880e-08
1.041298788106767025e-08
7.141546525611382573e-09
-2.057515216683099660e-08
8.236192959937452968e-09
1.288038950126387931e-10
9.034329880274088829e-10
2.484202089451921880e-09
-4.497304020838231218e-09
-1.295997833431776447e-09
-5.591048612918542858e-10
2.448103947678567833e-10
-6.471910607823885056e-11
-8.732382116825555871e-11
-6.538803514511206512e-11
-7.375313923732532966e-12
-3.926795280886204282e-11
-4.377552990269362088e-11
-3.642235884143922949e-08
-2.428192512719759557e-08
-2.660982247037615033e-08
-2.805234673657068555e-08
-2.452017487566562192e-08
-1.296781817193243899e-08
-7.019990462137296826e-09
-4.899927525794377619e-09
-3.143285278417337006e-09
-2.267938845504003682e-09
-1.414218476977228877e-09
-9.053126289800334482e-10
-5.143409198997310975e-10
-3.964872262783960947e-10
-2.719872157876398387e-10
2.064157065359706911e-07
2.423790831959442767e-07
1.911243168802178646e-07
1.853173625978879539e-07
1.115478014401972325e-07
9.439425201347922472e-08
5.993144855898234003e-08
3.747048174193692585e-08
2.360348395648997727e-08
1.441206217207576747e-08
9.043557358880338219e-09
5.886780398083546119e-09
4.042170287325883651e-09
2.794039931507787611e-09
1.931444312639541679e-09
5.176757311401464581e-07
4.920751290078029821e-07
3.950956879125845185e-07
3.794402582470783968e-07
2.466358620977075944e-07
1.945904404719473612e-07
1.197436548987819808e-07
8.037935922726811146e-08
5.006430082915127491e-08
3.044962608970691480e-08
1.900774388044368011e-08
1.237027131811045749e-08
8.374758461094628271e-09
5.776126798954030737e-09
4.029794173509630315e-09
6.889383973145009334e-07
7.368302159442628005e-07
5.590083857808110567e-07
5.254340915712081867e-07
3.505869073988546542e-07
2.728975215802035621e-07
1.730528340691847656e-07
1.133853408346528808e-07
7.030887924486274172e-08
4.321046749662552953e-08
2.679737330717311164e-08
1.739735025315673647e-08
1.181533405311463613e-08
8.174941565975614598e-09
5.703893857627186988e-09
-3.757552053819168107e-09
-3.504596188521796255e-09
-2.336980521659420850e-09
-3.172279638969866259e-09
1.239403647885611796e-09
-1.864096702914906710e-09
2.803472912785418397e-10
-8.354055915653444041e-10
1.112741286477551847e-10
1.171152409755008403e-10
-3.121613402946882720e-11
5.992447361942358764e-12
2.408146561777192241e-11
-1.123564768072348598e-11
3.643417296942264560e-12
-5.976221994362734350e-08
-6.264343397085109477e-08
-3.799618808043117679e-08
-2.421554960381250715e-08
-1.351608496888875350e-08
-6.470346739571927468e-09
-1.624230029124926678e-09
-3.745187645090014749e-09
-1.790733590894112082e-09
-1.013717340415178524e-09
-8.198608160806992809e-10
-4.752661263006706436e-10
-3.053437051214410890e-10
-2.194615214086504643e-10
-1.502022239464358419e-10
-3.892396339810042596e-08
-1.648640706694319119e-08
-2.862311980405847838e-09
3.703865731253421813e-08
1.955411254327819096e-08
2.345573048563217734e-08
1.719848013833583973e-08
6.732325499810310805e-09
4.079877612211884764e-09
3.366142279827181231e-09
2.022105172764081041e-09
1.194341154446699001e-09
7.678742125040856055e-10
5.407054216169565884e-10
3.972927251320075519e-10
2.114182051237262053e-07
2.148731266529001442e-07
2.100148888392363884e-07
2.370815351475254378e-07
1.624296096856233187e-07
1.343444313000761687e-07
9.153274008139307636e-08
5.507840419910216334e-08
3.404470888334124385e-08
2.183613285479878703e-08
1.345409470946156116e-08
8.333033573770943221e-09
5.419343940063723717e-09
3.713799479782761998e-09
2.573800477734675329e-09
3.663948348568100364e-07
4.522926816649491530e-07
3.788190931265784782e-07
3.922247686680908170e-07
2.652490973757294451e-07
2.257097679974091178e-07
1.574918957793950714e-07
9.290455833023078481e-08
5.764147507239447233e-08
3.654202140762437595e-08
2.237854347436042831e-08
1.429450525844927300e-08
9.224504499137064433e-09
6.268614663171278124e-09
4.355136027666314849e-09
1.508145185504656981e-08
-2.635239498335048233e-08
-4.360573882982858250e-09
-5.557991973494305014e-09
-1.913673045253223859e-09
-3.984705258058547792e-11
1.331842627477803378e-10
-5.582423194093982362e-10
2.815209938828749664e-10
-4.571580038393894805e-11
-1.989604550459893564e-11
-5.955581900069792960e-11
-1.337950770301952114e-11
-1.120141990467425354e-11
-7.417766462874701291e-12
3.945780896266815147e-08
-3.142209913739022985e-08
-4.173259007750230918e-09
-5.374901324425769283e-09
-5.623124095418601427e-09
-3.176657881743290622e-10
1.512985218367133653e-09
6.665982214221382142e-11
3.906396967403083858e-12
-1.350775907759084736e-10
-1.060485447668451260e-10
-2.404121394352211574e-13
-5.856355691716787264e-11
-1.439712035922110266e-11
-2.664226720288999269e-11
6.358899450347153251e-08
-3.317870650572820879e-08
-1.041094863905550455e-08
-1.230520355451693177e-08
-1.814884905511029365e-08
-6.483454398537180861e-09
-5.142991576863485229e-09
-4.536990813253819737e-09
-2.666505433247680904e-09
-1.389603537951158295e-09
-7.387191584909499962e-10
-5.621671411919645865e-10
-3.476712812668154392e-10
-2.126744579093181820e-10
-1.474004891954644532e-10
2.258553188667906213e-07
1.413011333622974935e-07
1.517799592067392589e-07
1.184469535882895183e-07
8.266850698581007622e-08
6.651477629500531491e-08
5.263957238044304443e-08
3.118966812003695325e-08
2.021685667349375228e-08
1.260976256458665645e-08
7.709243933716075067e-09
4.569017222140839822e-09
2.932184526719470572e-09
1.962299124905699204e-09
1.319032550557772778e-09
4.053519269663255324e-07
3.811703234517302130e-07
3.391421865254075956e-07
2.813172113010413078e-07
2.152224978056298405e-07
1.688738472141023292e-07
1.309047040466273421e-07
7.419272473286412855e-08
4.954032019699584386e-08
3.064448433830866663e-08
1.866846665276623044e-08
1.120921568275521214e-08
7.142048388555643622e-09
4.688348224031319493e-09
3.161402905113817030e-09
-7.568040282893499561e-09
-1.073609044672326548e-08
7.220643947408714058e-09
-3.017092464203710438e-10
-2.953813889536432596e-09
1.566152707389839528e-09
-1.460106010160467090e-10
8.545300135945865709e-11
-1.487496132810433046e-10
-1.671681711802030158e-10
4.930972373047425239e-11
-6.596277218637362124e-12
7.952087622219672829e-12
-2.129056934432151561e-12
1.526043164755410728e-11
-3.140747381442864386e-08
-2.876690664296065292e-08
7.862541230995537843e-09
-1.640262895957203946e-09
-8.410049824930859564e-09
9.066182179722038991e-10
7.541509396470525803e-11
6.112375988274483317e-10
2.683704099655123495e-10
3.713109180468085564e-11
-2.438831146212566518e-11
2.615094487381021543e-11
2.646063169499507048e-11
1.843553309585422860e-11
5.734504166530340024e-12
-2.347292279765590550e-08
-2.222797783945405531e-08
1.905894235556603162e-08
-3.860678695323417722e-09
-1.555650569250289934e-08
-1.131417654175975293e-09
-2.267225225350251396e-09
-8.854690701450585664e-10
-8.675315345361549714e-10
-5.370381070968023237e-10
-3.343883594172826444e-10
-3.225051405806562513e-10
-1.871675978843630531e-10
-1.056347771718473275e-10
-6.992747854907157175e-11
2.143843228599973019e-08
1.798361467978387659e-08
6.279980493388210424e-08
2.307500777318749201e-08
1.460477200403563309e-08
2.023776523519019909e-08
1.449625100746584949e-08
9.879013428715544812e-09
6.046464527815255882e-09
3.491317647245424424e-09
2.106917718589873959e-09
1.234946485059341024e-09
7.746453004258895089e-10
5.072469941324401879e-10
3.396169258329828335e-10
1.757585780527638100e-07
2.266478895322659485e-07
2.655403180593627387e-07
1.671168853469961325e-07
1.501092722458115736e-07
1.248713136353666441e-07
9.367186354795400380e-08
5.982741720022775024e-08
4.011361741924008030e-08
2.366607415294453594e-08
1.423928413470780422e-08
8.484862824684815309e-09
5.268743469910526867e-09
3.297180480916328814e-09
2.162450029339626192e-09
1.221631251353181491e-09
-4.683540931681562591e-09
4.517419456090924308e-09
1.645094226829184457e-09
-2.096095974640959555e-09
1.027177855030817671e-09
8.802437925586609001e-10
8.423920494745350468e-11
7.260602876130687260e-11
8.869649153823773436e-12
2.792899510769526673e-11
-2.768197656169889980e-11
-2.425761956546988611e-11
-5.252079513246568160e-13
3.794816540528452212e-12
1.337549671455098561e-08
-1.800466524242460526e-08
-6.129394483876508495e-10
8.850590599551793346e-09
-1.713588138587885091e-09
-4.018980017528245387e-11
8.842113042633156475e-10
5.333183549255109255e-10
-4.849837229271472427e-11
-1.786688368100818801e-11
1.178036892588465755e-11
-2.046217934105208276e-11
2.791086010207946031e-11
-3.550598423851610511e-12
7.972294300988373202e-13
1.882173859748754554e-08
-1.294423315547043061e-08
-4.525443385092306865e-09
7.766749133381845152e-09
-6.463330734927164596e-09
-3.255592642065745956e-09
1.484339901803705721e-10
5.374053588675838660e-10
-4.338432555600280511e-11
-1.132077900412177312e-10
1.647022776676136401e-11
-1.764894523070965892e-12
5.698129466040203137e-12
-1.501582132458120517e-11
-2.079640802453573469e-12
9.387852408953497602e-09
-2.035361005459596148e-08
-2.071619472531418103e-08
5.505560383912880899e-09
-1.153219589548825738e-08
-5.916873286056458238e-09
-2.154896163264281272e-09
-1.480171576229862426e-09
-1.409718881701063990e-09
-7.424650527175841278e-10
-4.787270180359739120e-10
-2.146514831341037486e-10
-1.767952715795504897e-10
-1.301707211614081898e-10
-5.545225343542373999e-11
1.120906683124358659e-07
1.029904068268792820e-07
1.076001364784339484e-07
1.091562571984919876e-07
9.294053218954602326e-08
7.049229419521093328e-08
5.687070939904101661e-08
3.923887554125789939e-08
2.425772941758040804e-08
1.530119395556619160e-08
9.159538641782673618e-09
5.570938723611168511e-09
3.284167214041515574e-09
1.982419170948858559e-09
1.256979857953501328e-09
5.107419989451440169e-09
-1.106690037573610971e-08
-1.515715237681243695e-09
9.333081532919505212e-10
-1.158053432589200971e-09
3.994547983728751242e-10
1.000831651291901284e-09
-2.935513649626571540e-12
-8.143414772320105605e-11
1.092136051573433722e-10
6.174434194222879863e-11
-5.553606524028003139e-11
-2.860742461380106739e-11
4.358019756823115505e-12
-5.444034059252545158e-12
8.583345742141307754e-09
-2.355687379562571663e-08
8.008341748981952647e-09
1.337324216827011964e-09
-3.037957429487180745e-09
9.897168068099922646e-10
3.852906146249758212e-10
7.609310292098111270e-10
1.033331337200863780e-10
9.853971233221287692e-12
2.878784051004146426e-11
-2.125624421940925943e-11
1.630200275131626304e-11
4.244732370663348509e-12
2.382666137610591762e-13
-8.278582799138986283e-09
-3.296239823731070829e-08
6.465588607072914712e-09
2.245089795435119094e-09
-7.195166097264335124e-09
2.002280470016877030e-09
1.002252841538376817e-09
4.319561650152729109e-10
8.008287909465914766e-11
-3.873888095187345621e-11
3.159051733542410892e-11
-3.895977619258071381e-11
-9.328428679528723490e-12
3.243849511389235658e-12
-1.027018863663140897e-12
-3.399827451081063279e-10
-4.370599079935526048e-08
9.866005535839753340e-10
-1.003189990687138608e-09
-4.562709461371609311e-09
3.286930892391133453e-09
7.060284687942735177e-11
-6.165479865744420583e-10
-6.137768688221367242e-10
-2.512282630099880575e-10
-2.614424346414578599e-10
-1.108067528266681117e-10
-9.686251205746355675e-11
-3.565422946346941945e-11
-2.349210566780689160e-11
3.436538584453941194e-08
4.612827931929918832e-09
2.184784271503378196e-08
3.499852804874539915e-08
3.411122942387957653e-08
3.296833084053777995e-08
2.293660439520071973e-08
1.528685832890884671e-08
9.955887410390828238e-09
6.618962536189227934e-09
3.736145574846084852e-09
2.224679523836539933e-09
1.311459811593564814e-09
7.604398728500660540e-10
4.683216890720891302e-10
-4.417456198391140112e-09
-6.028618254743925142e-10
1.237639068169611093e-09
8.351051807255244145e-10
-3.699531076221693937e-10
3.994643689612027134e-10
-1.905199161197999041e-10
-6.837566844808114728e-11
1.135617189551034640e-10
1.754577816981109293e-11
-4.466302592060806055e-12
2.291414523603890554e-11
1.039398479854561499e-11
-5.331313071697061743e-12
-4.941449310776267200e-13
4.450282149116543730e-09
7.049426041423817990e-12
1.607685946350451023e-09
6.300855906646493861e-10
-1.540293943247423856e-09
9.806629516990082080e-10
1.604489331215704215e-10
-3.942208094660464868e-11
1.173054899650286657e-10
5.957663255903562888e-11
-1.693774246100147537e-11
1.068764042386869049e-12
-3.906306842991875376e-12
-4.226318766900426377e-13
-5.912991790799461150e-12
1.194442295252673165e-08
-2.183889355696475027e-09
1.279411684336736175e-09
-5.872500952783644979e-10
-1.846281623264460364e-09
1.043646597647471208e-09
-4.497313909672642651e-11
8.793680695659760776e-11
-9.076774494087608713e-11
-4.383939508256354037e-11
2.980140657002258605e-12
-1.283981427619068654e-12
4.067187850465031944e-12
9.953308948155486516e-12
-1.972947253647984860e-12
2.028337253585873450e-08
-3.264863687404205321e-10
2.272513564540280418e-09
-1.355951499653639955e-09
-7.868763694564062528e-11
1.614012457858854039e-09
-2.821874896961560580e-10
-1.053813280380573066e-10
-1.462525595283507300e-10
1.157603672102296536e-10
-7.620694399134599877e-12
-3.912634560691545153e-12
1.395928585967519156e-12
9.455874182586560662e-12
-1.914221105085476644e-12
2.710172249489627508e-08
5.026317087738294782e-09
3.835069013658321659e-09
7.737384296564192973e-09
4.620519580011979100e-09
5.822203406670929844e-09
3.115710494015319670e-09
2.380416089869367595e-09
1.587728611155252715e-09
9.488862844561321724e-10
6.404833449729275740e-10
3.483146014168392362e-10
2.076237454724700947e-10
1.234653392936723226e-10
6.444474469741530756e-11
2.137344354369367894e-04
1.505930085996606967e-04
1.000802360246208316e-04
6.838925558311848344e-05
4.569439884422761002e-05
2.944088115944886266e-05
1.962504576830555034e-05
1.281194653472805672e-05
8.884898997199886130e-06
6.241193012880621316e-06
4.361862677450794044e-06
2.982910918164956558e-06
1.962721157266717814e-06
1.207231782574776597e-06
7.031735887591933095e-07
2.879795477273951320e-05
3.292799929836075332e-05
1.478435853367439799e-05
1.314966103326304869e-05
9.491758693094197149e-06
5.217679804135824317e-06
3.413230867060743744e-06
2.173996543248418794e-06
1.334709184452558451e-06
9.573070463724326233e-07
6.533573822177128267e-07
4.714981168520253082e-07
3.302864660594644856e-07
2.208027865456265564e-07
1.379377721782916681e-07
-5.670942411820643630e-06
7.085149055776538530e-06
7.445673301844800755e-07
9.077015637061297183e-07
-5.966042818764184261e-07
7.666499375189732312e-08
1.870937779059872669e-07
-8.903008172143926918e-08
1.589582323332552077e-08
-1.995265324771160769e-08
-4.457459854835003841e-09
8.982440965878087283e-09
3.911437177921387909e-09
1.189108570773588078e-09
1.090107786236543229e-09
-9.578184965335898149e-07
-9.113880534432655118e-07
2.447687543445779150e-06
-7.098378068278150312e-07
-6.349823656529886460e-07
-2.211012000070730956e-07
2.241148190453429945e-07
-1.671697084590270795e-08
1.333911361112038224e-08
-1.628357941604503446e-08
-8.658201329594613334e-10
-3.075407420636022395e-09
-7.728241070726599577e-10
1.120063905449663814e-10
6.297166403020836683e-10
-6.852778863136722065e-06
-5.645457184884062791e-06
-1.935531207625952430e-06
-1.914353749011428678e-06
-4.046954140330750531e-07
-1.566294483131749240e-07
2.132511568937297595e-07
-8.765010485900080887e-08
-5.851257014232349628e-08
2.006008012254657580e-09
-9.461784081466629226e-09
-4.705177423254763561e-09
-1.135379688190172584e-09
-3.184773796847082525e-10
-1.491266948757679069e-11
2.788018731546092838e-06
-6.658948087925678630e-06
-1.637939319943208912e-06
-2.491380685553302576e-07
-1.579523518101525635e-07
4.900277026656934668e-08
5.049934699232436861e-08
2.240342257038894367e-08
-1.694272409438190307e-08
-1.133609451006188709e-09
4.884481354116535132e-09
-3.987863011202448352e-09
-1.641401703954862863e-09
6.883318530053866450e-10
-3.175012848872270816e-10
-2.516701517514405095e-06
-5.133527063854167166e-06
6.765315114563779231e-07
3.963746759819094574e-08
-9.758094544617121858e-07
1.075013858838053982e-07
-2.552399798651003762e-08
4.706037108623702159e-08
-2.349496963005434348e-08
7.753725856002567413e-09
2.424231627046075203e-10
-3.299388636468473824e-09
-1.266385710646568337e-09
3.862099100274491257e-10
-1.709064889782512667e-10
1.499115397166688909e-06
-1.129911602161363931e-06
-3.969690222624429278e-07
1.087537243304134870e-06
-4.686948461856947151e-07
5.867277494302363043e-09
9.767885495570934944e-08
4.692998628873309658e-08
-2.356351050524015236e-08
-2.902920629030887039e-09
-1.322345264954981924e-09
2.210255150210389130e-11
-5.544889596845214151e-10
-7.926964844042356945e-10
-1.408927655296341084e-10
7.642760689412177593e-07
-2.350434767620622726e-06
6.524630870782076458e-07
1.381797879018390019e-07
-3.571195227715634473e-07
2.470953733203162357e-07
2.782413032399067469e-08
2.286978542350934326e-08
-3.983884043726332755e-10
1.150749755667980839e-08
-1.380118720733568244e-10
-2.328312622289443910e-09
-9.818710063077966107e-10
1.403822636145841366e-10
-1.453145749219829077e-10
3.581540832677258350e-07
6.996038405629358710e-07
2.702296713076859649e-07
2.859149186746284798e-08
-1.286954619422513686e-07
3.882963505736221972e-08
-4.715374356890628498e-09
3.761026015666967639e-09
1.213327763067468872e-08
9.991444878433191508e-10
-4.114722745959943680e-10
-5.031226248820528593e-11
1.754686947985525102e-10
8.856835339594816657e-10
-2.068534224053950786e-10
1.210022730830820581e-04
8.548352063564144563e-05
6.691610431220186908e-05
5.492482679071722059e-05
4.010564122834835610e-05
2.504537092255769510e-05
1.607889811720781208e-05
9.877711597905523036e-06
6.354238095738438975e-06
4.166698743240922059e-06
2.824212509049992683e-06
1.993945918617703859e-06
1.417009133099698887e-06
9.718203221989618781e-07
6.337604749675303231e-07
3.059585764986675569e-05
1.493398196388497534e-05
1.548518682790767898e-05
1.440772713976974501e-05
8.359251087930077618e-06
6.639414480574706268e-06
4.153306517240582275e-06
2.491657533222370087e-06
1.578564392349489624e-06
9.954211665597542556e-07
6.471492631655019740e-07
4.579214676073661276e-07
3.274204076552201629e-07
2.255720138648371537e-07
1.521191850024380486e-07
1.438601554822167240e-06
2.717699986496372734e-06
7.038013865160441169e-07
1.110129362259588881e-06
-1.253866832028344832e-06
5.134905665169208243e-07
2.453128192361874342e-07
9.696222342279089056e-08
9.153605657309548874e-08
2.496221145171496133e-08
1.152732100185454986e-08
6.647727334580762093e-09
9.006565824876780037e-09
4.268886640141159668e-09
3.040071998715750033e-09
-2.688421242578942083e-06
-2.313941309610755876e-06
-3.197893500672859727e-06
6.677589650660999063e-07
-2.044773580306803408e-07
3.881089448686252266e-07
2.349269330106249084e-07
-5.983383421782935703e-08
-5.513311795133486368e-10
-3.427072124638985387e-09
6.570657772723041070e-10
-1.182654148907838204e-10
4.193165493016553962e-10
6.539030041259627413e-10
-2.707110629868194855e-10
2.505844886889527942e-06
1.852110829045511526e-06
1.073363862471723823e-06
3.553557201225704445e-07
-2.322367419171581999e-07
3.864410238277906384e-08
6.580130297709924206e-08
-9.489134077268803334e-09
-1.583180698919557573e-08
7.978171926724550146e-09
9.781618432915626178e-09
3.034577130645421233e-09
1.728576701341641483e-09
6.056788545251581979e-10
1.122293126298428739e-10
-2.527373385235947012e-06
6.986007811337608453e-07
1.652098372688735884e-06
1.508147627793637509e-07
-1.726849553199582616e-07
1.691485545705334659e-08
6.504339912215808609e-08
9.070613765644129524e-08
1.487004942700149892e-08
6.057456514591027608e-09
7.149192246804129898e-09
-6.193181317804188263e-10
1.043285501497224242e-09
1.767911355871347700e-10
-8.645979461047133968e-13
-3.475463663534157737e-07
-9.106445297704491761e-07
2.533982755137723029e-08
2.896376855253326510e-07
-1.301496362318943678e-07
-2.082348316603394019e-07
-5.776013033124573772e-08
3.314282402954212480e-08
-1.086021393908485932e-08
-3.804076954295667434e-09
3.788138680263913240e-09
2.182701957033928396e-09
-9.068445209593953179e-10
-3.116834395788472194e-10
1.611421790596523073e-10
-1.965160889821791311e-07
-2.840943714258587565e-07
9.422700192045157303e-07
6.021104514714145237e-07
-3.385973516827444490e-07
4.303569410968417976e-08
3.632868236950580004e-08
4.021124023624289440e-08
-1.990497017442652502e-09
-3.189307138049769608e-09
1.752906279460853677e-09
-1.579800775517046099e-09
-5.316569723949372148e-10
-1.151670492000894042e-11
6.868721594970125967e-11
1.652712801164692034e-06
-6.561284096872543551e-07
1.738888581460713518e-07
1.369912198460261288e-07
-1.366910437782567704e-07
8.447423492706870106e-08
-1.813408808567454742e-08
2.436134578548678192e-10
-3.139562173429467877e-09
1.940693393303474248e-09
1.123066811123116250e-10
-3.751679917936475818e-10
-5.504134560885109045e-10
-2.301216111295678218e-10
-1.480513897054017539e-10
6.770555268857657587e-05
5.929573852896513609e-05
5.347981014798971696e-05
4.007993621241705978e-05
2.857525636686877049e-05
2.017291508156246162e-05
1.255174503987579908e-05
7.763162143062861761e-06
4.884431308178214723e-06
3.113030951838639518e-06
2.018616113059604796e-06
1.366526656697080257e-06
9.546813407317697757e-07
6.684635413465035221e-07
4.584392446012458283e-07
1.765494020650146435e-05
1.284121974653624579e-05
8.813317726603380636e-06
1.069602323914654081e-05
7.754810804282125154e-06
5.397534009320133147e-06
3.297969033629268211e-06
2.204692835640615456e-06
1.386096869316912218e-06
8.611271630165768198e-07
5.353696941446473505e-07
3.572248192658448137e-07
2.479654119169005055e-07
1.719268153071272567e-07
1.195855173631576646e-07
-7.769554032407304072e-07
4.023422770773368505e-08
-1.901956540067683082e-06
1.267902304986376072e-06
-4.005839968371148740e-07
5.348108709122750134e-07
2.127191472779139363e-08
2.088830473874916762e-09
1.249850617454576960e-08
3.172935264715099130e-08
1.524818307734854807e-08
4.749244042259064411e-09
4.834764977279328329e-09
3.470731093761204477e-09
1.956319696771547601e-09
2.307302651845002082e-06
3.540828982573304022e-06
2.318832262971901345e-06
8.285991373604157891e-08
-2.789811704882997601e-07
6.879966665483589086e-08
7.304099750730762082e-08
-7.839029635084500817e-08
-1.516406122935225198e-09
5.949854552157061514e-09
5.457568551980881422e-09
-1.139016224346513769e-09
1.415996476790406777e-09
5.527868365710978192e-10
6.313202599282352242e-11
1.810356411233956241e-06
1.213405936496781474e-06
1.439909028726548124e-06
-2.754379294496377935e-07
-2.490597714726646583e-08
1.214289497259959578e-07
1.671164511745281945e-07
4.338577643729351440e-08
2.635040749168472742e-08
2.289837274718590658e-09
-2.505702239374972188e-10
1.619967050973783106e-09
2.751079162202585058e-10
8.569618784719303384e-11
-4.633332529362466843e-10
1.343203261534270671e-06
1.552823645151264723e-08
-3.112920519897264523e-07
-2.979057271786142180e-07
-1.824230855669303308e-07
-9.303193296106412285e-08
6.891857279218779468e-08
1.479546388329915902e-08
-9.246038768231934686e-09
-4.485558416440789848e-09
5.356102058575513319e-10
2.888360565671214959e-09
5.345121482258812312e-10
-4.349323782629766726e-10
-2.416527932344246824e-10
-1.390208672715827073e-06
-5.299865477361795394e-07
1.017336284998095684e-08
-7.465903191992860037e-07
-2.138305817590109704e-07
-1.301550912310922691e-07
4.455998656169434680e-09
-2.347708709612589169e-08
-8.464861010707851764e-09
-5.818318472623931708e-09
-4.817493259894201245e-09
-1.737150088017715564e-09
6.090606455997232557e-11
2.262582208396668869e-10
-4.011111871631098759e-11
4.911793178729625240e-07
-7.937877522509550712e-07
-1.455450631806340517e-07
-2.866838244783030129e-07
6.635288032104003226e-09
-2.424843982899364104e-08
1.240845876019443690e-09
1.005226954991478254e-08
-1.172208620540256642e-08
-3.099705743994342151e-09
-2.199160919378135900e-10
-2.277797693876488656e-10
3.626163111423107185e-10
7.175692565137149816e-11
-4.440855369181199796e-11
3.537207887154815379e-05
3.870464771305108216e-05
3.210720377056170625e-05
2.872254030916918157e-05
2.044023557467407735e-05
1.541054435653484080e-05
9.293519083606014721e-06
6.350132655214594912e-06
3.916221509903895830e-06
2.400436393575790245e-06
1.488315080394134670e-06
9.718437331943727677e-07
6.554857520228858750e-07
4.560927070944908952e-07
3.175536254421648060e-07
9.017498501522965788e-06
1.075900643041122312e-05
8.003703045900319846e-06
8.530582781135835513e-06
5.254702920697874959e-06
4.155201629751296543e-06
2.695054495887776115e-06
1.751179403061421317e-06
1.074376761220418850e-06
6.822481284372512156e-07
4.172953148248945828e-07
2.670041161820258952e-07
1.751994425185242629e-07
1.205148858849792000e-07
8.433448849566216348e-08
2.525002566089226618e-06
9.874466688322365004e-07
2.773609267048344465e-07
5.449990181841024071e-07
9.298753537007812377e-08
-1.360355086676376192e-08
3.707857193232697095e-08
7.444433916847930043e-09
1.619404036276888081e-08
1.488142206303910516e-08
1.245618327627104997e-08
6.168584147971701327e-09
3.792540962675243085e-09
2.423428477499178678e-09
1.684668987517132588e-09
1.760927418406080814e-06
1.896830436599534862e-06
2.659365910635054131e-10
2.193551871521164347e-07
3.674749534347450219e-07
2.623999228692833733e-08
-1.781432800679078745e-08
-2.164217033263010384e-08
2.032449187885390206e-08
-4.400230961004399664e-10
3.789609279606785845e-09
5.511988186078316978e-10
-2.146350413842408993e-10
4.677436190913804327e-11
-2.109553117748714444e-10
2.106778890105435451e-07
9.394850469076518457e-07
-4.974830084208154819e-07
-2.792521573149606304e-07
-1.347548099201189601e-07
-1.146188380818488700e-07
1.982773807372796437e-08
2.989506273158455744e-08
-5.627537355604653820e-09
1.052923580312891348e-09
-1.187677859941197548e-09
9.637867927979572491e-10
-6.682623718487256495e-10
-2.288086021428459914e-10
-2.512320595604204492e-10
-1.523847706090687973e-06
-1.277590875555683992e-06
-3.648932246330321666e-07
-2.487965906742506232e-08
6.272197627653745352e-08
-7.386403304247236888e-09
1.262802410143103476e-07
2.215619632064345492e-09
-4.034626642450938304e-10
-4.864483232449207610e-09
-1.885482064735053619e-09
-1.037131271735150287e-09
-6.684714379352608994e-10
-3.976618138967057436e-10
-1.403429830817743515e-12
4.457947601666658874e-08
1.257671052042000568e-07
-1.832662940861607497e-07
-2.190701447560415001e-07
3.464526676349400747e-08
-3.889328760510412321e-09
2.253646074417084621e-08
-1.775083590192382878e-09
-1.229749937855576075e-08
-1.356015311382980256e-09
6.655403579082774797e-10
-2.748198064122672747e-10
-3.435315671033760521e-12
1.528924806309684712e-10
3.543115010422378676e-11
2.438158997118325790e-05
2.507821915279593981e-05
2.403897272865841386e-05
2.029268696098606307e-05
1.462593950596859198e-05
1.118507114852279193e-05
7.813178868500771811e-06
4.895989208910546053e-06
3.001200036754605432e-06
1.888928766492338732e-06
1.160106441218633905e-06
7.337213858651743049e-07
4.724900756308647642e-07
3.214381889837798420e-07
2.235043492562865301e-07
6.815591555418827705e-06
6.858637782754204819e-06
6.069233170356497635e-06
5.272975552905130510e-06
3.849639121728847593e-06
2.915107569757712560e-06
2.254131085362102926e-06
1.339622926466013176e-06
8.297720016793286333e-07
5.232584385041363682e-07
3.236327390273351062e-07
2.004793972976303995e-07
1.260986657930958468e-07
8.478397334533016573e-08
5.822047182308411220e-08
6.779811093231504673e-07
4.848905634387572172e-07
2.088428223046860384e-07
-4.539005430116530747e-07
-2.403886079663931508e-07
9.727510057102276944e-08
6.067371046903045042e-08
-2.177842752664873895e-08
2.051768750026279542e-08
-2.839532512768777647e-09
7.456643186756934961e-09
1.945864635786133231e-09
1.741737030328518533e-09
1.496420756158483241e-09
9.962489345699691269e-10
-9.992121053788870203e-07
6.488415091208122562e-07
-5.801761111296519308e-08
-1.086870372680287309e-08
-2.075296307906521188e-07
1.154652356525432778e-07
7.320930734668020176e-08
-3.466517081402693301e-08
-4.802527429128082448e-09
-1.790005411708961070e-09
-1.386753771895576848e-09
9.893743797149082077e-10
-2.951211205634015409e-10
5.672425651975688306e-10
-1.770724501954875114e-10
2.461238697717240309e-07
6.996068824190685130e-07
-2.770430166670421846e-07
-1.307339019669710088e-07
1.583343702089896954e-07
2.202914068502209021e-07
1.928273260661833377e-08
-1.609417357537140943e-08
1.137498943700767105e-08
2.273843176436335293e-09
-1.643968889483303573e-09
1.041085022122505866e-09
-2.520152514025365410e-10
1.525799525394961421e-10
4.457425027611616996e-11
3.612843665464874185e-07
1.533961557638115490e-07
1.795992545050300943e-07
1.559797451188637092e-07
2.255095612493961009e-07
6.298738655330114228e-08
-1.273627629546874043e-09
-9.090401696346460368e-10
-4.912446407206431844e-09
3.663221109823398050e-09
-9.560251779332585202e-10
-2.427994043140300427e-10
-1.445296027733855745e-10
8.335716531105764586e-12
-3.554270650928481088e-12
1.560147567138004673e-05
1.875725864963230776e-05
1.608405628245698730e-05
1.346143240023313416e-05
1.053738171595996527e-05
7.950141407709101552e-06
6.289945644247600112e-06
3.765570966122505871e-06
2.479310638707372854e-06
1.508173312791924965e-06
9.064391469617224075e-07
5.523261659682340794e-07
3.501933208423865619e-07
2.301417798459397613e-07
1.555739788539119800e-07
2.077023497108921005e-06
4.642990908292972502e-06
4.071867394596482317e-06
2.637467038172789448e-06
2.752716724042869631e-06
2.191161335479325688e-06
1.651627082073959082e-06
9.542386722382189113e-07
6.452285191406758563e-07
3.846983606635453652e-07
2.304427802830978037e-07
1.386172806117185253e-07
8.722736612773742071e-08
5.651518101801441378e-08
3.754979414571619221e-08
-1.191488414101295665e-06
-4.324328263108392235e-07
-3.272062585393032915e-07
3.977982156810374773e-07
4.277591619396434409e-07
1.832258195415036708e-07
2.941479325099199482e-08
-2.603161120687930670e-08
1.218898501107487076e-08
7.301197075342044016e-09
8.019421558104732269e-10
2.619939898603534997e-09
9.160402677726012742e-10
5.571502007860071246e-10
2.718756191364358747e-10
1.314689711036278354e-06
4.198870873540487649e-07
-7.178522527171983100e-07
-4.921744291015963129e-08
2.197831291778910751e-07
1.324159301180650607e-07
-1.898103808106513997e-10
-3.010434869443673368e-08
2.825279269975643091e-09
2.320741477072289314e-09
-1.596645849260440751e-09
-1.744145231283009883e-10
-1.449369259258726377e-10
-4.073303232433732119e-11
-2.841859454579412119e-11
9.655070776888512972e-09
4.209191614434085266e-07
-6.608922643894396410e-08
1.464151219705122920e-07
7.841603958410877343e-08
5.644959801829834371e-08
6.365883266826962707e-09
-1.783236188115985811e-08
3.236376312916470351e-09
8.325576085921085818e-10
8.618027557550507021e-10
-2.630928221489027532e-10
7.173588902610996999e-11
2.140797190036590835e-10
-2.089552720529136767e-11
8.448797905994771403e-06
1.067155999821201021e-05
1.163615911678219088e-05
9.364123667849143156e-06
7.984778784369680216e-06
5.905851101317858468e-06
4.558431723570800507e-06
2.994236749348210866e-06
1.961834259485780889e-06
1.173781145413627990e-06
7.061054170703519752e-07
4.244168354714667887e-07
2.596530591321298388e-07
1.644117394576416671e-07
1.076599430117772562e-07
2.115932908295678750e-06
1.409512857709756608e-06
2.167291967459610415e-06
1.397535488465075454e-06
1.657330463502121624e-06
1.194627907206386435e-06
8.598210078941601458e-07
5.919806399396612670e-07
3.880728308648400703e-07
2.357245692524941950e-07
1.411799230395954381e-07
8.521518935219723560e-08
5.158629824759604053e-08
3.174157688353160799e-08
2.049121679171347761e-08
3.226333076903465723e-07
1.675747086998369013e-07
-5.188388339462564590e-07
-1.186587854179298992e-07
7.463642779463572196e-08
-3.109870286051376485e-08
-3.598559203110920180e-08
-1.556939603486740899e-08
7.667314921375584053e-09
3.956687918398286909e-09
-1.581852211279988786e-09
2.837376421660307779e-10
-3.387749209749138875e-10
-7.319761195286244827e-11
5.574880829387013450e-11
2.176428704327060569e-07
2.459243314161242669e-07
-1.295064286575375545e-07
1.067812081920772362e-07
-1.091017831676368995e-07
-1.845545332234933098e-08
2.641404450687507620e-09
1.150839675681765847e-08
6.541769828892296500e-09
-3.399758590877199375e-10
1.384145675674810520e-09
-1.436279221696067430e-10
2.603278212718015616e-11
1.138277668785769878e-10
3.154131784230392280e-11
5.935211141734029451e-06
5.930742425509529151e-06
6.581868132426071603e-06
5.481191397272665154e-06
5.135418849258634810e-06
3.741431941048668408e-06
2.949956537916424339e-06
2.106347658524965119e-06
1.300753541117386304e-06
8.163367399038482040e-07
4.916221788891854000e-07
2.922110985529508967e-07
1.751418297980301417e-07
1.060990189078178333e-07
6.707880180305874947e-08
5.943589164305193400e-07
6.440025154138960990e-07
2.771169179227835496e-07
5.109679174432646662e-07
6.311931464232293357e-07
4.641718316776244301e-07
3.514102497978418246e-07
2.701420953653539356e-07
1.763297079377305227e-07
1.102890811411807436e-07
6.564997840213625875e-08
3.898035144464266485e-08
2.278322864901816029e-08
1.360740349595466851e-08
8.368923301065056977e-09
-2.016698736257700159e-07
-1.113177604180344706e-07
7.930388253529348448e-08
6.813441103370010760e-08
-1.244280764835772724e-08
8.106772966849821926e-09
1.892217166874150551e-08
1.817134667517998653e-08
-2.984337797526641643e-09
-2.861327453510764724e-09
1.967642119709659888e-10
1.694260502375665928e-10
-6.721102777638943336e-11
1.551066914701165989e-12
4.766990074457470765e-11
2.179221253060705310e-06
2.861692462495781971e-06
2.720466893487346878e-06
3.207702986493054744e-06
2.726479855872974969e-06
2.139346315022408656e-06
1.626607737755870631e-06
1.250952963355400747e-06
7.535809720759129796e-07
5.024152011128681234e-07
3.033199755680603772e-07
1.743535401642250504e-07
1.012292063203886032e-07
5.911970830604041097e-08
3.550879977595181107e-08
1.315591112908681488e-07
7.099565956216673072e-09
1.546187861965931783e-07
1.833568504814874388e-07
1.576109489789270590e-07
1.480847873962240535e-07
8.221259103744427765e-08
6.558282723236593314e-08
4.478353285518981720e-08
3.138903045902891922e-08
1.821276349969840143e-08
1.073238968809631502e-08
6.009530693886312895e-09
3.507740314870231475e-09
2.011839005998115383e-09
5.331095938846403563e-07
6.632147595913951472e-07
8.275383358792643038e-07
8.225999025165823486e-07
7.547742436430573690e-07
6.517123113013885329e-07
4.678150993208862814e-07
3.661326115906281915e-07
2.550318427452645719e-07
1.592699507970381246e-07
9.586167006242805775e-08
5.691889479148593043e-08
3.257719662014850601e-08
1.851027326156217863e-08
1.047281929001691354e-08
