# bb
1.805299639691873836e-06
3.611104287016307948e-06
6.019624781119246077e-06
9.031521690036299133e-06
1.264760980068899673e-05
1.686885098363493350e-05
2.169634578440690972e-05
2.713132392264348746e-05
3.317513360858902942e-05
3.982922986803811828e-05
4.709516215366420298e-05
5.497456109894901377e-05
6.346912467057605283e-05
7.258060393809040109e-05
8.231078848085468026e-05
9.266149163787084861e-05
1.036345356637965944e-04
1.152317370761796677e-04
1.274548923330260091e-04
1.403057636816811720e-04
1.537860658259792646e-04
1.678974530452149181e-04
1.826415070300719417e-04
1.980197262580854251e-04
2.140335153738117985e-04
2.306841760944863123e-04
2.479729002459908757e-04
2.659007618631174189e-04
2.844687131992270127e-04
3.036775795354563806e-04
3.235280573212821168e-04
3.440207126488097587e-04
3.651559816881089324e-04
3.869341713868875029e-04
4.093554633298084663e-04
4.324199165648415699e-04
4.561274740948290606e-04
4.804779683367733293e-04
5.054711290006525665e-04
5.311065911397706450e-04
5.573839045992160087e-04
5.843025456691503580e-04
6.118619248736932581e-04
6.400614002528703808e-04
6.689002885102591361e-04
6.983778765809986770e-04
7.284934347906788085e-04
7.592462265814650581e-04
7.906355261622019515e-04
8.226606227733462536e-04
8.553208373078636855e-04
8.886155311706573062e-04
9.225441187796771430e-04
9.571060752509990026e-04
9.923009469183477656e-04
1.028128359254444884e-03
1.064588024938859998e-03
1.101679749776103123e-03
1.139403438478261065e-03
1.177759099655664374e-03
1.216746849765890353e-03
1.256366914874375990e-03
1.296619633896561050e-03
1.337505457954333427e-03
1.379024950957871655e-03
1.421178788535640801e-03
1.463967757152566168e-03
1.507392749322360647e-03
1.551454763088261921e-03
1.596154896916572499e-03
1.641494345822119925e-03
1.687474395251970264e-03
1.734096420127780296e-03
1.781361875579534409e-03
1.829272293697544426e-03
1.877829278526563055e-03
1.927034501301550830e-03
1.976889694700395203e-03
2.027396650123480543e-03
2.078557212305884219e-03
2.130373276654899586e-03
2.182846786895359641e-03
2.235979732495187253e-03
2.289774147618536815e-03
2.344232110234142040e-03
2.399355742625330738e-03
2.455147213316206251e-03
2.511608738005259578e-03
2.568742583420744602e-03
2.626551070020782981e-03
2.685036578164676745e-03
2.744201552217370287e-03
2.804048507739452436e-03
2.864580037416298176e-03
2.925798819181678508e-03
2.987707624508108457e-03
3.050309326100305359e-03
3.113606907224767632e-03
3.177603471058841871e-03
3.242302248773350735e-03
3.307706609869147038e-03
3.373820070356062586e-03
3.440646301883507670e-03
3.508189139756629979e-03
3.576452590976854189e-03
3.645440840911823906e-03
3.715158260648135976e-03
3.785609411199066226e-03
3.856799048970689647e-03
3.928732128258636234e-03
4.001413803939850994e-03
4.074849432259801049e-03
4.149044569893360103e-03
4.224004972414781463e-03
4.299736590612756801e-03
4.376245565564251642e-03
4.453538222590195349e-03
4.531621062557184693e-03
4.610500752962072048e-03
4.690184116664842737e-03
4.770678119474848836e-03
4.851989856443037277e-03
4.934126536601268244e-03
5.017095466673383158e-03
5.100904033619753537e-03
5.185559685691004152e-03
5.271069913766530945e-03
5.357442230190865955e-03
5.444684148597337542e-03
5.532803162418161586e-03
5.621806723278859573e-03
5.711702218555753281e-03
5.802496950041918268e-03
5.894198112464511460e-03
5.986812771474314329e-03
6.080347842462002772e-03
6.174810070748368296e-03
6.270206011757518093e-03
6.366542011694609031e-03
6.463824190527866012e-03
6.562058424929548966e-03
6.661250333073197132e-03
6.761405260240841743e-03
6.862528266406255247e-03
6.964624113880572495e-03
7.067697262754899824e-03
7.171751854601663388e-03
7.276791712080813920e-03
7.382820332127532949e-03
7.489840882907440947e-03
7.597856201732867444e-03
7.706868794940461079e-03
7.816880839422946092e-03
7.927894184528709587e-03
8.039910356312634718e-03
8.152930562347296406e-03
8.266955697537693715e-03
8.381986351363205148e-03
8.498022815349507569e-03
8.615065091331690350e-03
8.733112900582302648e-03
8.852165692815253464e-03
8.972222655306623385e-03
9.093282722659442111e-03
9.215344585347567605e-03
9.338406699481027404e-03
9.462467294487663869e-03
9.587524381341706523e-03
9.713575759451541919e-03
9.840619023436501106e-03
9.968651568002475163e-03
1.009767059177972028e-02
1.022767310128423930e-02
1.035865591196589476e-02
1.049061564894076919e-02
1.062354874624798010e-02
1.075745144425608452e-02
1.089231978621219878e-02
1.102814961307513678e-02
1.116493655753239903e-02
1.130267603567283209e-02
1.144136323834811335e-02
1.158099312063050508e-02
1.172156039123766272e-02
1.186305949938370324e-02
1.200548462255505468e-02
1.214882965167710625e-02
1.229308817738781340e-02
1.243825347490072619e-02
1.258431848879915799e-02
1.273127581755328225e-02
1.287911769859976033e-02
1.302783599339513328e-02
1.317742217247261198e-02
1.332786730171527968e-02
1.347916202915076800e-02
1.363129657263414778e-02
1.378426070871933799e-02
1.393804376263786844e-02
1.409263459994687835e-02
1.424802161941846751e-02
1.440419274764284316e-02
1.456113543547283250e-02
1.471883665635688454e-02
1.487728290620048827e-02
1.503646020600027736e-02
1.519635410543687670e-02
1.535694968928555566e-02
1.551823158546163962e-02
1.568018397518253573e-02
1.584279060520918728e-02
1.600603480164785805e-02
1.616989948565826507e-02
1.633436719157053962e-02
1.649942008533163487e-02
1.666503998566840408e-02
1.683120838577887787e-02
1.699790647682393810e-02
1.716511517171375942e-02
1.733281513066704457e-02
1.750098678668249655e-02
1.766961037196724052e-02
1.783866594419547882e-02
1.800813341342549084e-02
1.817799256867229027e-02
1.834822310398428677e-02
1.851880464438952767e-02
1.868971677103480750e-02
1.886093904552016073e-02
1.903245103326598603e-02
1.920423232583253967e-02
1.937626256152919640e-02
1.954852144527888594e-02
1.972098876669867856e-02
1.989364441616760931e-02
2.006646839989335851e-02
2.023944085268882323e-02
2.041254204959873017e-02
2.058575241493384653e-02
2.075905253026633437e-02
2.093242314017705608e-02
2.110584515660045291e-02
2.127929966140885282e-02
2.145276790721773949e-02
2.162623131713941119e-02
2.179967148280426842e-02
2.197307016134647170e-02
2.214640927111233976e-02
2.231967088678606104e-02
2.249283723326801418e-02
2.266589067943720892e-02
2.283881373104585874e-02
2.301158902375255791e-02
2.318419931593360128e-02
2.335662748152384297e-02
2.352885650347288568e-02
2.370086946749399778e-02
2.387264955648564502e-02
2.404418004631582104e-02
2.421544430139926235e-02
2.438642577302617756e-02
2.455710799773789740e-02
2.472747459780265736e-02
2.489750928315166006e-02
2.506719585439257103e-02
2.523651820812695262e-02
2.540546034409992340e-02
2.557400637328407014e-02
2.574214052852458190e-02
2.590984717686795058e-02
2.607711083323643181e-02
2.624391617605612015e-02
2.641024806457495377e-02
2.657609155755051231e-02
2.674143193345777589e-02
2.690625471181670031e-02
2.707054567610631818e-02
2.723429089698815864e-02
2.739747675721290743e-02
2.756008997651840028e-02
2.772211763704908113e-02
2.788354720970694783e-02
2.804436657948514849e-02
2.820456407171331725e-02
2.836412847718004088e-02
2.852304907719915503e-02
2.868131566774805713e-02
2.883891858255642135e-02
2.899584871523664190e-02
2.915209753993525457e-02
2.930765713125537547e-02
2.946252017906554957e-02
2.961668000831154182e-02
2.977013059044410909e-02
2.992286655557716349e-02
3.007488320237362844e-02
3.022617650541526216e-02
3.037674312083143979e-02
3.052658038883042727e-02
3.067568633481330964e-02
3.082405966740611736e-02
3.097169977508310371e-02
3.111860672005997697e-02
3.126478123024070688e-02
3.141022468896433745e-02
3.155493912327868994e-02
3.169892719016479538e-02
3.184219216094938409e-02
3.198473790485189400e-02
3.212656887045933773e-02
3.226769006659818001e-02
3.240810704246355201e-02
3.254782586659281385e-02
3.268685310552062184e-02
3.282519580188787700e-02
3.296286145308830601e-02
3.309985798923659878e-02
3.323619375211653293e-02
3.337187747420752165e-02
3.350691825859856282e-02
3.364132555960956672e-02
3.377510916471135327e-02
3.390827917728286844e-02
3.404084600117426168e-02
3.417282032617891679e-02
3.430421311530627154e-02
3.443503559374427869e-02
3.456529923940800109e-02
3.469501577526870606e-02
3.482419716331096315e-02
3.495285560032578009e-02
3.508100351561275337e-02
3.520865356981266875e-02
3.533581865599055155e-02
3.546251190204723069e-02
3.558874667417031429e-02
3.571453658205273052e-02
3.583989548531028163e-02
3.596483750053159484e-02
3.608937700951637267e-02
3.621352866789293024e-02
3.633730741473324699e-02
3.646072848182727727e-02
3.658380740360264727e-02
3.670656002659020839e-02
3.682900251866428470e-02
3.695115137801818078e-02
3.707302344082900186e-02
3.719463588884309307e-02
3.731600625507616731e-02
3.743715242887157152e-02
3.755809265899808652e-02
3.767884555573237926e-02
3.779943009058159969e-02
3.791986559476467900e-02
3.804017175524396221e-02
3.816036860916945106e-02
3.828047653586118954e-02
3.840051624697864152e-02
3.852050877434288340e-02
3.864047545558321750e-02
3.876043791786604881e-02
3.888041805928082323e-02
3.900043802846685226e-02
3.912052020215465997e-02
3.924068716079382596e-02
3.936096166280043246e-02
3.948136661694131438e-02
3.960192505355372705e-02
3.972266009431508343e-02
3.984359492114811219e-02
3.996475274435840053e-02
4.008615676958648955e-02
4.020783016544365179e-02
4.032979602970159644e-02
4.045207735623251866e-02
4.057469700223560044e-02
4.069767765539500370e-02
4.082104180207955790e-02
4.094481169648327146e-02
4.106900933050729174e-02
4.119365640524434713e-02
4.131877430360352682e-02
4.144438406473307385e-02
4.157050636005071159e-02
4.169716147120682004e-02
4.182436926999306276e-02
4.195214920025201744e-02
4.208052026216744373e-02
4.220950099826419055e-02
4.233910948204048369e-02
4.246936330867872450e-02
4.260027958768534267e-02
4.273187493810248067e-02
4.286416548537690108e-02
4.299716686058476650e-02
4.313089420124215090e-02
4.326536215419637260e-02
4.340058487987598357e-02
4.353657605814897913e-02
4.367334889544662035e-02
4.381091613331258156e-02
4.394929005739899724e-02
4.408848250757516074e-02
4.422850488858076634e-02
4.436936818078512229e-02
4.451108295148976240e-02
4.465365936571737832e-02
4.479710719701779364e-02
4.494143583775286888e-02
4.508665430869761986e-02
4.523277126774601781e-02
4.537979501769554003e-02
4.552773351300109378e-02
4.567659436471699363e-02
4.582638484465962475e-02
4.597711188754061151e-02
4.612878209171424049e-02
4.628140171814441872e-02
4.643497668760334512e-02
4.658951257614756675e-02
4.674501460889304155e-02
4.690148765174357443e-02
4.705893620162975022e-02
4.721736437530875408e-02
4.737677589584680243e-02
4.753717407847565801e-02
4.769856181444942500e-02
4.786094155404698597e-02
4.802431528827111329e-02
4.818868452970433841e-02
4.835405029272310529e-02
4.852041307299764794e-02
4.868777282673848739e-02
4.885612894987018812e-02
4.902548025716598618e-02
4.919582496157766383e-02
4.936716065436073247e-02
4.953948428558734018e-02
4.971279214573260524e-02
4.988707984833865017e-02
5.006234231399750434e-02
5.023857375572694101e-02
5.041576766614817157e-02
5.059391680634964944e-02
5.077301319671074370e-02
5.095304810979927462e-02
5.113401206540454935e-02
5.131589482788244394e-02
5.149868540585948035e-02
5.168237205405935147e-02
5.186694227771487808e-02
5.205238283922215825e-02
5.223867976726269402e-02
5.242581836814310531e-02
5.261378323926316214e-02
5.280255828507424837e-02
5.299212673452916716e-02
5.318247116095266985e-02
5.337357350342787632e-02
5.356541508973741011e-02
5.375797666112604872e-02
5.395123839767338586e-02
5.414517994534821799e-02
5.433978044358917653e-02
5.453501855360382705e-02
5.473087248707658031e-02
5.492732003519410627e-02
5.512433859754766602e-02
5.532190521095155245e-02
5.551999657777643288e-02
5.571858909369255958e-02
5.591765887459220624e-02
5.611718178262915108e-02
5.631713345090644945e-02
5.651748930705407375e-02
5.671822459532262911e-02
5.691931439700510104e-02
5.712073364943520692e-02
5.732245716289267184e-02
5.752445963612255742e-02
5.772671566970710016e-02
5.792919977762329975e-02
5.813188639708957023e-02
5.833474989634791774e-02
5.853776458089851586e-02
5.874090469784951779e-02
5.894414443867222048e-02
5.914745794032600507e-02
5.935081928514154836e-02
5.955420249925933579e-02
5.975758154997849736e-02
5.996093034226931962e-02
6.016422271414586381e-02
6.036743243185289931e-02
6.057053318425123511e-02
6.077349857732394778e-02
6.097630212832799712e-02
6.117891726031763483e-02
6.138131729706060302e-02
6.158347545828281311e-02
6.178536485600761435e-02
6.198695849148846276e-02
6.218822925355305120e-02
6.238914991795521670e-02
6.258969314831389075e-02
6.278983149847575107e-02
6.298953741665017092e-02
6.318878325125200368e-02
6.338754125841596088e-02
6.358578361170609539e-02
6.378348241365408566e-02
6.398060970904251299e-02
6.417713750033167408e-02
6.437303776502756314e-02
6.456828247487775285e-02
6.476284361680388624e-02
6.495669321571577448e-02
6.514980335875211748e-02
6.534214622129967676e-02
6.553369409411276270e-02
6.572441941174045343e-02
6.591429478209234749e-02
6.610329301676381997e-02
6.629138716202803705e-02
6.647855053040759021e-02
6.666475673239015409e-02
6.684997970831807468e-02
6.703419376001990004e-02
6.721737358238155657e-02
6.739949429391771385e-02
6.758053146691306301e-02
6.776046115653815149e-02
6.793925992860862240e-02
6.811690488641188035e-02
6.829337369564822402e-02
6.846864460799315100e-02
6.864269648282200764e-02
6.881550880691365835e-02
6.898706171226537398e-02
6.915733599179459123e-02
6.932631311297807186e-02
6.949397522909962766e-02
6.966030518838932373e-02
6.982528654112739319e-02
6.998890354415096549e-02
7.015114116356170604e-02
7.031198507519380303e-02
7.047142166292970356e-02
7.062943801541518574e-02
7.078602192049622543e-02
7.094116185851107037e-02
7.109484699365271887e-02
7.124706716398837569e-02
7.139781287046256808e-02
7.154707526474546331e-02
7.169484613610514756e-02
7.184111789800004533e-02
7.198588357366371426e-02
7.212913678199049661e-02
7.227087172292202821e-02
7.241108316317622362e-02
7.254976642232326134e-02
7.268691735910513818e-02
7.282253235878628772e-02
7.295660832095732240e-02
7.308914264859564525e-02
7.322013323829604237e-02
7.334957847129323916e-02
7.347747720647604397e-02
7.360382877430195203e-02
7.372863297250008274e-02
7.385189006320862226e-02
7.397360077182087157e-02
7.409376628734491710e-02
7.421238826424801649e-02
7.432946882618192419e-02
7.444501057079729034e-02
7.455901657635567725e-02
7.467149040959870920e-02
7.478243613467051853e-02
7.489185832356790029e-02
7.499976206721879757e-02
7.510615298765926928e-02
7.521103725084059277e-02
7.531442157984788444e-02
7.541631326866564400e-02
7.551672019591336438e-02
7.561565083879506766e-02
7.571311428661797738e-02
7.580912025394108411e-02
7.590367909328643581e-02
7.599680180676617047e-02
7.608850005709699715e-02
7.617878617722835533e-02
7.626767317873588137e-02
7.635517475882659666e-02
7.644130530555656722e-02
7.652607990152673900e-02
7.660951432570911601e-02
7.669162505321235057e-02
7.677242925317465105e-02
7.685194478451649880e-02
7.693019018965661926e-02
7.700718468595260657e-02
7.708294815525496002e-02
7.715750113112840314e-02
7.723086478409636746e-02
7.730306090491803617e-02
7.737411188589535249e-02
7.744404070032362419e-02
7.751287088028248340e-02
7.758062649268426814e-02
7.764733211404085955e-02
7.771301280389092403e-02
7.777769407691320636e-02
7.784140187437764424e-02
7.790416253455186013e-02
7.796600276274658070e-02
7.802694960066232366e-02
7.808703039592775064e-02
7.814627277138058714e-02
7.820470459450495904e-02
7.826235394744815443e-02
7.831924909743212537e-02
7.837541846804736700e-02
7.843089061134055073e-02
7.848569418096716654e-02
7.853985790669881784e-02
7.859341057004598508e-02
7.864638098160177393e-02
7.869879795974527026e-02
7.875069031095520422e-02
7.880208681203257348e-02
7.885301619382602267e-02
7.890350712686321211e-02
7.895358820876621775e-02
7.900328795331401643e-02
7.905263478136069499e-02
7.910165701336527300e-02
7.915038286350609131e-02
7.919884043544044017e-02
7.924705771929241305e-02
7.929506259022954529e-02
7.934288280787894776e-02
7.939054601721115545e-02
7.943807974982726450e-02
7.948551142640204736e-02
7.953286835944597954e-02
7.958017775647321934e-02
7.962746672355944244e-02
7.967476226866133937e-02
7.972209130507147690e-02
7.976948065435837676e-02
7.981695704890795495e-02
7.986454713380189419e-02
7.991227746788076569e-02
7.996017452387151059e-02
8.000826468739366537e-02
8.005657425477001599e-02
8.010512942954813032e-02
8.015395631757428474e-02
8.020308092048096527e-02
8.025252912784544557e-02
8.030232670753272017e-02
8.035249929447274564e-02
8.040307237785658534e-02
8.045407128671615282e-02
8.050552117386156059e-02
8.055744699822475763e-02
8.060987350586540368e-02
8.066282520948654666e-02
8.071632636669441585e-02
8.077040095701712441e-02
8.082507265799317164e-02
8.088036482016880413e-02
8.093630044147823166e-02
8.099290214101211027e-02
8.105019213225402031e-02
8.110819219613471520e-02
8.116692365409361454e-02
8.122640734103779570e-02
8.128666357884929694e-02
8.134771215012014112e-02
8.140957227272388463e-02
8.147226257519799009e-02
8.153580107299493451e-02
8.160020514605638431e-02
8.166549151763009828e-02
8.173167623452783082e-02
8.179877464899208694e-02
8.186680140221912205e-02
8.193577040971063152e-02
8.200569484845457446e-02
8.207658714612396655e-02
8.214845897214043124e-02
8.222132123088769784e-02
8.229518405683550197e-02
8.237005681172034077e-02
8.244594808374197670e-02
8.252286568876592010e-02
8.260081667321036991e-02
8.267980731903051828e-02
8.275984315021155113e-02
8.284092894096885262e-02
8.292306872545862628e-02
8.300626580882938810e-02
8.309052277944689591e-02
8.317584152229894057e-02
8.326222323321301466e-02
8.334966843387352220e-02
8.343817698741332056e-02
8.352774811432335522e-02
8.361838040870230027e-02
8.371007185444206966e-02
8.380281984148588159e-02
8.389662118151096359e-02
8.399147212344777735e-02
8.408736836829354411e-02
8.418430508314971028e-02
8.428227691450239367e-02
8.438127800035222226e-02
8.448130198154085724e-02
8.458234201156250576e-02
8.468439076541710298e-02
8.478744044693339865e-02
8.489148279493570481e-02
8.499650908786822445e-02
8.510251014711969764e-02
8.520947633901987395e-02
8.531739757535360125e-02
8.542626331272480666e-02
8.553606255060892949e-02
8.564678382819304603e-02
8.575841522025046126e-02
8.587094433192062060e-02
8.598435829276356024e-02
8.609864375001807790e-02
8.621378686122155299e-02
8.632977328655902505e-02
8.644658818072006867e-02
8.656421618474278989e-02
8.668264141793409483e-02
8.680184746980491861e-02
8.692181739264148721e-02
8.704253369429316989e-02
8.716397833192464362e-02
8.728613270639777599e-02
8.740897765776206585e-02
8.753249346179411972e-02
8.765665982783704679e-02
8.778145589799107862e-02
8.790686024779184593e-02
8.803285088838314065e-02
8.815940527050876441e-02
8.828650029000371935e-02
8.841411229512419201e-02
8.854221709578910526e-02
8.867078997436639298e-02
8.879980569847775729e-02
8.892923853537391954e-02
8.905906226832868700e-02
8.918925021433289635e-02
8.931977524372708421e-02
8.945060980123337169e-02
8.958172592832187864e-02
8.971309528706811198e-02
8.984468918504343038e-02
8.997647860138595355e-02
9.010843421369915673e-02
9.024052642568683447e-02
9.037272539545253280e-02
9.050500106418697677e-02
9.063732318512800201e-02
9.076966135260983171e-02
9.090198503100606342e-02
9.103426358358052140e-02
9.116646630065318446e-02
9.129856242743128458e-02
9.143052119110063602e-02
9.156231182690639792e-02
9.169390360337521806e-02
9.182526584642192180e-02
9.195636796215281294e-02
9.208717945832944896e-02
9.221766996451835618e-02
9.234780925066318757e-02
9.247756724416765495e-02
9.260691404541714078e-02
9.273581994172076792e-02
9.286425541952099405e-02
9.299219117522598832e-02
9.311959812429462802e-02
9.324644740894710848e-02
9.337271040434114155e-02
9.349835872335354736e-02
9.362336422010787695e-02
9.374769899228661829e-02
9.387133538236037966e-02
9.399424597781756707e-02
9.411640361061700266e-02
9.423778135587378146e-02
9.435835253004465351e-02
9.447809068867303595e-02
9.459696962385623353e-02
9.471496336169818453e-02
9.483204615970941553e-02
9.494819250443041481e-02
9.506337710942816543e-02
9.517757491374460865e-02
9.529076108096393161e-02
9.540291099904664451e-02
9.551400028101654505e-02
9.562400476656163217e-02
9.573290052471485068e-02
9.584066385780186381e-02
9.594727130638588952e-02
9.605269965556612055e-02
9.615692594267395699e-02
9.625992746607646422e-02
9.636168179551725388e-02
9.646216678364932795e-02
9.656136057886925694e-02
9.665924163943266645e-02
9.675578874881234082e-02
9.685098103204622944e-02
9.694479797330256277e-02
9.703721943424392649e-02
9.712822567332897450e-02
9.721779736579382047e-02
9.730591562421161966e-02
9.739256201958883252e-02
9.747771860261747467e-02
9.756136792530151203e-02
9.764349306235896309e-02
9.772407763274039427e-02
9.780310582057286095e-02
9.788056239587646090e-02
9.795643273454510136e-02
9.803070283760186021e-02
9.810335934961111892e-02
9.817438957594432081e-02
9.824378149895683643e-02
9.831152379293825461e-02
9.837760583752096222e-02
9.844201772978895815e-02
9.850475029463449939e-02
9.856579509367927039e-02
9.862514443232975325e-02
9.868279136524951700e-02
9.873872969993591209e-02
9.879295399869154892e-02
9.884545957874413258e-02
9.889624251065336213e-02
9.894529961504018589e-02
9.899262845767757557e-02
9.903822734297672292e-02
9.908209530599632053e-02
9.912423210306461896e-02
9.916463820107920824e-02
9.920331476562718742e-02
9.924026364805146883e-02
9.927548737154713587e-02
9.930898911655161587e-02
9.934077270539160009e-02
9.937084258647470303e-02
9.939920381811211125e-02
9.942586205215431239e-02
9.945082351755425709e-02
9.947409500406856342e-02
9.949568384609860927e-02
9.951559790700646724e-02
9.953384556383772230e-02
9.955043569273955284e-02
9.956537765511254412e-02
9.957868128450995948e-02
9.959035687463470288e-02
9.960041516816746376e-02
9.960886734674281873e-02
9.961572502210427893e-02
9.962100022832480473e-02
9.962470541526026457e-02
9.962685344322029513e-02
9.962745757875729469e-02
9.962653149168723687e-02
9.962408925318097519e-02
9.962014533496904578e-02
9.961471460958143398e-02
9.960781235144855472e-02
9.959945423892299643e-02
9.958965635707943409e-02
9.957843520102320489e-02
9.956580767991257686e-02
9.955179112121505247e-02
9.953640327533314069e-02
9.951966232039693994e-02
9.950158686692588128e-02
9.948219596250527930e-02
9.946150909606840673e-02
9.943954620185038729e-02
9.941632766275569633e-02
9.939187431298722453e-02
9.936620743999778627e-02
9.933934878538848434e-02
9.931132054486038752e-02
9.928214536701643333e-02
9.925184635086616025e-02
9.922044704214937061e-02
9.918797142819003876e-02
9.915444393138769796e-02
9.911988940120762537e-02
9.908433310472605782e-02
9.904780071568976274e-02
9.901031830196699302e-02
9.897191231169476244e-02
9.893260955785217192e-02
9.889243720149243355e-02
9.885142273365592203e-02
9.880959395595050043e-02
9.876697896006930710e-02
9.872360610610347864e-02
9.867950399993324906e-02
9.863470146980402031e-02
9.858922754209491213e-02
9.854311141654611972e-02
9.849638244095956785e-02
9.844907008563290318e-02
9.840120391762263719e-02
9.835281357487385412e-02
9.830392874057279629e-02
9.825457911765045349e-02
9.820479440382925973e-02
9.815460426701747010e-02
9.810403832147764069e-02
9.805312610478099378e-02
9.800189705558108588e-02
9.795038049249561729e-02
9.789860559399485296e-02
9.784660137950292047e-02
9.779439669179498806e-02
9.774202018065594744e-02
9.768950028794358420e-02
9.763686523399625616e-02
9.758414300545045772e-02
9.753136134454858108e-02
9.747854773976191711e-02
9.742572941783447793e-02
9.737293333715449362e-02
9.732018618243909458e-02
9.726751436065381173e-02
9.721494399802804720e-02
9.716250093823171341e-02
9.711021074141737430e-02
9.705809868425470388e-02
9.700618976063565824e-02
9.695450868302446512e-02
9.690307988441412834e-02
9.685192752054160026e-02
9.680107547244683197e-02
9.675054734917339083e-02
9.670036649043871335e-02
9.665055596914820524e-02
9.660113859370124401e-02
9.655213690993337539e-02
9.650357320253633020e-02
9.645546949587048557e-02
9.640784755414352758e-02
9.636072888070471021e-02
9.631413471657603032e-02
9.626808603797569475e-02
9.622260355287504119e-02
9.617770769651493024e-02
9.613341862582867881e-02
9.608975621279521040e-02
9.604674003669862181e-02
9.600438937527902561e-02
9.596272319483464819e-02
9.592176013925889089e-02
9.588151851812594384e-02
9.584201629384571375e-02
9.580327106788408265e-02
9.576530006635722292e-02
9.572812012479098298e-02
9.569174767237684232e-02
9.565619871577847599e-02
9.562148882246411519e-02
9.558763310398088464e-02
9.555464619890961797e-02
9.552254225603644400e-02
9.549133491752755110e-02
9.546103730249175245e-02
9.543166199087593782e-02
9.540322100797425653e-02
9.537572580950480494e-02
9.534918726759249175e-02
9.532361565752134336e-02
9.529902064563117170e-02
9.527541127820553235e-02
9.525279597159594380e-02
9.523118250361307935e-02
9.521057800624944945e-02
9.519098895983429953e-02
9.517242118854016275e-02
9.515487985744065791e-02
9.513836947097790986e-02
9.512289387299523169e-02
9.510845624820837840e-02
9.509505912509390313e-02
9.508270438028415539e-02
9.507139324426003291e-02
9.506112630841979938e-02
9.505190353334515285e-02
9.504372425823390258e-02
9.503658721147878463e-02
9.503049052209812386e-02
9.502543173214755834e-02
9.502140780982458457e-02
9.501841516318985936e-02
9.501644965448849400e-02
9.501550661474834902e-02
9.501558085872817416e-02
9.501666669996533532e-02
9.501875796579584144e-02
9.502184801228616418e-02
9.502592973898109363e-02
9.503099560320811545e-02
9.503703763393758774e-02
9.504404744518982207e-02
9.505201624862417986e-02
9.506093486547388671e-02
9.507079373771412656e-02
9.508158293826338148e-02
9.509329218028596264e-02
9.510591082554102627e-02
9.511942789176487667e-02
9.513383205895402372e-02
9.514911167470627151e-02
9.516525475854183125e-02
9.518224900525977528e-02
9.520008178725168635e-02
9.521874015604693542e-02
9.523821084294444017e-02
9.525848025884053882e-02
9.527953449341763914e-02
9.530135931368170776e-02
9.532394016198349196e-02
9.534726215358832468e-02
9.537131007400033444e-02
9.539606837606134926e-02
9.542152117688242063e-02
9.544765225491319560e-02
9.547444504706396884e-02
9.550188264616017719e-02
9.552994779868330399e-02
9.555862290313955898e-02
9.558789000880532627e-02
9.561773081538801899e-02
9.564812667332274476e-02
9.567905858504391348e-02
9.571050720713282500e-02
9.574245285355185986e-02
9.577487549993933535e-02
9.580775478904499098e-02
9.584107003733811914e-02
9.587480024282506175e-02
9.590892409407399122e-02
9.594341998041380770e-02
9.597826600346928694e-02
9.601343998971845206e-02
9.604891950430620440e-02
9.608468186592279692e-02
9.612070416275575457e-02
9.615696326937260563e-02
9.619343586456474693e-02
9.623009844997429396e-02
9.626692736947560503e-02
9.630389882909110022e-02
9.634098891755112082e-02
9.637817362716349923e-02
9.641542887498534553e-02
9.645273052416374060e-02
9.649005440535821099e-02
9.652737633800195782e-02
9.656467215144930172e-02
9.660191770575303483e-02
9.663908891206209051e-02
9.667616175244779508e-02
9.671311229907271489e-02
9.674991673267432923e-02
9.678655136016865723e-02
9.682299263134494516e-02
9.685921715462610104e-02
9.689520171176316254e-02
9.693092327136235142e-02
9.696635900141198361e-02
9.700148628051410982e-02
9.703628270804878775e-02
9.707072611304204401e-02
9.710479456196195736e-02
9.713846636526703160e-02
9.717172008284488682e-02
9.720453452843325071e-02
9.723688877288778898e-02
9.726876214654790742e-02
9.730013424063108096e-02
9.733098490792750634e-02
9.736129426256531771e-02
9.739104267925141611e-02
9.742021079194579380e-02
9.744877949205710266e-02
9.747672992623100663e-02
9.750404349410654592e-02
9.753070184565634793e-02
9.755668687873761402e-02
9.758198073663512662e-02
9.760656580577133090e-02
9.763042471376018328e-02
9.765354032779474669e-02
9.767589575357686626e-02
9.769747433472616982e-02
9.771825965287775362e-02
9.773823552842410278e-02
9.775738602211223038e-02
9.777569543735799285e-02
9.779314832337390739e-02
9.780972947930523242e-02
9.782542395912606492e-02
9.784021707743754959e-02
9.785409441621074900e-02
9.786704183229040510e-02
9.787904546587478105e-02
9.789009174966314952e-02
9.790016741881019113e-02
9.790925952153647915e-02
9.791735543039722933e-02
9.792444285407357618e-02
9.793050984958084904e-02
9.793554483491170859e-02
9.793953660191395683e-02
9.794247432936173392e-02
9.794434759605036289e-02
9.794514639387842669e-02
9.794486114082356920e-02
9.794348269357587566e-02
9.794100235989672276e-02
9.793741191048520311e-02
9.793270359021415128e-02
9.792687012880393893e-02
9.791990475072780142e-02
9.791180118416260847e-02
9.790255366919788094e-02
9.789215696489472762e-02
9.788060635543635590e-02
9.786789765505825300e-02
9.785402721193246778e-02
9.783899191081731062e-02
9.782278917455190792e-02
9.780541696430496146e-02
9.778687377864206387e-02
9.776715865147010687e-02
9.774627114864459232e-02
9.772421136358597216e-02
9.770097991178838814e-02
9.767657792418314722e-02
9.765100703961980544e-02
9.762426939642429580e-02
9.759636762308612767e-02
9.756730482820932804e-02
9.753708458977035367e-02
9.750571094392813942e-02
9.747318837321251872e-02
9.743952179441818517e-02
9.740471654628038434e-02
9.736877837688936999e-02
9.733171343113435070e-02
9.729352823815852480e-02
9.725422969894104153e-02
9.721382507416813368e-02
9.717232197236073954e-02
9.712972833852800969e-02
9.708605244316120819e-02
9.704130287197298976e-02
9.699548851613623568e-02
9.694861856327771643e-02
9.690070248913666695e-02
9.685175005006461946e-02
9.680177127629946421e-02
9.675077646602400772e-02
9.669877618024291799e-02
9.664578123855509240e-02
9.659180271563606868e-02
9.653685193848676738e-02
9.648094048456790084e-02
9.642408018047995966e-02
9.636628310131134523e-02
9.630756157072284385e-02
9.624792816135119278e-02
9.618739569584024152e-02
9.612597724811021427e-02
9.606368614506424763e-02
9.600053596831044367e-02
9.593654055613910769e-02
9.587171400548173683e-02
9.580607067380193798e-02
9.573962518078238393e-02
9.567239240976380121e-02
9.560438750888698711e-02
9.553562589173865416e-02
9.546612323749022189e-02
9.539589549048588246e-02
9.532495885912557754e-02
9.525332981402669097e-02
9.518102508539821871e-02
9.510806165959310998e-02
9.503445677476848874e-02
9.496022791564071031e-02
9.488539280736452142e-02
9.480996940836311504e-02
9.473397590230067666e-02
9.465743068910242863e-02
9.458035237504186510e-02
9.450275976193708849e-02
9.442467183550441734e-02
9.434610775287712026e-02
9.426708682936900396e-02
9.418762852452483569e-02
9.410775242763930182e-02
9.402747824254571729e-02
9.394682577202748130e-02
9.386581490187340115e-02
9.378446558453794324e-02
9.370279782264828716e-02
9.362083165235038362e-02
9.353858712669449460e-02
9.345608429901981762e-02
9.337334320649408326e-02
9.329038385400981181e-02
9.320722619835879186e-02
9.312389013278078720e-02
9.304039547211312433e-02
9.295676193849862490e-02
9.287300914772655958e-02
9.278915659626653378e-02
9.270522364918418190e-02
9.262122952872030301e-02
9.253719330384033159e-02
9.245313388062055548e-02
9.236906999354885239e-02
9.228502019769239950e-02
9.220100286190609229e-02
9.211703616279887097e-02
9.203313807966444215e-02
9.194932639030678478e-02
9.186561866764422768e-02
9.178203227714747114e-02
9.169858437494661507e-02
9.161529190672113021e-02
9.153217160713489342e-02
9.144923999984423679e-02
9.136651339801840632e-02
9.128400790521931651e-02
9.120173941664330708e-02
9.111972362053759322e-02
9.103797599989858769e-02
9.095651183410141671e-02
9.087534620061256396e-02
9.079449397661946974e-02
9.071396984041572853e-02
9.063378827263714188e-02
9.055396355711123335e-02
9.047450978140111899e-02
9.039544083681168296e-02
9.031677041798974459e-02
9.023851202194725640e-02
9.016067894650070524e-02
9.008328428810849497e-02
9.000634093908917166e-02
8.992986158412966113e-02
8.985385869620091115e-02
8.977834453177568896e-02
8.970333112546992338e-02
8.962883028394087737e-02
8.955485357926139256e-02
8.948141234176811010e-02
8.940851765231529191e-02
8.933618033406492964e-02
8.926441094391351916e-02
8.919321976350372272e-02
8.912261679000288428e-02
8.905261172660741686e-02
8.898321397297248581e-02
8.891443261555158351e-02
8.884627641790311670e-02
8.877875381118603693e-02
8.871187288477026811e-02
8.864564137711627989e-02
8.858006666700879439e-02
8.851515576517886286e-02
8.845091530644393074e-02
8.838735154236214420e-02
8.832447033452897611e-02
8.826227714855294781e-02
8.820077704874965119e-02
8.813997469363726855e-02
8.807987433214883866e-02
8.802047980084144740e-02
8.796179452186632386e-02
8.790382150183957688e-02
8.784656333160639763e-02
8.779002218691496495e-02
8.773419982995030175e-02
8.767909761173911520e-02
8.762471647536959618e-02
8.757105696006384221e-02
8.751811920596384853e-02
8.746590295964566664e-02
8.741440758033766634e-02
8.736363204670823113e-02
8.731357496424443920e-02
8.726423457299235797e-02
8.721560875585691874e-02
8.716769504713128836e-02
8.712049064133525755e-02
8.707399240221115611e-02
8.702819687184092101e-02
8.698310027975161840e-02
8.693869855204057473e-02
8.689498732032981121e-02
8.685196193060459868e-02
8.680961745165818866e-02
8.676794868342094236e-02
8.672695016475719110e-02
8.668661618093020937e-02
8.664694077056650512e-02
8.660791773213452616e-02
8.656954062988353460e-02
8.653180279924978235e-02
8.649469735168976992e-02
8.645821717887396118e-02
8.642235495639630227e-02
8.638710314684337754e-02
8.635245400232825774e-02
8.631839956647847922e-02
8.628493167594337987e-02
8.625204196135138890e-02
8.621972184795477501e-02
8.618796255576620380e-02
8.615675509941510268e-02
8.612609028774649567e-02
8.609595872316315457e-02
8.606635080079415301e-02
8.603725670763674727e-02
8.600866642160892583e-02
8.598056971067556675e-02
8.595295613204326224e-02
8.592581503159708867e-02
8.589913554353542646e-02
8.587290659026597384e-02
8.584711688275899200e-02
8.582175492123153560e-02
8.579680899634387070e-02
8.577226719092541363e-02
8.574811738218496293e-02
8.572434724459877808e-02
8.570094425338929678e-02
8.567789568859876526e-02
8.565518863990857767e-02
8.563281001208064569e-02
8.561074653100657350e-02
8.558898475056347932e-02
8.556751106000873297e-02
8.554631169202402130e-02
8.552537273139672325e-02
8.550468012422279829e-02
8.548421968772805524e-02
8.546397712048103834e-02
8.544393801309277392e-02
8.542408785931313031e-02
8.540441206742357960e-02
8.538489597189176383e-02
8.536552484530883500e-02
8.534628391031064132e-02
8.532715835173941554e-02
8.530813332864162213e-02
8.528919398636526650e-02
8.527032546835046356e-02
8.525151292786020685e-02
8.523274153940142706e-02
8.521399650979673279e-02
8.519526308891599287e-02
8.517652657995182508e-02
8.515777234927585093e-02
8.513898583569466660e-02
8.512015255924033907e-02
8.510125812930199873e-02
8.508228825220479075e-02
8.506322873814352314e-02
8.504406550749370186e-02
8.502478459644283171e-02
8.500537216209060054e-02
8.498581448674735750e-02
8.496609798185474072e-02
8.494620919110021373e-02
8.492613479310624769e-02
8.490586160356614065e-02
8.488537657684692983e-02
8.486466680721443945e-02
8.484371952963372376e-02
8.482252212019188164e-02
8.480106209632257142e-02
8.477932711666932852e-02
8.475730498085273790e-02
8.473498362916954962e-02
8.471235114206474015e-02
8.468939573979503144e-02
8.466610578198902060e-02
8.464246976743897144e-02
8.461847633398661417e-02
8.459411425865014100e-02
8.456937245801295078e-02
8.454423998889573633e-02
8.451870604940410481e-02
8.449275998031711976e-02
8.446639126689535482e-02
8.443958954111699389e-02
8.441234458432242405e-02
8.438464633034213624e-02
8.435648486907729171e-02
8.432785045046330141e-02
8.429873348899269425e-02
8.426912456848942301e-02
8.423901444748875533e-02
8.420839406482501233e-02
8.417725454561758580e-02
8.414558720763792854e-02
8.411338356779833603e-02
8.408063534897387836e-02
8.404733448696548315e-02
8.401347313755332114e-02
8.397904368364682293e-02
8.394403874239626806e-02
8.390845117235859463e-02
8.387227408039008014e-02
8.383550082855557861e-02
8.379812504068578916e-02
8.376014060870738687e-02
8.372154169865551887e-02
8.368232275628113837e-02
8.364247851226462582e-02
8.360200398692957391e-02
8.356089449447198780e-02
8.351914564663195928e-02
8.347675335582771527e-02
8.343371383762543392e-02
8.339002361270517194e-02
8.334567950812274417e-02
8.330067865793815141e-02
8.325501850328231868e-02
8.320869679173327482e-02
8.316171157614718479e-02
8.311406121279855952e-02
8.306574435908123388e-02
8.301675997051422007e-02
8.296710729737971635e-02
8.291678588079726131e-02
8.286579554842460338e-02
8.281413640972573598e-02
8.276180885094046313e-02
8.270881352974658596e-02
8.265515136973539123e-02
8.260082355460932058e-02
8.254583152238159638e-02
8.249017695943332285e-02
8.243386179454835483e-02
8.237688819303586041e-02
8.231925855092363242e-02
8.226097548929493797e-02
8.220204184879596754e-02
8.214246068440150816e-02
8.208223526041920348e-02
8.202136904579196419e-02
8.195986570984391262e-02
8.189772911819705181e-02
8.183496332922389482e-02
8.177157259081825613e-02
8.170756133762656359e-02
8.164293418857747342e-02
8.157769594495951904e-02
8.151185158874504899e-02
8.144540628143998040e-02
8.137836536316385427e-02
8.131073435214963840e-02
8.124251894456532841e-02
8.117372501453579137e-02
8.110435861446188555e-02
8.103442597552730498e-02
8.096393350836654512e-02
8.089288780381874433e-02
8.082129563378227799e-02
8.074916395204344288e-02
8.067649989506615882e-02
8.060331078275101424e-02
8.052960411898876791e-02
8.045538759204849677e-02
8.038066907475512057e-02
8.030545662437248156e-02
8.022975848213932670e-02
8.015358307248830749e-02
8.007693900184736924e-02
7.999983505701811770e-02
7.992228020306821334e-02
7.984428358082439059e-02
7.976585450381833142e-02
7.968700245470379528e-02
7.960773708119940617e-02
7.952806819156686691e-02
7.944800574948046590e-02
7.936755986848885447e-02
7.928674080592904017e-02
7.920555895643478783e-02
7.912402484496763866e-02
7.904214911948284628e-02
7.895994254323453199e-02
7.887741598668637777e-02
7.879458041921977296e-02
7.871144690051891379e-02
7.862802657184830846e-02
7.854433064713405022e-02
7.846037040397937923e-02
7.837615717459613107e-02
7.829170233683638291e-02
7.820701730522863770e-02
7.812211352213525861e-02
7.803700244910755091e-02
7.795169555846501175e-02
7.786620432509169798e-02
7.778054021860517087e-02
7.769471469582048262e-02
7.760873919358872441e-02
7.752262512209968925e-02
7.743638385862774975e-02
7.735002674164943859e-02
7.726356506552699288e-02
7.717701007565604121e-02
7.709037296406875961e-02
7.700366486557500001e-02
7.691689685438456159e-02
7.683007994120881479e-02
7.674322507070933941e-02
7.665634311963347158e-02
7.656944489509946716e-02
7.648254113343980198e-02
7.639564249931488082e-02
7.630875958514680979e-02
7.622190291082929503e-02
7.613508292366480412e-02
7.604830999852456308e-02
7.596159443801758782e-02
7.587494647286882610e-02
7.578837626228641933e-02
7.570189389427547932e-02
7.561550938597914884e-02
7.552923268379919952e-02
7.544307366346550414e-02
7.535704212981904349e-02
7.527114781642613162e-02
7.518540038485889421e-02
7.509980942373853385e-02
7.501438444734556676e-02
7.492913489398923821e-02
7.484407012389047986e-02
7.475919941672067026e-02
7.467453196879025867e-02
7.459007688967218830e-02
7.450584319862245397e-02
7.442183982043706902e-02
7.433807558103515400e-02
7.425455920263347720e-02
7.417129929851914993e-02
7.408830436766525307e-02
7.400558278887044150e-02
7.392314281479324400e-02
7.384099256572368430e-02
7.375914002316605322e-02
7.367759302339164929e-02
7.359635925077602503e-02
7.351544623125912115e-02
7.343486132577201064e-02
7.335461172370424943e-02
7.327470443661882049e-02
7.319514629199638800e-02
7.311594392736112114e-02
7.303710378460488706e-02
7.295863210462089077e-02
7.288053492239431053e-02
7.280281806238596276e-02
7.272548713449700220e-02
7.264854753039205748e-02
7.257200442035151300e-02
7.249586275069275221e-02
7.242012724173091387e-02
7.234480238619651893e-02
7.226989244838982751e-02
7.219540146370087563e-02
7.212133323883691827e-02
7.204769135248990930e-02
7.197447915662406881e-02
7.190169977819937941e-02
7.182935612143546977e-02
7.175745087049889559e-02
7.168598649259078082e-02
7.161496524143884379e-02
7.154438916115683778e-02
7.147426009032380179e-02
7.140457966637021869e-02
7.133534933012418422e-02
7.126657033049871304e-02
7.119824372929524359e-02
7.113037040602125660e-02
7.106295106271932893e-02
7.099598622869643383e-02
7.092947626515506976e-02
7.086342136967890837e-02
7.079782158048555929e-02
7.073267678044033169e-02
7.066798670078967837e-02
7.060375092454972135e-02
7.053996888957141109e-02
7.047663989122289474e-02
7.041376308466089362e-02
7.035133748669292197e-02
7.028936197722879253e-02
7.022783530033273325e-02
7.016675606477586202e-02
7.010612274425788437e-02
7.004593367715629404e-02
6.998618706598470907e-02
6.992688097636828859e-02
6.986801333579228945e-02
6.980958193197901729e-02
6.975158441104362117e-02
6.969401827542257011e-02
6.963688088159777911e-02
6.958016943771505591e-02
6.952388100111119018e-02
6.946801247579724448e-02
6.941256060995447397e-02
6.935752199358076464e-02
6.930289305609743655e-02
6.924867006432978978e-02
6.919484912053018577e-02
6.914142616078920722e-02
6.908839695371365996e-02
6.903575709952734785e-02
6.898350202942526987e-02
6.893162700555867384e-02
6.888012712132748905e-02
6.882899730225143509e-02
6.877823230731698601e-02
6.872782673087361738e-02
6.867777500502367238e-02
6.862807140264057248e-02
6.857871004082810584e-02
6.852968488502260425e-02
6.848098975349342643e-02
6.843261832244357246e-02
6.838456413158044978e-02
6.833682059013983234e-02
6.828938098322774597e-02
6.824223847871044302e-02
6.819538613430775609e-02
6.814881690503203637e-02
6.810252365091488957e-02
6.805649914484253327e-02
6.801073608056401598e-02
6.796522708082143593e-02
6.791996470542106812e-02
6.787494145939085288e-02
6.783014980094846658e-02
6.778558214939864324e-02
6.774123089277805931e-02
6.769708839536055234e-02
6.765314700473380738e-02
6.760939905865252786e-02
6.756583689142746374e-02
6.752245283999319669e-02
6.747923924942676732e-02
6.743618847805370187e-02
6.739329290206537426e-02
6.735054491953251787e-02
6.730793695401757204e-02
6.726546145754831729e-02
6.722311091314370213e-02
6.718087783672227475e-02
6.713875477857936258e-02
6.709673432435951657e-02
6.705480909548372503e-02
6.701297174923394329e-02
6.697121497835210879e-02
6.692953151027947190e-02
6.688791410616079514e-02
6.684635555935208862e-02
6.680484869392988578e-02
6.676338636284412376e-02
6.672196144603970147e-02
6.668056684842361970e-02
6.663919549786917473e-02
6.659784034322865920e-02
6.655649435238847333e-02
6.651515051053821792e-02
6.647380181861037296e-02
6.643244129190856162e-02
6.639106195907126806e-02
6.634965686134518259e-02
6.630821905225531276e-02
6.626674159765898187e-02
6.622521757616413318e-02
6.618364008018785827e-02
6.614200221727435658e-02
6.610029711201505231e-02
6.605851790851166583e-02
6.601665777323229012e-02
6.597470989839754330e-02
6.593266750592251257e-02
6.589052385172072812e-02
6.584827223053410505e-02
6.580590598115478029e-02
6.576341849204017653e-02
6.572080320725234848e-02
6.567805363276002506e-02
6.563516334296516652e-02
6.559212598743603684e-02
6.554893529786012807e-02
6.550558509504661453e-02
6.546206929602629843e-02
6.541838192108556660e-02
6.537451710078678868e-02
6.533046908291258170e-02
6.528623223910150208e-02
6.524180107138891072e-02
6.519717021834962878e-02
6.515233446095933245e-02
6.510728872809302958e-02
6.506202810152088289e-02
6.501654782047694425e-02
6.497084328572846901e-02
6.492491006304990098e-02
6.487874388624241540e-02
6.483234065939411095e-02
6.478569645874850125e-02
6.473880753377707353e-02
6.469167030778048832e-02
6.464428137780184325e-02
6.459663751398928011e-02
6.454873565832472404e-02
6.450057292290443944e-02
6.445214658753903314e-02
6.440345409700128088e-02
6.435449305771634432e-02
6.430526123404756156e-02
6.425575654425778882e-02
6.420597705612980655e-02
6.415592098227461404e-02
6.410558667526275456e-02
6.405497262262382918e-02
6.400407744169080149e-02
6.395289987443879276e-02
6.390143878234014196e-02
6.384969314124314121e-02
6.379766203650427681e-02
6.374534465815222262e-02
6.369274029641529278e-02
6.363984833752073245e-02
6.358666825966884095e-02
6.353319962967898804e-02
6.347944209972553042e-02
6.342539540474310955e-02
6.337105936021920904e-02
6.331643386041946320e-02
6.326151887724186518e-02
6.320631445941017612e-02
6.315082073238897920e-02
6.309503789860883283e-02
6.303896623833905866e-02
6.298260611091874295e-02
6.292595795658477431e-02
6.286902229858110092e-02
6.281179974582723480e-02
6.275429099581202042e-02
6.269649683789893513e-02
6.263841815685142200e-02
6.258005593665293131e-02
6.252141126445297237e-02
6.246248533456764951e-02
6.240327945273459881e-02
6.234379504014885692e-02
6.228403363762080591e-02
6.222399690951282286e-02
6.216368664755025225e-02
6.210310477441547544e-02
6.204225334703890316e-02
6.198113455960801293e-02
6.191975074611359015e-02
6.185810438253404320e-02
6.179619808859410784e-02
6.173403462891500354e-02
6.167161691373020810e-02
6.160894799901388275e-02
6.154603108602343942e-02
6.148286952027772617e-02
6.141946678990296143e-02
6.135582652347864457e-02
6.129195248715185729e-02
6.122784858129630414e-02
6.116351883651009042e-02
6.109896740917322711e-02
6.103419857639309082e-02
6.096921673056665547e-02
6.090402637339067948e-02
6.083863210961151791e-02
6.077303864030582370e-02
6.070725075596199866e-02
6.064127332921198654e-02
6.057511130747710026e-02
6.050876970543351413e-02
6.044225359741121906e-02
6.037556810978589317e-02
6.030871841342270306e-02
6.024170971626315735e-02
6.017454725598193888e-02
6.010723629298335424e-02
6.003978210362161116e-02
5.997218997372508881e-02
5.990446519252687341e-02
5.983661304703891820e-02
5.976863881678945445e-02
5.970054776916724343e-02
5.963234515516890183e-02
5.956403620576096458e-02
5.949562612875385764e-02
5.942712010626132607e-02
5.935852329273704625e-02
5.928984081354209124e-02
5.922107776406388552e-02
5.915223920945843900e-02
5.908333018482467974e-02
5.901435569590109120e-02
5.894532072028216968e-02
5.887623020897345821e-02
5.880708908843829130e-02
5.873790226286405847e-02
5.866867461690578739e-02
5.859941101849160117e-02
5.853011632191559149e-02
5.846079537106760315e-02
5.839145300273971412e-02
5.832209404992230728e-02
5.825272334506133298e-02
5.818334572332006099e-02
5.811396602552373197e-02
5.804458910110010111e-02
5.797521981058870177e-02
5.790586302794199780e-02
5.783652364246619909e-02
5.776720656035029544e-02
5.769791670577080478e-02
5.762865902154944153e-02
5.755943846934045288e-02
5.749026002927750539e-02
5.742112869907520928e-02
5.735204949268072477e-02
5.728302743833819238e-02
5.721406757608898247e-02
5.714517495477453718e-02
5.707635462856353731e-02
5.700761165293390803e-02
5.693895108017486134e-02
5.687037795452821315e-02
5.680189730686644595e-02
5.673351414900801998e-02
5.666523346773830877e-02
5.659706021856227703e-02
5.652899931923942300e-02
5.646105564313615155e-02
5.639323401247233608e-02
5.632553919157081562e-02
5.625797587998369875e-02
5.619054870584198891e-02
5.612326221923412406e-02
5.605612088575777363e-02
5.598912908032462055e-02
5.592229108127379222e-02
5.585561106479978305e-02
5.578909309972379660e-02
5.572274114278328444e-02
5.565655903428599199e-02
5.559055049434330487e-02
5.552471911954809380e-02
5.545906838029984742e-02
5.539360161856480419e-02
5.532832204638944706e-02
5.526323274484016418e-02
5.519833666359511698e-02
5.513363662114644653e-02
5.506913530555186675e-02
5.500483527568481718e-02
5.494073896310560506e-02
5.487684867437617187e-02
5.481316659388184992e-02
5.474969478705385417e-02
5.468643520400006536e-02
5.462338968348336848e-02
5.456055995723976121e-02
5.449794765443618377e-02
5.443555430644484577e-02
5.437338135173049036e-02
5.431143014075761472e-02
5.424970194097190890e-02
5.418819794177172355e-02
5.412691925942392235e-02
5.406586694172411250e-02
5.400504197262141759e-02
5.394444527648820792e-02
5.388407772218887365e-02
5.382394012679021095e-02
5.376403325887029599e-02
5.370435784151557368e-02
5.364491455481505688e-02
5.358570403794629677e-02
5.352672689076270335e-02
5.346798367489541404e-02
5.340947491438550326e-02
5.335120109581133890e-02
5.329316266784724782e-02
5.323536004049502640e-02
5.317779358363495384e-02
5.312046362530357946e-02
5.306337044947954940e-02
5.300651429337267101e-02
5.294989534453599378e-02
5.289351373747570861e-02
5.283736955004869618e-02
5.278146279957814102e-02
5.272579343889988168e-02
5.267036135202287500e-02
5.261516634994481412e-02
5.256020816624438347e-02
5.250548645280454785e-02
5.245100077547813072e-02
5.239675061000809847e-02
5.234273533800355704e-02
5.228895424317431262e-02
5.223540650784865014e-02
5.218209120978584137e-02
5.212900731930418530e-02
5.207615369686350443e-02
5.202352909103937634e-02
5.197113213696413769e-02
5.191896135519730865e-02
5.186701515117404793e-02
5.181529181513346016e-02
5.176378952255580174e-02
5.171250633517949363e-02
5.166144020249073543e-02
5.161058896377025002e-02
5.155995035062099774e-02
5.150952199006595539e-02
5.145930140804007291e-02
5.140928603338936614e-02
5.135947320220554668e-02
5.130986016267492095e-02
5.126044408011535408e-02
5.121122204245163317e-02
5.116219106589797033e-02
5.111334810082000801e-02
5.106469003779481181e-02
5.101621371378377984e-02
5.096791591834445856e-02
5.091979339986172498e-02
5.087184287175850611e-02
5.082406101857479819e-02
5.077644450192080744e-02
5.072898996625607726e-02
5.068169404440639458e-02
5.063455336281737218e-02
5.058756454650288614e-02
5.054072422358431987e-02
5.049402902954965022e-02
5.044747561100358657e-02
5.040106062899851747e-02
5.035478076195044200e-02
5.030863270807205134e-02
5.026261318731201078e-02
5.021671894279994275e-02
5.017094674185870740e-02
5.012529337651552841e-02
5.007975566358259523e-02
5.003433044420835252e-02
4.998901458311283408e-02
4.994380496734879965e-02
4.989869850473018648e-02
4.985369212187699267e-02
4.980878276205517180e-02
4.976396738261266300e-02
4.971924295232275220e-02
4.967460644846558027e-02
4.963005485383473886e-02
4.958558515362417041e-02
4.954119433229478564e-02
4.949687937039989882e-02
4.945263724155875978e-02
4.940846490942881614e-02
4.936435932491754774e-02
4.932031742351666165e-02
4.927633612285649972e-02
4.923241232060936862e-02
4.918854289257681978e-02
4.914472469124951670e-02
4.910095454454915798e-02
4.905722925517180116e-02
4.901354560009355682e-02
4.896990033073061327e-02
4.892629017333573888e-02
4.888271182993785685e-02
4.883916197969441486e-02
4.879563728064266470e-02
4.875213437191117105e-02
4.870864987637591598e-02
4.866518040359872621e-02
4.862172255326509263e-02
4.857827291888218435e-02
4.853482809182810970e-02
4.849138466573391093e-02
4.844793924102112209e-02
4.840448842974943988e-02
4.836102886055656386e-02
4.831755718385800924e-02
4.827407007695864311e-02
4.823056424938711173e-02
4.818703644811368758e-02
4.814348346278548435e-02
4.809990213087072392e-02
4.805628934265277624e-02
4.801264204610259517e-02
4.796895725145759737e-02
4.792523203566723816e-02
4.788146354644350761e-02
4.783764900608628717e-02
4.779378571493940464e-02
4.774987105440415408e-02
4.770590248973828607e-02
4.766187757219399190e-02
4.761779394100910945e-02
4.757364932476746550e-02
4.752944154238146479e-02
4.748516850364833258e-02
4.744082820933337441e-02
4.739641875095310097e-02
4.735193830990651331e-02
4.730738515640957320e-02
4.726275764792572942e-02
4.721805422736111840e-02
4.717327342073825147e-02
4.712841383475261520e-02
4.708347415391460344e-02
4.703845313748589857e-02
4.699334961634719227e-02
4.694816248937733888e-02
4.690289072011893240e-02
4.685753333297864448e-02
4.681208940963503540e-02
4.676655808526198471e-02
4.672093854492995191e-02
4.667523001995172588e-02
4.662943178443371833e-02
4.658354315190714467e-02
4.653756347212533589e-02
4.649149212814118054e-02
4.644532853354976093e-02
4.639907213005967784e-02
4.635272238527637229e-02
4.630627879090271765e-02
4.625974086111423605e-02
4.621310813145033253e-02
4.616638015789106819e-02
4.611955651637413695e-02
4.607263680270676232e-02
4.602562063271557063e-02
4.597850764287134129e-02
4.593129749107031923e-02
4.588398985802823182e-02
4.583658444868684428e-02
4.578908099410718829e-02
4.574147925355566413e-02
4.569377901676544701e-02
4.564598010663303146e-02
4.559808238184947377e-02
4.555008573980531827e-02
4.550199011965632562e-02
4.545379550536476909e-02
4.540550192884737490e-02
4.535710947318764147e-02
4.530861827572548600e-02
4.526002853121115915e-02
4.521134049475661332e-02
4.516255448467023509e-02
4.511367088526493235e-02
4.506469014929885553e-02
4.501561280032689849e-02
4.496643943477970223e-02
4.491717072371126385e-02
4.486780741431518893e-02
4.481835033117077122e-02
4.476880037705321252e-02
4.471915853347651487e-02
4.466942586086792427e-02
4.461960349844187879e-02
4.456969266363867282e-02
4.451969465120731578e-02
4.446961083203287979e-02
4.441944265153120047e-02
4.436919162768964559e-02
4.431885934891096473e-02
4.426844747138769520e-02
4.421795771632850564e-02
4.416739186687481528e-02
4.411675176470140208e-02
4.406603930659239859e-02
4.401525644057956849e-02
4.396440516217312716e-02
4.391348751027800146e-02
4.386250556315448440e-02
4.381146143419104716e-02
4.376035726778798596e-02
4.370919523510503890e-02
4.365797752994550474e-02
4.360670636470379696e-02
4.355538396632593207e-02
4.350401257249164599e-02
4.345259442790946891e-02
4.340113178082147249e-02
4.334962687965543404e-02
4.329808197001188547e-02
4.324649929175524571e-02
4.319488107648870867e-02
4.314322954529294790e-02
4.309154690669157739e-02
4.303983535499617680e-02
4.298809706887712218e-02
4.293633421036215786e-02
4.288454892396247053e-02
4.283274333632162284e-02
4.278091955597655011e-02
4.272907967352652936e-02
4.267722576202448437e-02
4.262535987765866258e-02
4.257348406067287122e-02
4.252160033653080290e-02
4.246971071724490315e-02
4.241781720297178870e-02
4.236592178370828660e-02
4.231402644108760158e-02
4.226213315042858659e-02
4.221024388270307182e-02
4.215836060666132423e-02
4.210648529091007286e-02
4.205461990608053147e-02
4.200276642687816170e-02
4.195092683409628459e-02
4.189910311662018577e-02
4.184729727314235453e-02
4.179551131394784041e-02
4.174374726235514921e-02
4.169200715615337116e-02
4.164029304864654002e-02
4.158860700964199519e-02
4.153695112611466983e-02
4.148532750263957125e-02
4.143373826159078149e-02
4.138218554300097246e-02
4.133067150428352404e-02
4.127919831948200641e-02
4.122776817848267106e-02
4.117638328572120060e-02
4.112504585878484775e-02
4.107375812667877352e-02
4.102252232786647579e-02
4.097134070804653999e-02
4.092021551772873772e-02
4.086914900963478647e-02
4.081814343580106308e-02
4.076720104464282707e-02
4.071632407782493218e-02
4.066551476694678369e-02
4.061477533023047370e-02
4.056410796909977468e-02
4.051351486466114871e-02
4.046299817427595480e-02
4.041256002803105679e-02
4.036220252527480262e-02
4.031192773131978685e-02
4.026173767403295328e-02
4.021163434073485310e-02
4.016161967510796516e-02
4.011169557435649569e-02
4.006186388644124297e-02
4.001212640764751499e-02
3.996248488026259149e-02
3.991294099052993677e-02
3.986349636689684450e-02
3.981415257848099076e-02
3.976491113380422465e-02
3.971577347982672285e-02
3.966674100130482966e-02
3.961781502032096780e-02
3.956899679625373867e-02
3.952028752597223221e-02
3.947168834422868505e-02
3.942320032445846556e-02
3.937482447977913580e-02
3.932656176426248262e-02
3.927841307438344892e-02
3.923037925080307547e-02
3.918246108024656810e-02
3.913465929768438628e-02
3.908697458848783834e-02
3.903940759098205315e-02
3.899195889888210087e-02
3.894462906394725171e-02
3.889741859867561907e-02
3.885032797902341489e-02
3.880335764715298758e-02
3.875650801418635549e-02
3.870977946287891547e-02
3.866317235021243803e-02
3.861668700998897863e-02
3.857032375526406320e-02
3.852408288060182179e-02
3.847796466421662953e-02
3.843196936994137947e-02
3.838609724897358577e-02
3.834034854144337950e-02
3.829472347774545704e-02
3.824922227955759174e-02
3.820384516078911830e-02
3.815859232803258533e-02
3.811346398097524568e-02
3.806846031238164674e-02
3.802358150797866682e-02
3.797882774588748345e-02
3.793419919597235124e-02
3.788969601879168397e-02
3.784531836443123104e-02
3.780106637105724171e-02
3.775694016327333508e-02
3.771293985022277501e-02
3.766906552364707172e-02
3.762531725560820661e-02
3.758169509626746452e-02
3.753819907138190859e-02
3.749482917985041963e-02
3.745158539110168133e-02
3.740846764253542150e-02
3.736547583684406842e-02
3.732260983948358646e-02
3.727986947614542884e-02
3.723725453022019155e-02
3.719476474049000086e-02
3.715239979886425514e-02
3.711015934830658863e-02
3.706804298092697403e-02
3.702605023629221975e-02
3.698418059990275092e-02
3.694243350197079501e-02
3.690080831642272158e-02
3.685930436011977673e-02
3.681792089251070127e-02
3.677665711540239329e-02
3.673551217315383643e-02
3.669448515308537662e-02
3.665357508622870547e-02
3.661278094843399555e-02
3.657210166166195014e-02
3.653153609565620852e-02
3.649108306990744843e-02
3.645074135582421909e-02
3.641050967914417208e-02
3.637038672272500245e-02
3.633037112936492868e-02
3.629046150497829831e-02
3.625065642188218806e-02
3.621095442219773169e-02
3.617135402143870776e-02
3.613185371213009645e-02
3.609245196760865054e-02
3.605314724566207468e-02
3.601393799238833404e-02
3.597482264587868045e-02
3.593579963989181059e-02
3.589686740747309590e-02
3.585802438441276080e-02
3.581926901257864032e-02
3.578059974307142010e-02
3.574201503920736850e-02
3.570351337919575041e-02
3.566509325874537423e-02
3.562675319317479272e-02
3.558849171946996265e-02
3.555030739784702937e-02
3.551219881318254390e-02
3.547416457595515410e-02
3.543620332303559772e-02
3.539831371800603727e-02
3.536049445124987006e-02
3.532274423965212073e-02
3.528506182597786200e-02
3.524744597807950852e-02
3.520989548757333387e-02
3.517240916846078869e-02
3.513498585531701218e-02
3.509762440136445644e-02
3.506032367620740692e-02
3.502308256352271165e-02
3.498589995842628364e-02
3.494877476482721040e-02
3.491170589260287477e-02
3.487469225472197148e-02
3.483773276432397537e-02
3.480082633181508234e-02
3.476397186194940536e-02
3.472716825103002586e-02
3.469041438414190159e-02
3.465370913251923646e-02
3.461705135112132931e-02
3.458043987636644223e-02
3.454387352403139044e-02
3.450735108751993435e-02
3.447087133624941041e-02
3.443443301443771531e-02
3.439803484014616192e-02
3.436167550466455445e-02
3.432535367224521378e-02
3.428906798015397134e-02
3.425281703905354302e-02
3.421659943384046387e-02
3.418041372477852169e-02
3.414425844888357292e-02
3.410813212186739052e-02
3.407203324019564966e-02
3.403596028362606413e-02
3.399991171791418021e-02
3.396388599791542312e-02
3.392788157087984341e-02
3.389189687992084921e-02
3.385593036777589243e-02
3.381998048069283225e-02
3.378404567236719530e-02
3.374812440815298797e-02
3.371221516918405936e-02
3.367631645652083283e-02
3.364042679537451036e-02
3.360454473917672685e-02
3.356866887362150442e-02
3.353279782051997449e-02
3.349693024157548993e-02
3.346106484182980595e-02
3.342520037300138191e-02
3.338933563642457886e-02
3.335346948585366650e-02
3.331760082981935489e-02
3.328172863360952943e-02
3.324585192104392156e-02
3.320996977574342673e-02
3.317408134195313357e-02
3.313818582516991906e-02
3.310228249213740398e-02
3.306637067050856998e-02
3.303044974814269008e-02
3.299451917195739270e-02
3.295857844644006773e-02
3.292262713163277704e-02
3.288666484096559178e-02
3.285069123857149720e-02
3.281470603645170875e-02
3.277870899119339487e-02
3.274269990056993124e-02
3.270667859985344067e-02
3.267064495795436035e-02
3.263459887348200972e-02
3.259854027056473258e-02
3.256246909479102586e-02
3.252638530895615027e-02
3.249028888900024059e-02
3.245417981981303657e-02
3.241805809137762034e-02
3.238192369485384109e-02
3.234577661898885986e-02
3.230961684669005768e-02
3.227344435189050814e-02
3.223725909667676109e-02
3.220106102876965637e-02
3.216485007934200696e-02
3.212862616121900383e-02
3.209238916749310860e-02
3.205613897045497818e-02
3.201987542114854285e-02
3.198359834909035582e-02
3.194730756264971966e-02
3.191100284974943829e-02
3.187468397900485723e-02
3.183835070131919853e-02
3.180200275177176572e-02
3.176563985206778962e-02
3.172926171315910981e-02
3.169286803832582766e-02
3.165645852648250186e-02
3.162003287578286220e-02
3.158359078748624454e-02
3.154713196994984176e-02
3.151065614282217570e-02
3.147416304130063597e-02
3.143765242048714853e-02
3.140112405970761633e-02
3.136457776693581112e-02
3.132801338291042736e-02
3.129143078534520062e-02
3.125482989283310392e-02
3.121821066864793534e-02
3.118157312418299090e-02
3.114491732218829800e-02
3.110824337959626831e-02
3.107155147006722060e-02
3.103484182613785308e-02
3.099811474080793258e-02
3.096137056894822381e-02
3.092460972794679880e-02
3.088783269818399027e-02
3.085104002276508814e-02
3.081423230696579696e-02
3.077741021709459041e-02
3.074057447888082703e-02
3.070372587544295886e-02
3.066686524476220504e-02
3.062999347677376749e-02
3.059311151000219942e-02
3.055622032788970349e-02
3.051932095467840486e-02
3.048241445110603728e-02
3.044550190975078841e-02
3.040858445014354983e-02
3.037166321385446552e-02
3.033473935916616501e-02
3.029781405601019231e-02
3.026088848052728431e-02
3.022396380993057699e-02
3.018704121724858150e-02
3.015012186628466748e-02
3.011320690670988773e-02
3.007629746932121914e-02
3.003939466173248182e-02
3.000249956409675386e-02
2.996561322542069458e-02
2.992873666008829397e-02
2.989187084492598082e-02
2.985501671659345629e-02
2.981817516953850014e-02
2.978134705433187548e-02
2.974453317658560733e-02
2.970773429637448004e-02
2.967095112809437982e-02
2.963418434094519313e-02
2.959743455981022481e-02
2.956070236672782639e-02
2.952398830275694205e-02
2.948729287037735527e-02
2.945061653626241879e-02
2.941395973448478890e-02
2.937732287008227791e-02
2.934070632295259981e-02
2.930411045205674400e-02
2.926753559976506477e-02
2.923098209656100829e-02
2.919445026574552654e-02
2.915794042827882931e-02
2.912145290770206188e-02
2.908498803496576898e-02
2.904854615327770104e-02
2.901212762276489041e-02
2.897573282494068231e-02
2.893936216706839357e-02
2.890301608613098788e-02
2.886669505251007392e-02
2.883039957337693582e-02
2.879413019561255505e-02
2.875788750832588073e-02
2.872167214486593539e-02
2.868548478441291724e-02
2.864932615304640121e-02
2.861319702428402612e-02
2.857709821903529207e-02
2.854103060502478917e-02
2.850499509580384574e-02
2.846899264910859179e-02
2.843302426466175897e-02
2.839709098161066758e-02
2.836119387537541087e-02
2.832533405412778621e-02
2.828951265473720125e-02
2.825373083848015457e-02
2.821798978624937351e-02
2.818229069363767381e-02
2.814663476561798938e-02
2.811102321115122038e-02
2.807545723750476743e-02
2.803993804467936474e-02
2.800446681962637241e-02
2.796904473054850557e-02
2.793367292130865057e-02
2.789835250591589030e-02
2.786308456330354247e-02
2.782787013217908126e-02
2.779271020632570130e-02
2.775760573018803620e-02
2.772255759480999129e-02
2.768756663424827569e-02
2.765263362241360268e-02
2.761775927040611978e-02
2.758294422442034502e-02
2.754818906413738361e-02
2.751349430167168708e-02
2.747886038116628682e-02
2.744428767882368947e-02
2.740977650370495650e-02
2.737532709888125179e-02
2.734093964327735313e-02
2.730661425405906534e-02
2.727235098944781264e-02
2.723814985203468902e-02
2.720401079260745258e-02
2.716993371439074476e-02
2.713591847752658964e-02
2.710196490400585204e-02
2.706807278283308860e-02
2.703424187539368168e-02
2.700047192101451624e-02
2.696676264257098082e-02
2.693311375220343307e-02
2.689952495702399929e-02
2.686599596470200593e-02
2.683252648894742659e-02
2.679911625482610596e-02
2.676576500382961757e-02
2.673247249863167779e-02
2.669923852753517193e-02
2.666606290851560382e-02
2.663294549279576762e-02
2.659988616804547998e-02
2.656688486100103330e-02
2.653394153958279350e-02
2.650105621446709192e-02
2.646822894007798063e-02
2.643545981500634509e-02
2.640274898190157066e-02
2.637009662660368819e-02
2.633750297691942951e-02
2.630496830070935821e-02
2.627249290346075905e-02
2.624007712532616318e-02
2.620772133768204185e-02
2.617542593926027936e-02
2.614319135182224460e-02
2.611101801547882975e-02
2.607890638369258704e-02
2.604685691801729777e-02
2.601487008259672357e-02
2.598294633853110228e-02
2.595108613807478593e-02
2.591928991894504666e-02
2.588755809843854699e-02
2.585589106787908667e-02
2.582428918693896458e-02
2.579275277834573027e-02
2.576128212277208063e-02
2.572987745402011486e-02
2.569853895467113375e-02
2.566726675196270846e-02
2.563606091425232880e-02
2.560492144793208996e-02
2.557384829490007283e-02
2.554284133046808014e-02
2.551190036192950775e-02
2.548102512781603296e-02
2.545021529752114486e-02
2.541947047173758953e-02
2.538879018339634461e-02
2.535817389925723933e-02
2.532762102202797475e-02
2.529713089310350535e-02
2.526670279584615139e-02
2.523633595934973023e-02
2.520602956264496319e-02
2.517578273943419168e-02
2.514559458317832882e-02
2.511546415243482225e-02
2.508539047663028293e-02
2.505537256194698484e-02
2.502540939744322956e-02
2.499549996125850077e-02
2.496564322690764809e-02
2.493583816954866167e-02
2.490608377207214133e-02
2.487637903129551534e-02
2.484672296372889347e-02
2.481711461123408888e-02
2.478755304628954548e-02
2.475803737697330684e-02
2.472856675146219499e-02
2.469914036217708830e-02
2.466975744936856715e-02
2.464041730413429193e-02
2.461111927099863400e-02
2.458186274979021202e-02
2.455264719702748497e-02
2.452347212660474507e-02
2.449433710994230670e-02
2.446524177544812800e-02
2.443618580741184487e-02
2.440716894427628555e-02
2.437819097636831009e-02
2.434925174303878559e-02
2.432035112928037854e-02
2.429148906192398621e-02
2.426266550530283700e-02
2.423388045655520961e-02
2.420513394056417883e-02
2.417642600467743985e-02
2.414775671299730989e-02
2.411912614068128027e-02
2.409053436808965970e-02
2.406198147475868340e-02
2.403346753347318163e-02
2.400499260431865345e-02
2.397655672905567997e-02
2.394815992538046681e-02
2.391980218170370806e-02
2.389148345209134855e-02
2.386320365156083603e-02
2.383496265183941004e-02
2.380676027755848634e-02
2.377859630287186901e-02
2.375047044869427193e-02
2.372238238044638639e-02
2.369433170641085246e-02
2.366631797663036954e-02
2.363834068252201534e-02
2.361039925699245229e-02
2.358249307528659938e-02
2.355462145638248864e-02
2.352678366500943544e-02
2.349897891426499033e-02
2.347120636879214406e-02
2.344346514844017001e-02
2.341575433251313898e-02
2.338807296437298705e-02
2.336042005657606654e-02
2.333279459618634033e-02
2.330519555059152800e-02
2.327762187344211212e-02
2.325007251089922233e-02
2.322254640786049554e-02
2.319504251435326736e-02
2.316755979196020998e-02
2.314009722014269757e-02
2.311265380238677544e-02
2.308522857231389003e-02
2.305782059943089005e-02
2.303042899460014739e-02
2.300305291524520901e-02
2.297569157000606960e-02
2.294834422307837421e-02
2.292101019800224515e-02
2.289368888087494822e-02
2.286637972312275877e-02
2.283908224355039179e-02
2.281179602986650734e-02
2.278452073958101357e-02
2.275725610019922740e-02
2.273000190882766211e-02
2.270275803123080957e-02
2.267552440009734313e-02
2.264830101284613650e-02
2.262108792874742424e-02
2.259388526556598345e-02
2.256669319567725096e-02
2.253951194167663416e-02
2.251234177156434535e-02
2.248518299353991987e-02
2.245803595048614584e-02
2.243090101416128287e-02
2.240377857914696916e-02
2.237666905669920270e-02
2.234957286845168020e-02
2.232249044006058558e-02
2.229542219497363670e-02
2.226836854822291864e-02
2.224132990037750238e-02
2.221430663173279765e-02
2.218729909679516277e-02
2.216030761904392438e-02
2.213333248611389775e-02
2.210637394539573253e-02
2.207943220015182867e-02
2.205250740610301130e-02
2.202559966855442697e-02
2.199870904016580642e-02
2.197183551928750395e-02
2.194497904890196222e-02
2.191813951619351469e-02
2.189131675281955070e-02
2.186451053574830355e-02
2.183772058872294683e-02
2.181094658434572925e-02
2.178418814679270940e-02
2.175744485504932033e-02
2.173071624665770876e-02
2.170400182199644368e-02
2.167730104900966390e-02
2.165061336829860253e-02
2.162393819863825742e-02
2.159727494270243311e-02
2.157062299308766876e-02
2.154398173848156434e-02
2.151735056998298548e-02
2.149072888744683885e-02
2.146411610583782298e-02
2.143751166146853210e-02
2.141091501816172471e-02
2.138432567316000607e-02
2.135774316276191354e-02
2.133116706773478810e-02
2.130459701826306271e-02
2.127803269848241308e-02
2.125147385055606644e-02
2.122492027830615025e-02
2.119837185016814826e-02
2.117182850167270702e-02
2.114529023720795528e-02
2.111875713132533791e-02
2.109222932924621416e-02
2.106570704679554262e-02
2.103919056968830623e-02
2.101268025208003973e-02
2.098617651467256026e-02
2.095967984199657158e-02
2.093319077929865074e-02
2.090670992868023936e-02
2.088023794486903312e-02
2.085377553044647295e-02
2.082732343060438029e-02
2.080088242758324629e-02
2.077445333471076780e-02
2.074803699022555528e-02
2.072163425086174723e-02
2.069524598524760325e-02
2.066887306729025750e-02
2.064251636942605883e-02
2.061617675603923464e-02
2.058985507688660538e-02
2.056355216072475178e-02
2.053726880920846501e-02
2.051100579099698895e-02
2.048476383632259409e-02
2.045854363177626936e-02
2.043234581578162040e-02
2.040617097444574063e-02
2.038001963789412563e-02
2.035389227725241390e-02
2.032778930224184502e-02
2.030171105938225959e-02
2.027565783085127568e-02
2.024962983393781280e-02
2.022362722127281701e-02
2.019765008160293723e-02
2.017169844129003756e-02
2.014577226645365704e-02
2.011987146564794132e-02
2.009399589322120178e-02
2.006814535318382151e-02
2.004231960363229981e-02
2.001651836155215330e-02
1.999074130815149675e-02
1.996498809455459628e-02
1.993925834772062797e-02
1.991355167675179852e-02
1.988786767925216498e-02
1.986220594795231470e-02
1.983656607732938240e-02
1.981094767018230438e-02
1.978535034422457956e-02
1.975977373853008909e-02
1.973421751965294402e-02
1.970868138770712208e-02
1.968316508189453529e-02
1.965766838577782255e-02
1.963219113217216233e-02
1.960673320730860897e-02
1.958129455477888511e-02
1.955587517868123335e-02
1.953047514627976808e-02
1.950509459000365764e-02
1.947973370868213636e-02
1.945439276833908424e-02
1.942907210205823895e-02
1.940377210940224736e-02
1.937849325489112914e-02
1.935323606607176894e-02
1.932800113072562914e-02
1.930278909364907536e-02
1.927760065263149636e-02
1.925243655404214674e-02
1.922729758776875811e-02
1.920218458181328566e-02
1.917709839641410646e-02
1.915203991766993574e-02
1.912701005116061032e-02
1.910200971502569456e-02
1.907703983307244139e-02
1.905210132764770248e-02
1.902719511258837287e-02
1.900232208611059292e-02
1.897748312386339162e-02
1.895267907206359126e-02
1.892791074097971080e-02
1.890317889870229973e-02
1.887848426514204120e-02
1.885382750667539964e-02
1.882920923101480057e-02
1.880462998287711629e-02
1.878009024001300528e-02
1.875559040995456936e-02
1.873113082735588381e-02
1.870671175204152367e-02
1.868233336782051252e-02
1.865799578187940164e-02
1.863369902491148269e-02
1.860944305213604530e-02
1.858522774478665873e-02
1.856105291247967665e-02
1.853691829619342341e-02
