# ee
3.087405709937091416e-02
3.966797189523608991e-02
3.446826574252418590e-02
2.307111650670045158e-02
1.293655304696908308e-02
6.992325667564557208e-03
4.498118550328451815e-03
3.603507446974392545e-03
3.075811951462373642e-03
2.596071168232377390e-03
2.275723738280749798e-03
2.194210659345246627e-03
2.288023415736381225e-03
2.472264167776801191e-03
2.732950393979225595e-03
3.108633308842716561e-03
3.638272364755073488e-03
4.331461509749519496e-03
5.171488172783869804e-03
6.146213670929211691e-03
7.260544936312837011e-03
8.510712596401640018e-03
9.898244620698557275e-03
1.142362580178723705e-02
1.309549380651320663e-02
1.493150919844822913e-02
1.693153633764999180e-02
1.911395539722348172e-02
2.149889553533699052e-02
2.408583002219926578e-02
2.689677802121375264e-02
2.989716409238902736e-02
3.311636351901196818e-02
3.655890301596433078e-02
4.024693384155153542e-02
4.418868407424389466e-02
4.835952994890845708e-02
5.276474314080729922e-02
5.741968722732280345e-02
6.233822181889284858e-02
6.752767248354080154e-02
7.299356368298325071e-02
7.873926505282331789e-02
8.476532285408845679e-02
9.107087635574040441e-02
9.766117544214081292e-02
1.045361260040626183e-01
1.116948905476673470e-01
1.191477735692189621e-01
1.269040502120742375e-01
1.349644227329320212e-01
1.433241070775652382e-01
1.519790616042352160e-01
1.609267299559585251e-01
1.701595437488122031e-01
1.796766296393314810e-01
1.894810163619069232e-01
1.995764752689580257e-01
2.099593491947025492e-01
2.206258114752674415e-01
2.315713578579037812e-01
2.427920575384333590e-01
2.542832369302460149e-01
2.660424510669462395e-01
2.780610745537566153e-01
2.903325018756545139e-01
3.028476613954069752e-01
3.155997103601871911e-01
3.285825492987684560e-01
3.417924400244439220e-01
3.552254311478301174e-01
3.688762185358497869e-01
3.827335561115753904e-01
3.967854557784950553e-01
4.110178548533490739e-01
4.254202750750749051e-01
4.399809065822509191e-01
4.546886834657457022e-01
4.695325410077942907e-01
4.845011382565736491e-01
4.995835112635366726e-01
5.147669343240033335e-01
5.300394260584018191e-01
5.453882638143074946e-01
5.608032011076360401e-01
5.762720059357291369e-01
5.917834369315817522e-01
6.073262545672203361e-01
6.228847642076716928e-01
6.384468620338017431e-01
6.539977164416558297e-01
6.695223725878269860e-01
6.850081062768378359e-01
7.004392241711171474e-01
7.158015208521744110e-01
7.310800503642470582e-01
7.462591262612743304e-01
7.613245501547554195e-01
7.762643545887621954e-01
7.910636032330269352e-01
8.056999339055851417e-01
8.201732720052896664e-01
8.344538320869663295e-01
8.485341163373069095e-01
8.623992011938979019e-01
8.760415940628161202e-01
8.894389482797881996e-01
9.025837765215402042e-01
9.154537374090001567e-01
9.280413741740656253e-01
9.403393337467704782e-01
9.523254342569786868e-01
9.639849248108508517e-01
9.753179138254074454e-01
9.863096556082295852e-01
9.969379786837772039e-01
1.007202999165629498e+00
1.017089978973115372e+00
1.026591610844097557e+00
1.035693161592769362e+00
1.044387328763488831e+00
1.052666812229055671e+00
1.060516885784458463e+00
1.067937682136600008e+00
1.074914479437446557e+00
1.081447414614735480e+00
1.087521769894552071e+00
1.093137686122653829e+00
1.098280449277159843e+00
1.102950200856935625e+00
1.107147072319004666e+00
1.110856337044099584e+00
1.114092983253807789e+00
1.116834858747059345e+00
1.119089525936850515e+00
1.120849691627751055e+00
1.122122920290077097e+00
1.122901920527786146e+00
1.123186829993495062e+00
1.122992643596743445e+00
1.122304643256771817e+00
1.121130396203083412e+00
1.119477469769257771e+00
1.117338574531758555e+00
1.114728705897315209e+00
1.111655430527296540e+00
1.108118886172020368e+00
1.104126638186991638e+00
1.099686251002292670e+00
1.094805282309749828e+00
1.089491265994246172e+00
1.083759157169124965e+00
1.077623909254791235e+00
1.071085617078497476e+00
1.064166658421757505e+00
1.056867123712794010e+00
1.049216814269694265e+00
1.041215815286954838e+00
1.032886494074224615e+00
1.024243786440298232e+00
1.015302624826396771e+00
1.006092794788846057e+00
9.966143646787769539e-01
9.868896838737020172e-01
9.769410975072090331e-01
9.667909462477265459e-01
9.564615660790566354e-01
9.459752880802063668e-01
9.353470098563181345e-01
9.246064803709008739e-01
9.137760146788360682e-01
9.028779220619984613e-01
8.919345058152934325e-01
8.809829197371212839e-01
8.700380304808714715e-01
8.591370003845699710e-01
8.483021325841232363e-01
8.375557232036344724e-01
8.269349178609827211e-01
8.164694264255955014e-01
8.061889511825107713e-01
7.961157582995117554e-01
7.862869627007582629e-01
7.767396711931334741e-01
7.674961255994399156e-01
7.585867304815748779e-01
7.500515386555711705e-01
7.419216801652015469e-01
7.342312474987187088e-01
7.270120956061518758e-01
7.202990416136552110e-01
7.141254076887435520e-01
7.085267350979596035e-01
7.035385555918126643e-01
6.991963913013869991e-01
6.955372403126192093e-01
6.925966052379955995e-01
6.904099788059743226e-01
6.890128437883067392e-01
6.884429007771158959e-01
6.887356091291338966e-01
6.899279030812568436e-01
6.920559638681594850e-01
6.951567053604488233e-01
6.992655455366419970e-01
7.044201206432247897e-01
7.106565710143103454e-01
7.180102839095747758e-01
7.265188648666970339e-01
7.362191663826429533e-01
7.471458022741627181e-01
7.593363475632571857e-01
7.728276243517889776e-01
7.876490163649618736e-01
8.038454969068637990e-01
8.214464298678557652e-01
8.404811693493837721e-01
8.609939164633079178e-01
8.830140060407428715e-01
9.065707634518809233e-01
9.317083614370945677e-01
9.584486784964616479e-01
9.868284407930081326e-01
1.016869508914017839e+00
1.048616019795817866e+00
1.082097245157359833e+00
1.117335020046135385e+00
1.154366028096010854e+00
1.193219516694887572e+00
1.233909868864248027e+00
1.276473745251585745e+00
1.320940370982528922e+00
1.367331535924855679e+00
1.415676451664846125e+00
1.466004323444865642e+00
1.518322065411323196e+00
1.572658871026962890e+00
1.629029071641256765e+00
1.687469278575510989e+00
1.747993813365787519e+00
1.810616993169767097e+00
1.875360559483867373e+00
1.942238821820625239e+00
2.011273514798020745e+00
2.082464085137402776e+00
2.155839690524843810e+00
2.231414629929104443e+00
2.309188344031071427e+00
2.389189985763833679e+00
2.471404124714636108e+00
2.555852421802876862e+00
2.642534240574970106e+00
2.731463801972632943e+00
2.822633043062767744e+00
2.916056187627495966e+00
3.011732604908011091e+00
3.109654238456552200e+00
3.209835320045085982e+00
3.312267800076451163e+00
3.416951061504194254e+00
3.523884492004066615e+00
3.633067484500982047e+00
3.744492009348529216e+00
3.858142614861735264e+00
3.974011284553308432e+00
4.092082580970170191e+00
4.212348502932287353e+00
4.334801057722476259e+00
4.459417404925528849e+00
4.586189570368815360e+00
4.715102161610891685e+00
4.846117511778986753e+00
4.979235106907328401e+00
5.114424731319342499e+00
5.251671038261007673e+00
5.390951265379205104e+00
5.532242663597301657e+00
5.675507640936916509e+00
5.820716048085965433e+00
5.967852607262348563e+00
6.116872342620994552e+00
6.267752579208279329e+00
6.420463230059283433e+00
6.574966796689175830e+00
6.731233226279780268e+00
6.889210198757769632e+00
7.048875125719154866e+00
7.210183152443493171e+00
7.373096871753548776e+00
7.537593752817034698e+00
7.703539859635524678e+00
7.871009270544067071e+00
8.039927517823308278e+00
8.210145871624380476e+00
8.381738474390195037e+00
8.554556640243299981e+00
8.728600272892792944e+00
8.903795015511757782e+00
9.080066534616326734e+00
9.257489118266013506e+00
9.435840067893323635e+00
9.615193874183251665e+00
9.795476485566291913e+00
9.976613875549871224e+00
1.015860632653674855e+01
1.034130557962186714e+01
1.052471196889562499e+01
1.070875157121802523e+01
1.089327620648759343e+01
1.107836057190850454e+01
1.126385654121923707e+01
1.144976458243509398e+01
1.163593662405478923e+01
1.182229890576990528e+01
1.200892626215468795e+01
1.219559642182224657e+01
1.238230999209803684e+01
1.256899332514857193e+01
1.275564708510840717e+01
1.294212339767664055e+01
1.312834870071019644e+01
1.331424946078784011e+01
1.349975217325740218e+01
1.368485764576477415e+01
1.386949243125501674e+01
1.405350882795674572e+01
1.423683344634928005e+01
1.441946720910220137e+01
1.460126250048398866e+01
1.478222030026446276e+01
1.496226733307510948e+01
1.514125606825185599e+01
1.531918757016038590e+01
1.549591436397743394e+01
1.567143756946596334e+01
1.584568405020655035e+01
1.601858069681124874e+01
1.619005442660760608e+01
1.636010646679802960e+01
1.652851522007854612e+01
1.669528196525500618e+01
1.686033372280584075e+01
1.702352325442747016e+01
1.718485191305878246e+01
1.734417250836061086e+01
1.750148644018757338e+01
1.765657228050966765e+01
1.780958004083992208e+01
1.796036262009194928e+01
1.810892146562331817e+01
1.825518360407775376e+01
1.839907604216919168e+01
1.854060008878834509e+01
1.867960850374968729e+01
1.881610263103191372e+01
1.895000954747881394e+01
1.908125634548777683e+01
1.920969584867268054e+01
1.933532946151629872e+01
1.945808431798857896e+01
1.957788756415664366e+01
1.969466635727469139e+01
1.980842214836017945e+01
1.991908211424685859e+01
2.002657344013095653e+01
2.013089760210403156e+01
2.023190751566302126e+01
2.032975323573160864e+01
2.042413912063089043e+01
2.051528951659823363e+01
2.060290878772985224e+01
2.068714700048316857e+01
2.076793137111795673e+01
2.084518911516047979e+01
2.091884744635629190e+01
2.098890785912052692e+01
2.105529756047714685e+01
2.111794375250333289e+01
2.117684791477143591e+01
2.123201151978430090e+01
2.128321318140498519e+01
2.133067720531571965e+01
2.137425646942726942e+01
2.141395240733355010e+01
2.144984072374735362e+01
2.148184854293218393e+01
2.151005154165324029e+01
2.153437681411030269e+01
2.155482572138987152e+01
2.157139960691007730e+01
2.158402551186756568e+01
2.159277902469709076e+01
2.159758714601650453e+01
2.159837685458911238e+01
2.159529795679181419e+01
2.158820310106079532e+01
2.157716776137554504e+01
2.156211881871560010e+01
2.154320597754574251e+01
2.152028180000121793e+01
2.149342174856525745e+01
2.146270127536297068e+01
2.142804723441574666e+01
2.138946073113850588e+01
2.134709140483584733e+01
2.130086601018770764e+01
2.125071126675902633e+01
2.119685099201716483e+01
2.113921183232421441e+01
2.107779467946743424e+01
2.101267466968331021e+01
2.094385261568324097e+01
2.087140357269635516e+01
2.079540255401251159e+01
2.071577596303185942e+01
2.063267300984049868e+01
2.054609429277179089e+01
2.045604036449591234e+01
2.036251173111633150e+01
2.026565741828425615e+01
2.016540355280939067e+01
2.006175049580815895e+01
1.995484712536066496e+01
1.984469370167229840e+01
1.973136471677091563e+01
1.961500889371694001e+01
1.949570061882841543e+01
1.937343994093381738e+01
1.924830113765285944e+01
1.912050699819965871e+01
1.898998312169421965e+01
1.885680361753104251e+01
1.872111682125881771e+01
1.858284815998221973e+01
1.844214585281949326e+01
1.829900949286476930e+01
1.815358718070622146e+01
1.800587838995823375e+01
1.785595681734686124e+01
1.770397038232409415e+01
1.754991837621204809e+01
1.739394859590306552e+01
1.723613449308152568e+01
1.707647517399306736e+01
1.691519253326463357e+01
1.675228555274085807e+01
1.658790171888995957e+01
1.642211417223207803e+01
1.625492170731802233e+01
1.608654593762604179e+01
1.591698568720714491e+01
1.574638831571240871e+01
1.557482683717409344e+01
1.540237420370547916e+01
1.522910330574236504e+01
1.505508697232861337e+01
1.488047225494779369e+01
1.470533186089157418e+01
1.452973843717856894e+01
1.435376457101419767e+01
1.417763135729848223e+01
1.400141126516097323e+01
1.382517670555348310e+01
1.364907431538134297e+01
1.347317639116876542e+01
1.329762945677481412e+01
1.312250569713966009e+01
1.294787724257790273e+01
1.277381616960868449e+01
1.260046878532677539e+01
1.242798134480677952e+01
1.225635148504231964e+01
1.208565107643466874e+01
1.191610050731268977e+01
1.174777155097632075e+01
1.158066165028770911e+01
1.141499105280468918e+01
1.125083139442617863e+01
1.108832855109116267e+01
1.092740550599384264e+01
1.076835661886126871e+01
1.061117907572115726e+01
1.045601859123917343e+01
1.030294655956510574e+01
1.015203433922037668e+01
1.000335325451355928e+01
9.857123163991328596e+00
9.713266760899296415e+00
9.572003842707390575e+00
9.433405611629163801e+00
9.297468959687398282e+00
9.164339320812905143e+00
9.034162105458454661e+00
8.907008418742860201e+00
8.782875062123954635e+00
8.661907385605740473e+00
8.544176438955945585e+00
8.429753256959088503e+00
8.318783144693885134e+00
8.211262773201131182e+00
8.107337148445690644e+00
8.007002646021062375e+00
7.910478486151656163e+00
7.817686751062152162e+00
7.728772371402062191e+00
7.643820850862131699e+00
7.562902838219843105e+00
7.486074129300321012e+00
7.413397954003865920e+00
7.344930121597188055e+00
7.280726451068630034e+00
7.220857629846078041e+00
7.165379502424636726e+00
7.114340500755088392e+00
7.067803931341252621e+00
7.025810835542399602e+00
6.988424561734080775e+00
6.955686197270002147e+00
6.927644283949283555e+00
6.904354820083707267e+00
6.885858977514231150e+00
6.872197960376941417e+00
6.863398150464710135e+00
6.859493394335510530e+00
6.860510148663345298e+00
6.866482338982473621e+00
6.877443933371934826e+00
6.893414087779316191e+00
6.914412004733748951e+00
6.940471792045444843e+00
6.971597894689172570e+00
7.007809666874615928e+00
7.049126517297779948e+00
7.095575339425178818e+00
7.147160800007005044e+00
7.203887626022035029e+00
7.265768034900235151e+00
7.332792022971723611e+00
7.404964509044614118e+00
7.482297907856914065e+00
7.564782418452433710e+00
7.652415739332594669e+00
7.745195641830300737e+00
7.843090258405388759e+00
7.946104939464817996e+00
8.054207971499492302e+00
8.167323150343317906e+00
8.285597203361302121e+00
8.408805522977832680e+00
8.537095007587000239e+00
8.670315524621596381e+00
8.808465599912441490e+00
8.951543847732581938e+00
9.099474688678741430e+00
9.252256918025326016e+00
9.409815140033034098e+00
9.572148336231412813e+00
9.739181299654077861e+00
9.910913203046746389e+00
1.008719474952365402e+01
1.026809959120495641e+01
1.045347862928608684e+01
1.064333143259329795e+01
1.083758338807714416e+01
1.103623426877476099e+01
1.123906110071308717e+01
1.144613814829373410e+01
1.165739121409855095e+01
1.187267192316513231e+01
1.209198057421748018e+01
1.231516900632914968e+01
1.254223773355428229e+01
1.277311309498807290e+01
1.300764725528012455e+01
1.324584105559948100e+01
1.348754688002506086e+01
1.373269150639469949e+01
1.398127610658721665e+01
1.423307911273296256e+01
1.448810191838699701e+01
1.474619746111134688e+01
1.500729307301202020e+01
1.527139048070302962e+01
1.553819438769070871e+01
1.580778102572525334e+01
1.608000388654117074e+01
1.635471657205558671e+01
1.663184707749164559e+01
1.691132350742608281e+01
1.719299979176601667e+01
1.747680425216190869e+01
1.776259103433896058e+01
1.805028867436741180e+01
1.833975153085114940e+01
1.863090835105563059e+01
1.892361370295510525e+01
1.921772225771724862e+01
1.951323735562117889e+01
1.980993958738922700e+01
2.010775827091393708e+01
2.040654878077388545e+01
2.070624093257107035e+01
2.100669035406969343e+01
2.130775276721760036e+01
2.160935827010699484e+01
2.191143705187064938e+01
2.221377082401836489e+01
2.251628995273254930e+01
2.281885060659234554e+01
2.312123475475327794e+01
2.342344729908675660e+01
2.372534465474879184e+01
2.402678331522008293e+01
2.432761985029651441e+01
2.462778518753971824e+01
2.492721032668211834e+01
2.522582633749539127e+01
2.552334150711455862e+01
2.581983560585388204e+01
2.611516561694923055e+01
2.640904001779020760e+01
2.670153876213650435e+01
2.699244472626459412e+01
2.728168940762320105e+01
2.756905578843640470e+01
2.785447546730003410e+01
2.813780580623485150e+01
2.841897849522706210e+01
2.869792526623661999e+01
2.897435504017648711e+01
2.924834819239517714e+01
2.951968799859325543e+01
2.978823204975107686e+01
3.005398653302258793e+01
3.031673481159041827e+01
3.057648312302412918e+01
3.083301487558410869e+01
3.108633634653061861e+01
3.133623097837765314e+01
3.158270507715105424e+01
3.182554210859067112e+01
3.206474839635584573e+01
3.230018170167650737e+01
3.253162550399181185e+01
3.275908613206876652e+01
3.298242134356997468e+01
3.320148888911130314e+01
3.341629507629073714e+01
3.362669763267437162e+01
3.383270276396224574e+01
3.403424208198486411e+01
3.423124710355462952e+01
3.442364932016388934e+01
3.461130591134290313e+01
3.479429687550540962e+01
3.497247932574553886e+01
3.514578462063771980e+01
3.531406979400080814e+01
3.547734040215610207e+01
3.563545338665117157e+01
3.578833992148656762e+01
3.593600540982313873e+01
3.607830663017247019e+01
3.621524886709813273e+01
3.634676305739595392e+01
3.647285435378653773e+01
3.659337927109805122e+01
3.670826853347048058e+01
3.681760135456507044e+01
3.692130830027493715e+01
3.701924556896569385e+01
3.711149212224502492e+01
3.719797826423512532e+01
3.727863420539195261e+01
3.735346434285511918e+01
3.742247297383010363e+01
3.748551572550900346e+01
3.754259668605114797e+01
3.759371983459746502e+01
3.763874047133727174e+01
3.767773663214819635e+01
3.771056338476823555e+01
3.773729852705990595e+01
3.775801973381785359e+01
3.777265598714712524e+01
3.778135899142999676e+01
3.778398318633646369e+01
3.778068001244780305e+01
3.777152649142524155e+01
3.775637665676563159e+01
3.773530725265779040e+01
3.770832059789604784e+01
3.767549315089158313e+01
3.763675265725517960e+01
3.759202671497644133e+01
3.754153990669257013e+01
3.748514524650884994e+01
3.742291844644604026e+01
3.735493506444378653e+01
3.728119627251926715e+01
3.720170329814682475e+01
3.711660583082027642e+01
3.702583055031143289e+01
3.692952682660255448e+01
3.682769530136903313e+01
3.672048502106091661e+01
3.660774773503462853e+01
3.648978072979834764e+01
3.636650970977694897e+01
3.623800878119278224e+01
3.610435188449329047e+01
3.596553851034920513e+01
3.582171654972958663e+01
3.567288515952505179e+01
3.551904332925067109e+01
3.536026416431003838e+01
3.519662060231777190e+01
3.502825969648914395e+01
3.485517976508208449e+01
3.467760180892108224e+01
3.449552381045548799e+01
3.430916643491008955e+01
3.411860161297047256e+01
3.392390110804922898e+01
3.372513651661092382e+01
3.352245355206446220e+01
3.331584919471139017e+01
3.310554310978167081e+01
3.289145766350807776e+01
3.267381219180855823e+01
3.245260301650338874e+01
3.222804914713852753e+01
3.200007229735266634e+01
3.176896543736214440e+01
3.153479852698322716e+01
3.129756708376163488e+01
3.105748931819087133e+01
3.081463471749442817e+01
3.056914689751595304e+01
3.032116932068928250e+01
3.007077101410040498e+01
2.981809513815015222e+01
2.956328470480426063e+01
2.930648257944225321e+01
2.904775719930079347e+01
2.878725114252311101e+01
2.852503256329685044e+01
2.826124376110141156e+01
2.799602689954703294e+01
2.772944971023034455e+01
2.746165401703080278e+01
2.719270721699136928e+01
2.692275086514075966e+01
2.665200067732368794e+01
2.638052368261753244e+01
2.610853536035875422e+01
2.583602822573664071e+01
2.556329181750434643e+01
2.529039271673980949e+01
2.501747168421563572e+01
2.474459509683257252e+01
2.447190351813769027e+01
2.419946313490433099e+01
2.392748861129171090e+01
2.365604595855081982e+01
2.338512682230244266e+01
2.311501990388042316e+01
2.284586526319880662e+01
2.257772860618333155e+01
2.231074985574829128e+01
2.204514315580694728e+01
2.178097402480882039e+01
2.151838221032237186e+01
2.125750740963413321e+01
2.099848927387295561e+01
2.074139312865076690e+01
2.048635854522624911e+01
2.023345077767107725e+01
1.998288361755773224e+01
1.973464798063381664e+01
1.948888332852553162e+01
1.924572910592523556e+01
1.900525046128127471e+01
1.876751253449089418e+01
1.853265474458981643e+01
1.830074222692967822e+01
1.807191440436013607e+01
1.784631070789741258e+01
1.762399629738643725e+01
1.740518491616646557e+01
1.719001604471539579e+01
1.697862918829775936e+01
1.677108959760222007e+01
1.656761112338400821e+01
1.636818480308304657e+01
1.617287599896130601e+01
1.598175011872508833e+01
1.579487261964836264e+01
1.561230901269562210e+01
1.543405056692478183e+01
1.526008854846069518e+01
1.509071140728563698e+01
1.492583624606439408e+01
1.476575165930245959e+01
1.461044918596044973e+01
1.446006901460999927e+01
1.431475142057358063e+01
1.417456248657039986e+01
1.403956839037019222e+01
1.390983540894662696e+01
1.378528135562655876e+01
1.366604700175603071e+01
1.355212466333871468e+01
1.344350677218712242e+01
1.334033444706641269e+01
1.324260036381278738e+01
1.315037160995612098e+01
1.306364112181286252e+01
1.298262482257286976e+01
1.290724164183376210e+01
1.283763350414039728e+01
1.277379391546005927e+01
1.271579081763826480e+01
1.266361802529744374e+01
1.261734379669566408e+01
1.257688798701752830e+01
1.254231918612136099e+01
1.251363187170228564e+01
1.249089497989525555e+01
1.247402905828746178e+01
1.246310340336439637e+01
1.245818749685143167e+01
1.245927672546320508e+01
1.246636666755762413e+01
1.247952737968489423e+01
1.249875483251871522e+01
1.252404519718064257e+01
1.255532056444035049e+01
1.259257751430075345e+01
1.263573855144682945e+01
1.268480067457491245e+01
1.273968681157998972e+01
1.280032010511598806e+01
1.286677248152226305e+01
1.293904180210011745e+01
1.301720043176315400e+01
1.310117239003636058e+01
1.319103048643363962e+01
1.328677347117961816e+01
1.338847460646141663e+01
1.349591025933700017e+01
1.360907987760932514e+01
1.372783456984855199e+01
1.385209995645991654e+01
1.398180188661511458e+01
1.411671787155805546e+01
1.425692278581096950e+01
1.440226888273214456e+01
1.455283149549421218e+01
1.470853761942715288e+01
1.486931447877524803e+01
1.503531237685721500e+01
1.520638471110648915e+01
1.538253367355320655e+01
1.556368739969742698e+01
1.574977425130995989e+01
1.594064853214996802e+01
1.613623905411545323e+01
1.633654913631781724e+01
1.654135947007865681e+01
1.675059953538440283e+01
1.696412474925882918e+01
1.718193931509081906e+01
1.740389908738666591e+01
1.762986013748103176e+01
1.785967875218762657e+01
1.809328571589764678e+01
1.833061202561890113e+01
1.857151460596027803e+01
1.881592487456833140e+01
1.906384874050270284e+01
1.931506946854355533e+01
1.956966766196686081e+01
1.982750127622279734e+01
2.008842846757449507e+01
2.035245615816688058e+01
2.061944290000980118e+01
2.088917315639950090e+01
2.116165443376982935e+01
2.143674586193924370e+01
2.171430675878960770e+01
2.199427091135296664e+01
2.227634943929183109e+01
2.256062506031174308e+01
2.284680925242687266e+01
2.313483651916477157e+01
2.342456725263166462e+01
2.371578773047452415e+01
2.400850724673677306e+01
2.430243811799621412e+01
2.459758992977681658e+01
2.489382385022573274e+01
2.519100119954228845e+01
2.548898344620350187e+01
2.578778077006570157e+01
2.608710635731682359e+01
2.638689638083190303e+01
2.668716142887718235e+01
2.698768936668153628e+01
2.728834246590167822e+01
2.758905739995342188e+01
2.788977095571913623e+01
2.819027146163449871e+01
2.849049591667619197e+01
2.879038141822421437e+01
2.908964230631657344e+01
2.938829014282871199e+01
2.968611372152346917e+01
2.998305048004249684e+01
3.027888936029302869e+01
3.057356793677923434e+01
3.086702384385009168e+01
3.115912048638837462e+01
3.144964703394837713e+01
3.173861554885711200e+01
3.202581527925183735e+01
3.231125835411638292e+01
3.259473407626398256e+01
3.287610605032931232e+01
3.315531217674196540e+01
3.343221607869398326e+01
3.370675566312328897e+01
3.397864598069530473e+01
3.424789920433146051e+01
3.451430463872883081e+01
3.477787441544404601e+01
3.503847206948738346e+01
3.529596110047702950e+01
3.555013068333352066e+01
3.580106708004100113e+01
3.604855936593201449e+01
3.629247084156404668e+01
3.653281331064846427e+01
3.676944994053199878e+01
3.700231810726253912e+01
3.723120653970888583e+01
3.745620101527281776e+01
3.767716437013944386e+01
3.789395934462378790e+01
3.810644863475840083e+01
3.831464362431164972e+01
3.851840707579753342e+01
3.871767591942733588e+01
3.891231268129438803e+01
3.910225404563612273e+01
3.928743656665429995e+01
3.946787094740432877e+01
3.964341918473715509e+01
3.981416598232183901e+01
3.997989876169704360e+01
4.014070192591744046e+01
4.029651115422081631e+01
4.044718768126668351e+01
4.059281542693529587e+01
4.073318100765057892e+01
4.086829371678862088e+01
4.099808838660837296e+01
4.112249966774396626e+01
4.124138774174080879e+01
4.135490973465566356e+01
4.146285116167069873e+01
4.156522019129982226e+01
4.166209907462056350e+01
4.175327272405030499e+01
4.183889726121071817e+01
4.191875717829991999e+01
4.199300816957170213e+01
4.206158285982952094e+01
4.212433936800745471e+01
4.218150700482652837e+01
4.223286915097648375e+01
4.227858037242417311e+01
4.231849786574684202e+01
4.235262715608145356e+01
4.238097352713621291e+01
4.240354201829329384e+01
4.242018885479611612e+01
4.243106714605075069e+01
4.243595833148698659e+01
4.243494072956602281e+01
4.242809240136051585e+01
4.241526829774587526e+01
4.239662024172854871e+01
4.237215122535728540e+01
4.234186397477279229e+01
4.230568666487134522e+01
4.226369576810228779e+01
4.221596748587959524e+01
4.216242918012196128e+01
4.210308215407079757e+01
4.203792716250055861e+01
4.196696461575432835e+01
4.189019464718396080e+01
4.180761711236029754e+01
4.171938015542389877e+01
4.162563164156136963e+01
4.152651915662224980e+01
4.142219000687114772e+01
4.131286550237695820e+01
4.119854382302331430e+01
4.107944571967694714e+01
4.095549452995516759e+01
4.082668759615359733e+01
4.069287341528282553e+01
4.055412305725241850e+01
4.041021018115061736e+01
4.026113102068305238e+01
4.010695581821146050e+01
3.994760597541043978e+01
3.978344832257095476e+01
3.961447800147364262e+01
3.944091273492567495e+01
3.926289569438220894e+01
3.908064406869604568e+01
3.889422621546687253e+01
3.870371023001406741e+01
3.850916394745480176e+01
3.831065494489151746e+01
3.810817626020590865e+01
3.790186924497151466e+01
3.769172643295716085e+01
3.747781439325623154e+01
3.726019944951445950e+01
3.703909624977379877e+01
3.681457063541044050e+01
3.658676249469992570e+01
3.635581148248237326e+01
3.612185702344093841e+01
3.588488974848693402e+01
3.564512291577453595e+01
3.540239814629603643e+01
3.515685397913301813e+01
3.490848017428454853e+01
3.465719200012734547e+01
3.440320165500129690e+01
3.414634971987522505e+01
3.388684799767580813e+01
3.362498238369659020e+01
3.336089001962457701e+01
3.309478218328182919e+01
3.282672154663656272e+01
3.255706777793522377e+01
3.228595752758387505e+01
3.201345300024654961e+01
3.173961624354752331e+01
3.146458343687778481e+01
3.118841632979473033e+01
3.091117653102737606e+01
3.063299979757553260e+01
3.035394747339170962e+01
3.007415506215878054e+01
2.979360938263627645e+01
2.951251999210303012e+01
2.923094777484572404e+01
2.894895351523049598e+01
2.866667218733185862e+01
2.838423867761058261e+01
2.810171350763931741e+01
2.781923140737747246e+01
2.753685275447144676e+01
2.725478643109638455e+01
2.697309269630310880e+01
2.669190604289905622e+01
2.641136092032923699e+01
2.613151745756131561e+01
2.585243575297372942e+01
2.557432444773865754e+01
2.529724359817663526e+01
2.502125324910773685e+01
2.474656200717924293e+01
2.447315562964764268e+01
2.420116844815317947e+01
2.393073480794065588e+01
2.366191479054278801e+01
2.339476850342571623e+01
2.312935608608636073e+01
2.286588628310705218e+01
2.260441931614554889e+01
2.234494117338659791e+01
2.208766074944923830e+01
2.183263843371927848e+01
2.158000896664928092e+01
2.132983287849406295e+01
2.108224506200469861e+01
2.083730621106205305e+01
2.059515139327121958e+01
2.035576720499574321e+01
2.011936319436611953e+01
1.988592616571682825e+01
1.965544302490152972e+01
1.942812360336359134e+01
1.920402927776448365e+01
1.898322155288959934e+01
1.876568778341083288e+01
1.855156402962842677e+01
1.834091221216856482e+01
1.813379440066399084e+01
1.793034710240857521e+01
1.773055841697738799e+01
1.753456517534050008e+01
1.734228152743109064e+01
1.715391893172028048e+01
1.696954045923621734e+01
1.678906079857377520e+01
1.661269196189383734e+01
1.644034902186047375e+01
1.627217010108607909e+01
1.610821924301699681e+01
1.594841213329119434e+01
1.579296180557443030e+01
1.564178437831806789e+01
1.549494476050403513e+01
1.535258237281905025e+01
1.521461401826288729e+01
1.508110530421461881e+01
1.495212207991042241e+01
1.482773044084916236e+01
1.470792244961129391e+01
1.459269042359142077e+01
1.448210122263256316e+01
1.437622196954951548e+01
1.427504577053923285e+01
1.417856600247572452e+01
1.408677631657472595e+01
1.399974492542594717e+01
1.391746603937599325e+01
1.383993415327024579e+01
1.376714404953714777e+01
1.369916508461396987e+01
1.363591834119577406e+01
1.357747376482996593e+01
1.352382731581660380e+01
1.347497525493780834e+01
1.343091414550026208e+01
1.339164085519010960e+01
1.335715255773801147e+01
1.332744673439261796e+01
1.330244689169876970e+01
1.328215112959008515e+01
1.326663213212315640e+01
1.325581428719089949e+01
1.324969656802449691e+01
1.324827826017580712e+01
1.325141039465138881e+01
1.325924144888449341e+01
1.327162307849413203e+01
1.328863010140800860e+01
1.331011479628439176e+01
1.333615260280060077e+01
1.336667070325627904e+01
1.340159658854265423e+01
1.344093234046370178e+01
1.348468034691324213e+01
1.353269473341713791e+01
1.358505277906688136e+01
1.364160921380633695e+01
1.370236763413306313e+01
1.376733193417558354e+01
1.383628345316776631e+01
1.390937524135610026e+01
1.398646350627566726e+01
1.406747902797740224e+01
1.415242715666386886e+01
1.424123924324567625e+01
1.433377263683212455e+01
1.443003353266209565e+01
1.453002840245794758e+01
1.463361542471709775e+01
1.474072733245548683e+01
1.485129712688136649e+01
1.496533235801508432e+01
1.508269227123939515e+01
1.520338493830738891e+01
1.532719583676661834e+01
1.545420783135018361e+01
1.558428118626741821e+01
1.571735069595395728e+01
1.585335139823803452e+01
1.599221857093444399e+01
1.613381344485720703e+01
1.627814605075948862e+01
1.642515236517137822e+01
1.657462002315087446e+01
1.672655973195385926e+01
1.688090813308083327e+01
1.703760208173078183e+01
1.719643007563814407e+01
1.735747795181587705e+01
1.752053461414592306e+01
1.768561202706625224e+01
1.785257383446451485e+01
1.802128388087890798e+01
1.819182904343295704e+01
1.836392495879188402e+01
1.853765885303149474e+01
1.871274670132392970e+01
1.888935034104285648e+01
1.906718606417896211e+01
1.924626744667959599e+01
1.942645964161973637e+01
1.960770222376961769e+01
1.978993490003020028e+01
1.997309750325304734e+01
2.015698141894216278e+01
2.034160099636592278e+01
2.052682212454263677e+01
2.071258507615167233e+01
2.089875593384505237e+01
2.108527515048960410e+01
2.127200897532821955e+01
2.145897229759113856e+01
2.164595722203396377e+01
2.183297876295893047e+01
2.201990341967399445e+01
2.220667201994668360e+01
2.239315114592987754e+01
2.257935597759384194e+01
2.276515315164431996e+01
2.295048360497062134e+01
2.313521400060284705e+01
2.331935957121202563e+01
2.350263841112640151e+01
2.368514002093186122e+01
2.386673103258378958e+01
2.404735233660990446e+01
2.422679622486269935e+01
2.440515208486716503e+01
2.458221212521130994e+01
2.475791707005388176e+01
2.493228186920023859e+01
2.510517284126173010e+01
2.527645623441847178e+01
2.544614678727424817e+01
2.561403630528677766e+01
2.578021363932107946e+01
2.594447041175757462e+01
2.610682099522881217e+01
2.626705680591297920e+01
2.642519199894424275e+01
2.658124061315622910e+01
2.673499371744977893e+01
2.688646510412943869e+01
2.703566843233378236e+01
2.718246865580867677e+01
2.732680486825707789e+01
2.746861601473839443e+01
2.760798945363029588e+01
2.774464096711832539e+01
2.787873187477653403e+01
2.801005191013473095e+01
2.813853920032830302e+01
2.826420597776220589e+01
2.838706429180546209e+01
2.850690315350860260e+01
2.862373423186912902e+01
2.873756899859808556e+01
2.884834443991424280e+01
2.895599733536529286e+01
2.906053853667093279e+01
2.916183011257900048e+01
2.925988247826329669e+01
2.935463154023053889e+01
2.944608725876926414e+01
2.953425935992415674e+01
2.961900876400533278e+01
2.970041899865742607e+01
2.977835049344884411e+01
2.985273770954028905e+01
2.992373770240894260e+01
2.999106156611301799e+01
3.005486583118451094e+01
3.011508390905314414e+01
3.017157465508972436e+01
3.022441949875499745e+01
3.027355102233540407e+01
3.031905009131943984e+01
3.036077443337843818e+01
3.039880433601062393e+01
3.043314550930449869e+01
3.046372908286504710e+01
3.049063445340819811e+01
3.051386643150886968e+01
3.053328095552994270e+01
3.054895650674869501e+01
3.056089697314952502e+01
3.056903164742099221e+01
3.057343807565946747e+01
3.057397063825604278e+01
3.057078053302004506e+01
3.056372151464007914e+01
3.055301847123018177e+01
3.053852456254491798e+01
3.052024119528045532e+01
3.049831802273503101e+01
3.047268152716625877e+01
3.044333215387758074e+01
3.041034431149843442e+01
3.037364352195633188e+01
3.033330355516129728e+01
3.028932357936201569e+01
3.024170244569532784e+01
3.019043868940987707e+01
3.013560481476183739e+01
3.007727301306757184e+01
3.001536659740802904e+01
2.995010570549906959e+01
2.988133875016179530e+01
2.980928525646963223e+01
2.973386731246837655e+01
2.965515527254602191e+01
2.957321919288618517e+01
2.948805455051981639e+01
2.939973081297205226e+01
2.930816859047699907e+01
2.921351105628551181e+01
2.911575253201473146e+01
2.901488705757556019e+01
2.891105696115518953e+01
2.880425572823490654e+01
2.869455085517158821e+01
2.858193528530922833e+01
2.846647597914057215e+01
2.834831391750174134e+01
2.822736697079371382e+01
2.810377560326522683e+01
2.797753145880489711e+01
2.784877449829348706e+01
2.771742158547324308e+01
2.758368647488903846e+01
2.744741126383432217e+01
2.730888351439558548e+01
2.716794485499179856e+01
2.702480810252851740e+01
2.687938871456397649e+01
2.673182477758260944e+01
2.658210559331127243e+01
2.643029453313425137e+01
2.627652904208493823e+01
2.612087207592269422e+01
2.596331209002784135e+01
2.580398584833996267e+01
2.564288133958236315e+01
2.548028349805771242e+01
2.531603137323752151e+01
2.515033525302474260e+01
2.498325668409580302e+01
2.481470847688768444e+01
2.464490041173000634e+01
2.447389354307882314e+01
2.430167448840082400e+01
2.412830400069313441e+01
2.395391697413070276e+01
2.377849959933762491e+01
2.360218650330503820e+01
2.342503790491780080e+01
2.324711390461370542e+01
2.306840020715550565e+01
2.288910526202797513e+01
2.270928885241906414e+01
2.252886210181292626e+01
2.234810746519276492e+01
2.216693590078512344e+01
2.198548114492454530e+01
2.180380258495447876e+01
2.162203383319971195e+01
2.144008559997060814e+01
2.125816568513130633e+01
2.107625900065895053e+01
2.089449899524858978e+01
2.071279624389810792e+01
2.053135843951758943e+01
2.035017041548809402e+01
2.016929128672179417e+01
1.998885445667653471e+01
1.980891905731993319e+01
1.962954423954697702e+01
1.945078918003209978e+01
1.927271308801065075e+01
1.909544949548482151e+01
1.891898341333482136e+01
1.874344847185696850e+01
1.856882979318594806e+01
1.839518684813441851e+01
1.822265346242122774e+01
1.805114068878316047e+01
1.788085679750545509e+01
1.771178729780767114e+01
1.754399207764679858e+01
1.737753112589817661e+01
1.721246453745715144e+01
1.704885251728833495e+01
1.688668110370491249e+01
1.672608502461103441e+01
1.656712485215835784e+01
1.640986129131887594e+01
1.625420661786101917e+01
1.610037038426119693e+01
1.594826515650101761e+01
1.579802650332787373e+01
1.564964158341665446e+01
1.550324628399072147e+01
1.535882809136471394e+01
1.521644894595197250e+01
1.507609667971169465e+01
1.493790787106530082e+01
1.480187071525654119e+01
1.466804787919410380e+01
1.453650222225279087e+01
1.440722251704609036e+01
1.428027202067990054e+01
1.415571419547418763e+01
1.403346414615844040e+01
1.391373432506377661e+01
1.379644026825629055e+01
1.368164630068039678e+01
1.356934268975286884e+01
1.345959421643982701e+01
1.335239161229090143e+01
1.324780013044648541e+01
1.314588526609576569e+01
1.304663847688784273e+01
1.295005147029467096e+01
1.285611620741212846e+01
1.276497347369949686e+01
1.267654146512742130e+01
1.259081292576670563e+01
1.250792943477968855e+01
1.242788427580097377e+01
1.235059672372406503e+01
1.227613489837792571e+01
1.220449291706494144e+01
1.213566518097688096e+01
1.206972066147081257e+01
1.200665433568928542e+01
1.194646147253244095e+01
1.188913763496468157e+01
1.183467868215173446e+01
1.178315505492449411e+01
1.173448892705149227e+01
1.168875134067405774e+01
1.164586507319377340e+01
1.160590177299776471e+01
1.156885911013263524e+01
1.153466077711888182e+01
1.150337934007324669e+01
1.147501338861630593e+01
1.144941325258601950e+01
1.142672670307088012e+01
1.140695325121769166e+01
1.138994414786172094e+01
1.137577380048073650e+01
1.136444263844210312e+01
1.135587711208088280e+01
1.135015254211188029e+01
1.134719598435716570e+01
1.134693479532820781e+01
1.134951948115744891e+01
1.135472942785676231e+01
1.136271573448321881e+01
1.137333265962760542e+01
1.138665760382147241e+01
1.140254540629820745e+01
1.142114832718142381e+01
1.144224749353616311e+01
1.146599573187811849e+01
1.149224901405355226e+01
1.152093787207952325e+01
1.155221596240879478e+01
1.158586579510810743e+01
1.162204156602577498e+01
1.166052631885868252e+01
1.170140049372071367e+01
1.174459622313181661e+01
1.179012017949061253e+01
1.183783072149577542e+01
1.188780930855289597e+01
1.193998908012308213e+01
1.199430341955584645e+01
1.205076023438629385e+01
1.210921910258773337e+01
1.216976268680828888e+01
1.223232531354396357e+01
1.229676725328531361e+01
1.236317185112682893e+01
1.243147410580498580e+01
1.250153494969811163e+01
1.257343837927589192e+01
1.264704575046095059e+01
1.272236719244978964e+01
1.279933875417621891e+01
1.287789668617788585e+01
1.295805171796231825e+01
1.303966620274538535e+01
1.312282553085084125e+01
1.320731814098014745e+01
1.329322978391543586e+01
1.338049781707897878e+01
1.346898548349785685e+01
1.355870475765817318e+01
1.364959349022617907e+01
1.374166397016181840e+01
1.383478006919825987e+01
1.392888008721450710e+01
1.402405103048106305e+01
1.412015718876959980e+01
1.421713726386573384e+01
1.431493008045256943e+01
1.441354886388550760e+01
1.451285838384756488e+01
1.461287208241735769e+01
1.471360350102277614e+01
1.481484342379916441e+01
1.491660557238368767e+01
1.501882946560612986e+01
1.512152898012391056e+01
1.522464377698502247e+01
1.532803929514276930e+01
1.543172959543416844e+01
1.553565450350911092e+01
1.563975388674520417e+01
1.574404193114803618e+01
1.584831000073466178e+01
1.595264661545008167e+01
1.605699174356669090e+01
1.616121107862635498e+01
1.626524459991959404e+01
1.636918084950589503e+01
1.647281122476889692e+01
1.657622424006716955e+01
1.667928553591563201e+01
1.678200929027231325e+01
1.688426107838440160e+01
1.698612928424418911e+01
1.708740511010758212e+01
1.718810255514436847e+01
1.728823555916378396e+01
1.738774371344802461e+01
1.748649225519322670e+01
1.758449491256409303e+01
1.768169106164420512e+01
1.777802004311160289e+01
1.787349540219229382e+01
1.796805630381846086e+01
1.806156752769681972e+01
1.815411659748465567e+01
1.824564235853739547e+01
1.833600925676115523e+01
1.842530446805843169e+01
1.851339219282928283e+01
1.860028506907566026e+01
1.868592131755595886e+01
1.877031330451677604e+01
1.885339897047409963e+01
1.893511610955568258e+01
1.901540236538954076e+01
1.909434379404071080e+01
1.917180344246897761e+01
1.924771847854296780e+01
1.932217447057645643e+01
1.939495968237316603e+01
1.946623362083187203e+01
1.953585848052672702e+01
1.960377055734070240e+01
1.967005452810597177e+01
1.973464631274780956e+01
1.979748163745981415e+01
1.985864459789596026e+01
1.991799623786359419e+01
1.997554596306214592e+01
2.003130297032768325e+01
2.008527624390984556e+01
2.013732598477506386e+01
2.018753502446374881e+01
2.023576312046192172e+01
2.028209265365075353e+01
2.032645720728340777e+01
2.036879013054087295e+01
2.040917310215689895e+01
2.044753899310483547e+01
2.048389471388658478e+01
2.051817264440213506e+01
2.055037919793006651e+01
2.058052053470998644e+01
2.060852827564254497e+01
2.063448235012480581e+01
2.065831385950166421e+01
2.068002792517528476e+01
2.069962940285268260e+01
2.071704859694775536e+01
2.073236409967808669e+01
2.074550562685868016e+01
2.075640261173760948e+01
2.076520706355761092e+01
2.077177358179609357e+01
2.077617933962183727e+01
2.077835266550580684e+01
2.077829589303695812e+01
2.077601107691380378e+01
2.077157427612606000e+01
2.076506127031541382e+01
2.075632470931326168e+01
2.074543981438026563e+01
2.073248152809905065e+01
2.071745023144355713e+01
2.070027174451742624e+01
2.068094589445854936e+01
2.065954651649363427e+01
2.063599860463374114e+01
2.061044973053120444e+01
2.058267577693814232e+01
2.055289805783879231e+01
2.052104048514785006e+01
2.048710098805662838e+01
2.045115151496906947e+01
2.041326375202947929e+01
2.037328627473139164e+01
2.033136453462988769e+01
2.028749516059215807e+01
2.024160024462910457e+01
2.019382447829110561e+01
2.014408945408901630e+01
2.009246508548692489e+01
2.003894675891384125e+01
1.998345533631712811e+01
1.992613429175590767e+01
1.986705258000117524e+01
1.980605607216466879e+01
1.974328754287227738e+01
1.967881525542792787e+01
1.961263296451002347e+01
1.954473420239057546e+01
1.947518656517538460e+01
1.940405743206185463e+01
1.933126540111911140e+01
1.925680314260826975e+01
1.918088596883126584e+01
1.910335756898964377e+01
1.902428428012264661e+01
1.894365795605957814e+01
1.886161882663622791e+01
1.877815838384357860e+01
1.869326793486685290e+01
1.860693859958048790e+01
1.851930988081731400e+01
1.843037253370028594e+01
1.834019141957460874e+01
1.824868265901355002e+01
1.815598505293779041e+01
1.806216295231082469e+01
1.796713197844478316e+01
1.787103044442817534e+01
1.777384794163886994e+01
1.767564819439035162e+01
1.757642049718077715e+01
1.747615400256659512e+01
1.737506057615883748e+01
1.727298053320983584e+01
1.716997691135710014e+01
1.706618690845817454e+01
1.696152475353382627e+01
1.685612741284701244e+01
1.674998317756114830e+01
1.664315451952064251e+01
1.653570381311875792e+01
1.642769334075904553e+01
1.631918529840159238e+01
1.621009323418175185e+01
1.610055347161625150e+01
1.599062798134848329e+01
1.588023010345434294e+01
1.576949597080720444e+01
1.565841309745265875e+01
1.554696895152622993e+01
1.543529952818679973e+01
1.532339222154120151e+01
1.521123439758020623e+01
1.509896196710151450e+01
1.498648797409274636e+01
1.487402258611280992e+01
1.476147883209547373e+01
1.464891830913898652e+01
1.453632833771648514e+01
1.442384481783702732e+01
1.431145510061810455e+01
1.419907227729302868e+01
1.408690660214528556e+01
1.397487122982236407e+01
1.386302792159226804e+01
1.375151276698677094e+01
1.364016476083694052e+01
1.352919432824444357e+01
1.341866337640713880e+01
1.330841102635857176e+01
1.319872216913151419e+01
1.308943606826783501e+01
1.298061491578164350e+01
1.287239526949772284e+01
1.276469092329072730e+01
1.265763861225857490e+01
1.255115231577869750e+01
1.244529467900914099e+01
1.234012844979410772e+01
1.223564219899884264e+01
1.213189889128404886e+01
1.202896160531013514e+01
1.192681925388420261e+01
1.182546087106024935e+01
1.172494989919262309e+01
1.162527562544087090e+01
1.152657603575057976e+01
1.142876640078252493e+01
1.133198498034212065e+01
1.123614732575552644e+01
1.114131770075336902e+01
1.104748623431781951e+01
1.095479177453027297e+01
1.086307619088419152e+01
1.077255292912431983e+01
1.068313846303047754e+01
1.059482371522587485e+01
1.050767406046186281e+01
1.042175504538774966e+01
1.033698382480372047e+01
1.025342629891174795e+01
1.017114854953124059e+01
1.009014255979313113e+01
1.001040050081038935e+01
9.931989018315048767e+00
9.854900668748980408e+00
9.779128205817283259e+00
9.704738866990824775e+00
9.631651525941190783e+00
9.560008112931280166e+00
9.489727916607126446e+00
9.420879004238702947e+00
9.353381090352572258e+00
9.287376956794252791e+00
9.222786754163060152e+00
9.159605138165256122e+00
9.097901273487899232e+00
9.037670273836829082e+00
8.978907482488937220e+00
8.921608472499233500e+00
8.865843331917716341e+00
8.811533814854568547e+00
8.758750476916681293e+00
8.707415542474819858e+00
8.657644609899525889e+00
8.609367806668020151e+00
8.562597210786300650e+00
8.517345139591867564e+00
8.473609293550975252e+00
8.431387613299456518e+00
8.390693136527168861e+00
8.351524284606314907e+00
8.313872290818828503e+00
8.277750913485244055e+00
8.243151865445422999e+00
8.210074526900283942e+00
8.178518516365251401e+00
8.148468833141803813e+00
8.119925569764015805e+00
8.092889054223057599e+00
8.067352420427678084e+00
8.043316463606984712e+00
8.020767353860650317e+00
7.999698919715267920e+00
7.980105218191302363e+00
7.961980533138396154e+00
7.945311945144784005e+00
7.930101614778701347e+00
7.916337067314687559e+00
7.903998619154009475e+00
7.893089089243804146e+00
7.883589226947089301e+00
7.875487423372981688e+00
7.868779709268193479e+00
7.863447467823392323e+00
7.859479717550197364e+00
7.856873110078984368e+00
7.855594786179199041e+00
7.855641800308126754e+00
7.856989119882164196e+00
7.859641621428257174e+00
7.863567233107588983e+00
7.868756359169491787e+00
7.875184735826470828e+00
7.882850570604670537e+00
7.891722541462011797e+00
7.901791795121138051e+00
7.913042238201294154e+00
7.925450527653848276e+00
7.939000922543276495e+00
7.953670424724990973e+00
7.969443632874974703e+00
7.986297883065319070e+00
8.004210674333222642e+00
8.023167094188792703e+00
8.043144959006930605e+00
8.064122239400944636e+00
8.086069628823127076e+00
8.108980253840494257e+00
8.132825100829146336e+00
8.157582726089211533e+00
8.183231824124574061e+00
8.209751224186744523e+00
8.237119886731422369e+00
8.265309471436351529e+00
8.294299190181328996e+00
8.324031233137425545e+00
8.354574188575480065e+00
8.385840761572824320e+00
8.417766050350859786e+00
8.450359540575872686e+00
8.483705101128752091e+00
8.517589562286250526e+00
8.552096979362843854e+00
8.587237210752665106e+00
8.622945913421460773e+00
8.659158821844037845e+00
8.695886026890276455e+00
8.733063404158453835e+00
8.770775459782161221e+00
8.808883908184952816e+00
8.847399084834377092e+00
8.886331374459993881e+00
8.925616922762051431e+00
8.965266198623043081e+00
9.005215422311318108e+00
9.045475127703689111e+00
9.085907307011067857e+00
9.126671107048537124e+00
9.167628556498574000e+00
9.208715978740659835e+00
9.250018270710173240e+00
9.291471764289287449e+00
9.333012788761852363e+00
9.374651949818883168e+00
9.416325558113442185e+00
9.458044193273549283e+00
9.499744136744070033e+00
9.541510213876552626e+00
9.583130087339199576e+00
9.624762804519534143e+00
9.666270241949666442e+00
9.707737085839044155e+00
9.749025127141731417e+00
9.790144675217106851e+00
9.831105987037453531e+00
9.871919263463283301e+00
9.912446078573877273e+00
9.952770793573234798e+00
9.992903419228449380e+00
1.003263104536493522e+01
1.007211210543533930e+01
1.011128210509371961e+01
1.015007646933901242e+01
1.018850482269187907e+01
1.022657670240148597e+01
1.026422727168392690e+01
1.030146588349648518e+01
1.033830179382983339e+01
1.037459559152043198e+01
1.041043061260058700e+01
1.044574151964150488e+01
1.048061143263515937e+01
1.051490050836855872e+01
1.054861735483686225e+01
1.058184474465496727e+01
1.061436819447249746e+01
1.064634451343759025e+01
1.067770753213294910e+01
1.070846523355807278e+01
1.073847689961210605e+01
1.076782452561714365e+01
1.079651568334232792e+01
1.082448351806464792e+01
1.085173531266488034e+01
1.087827820125053080e+01
1.090404488281754070e+01
1.092904218546303774e+01
1.095327678013910244e+01
1.097675517796278832e+01
1.099948372758535520e+01
1.102139432912351324e+01
1.104249299866853740e+01
1.106271129886105165e+01
1.108212918705976335e+01
1.110067787907935788e+01
1.111836270364867119e+01
1.113511455167444808e+01
1.115108698995890713e+01
1.116606198521485815e+01
1.118019273734705443e+01
1.119340940980308297e+01
1.120571626207213356e+01
1.121711736479196908e+01
1.122761659848166005e+01
1.123714336889684162e+01
1.124570117301898797e+01
1.125336759816699761e+01
1.126007147072880876e+01
1.126581570603531013e+01
1.127060302435082484e+01
1.127436166698857534e+01
1.127724253006189947e+01
1.127909917982882781e+01
1.128008212069206628e+01
1.128004452727354590e+01
1.127906222913731327e+01
1.127706229358927104e+01
1.127419444360402601e+01
1.127038535732190816e+01
1.126556151916095416e+01
1.125979778751378646e+01
1.125309454501412887e+01
1.124545198288989845e+01
1.123679581838268149e+01
1.122720014624304063e+01
1.121666458927145449e+01
1.120526286642718361e+01
1.119284565997258873e+01
1.117948631768812895e+01
1.116518372010373739e+01
1.114993656527960120e+01
1.113381765362051468e+01
1.111675103871000303e+01
1.109880916268902240e+01
1.107991572363921939e+01
1.106014281100853580e+01
1.103948805654034970e+01
1.101794891923246666e+01
1.099552268681296674e+01
1.097220647723516684e+01
1.094799724019258846e+01
1.092296604215673739e+01
1.089703521742707792e+01
1.087027550372214080e+01
1.084260890977674840e+01
1.081410584405523778e+01
1.078476224511396886e+01
1.075464817110526639e+01
1.072375924144465387e+01
1.069201663859239204e+01
1.065948996038806484e+01
1.062624865492195525e+01
1.059228773896223430e+01
1.055760208344435469e+01
1.052211213201649898e+01
1.048596103716224093e+01
1.044914324486903112e+01
1.041157878038337081e+01
1.037333610104562709e+01
1.033440924818735596e+01
1.029486641662096247e+01
1.025462710669869182e+01
1.021383354447497283e+01
1.017233069992332517e+01
1.013033484127830519e+01
1.008776498641778474e+01
1.004461432336486126e+01
1.000087592985881280e+01
9.956617060013281062e+00
9.911830580547396963e+00
9.866583541104731125e+00
9.820794327134557022e+00
9.774455513859317435e+00
9.727782436806894140e+00
9.680544643878150168e+00
9.632957301024925201e+00
9.584938360925788103e+00
9.536479984246465591e+00
9.487722826931657139e+00
9.438584626517132037e+00
9.389057339993435392e+00
9.339281431184760507e+00
9.289174457129147910e+00
9.238802489493394887e+00
9.188082984468909586e+00
9.137156204187096620e+00
9.085939519598067449e+00
9.034498831861675683e+00
8.982900009200177394e+00
8.931060323724542727e+00
8.878971305741702125e+00
8.826773031020630711e+00
8.774456990505267839e+00
8.721940377495634777e+00
8.669288941785930902e+00
8.616568426631548760e+00
8.563770289949518499e+00
8.510885990116445754e+00
8.457906988991579667e+00
8.404973322279913006e+00
8.351927901817663980e+00
8.298910786835513420e+00
8.245913486130257652e+00
8.192927528201090936e+00
8.140018747829669721e+00
8.087104438598528233e+00
8.034250489877713619e+00
7.981448539247546492e+00
7.928764542390448256e+00
7.876190208932784209e+00
7.823791572260229366e+00
7.771486141787698365e+00
7.719340039717880408e+00
7.667419436759367102e+00
7.615641987823544845e+00
7.564148252221069235e+00
7.512811425215525141e+00
7.461749896849963370e+00
7.410940980385969823e+00
7.360391767006955632e+00
7.310124271763422499e+00
7.260145722818241332e+00
7.210470849146049410e+00
7.161107026485259652e+00
7.112076565046320020e+00
7.063394427123809827e+00
7.015060801414678693e+00
6.967105675793273001e+00
6.919536841537255789e+00
6.872369609409043179e+00
6.825604527286181167e+00
6.779249667891595443e+00
6.733328059818603606e+00
6.687840548446622790e+00
6.642802940347408480e+00
6.598216292523171767e+00
6.554096628426109739e+00
6.510460083851006274e+00
6.467315481147551282e+00
6.424671760097193207e+00
6.382537980398297783e+00
6.340923324104073444e+00
6.299851954708186597e+00
6.259318449369622783e+00
6.219339799626465215e+00
6.179910840824921259e+00
6.141041388002377310e+00
6.102748817557772654e+00
6.065028358462096314e+00
6.027890235869355351e+00
5.991337387830684591e+00
5.955387752011197300e+00
5.920037125502604525e+00
5.885288879682633478e+00
5.851161389916034850e+00
5.817650895043987802e+00
5.784768640264686290e+00
5.752511164749212647e+00
5.720897444297119883e+00
5.689916893676283394e+00
5.659581365754592142e+00
5.629895438668390817e+00
5.600856416283138017e+00
5.572469185248603019e+00
5.544746215249721111e+00
5.517677845756724153e+00
5.491269427830874683e+00
5.465519039036137450e+00
5.440439768364428552e+00
5.416030002626209594e+00
5.392280854514241106e+00
5.369205875645326032e+00
5.346796486032111773e+00
5.325066543695756494e+00
5.304000345668834271e+00
5.283612054200722774e+00
5.263901126013744047e+00
5.244859739970243240e+00
5.226502509754940462e+00
5.208807056323158768e+00
5.191788290627268765e+00
5.175438986016212439e+00
5.159752062469130429e+00
5.144735442463608699e+00
5.130382336729893744e+00
5.116693528447082251e+00
5.103662515679711298e+00
5.091282938858736173e+00
5.079556008256545852e+00
5.068483074756133355e+00
5.058050772264508055e+00
5.048260730221117321e+00
5.039114715997565774e+00
5.030592348937847902e+00
5.022703097889758439e+00
5.015441711586221096e+00
5.008788221944981522e+00
5.002752508948443477e+00
4.997329728130583959e+00
4.992507737904663401e+00
4.988274526859269642e+00
4.984640497718701546e+00
4.981586467760216408e+00
4.979108237739676035e+00
4.977201733965566532e+00
4.975863007019627027e+00
4.975080802069037134e+00
4.974851414166877817e+00
4.975163830085239880e+00
4.976007155129159365e+00
4.977378039877125460e+00
4.979273250144778729e+00
4.981674808519375830e+00
4.984579705914781833e+00
4.987977614592001174e+00
4.991865742847007681e+00
4.996226547862913314e+00
5.001064875279610078e+00
5.006355958476198076e+00
5.012097414674046902e+00
5.018286957455774910e+00
5.024907537555267645e+00
5.031949625322440056e+00
5.039403779713500064e+00
5.047260645562101189e+00
5.055510950784864121e+00
5.064152931876607866e+00
5.073162617598515389e+00
5.082545824468895468e+00
5.092278726955534296e+00
5.102352424533117770e+00
5.112765510256456203e+00
5.123509210957473137e+00
5.134559955772967754e+00
5.145923943111007759e+00
5.157577710707257346e+00
5.169520130934886382e+00
5.181727837567358996e+00
5.194207221106546868e+00
5.206934998875253129e+00
5.219895353686406558e+00
5.233094787490286670e+00
5.246510119903126323e+00
5.260133055326844165e+00
5.273955323308727294e+00
5.287961249014152543e+00
5.302142612233644137e+00
5.316483782733742558e+00
5.330976572496648913e+00
5.345620233030509816e+00
5.360384310982841960e+00
5.375275500711913956e+00
5.390278214957914926e+00
5.405384295770198300e+00
5.420570727034414560e+00
5.435836773851182357e+00
5.451174266809784896e+00
5.466567599707247815e+00
5.482001155658645430e+00
5.497466733245140347e+00
5.512956115995137019e+00
5.528453641895138659e+00
5.543958486326896917e+00
5.559447518223631590e+00
5.574927296445789437e+00
5.590374640915057647e+00
5.605796057360251439e+00
5.621168308462379137e+00
5.636490410252920746e+00
5.651746488304264737e+00
5.666928060714065296e+00
5.682034036027079793e+00
5.697040997741536827e+00
5.711947772300906223e+00
5.726738285213680335e+00
5.741403843954436148e+00
5.755935707441823368e+00
5.770332512194730867e+00
5.784577985064651706e+00
5.798663226047727548e+00
5.812586706024859495e+00
5.826331979431780717e+00
5.839897395363588650e+00
5.853266381862778367e+00
5.866444585348140173e+00
5.879400441482690809e+00
5.892146884692922804e+00
5.904659633983413869e+00
5.916936617412136279e+00
5.928968256373996049e+00
5.940744891652173010e+00
5.952264209491938907e+00
5.963516382652104042e+00
5.974498924891724627e+00
5.985201832096377572e+00
5.995622438772594265e+00
6.005750565035054223e+00
6.015583365529472815e+00
6.025110468859749879e+00
6.034328832406518295e+00
6.043235312169640494e+00
6.051811804340171186e+00
6.060054957057728231e+00
6.067961312154517728e+00
6.075527303691378833e+00
6.082749256588336983e+00
6.089623385352236795e+00
6.096130936202782458e+00
6.102290184451054422e+00
6.108082150024679358e+00
6.113502595048428745e+00
6.118554594723228490e+00
6.123233679954489972e+00
6.127535265129084863e+00
6.131462075987793803e+00
6.135001864189641552e+00
6.138157120417539581e+00
6.140930217468283381e+00
6.143308553424084550e+00
6.145286836652533502e+00
6.146874514178111149e+00
6.148051201669145982e+00
6.148826110389554955e+00
6.149193477303346533e+00
6.149147422031272292e+00
6.148689375501827925e+00
6.147820651940559600e+00
6.146535020892548218e+00
6.144848421023743512e+00
6.142746962091876206e+00
6.140246352188358792e+00
6.137332471388504018e+00
6.134020799013764069e+00
6.130289558943726291e+00
6.126161431933377699e+00
6.121614415871868609e+00
6.116656109741393621e+00
6.111294000665085768e+00
6.105513179296178983e+00
6.099313481999335096e+00
6.092709491270216660e+00
6.085700822744227523e+00
6.078279553946991598e+00
6.070452509737513047e+00
6.062218977643658135e+00
6.053585563827669880e+00
6.044543905064076128e+00
6.035100385878612528e+00
6.025261283356527109e+00
6.015010482493536870e+00
6.004361475064395215e+00
5.993312789958156195e+00
5.981862850340172066e+00
5.970017402494037562e+00
5.957782087998079845e+00
5.945155015942543919e+00
5.932156476943654333e+00
5.918791802056445839e+00
5.905051363494672856e+00
5.890955145513043334e+00
5.876493318451045056e+00
5.861685666450250132e+00
5.846522161640921311e+00
5.831014963658855521e+00
5.815168707389085867e+00
5.798973075842223324e+00
5.782439943216060030e+00
5.765581091240219003e+00
5.748385925606569025e+00
5.730880904338120807e+00
5.713062684288928494e+00
5.694927836281339140e+00
5.676502560325308977e+00
5.657775832364468016e+00
5.638758833053080011e+00
5.619447808053038784e+00
5.599861211902374514e+00
5.579995140095359574e+00
5.559853044724500926e+00
5.539438308424941226e+00
5.518761675067167971e+00
5.497833823790862162e+00
5.476643086373358393e+00
5.455222304829331570e+00
5.433559693676982327e+00
5.411673125924189698e+00
5.389565565458444674e+00
5.367254782940164226e+00
5.344736216537796736e+00
5.322012687802819109e+00
5.299101832475104246e+00
5.275998961162245315e+00
5.252714203490815414e+00
5.229250225420185139e+00
5.205617088267244341e+00
5.181809965422121245e+00
5.157853713141694385e+00
5.133736019116877713e+00
5.109474260264314616e+00
5.085078363045698602e+00
5.060543377131273779e+00
5.035886619107198037e+00
5.011110532623219704e+00
4.986217546935201028e+00
4.961224935392494650e+00
4.936127675420002525e+00
4.910943020302286577e+00
4.885665930716720950e+00
4.860321074775820094e+00
4.834895974425308829e+00
4.809407862111028109e+00
4.783866540511438892e+00
4.758266955645185092e+00
4.732618911709690401e+00
4.706932215803075970e+00
4.681209250987183879e+00
4.655467262747822410e+00
4.629701218655103645e+00
4.603928379883885924e+00
4.578151160894512017e+00
4.552386844283683232e+00
4.526630440506036912e+00
4.500906687826033981e+00
4.475203198697307982e+00
4.449544744831784193e+00
4.423918975302007617e+00
4.398343273338866766e+00
4.372812759568083685e+00
4.347344863843944474e+00
4.321942185274983750e+00
4.296599922395953897e+00
4.271343016785003499e+00
4.246159299820060795e+00
4.221066349780753235e+00
4.196074352084960601e+00
4.171178672961419309e+00
4.146389574904665309e+00
4.121717362055139944e+00
4.097157525600985117e+00
4.072727887647817013e+00
4.048416604895634485e+00
4.024241597573461782e+00
4.000198553117632727e+00
3.976298070043197797e+00
3.952550803347041342e+00
3.928952607941859743e+00
3.905506819920297357e+00
3.882231692749540830e+00
3.859123259428734798e+00
3.836185047800846348e+00
3.813435510753955260e+00
3.790863457904550149e+00
3.768487484111987307e+00
3.746296544310539822e+00
3.724301953511896190e+00
3.702500246516443383e+00
3.680910321034581045e+00
3.659521440509248880e+00
3.638337805392882984e+00
3.617371125871728932e+00
3.596625766137420577e+00
3.576091316905804618e+00
3.555787166284236189e+00
3.535710501983371223e+00
3.515866025280612206e+00
3.496258523133677798e+00
3.476885440198328237e+00
3.457751735804331705e+00
3.438869884142894850e+00
3.420222732619436101e+00
3.401830357031512708e+00
3.383690634720330603e+00
3.365801529508698042e+00
3.348168519878780280e+00
3.330797170396528450e+00
3.313678274740016416e+00
3.296824997141049263e+00
3.280235730292696772e+00
3.263916380034902698e+00
3.247858079921477792e+00
3.232066904229078830e+00
3.216549010861379898e+00
3.201303212606905202e+00
3.186335833457008881e+00
3.171638423187654432e+00
3.157217470413359095e+00
3.143079545564354760e+00
3.129216443892879784e+00
3.115634898613113712e+00
3.102334295624625593e+00
3.089306673323373609e+00
3.076566435852259307e+00
3.064105782887906138e+00
3.051924422968662398e+00
3.040022145109023466e+00
3.028398818946863358e+00
3.017054395217263263e+00
3.005988905377748210e+00
2.995202461553287954e+00
2.984702685000338640e+00
2.974474992837117249e+00
2.964527168288022985e+00
2.954852219081502085e+00
2.945450662649220064e+00
2.936330526267474816e+00
2.927477633783488908e+00
2.918892747472686899e+00
2.910584139766086764e+00
2.902537879890999317e+00
2.894762403971398612e+00
2.887251373225308004e+00
2.880005958907244423e+00
2.873019985435731449e+00
2.866302215202124248e+00
2.859831778151501247e+00
2.853625026536144471e+00
2.847668679278660520e+00
2.841964391498724929e+00
2.836506468794008473e+00
2.831304151526014223e+00
2.826337043855371878e+00
2.821614539580548531e+00
2.817131250972819245e+00
2.812889292663263596e+00
2.808875995329339403e+00
2.805093617735958222e+00
2.801544488580669068e+00
2.798216148247723023e+00
2.795111060576813244e+00
2.792231754448498027e+00
2.789565965293008265e+00
2.787108918280400083e+00
2.784870754746465948e+00
2.782831960110943914e+00
2.781002788650493773e+00
2.779371262977507584e+00
2.777940313689729823e+00
2.776698063843876518e+00
2.775647540216266584e+00
2.774791814455519035e+00
2.774111715887307650e+00
2.773617827832306926e+00
2.773298487039777438e+00
2.773149495000847065e+00
2.773174115895550074e+00
2.773360790741906445e+00
2.773705424116736484e+00
2.774211378615214496e+00
2.774874615091545760e+00
2.775683690876312948e+00
2.776634614763014319e+00
2.777730845366563006e+00
2.778961004505680954e+00
2.780328589113497451e+00
2.781822256423433171e+00
2.783445536034144574e+00
2.785187115249114331e+00
2.787043122942454598e+00
2.789017128446347638e+00
2.791097855456588839e+00
2.793281466104718280e+00
2.795564131689351139e+00
2.797949460163086766e+00
2.800418781917137334e+00
2.802983147461351354e+00
2.805623899886321659e+00
2.808344672607649972e+00
2.811141675278538088e+00
2.814003693116516214e+00
2.816934371286356154e+00
2.819929929178836225e+00
2.822979159729893883e+00
2.826078285422070291e+00
2.829230957559792703e+00
2.832425970461009967e+00
2.835666974060843781e+00
2.838942759667252957e+00
2.842256972466623122e+00
2.845598397170347571e+00
2.848963242051397504e+00
2.852355137864518220e+00
2.855755423296848505e+00
2.859175142200230280e+00
2.862603043847673945e+00
2.866027866619323294e+00
2.869460621615554707e+00
2.872890021046335285e+00
2.876312190053473827e+00
2.879730665065073136e+00
2.883126678686054767e+00
2.886511156382912890e+00
2.889872716211795201e+00
2.893214808702315288e+00
2.896518573198344715e+00
2.899794834368528473e+00
2.903032102514336632e+00
2.906226287166499667e+00
2.909373264562977290e+00
2.912476303280794987e+00
2.915531205553174132e+00
2.918526305305860102e+00
2.921464751272500049e+00
2.924349648396082912e+00
2.927169199277049660e+00
2.929918987427881039e+00
2.932609403891284661e+00
2.935221075478501973e+00
2.937756861640693273e+00
2.940219567924409638e+00
2.942604516220854727e+00
2.944899543463996405e+00
2.947107285483375527e+00
2.949230319213446361e+00
2.951263733364268393e+00
2.953195127555957367e+00
2.955034324968941473e+00
2.956776229957538860e+00
2.958423112580339076e+00
2.959962323142708129e+00
2.961396005302363577e+00
2.962718810831184602e+00
2.963940184582538606e+00
2.965047222755647471e+00
2.966041814755746131e+00
2.966925786689442290e+00
2.967693473290138773e+00
2.968339146615967650e+00
2.968864444811765591e+00
2.969270944225588238e+00
2.969545303221440058e+00
2.969696404480613339e+00
2.969718213828098641e+00
2.969604637528942881e+00
2.969364379593241843e+00
2.968983800628648417e+00
2.968478916886122310e+00
2.967828545683249164e+00
2.967056017805506762e+00
2.966140037817010189e+00
2.965096396384913735e+00
2.963911115550000641e+00
2.962592447546645857e+00
2.961133733359860631e+00
2.959535688020191291e+00
2.957798972430090600e+00
2.955916765349491104e+00
2.953889620819102557e+00
2.951718039085007295e+00
2.949402466260369060e+00
2.946935865795757170e+00
2.944333431632743636e+00
2.941580589440062621e+00
2.938684994692704056e+00
2.935646818842947869e+00
2.932458748842909912e+00
2.929128271675069062e+00
2.925647960395690195e+00
2.922025186952890152e+00
2.918252408183880320e+00
2.914329450254386167e+00
2.910263508046768255e+00
2.906046859506844715e+00
2.901694006811875504e+00
2.897189677364655491e+00
2.892548250080356986e+00
2.887769184818584023e+00
2.882844450325493746e+00
2.877788237294115259e+00
2.872599816348624824e+00
2.867270966214532368e+00
2.861815687031700417e+00
2.856218201913531374e+00
2.850492383865060653e+00
2.844637185907760379e+00
2.838651498121328665e+00
2.832534148102902272e+00
2.826291329897394178e+00
2.819921747998893391e+00
2.813431474875480731e+00
2.806811666864406529e+00
2.800075706988969682e+00
2.793222064390019188e+00
2.786241723971859319e+00
2.779147901207067672e+00
2.771938901891281670e+00
2.764620408795546158e+00
2.757183198304856031e+00
2.749625427237453845e+00
2.741967491384293076e+00
2.734192600606186296e+00
2.726313635935394331e+00
2.718328581462719384e+00
2.710242811405140895e+00
2.702054235439033114e+00
2.693768157439847766e+00
2.685382420327790953e+00
2.676909691673349467e+00
2.668347753744726436e+00
2.659686934293179927e+00
2.650939821852480449e+00
2.642104125826431282e+00
2.633184963309748383e+00
2.624187432430609590e+00
2.615101757258043946e+00
2.605933002719017288e+00
2.596693647666682203e+00
2.587373872795541985e+00
2.577978703602422872e+00
2.568520583137305469e+00
2.558989659592871835e+00
2.549390928935607370e+00
2.539729378975098761e+00
2.530009990025836597e+00
2.520222878763440644e+00
2.510387868782147258e+00
2.500502492503521523e+00
2.490556848147991165e+00
2.480570741675171220e+00
2.470534260096837187e+00
2.460452341628398543e+00
2.450337347333062965e+00
2.440171919319837901e+00
2.429975835810486817e+00
2.419746584228911424e+00
2.409481646131341748e+00
2.399185925435757039e+00
2.388871748312439092e+00
2.378529149696393397e+00
2.368170443336748754e+00
2.357800508389062966e+00
2.347416789464768172e+00
2.337024153447295305e+00
2.326620032983111930e+00
2.316216711808262829e+00
2.305804183365263160e+00
2.295394721372095770e+00
2.284985738643531050e+00
2.274574644474260499e+00
2.264173702135495514e+00
2.253780316386519100e+00
2.243391891204850719e+00
2.233020687633946011e+00
2.222664111645512808e+00
2.212327000567098079e+00
2.202006767868226245e+00
2.191708260402994046e+00
2.181436328601590979e+00
2.171188403049491900e+00
2.160961925751144541e+00
2.150769208768006813e+00
2.140607722818081982e+00
2.130474956029048350e+00
2.120383272731393376e+00
2.110322773827538079e+00
2.100305869028427974e+00
2.090330137238793018e+00
2.080393185382074517e+00
2.070507507199676134e+00
2.060663343559067329e+00
2.050873254562008974e+00
2.041134979734045896e+00
2.031446296587399392e+00
2.021812450742750844e+00
2.012238729248548630e+00
2.002715605437225488e+00
1.993255882110856136e+00
1.983857551093066496e+00
1.974518651093916555e+00
1.965244697079431058e+00
1.956033824440146729e+00
1.946884218056151195e+00
1.937816397906199528e+00
1.928806364316180799e+00
1.919874738405532355e+00
1.911019907023088882e+00
1.902232879383318309e+00
1.893527000255474935e+00
1.884893379508618683e+00
1.876338033374829628e+00
1.867867027134881175e+00
1.859479046037798122e+00
1.851172822815363439e+00
1.842947136752595583e+00
1.834808241027124476e+00
1.826762433279975006e+00
1.818801197782160761e+00
1.810930917662898709e+00
1.803150588661132314e+00
1.795466674618093839e+00
1.787870821223386919e+00
1.780369568232434085e+00
1.772969491616537274e+00
1.765662345761187968e+00
1.758447347477434031e+00
1.751331175037190269e+00
1.744313110682455648e+00
1.737392468458289985e+00
1.730576021627764582e+00
1.723855716977813923e+00
1.717238387788483145e+00
1.710716040130479731e+00
1.704302994449907960e+00
1.697991315438354798e+00
1.691773097194972930e+00
1.685662748528468535e+00
1.679659851595370901e+00
1.673749162424811310e+00
1.667945181675329902e+00
1.662247585313123555e+00
1.656656082209037928e+00
1.651155558442149340e+00
1.645768076852909267e+00
1.640478594727686978e+00
1.635286963510454772e+00
1.630200501771543964e+00
1.625211711520490487e+00
1.620327992999792910e+00
1.615541932689915416e+00
1.610861018113146415e+00
1.606277925815812413e+00
1.601792807765875848e+00
1.597405864296516986e+00
1.593117345330622436e+00
1.588927551520053161e+00
1.584836835284219037e+00
1.580845601733535277e+00
1.576946881113667320e+00
1.573141186159016547e+00
1.569436512592682131e+00
1.565818626062326580e+00
1.562303060756957018e+00
1.558875692591016549e+00
1.555537309107390298e+00
1.552288752390114324e+00
1.549138346837379387e+00
1.546072184992442811e+00
1.543098696687865701e+00
1.540218934501309089e+00
1.537419144081225264e+00
1.534707904400022693e+00
1.532086412689726451e+00
1.529541054273099387e+00
1.527087970703232767e+00
1.524721059219529495e+00
1.522434255590692675e+00
1.520221532094806038e+00
1.518099181042655177e+00
1.516053813006356776e+00
1.514086924129623535e+00
1.512207465246210081e+00
1.510394697588366641e+00
1.508665045409659067e+00
1.507005238333262831e+00
1.505424307353670610e+00
1.503916440703606749e+00
1.502475838259010210e+00
1.501111566047877321e+00
1.499817840777817546e+00
1.498588884600671411e+00
1.497426351676485856e+00
1.496331898198998589e+00
1.495307180944536851e+00
1.494338999302553095e+00
1.493436435947706808e+00
1.492593714204577759e+00
1.491812482413055863e+00
1.491086956742738945e+00
1.490418777607836587e+00
1.489802152878246355e+00
1.489238714683652764e+00
1.488730091352573170e+00
1.488270479528303492e+00
1.487861501501822392e+00
1.487497349297555393e+00
1.487179642299954807e+00
1.486902571603216261e+00
1.486667757869146733e+00
1.486476824222966675e+00
1.486316540868399816e+00
1.486203396553863687e+00
1.486116744813162027e+00
1.486073088867869485e+00
1.486051799509841009e+00
1.486069399952333114e+00
1.486105283618150086e+00
1.486175998853919378e+00
1.486268394890104094e+00
1.486384192935822135e+00
1.486525130334298783e+00
1.486678104563495806e+00
1.486859743868423678e+00
1.487049552454961843e+00
1.487264194141547646e+00
1.487483208798547230e+00
1.487723295576851790e+00
1.487971457589759128e+00
1.488222143932526942e+00
1.488492104444159692e+00
1.488760961400147576e+00
1.489038063265789802e+00
1.489325341328037178e+00
1.489609879518520863e+00
1.489893625787583442e+00
1.490178533189456811e+00
1.490459129144407147e+00
1.490737369594909767e+00
1.491015207972667511e+00
1.491287164046751545e+00
1.491547749375220944e+00
1.491806321032101534e+00
1.492057365182148265e+00
1.492295350730368009e+00
1.492529582970355539e+00
1.492747058804679838e+00
1.492957033867717609e+00
1.493153877870364576e+00
1.493339356846515198e+00
1.493507773771995062e+00
1.493660822731564197e+00
1.493800158204368511e+00
1.493912536188477302e+00
1.494014382336310121e+00
1.494092363412031998e+00
1.494147955893273760e+00
1.494190016374500107e+00
1.494205067183684843e+00
1.494194437423059574e+00
1.494159405835444376e+00
1.494101200650860939e+00
1.494013571362741821e+00
1.493897645832017229e+00
1.493754502611656765e+00
1.493577743534588054e+00
1.493368351604267508e+00
1.493119835723115241e+00
1.492847945745022997e+00
1.492538675879540699e+00
1.492192836833236225e+00
1.491811201310539348e+00
1.491387078002386568e+00
1.490928599087616879e+00
1.490436437717556295e+00
1.489896382258286467e+00
1.489323909012804315e+00
1.488704758038985387e+00
