# pt
1.220611016691932693e-03
8.625647609331161224e-04
6.517301259094278451e-04
5.134421178914124742e-04
4.170591083570326625e-04
3.469396903171498986e-04
2.941595048959333306e-04
2.525873339398300790e-04
2.192443211134196580e-04
1.922676543126695915e-04
1.705962323211769626e-04
1.525618596769075469e-04
1.372027021847855015e-04
1.239417364546235194e-04
1.124166537882733319e-04
1.023960278987181936e-04
9.368432590657508956e-05
8.603756857281956633e-05
7.925418440500273944e-05
7.322273615518441628e-05
6.785992548315139354e-05
6.307944229734456618e-05
5.879951842201319441e-05
5.492908058494113375e-05
5.139249417487378385e-05
4.815048386688445799e-05
4.517884276124863865e-05
4.246937172824175109e-05
4.001074522930519794e-05
3.776490318555253813e-05
3.569493142200038039e-05
3.378043301842911566e-05
3.200640814984533349e-05
3.035972932217338203e-05
2.882883477135803155e-05
2.740354671539711067e-05
2.607521445031161784e-05
2.483760383074641023e-05
2.368549596127295014e-05
2.261337957059590673e-05
2.161304539390032680e-05
2.067628261967755890e-05
1.979564680285714990e-05
1.896437100081364111e-05
1.817699378598779754e-05
1.743134069474616731e-05
1.672609776005248318e-05
1.606006349941540404e-05
1.543213384781455652e-05
1.484084912047397820e-05
1.428310079042104335e-05
1.375560433770054370e-05
1.325531030128971656e-05
1.277939853380453356e-05
1.232552565384314906e-05
1.189255660584396446e-05
1.147969843067993536e-05
1.108621464283325194e-05
1.071141287679781881e-05
1.035453907312175622e-05
1.001443788560581267e-05
9.689921673487889624e-06
9.379873304882722161e-06
9.083252699498722379e-06
8.799178062745370153e-06
8.527237037033789688e-06
8.267133588403808013e-06
8.018591854309189122e-06
7.781353585046196569e-06
7.555073965769276372e-06
7.339036769625474781e-06
7.132469691697183673e-06
6.934641740106157649e-06
6.744859733430189338e-06
6.562469332821469055e-06
6.386846580943954244e-06
6.217394231863471215e-06
6.053549969724964527e-06
5.894779093275867778e-06
5.740684055562912914e-06
5.591342211052217952e-06
5.446935513006660079e-06
5.307635239834920635e-06
5.173610031420841937e-06
5.044923090046647248e-06
4.921280527282235598e-06
4.802312033626764236e-06
4.687663532502784659e-06
4.576997916653525763e-06
4.470018459188712716e-06
4.366545839308292446e-06
4.266436489058453792e-06
4.169552450474000435e-06
4.075759197763909489e-06
3.984931679257223569e-06
3.896947659570775795e-06
3.811690396389015725e-06
3.729047459861649451e-06
3.648912255198915526e-06
3.571181562373775345e-06
3.495755007951697847e-06
3.422539820021003323e-06
3.351442383500433750e-06
3.282376236792181098e-06
3.215255872012802017e-06
3.149999777720492420e-06
3.086530574879700635e-06
3.024772634309943198e-06
2.964652752495836456e-06
2.906104050926259840e-06
2.849075840366612790e-06
2.793521804739692614e-06
2.739397913130769955e-06
2.686660389586308827e-06
2.635268249579638106e-06
2.585181289581563540e-06
2.536360981615393359e-06
2.488769801241507129e-06
2.442371775925058134e-06
2.397131841458923807e-06
2.353016927461032257e-06
2.309993657805809632e-06
2.268030568998873407e-06
2.227097730286895831e-06
2.187164595686999198e-06
2.148203395375550863e-06
2.110185955376588429e-06
2.073085484976038150e-06
2.036876019085054255e-06
2.001531943811059627e-06
1.967027841773648192e-06
1.933339085413676904e-06
1.900441327110093675e-06
1.868310730531122408e-06
1.836925044779178561e-06
1.806262227663121403e-06
1.776300249017721829e-06
1.747019179566305657e-06
1.718398008862367111e-06
1.690417350695653748e-06
1.663058162575899045e-06
1.636302128904412651e-06
1.610130677273769783e-06
1.584526517136066717e-06
1.559473009924261478e-06
1.534953233320035721e-06
1.510951093055368805e-06
1.487450752407044459e-06
1.464437322654587038e-06
1.441895993273128828e-06
1.419814016826423963e-06
1.398180016487206729e-06
1.376981756344944430e-06
1.356208620243588004e-06
1.335849138579713939e-06
1.315892772317011831e-06
1.296328785147629480e-06
1.277147626666258318e-06
1.258338627755905039e-06
1.239892581536572779e-06
1.221800061084822519e-06
1.204051444663514877e-06
1.186638200956563915e-06
1.169551300986464462e-06
1.152782487742137127e-06
1.136323022101675615e-06
1.120165048506250987e-06
1.104300758449426529e-06
1.088721880064880197e-06
1.073421113335427800e-06
1.058391319970011394e-06
1.043624902249690878e-06
1.029114814469647345e-06
1.014854412150181088e-06
1.000837069427272551e-06
9.870571123695023521e-07
9.735098050411746628e-07
9.601899387179261314e-07
9.470925399052997526e-07
9.342133009778184925e-07
9.215470142548764071e-07
9.090894635182248228e-07
8.968361957703381808e-07
8.847827498352444507e-07
8.729247639824620577e-07
8.612581768972677434e-07
8.497789100080676115e-07
8.384829711844089777e-07
8.273665503196033271e-07
8.164254312812421049e-07
8.056563558739403670e-07
7.950551778452691614e-07
7.846187797074877751e-07
7.743433603852817205e-07
7.642253861060280901e-07
7.542617547391481496e-07
7.444489780067786169e-07
7.347837304211849066e-07
7.252630132866749607e-07
7.158837224689925383e-07
7.066433610114510345e-07
6.975393243789396914e-07
6.885693903381865748e-07
6.797310530927061885e-07
6.710220989074699356e-07
6.624403543155020463e-07
6.539834529949230061e-07
6.456492317253197961e-07
6.374357193995325282e-07
6.293406795336670972e-07
6.213621432900081909e-07
6.134981038642481857e-07
6.057465202987635126e-07
5.981056043418687859e-07
5.905731768882971170e-07
5.831476602579599260e-07
5.758271560500742538e-07
5.686098027740357841e-07
5.614938414502307719e-07
5.544776106104637772e-07
5.475593469885341132e-07
5.407373850837770115e-07
5.340100891602782814e-07
5.273759774886971607e-07
5.208332822249446139e-07
5.143804553827867227e-07
5.080160964645695055e-07
5.017386473404598180e-07
4.955466963009714983e-07
4.894387382998354179e-07
4.834133533931435123e-07
4.774691460405591923e-07
4.716047445842013943e-07
4.658187455634552353e-07
4.601099346041873117e-07
4.544768990022020786e-07
4.489184128290280269e-07
4.434333215104632649e-07
4.380201750263760769e-07
4.326778617068252812e-07
4.274051836830752514e-07
4.222009128111511840e-07
4.170639909593739990e-07
4.119931300282365816e-07
4.069873569633020475e-07
4.020455192413458136e-07
3.971664845117541256e-07
3.923491866559165341e-07
3.875926225537570807e-07
3.828958302902451385e-07
3.782578336587675144e-07
3.736778341713965604e-07
3.691549132305853188e-07
3.646883856186301258e-07
3.602773163896500835e-07
3.559210002851382905e-07
3.516186568591658634e-07
3.473694765660520791e-07
3.431727857088374170e-07
3.390276771387118920e-07
3.349336201818283256e-07
3.308896934505745359e-07
3.268953447812795204e-07
3.229497572211275151e-07
3.190523190436286384e-07
3.152023504378742295e-07
3.113991448428981171e-07
3.076420074521509470e-07
3.039304351299774560e-07
3.002636069715203419e-07
2.966409663221141344e-07
2.930619970516261781e-07
2.895258781354304589e-07
2.860322144126445000e-07
2.825802745238663408e-07
2.791695077376572134e-07
2.757993374212822109e-07
2.724692275229440125e-07
2.691785528065293345e-07
2.659268252549536051e-07
2.627134681644332702e-07
2.595379448398768553e-07
2.563996957478650810e-07
2.532983204437755087e-07
2.502331528848334703e-07
2.472037759802974075e-07
2.442096016198290874e-07
2.412502531275174064e-07
2.383251571971572404e-07
2.354339189041924075e-07
2.325759527339408822e-07
2.297508757800863750e-07
2.269581998055214445e-07
2.241974441528351856e-07
2.214682144045639695e-07
2.187700158115372584e-07
2.161024646420850414e-07
2.134651045236699333e-07
2.108574860826808277e-07
2.082792410839253305e-07
2.057301043916668006e-07
2.032097658792342008e-07
2.007179926668698419e-07
1.982545540665623844e-07
1.958191518719234933e-07
1.934115163926808774e-07
1.910315182377011204e-07
1.886788241156501349e-07
1.863531967480969024e-07
1.840544237374446591e-07
1.817822946057000130e-07
1.795365368771028940e-07
1.773169041561099139e-07
1.751232786063139940e-07
1.729553143210255963e-07
1.708128769906258726e-07
1.686957509152400738e-07
1.666036835752553213e-07
1.645364661296846698e-07
1.624939308955840121e-07
1.604758346673581683e-07
1.584819950967428467e-07
1.565121942363482728e-07
1.545662542003226343e-07
1.526439985939764474e-07
1.507451809524393770e-07
1.488696658361744462e-07
1.470172302174397494e-07
1.451877067836227457e-07
1.433808955604068660e-07
1.415966500383914986e-07
1.398347578170277048e-07
1.380950594695240698e-07
1.363773806644487813e-07
1.346815171818116875e-07
1.330073473648820299e-07
1.313546712460437995e-07
1.297233385969291698e-07
1.281131699596281185e-07
1.265240336109232701e-07
1.249557389047256317e-07
1.234081424945718983e-07
1.218810587442782719e-07
1.203743909935220297e-07
1.188879427488061498e-07
1.174215632133078378e-07
1.159750895538876256e-07
1.145484293027555510e-07
1.131413815498760673e-07
1.117537907484629574e-07
1.103852293886766609e-07
1.090352631074841245e-07
1.077034491860248556e-07
1.063893246494255453e-07
1.050924950620596238e-07
1.038125073873224808e-07
1.025489389414272128e-07
1.013013837825923628e-07
1.000694162760554966e-07
9.885263943229751122e-08
9.765063702898832501e-08
9.646302078213912077e-08
9.528940625038298308e-08
9.412935691520353826e-08
9.298253104605745514e-08
9.184852353569874231e-08
9.072696683790367724e-08
8.961747570776438919e-08
8.851969050125718564e-08
8.743323429463945907e-08
8.635775513268070606e-08
8.529289431878870539e-08
8.423826699706327595e-08
8.319357261678173748e-08
8.215842409881165058e-08
8.113250745281833533e-08
8.011545379664336936e-08
7.910695564558156991e-08
7.810664270764942498e-08
7.711422333649172609e-08
7.612937129738153053e-08
7.515171915332337598e-08
7.418100203758583134e-08
7.321688608797573685e-08
7.225903305986714983e-08
7.130716857451892160e-08
7.036096950764460378e-08
6.942014151726204775e-08
6.848436852897557405e-08
6.755337853664331302e-08
6.662686168113997323e-08
6.570452758293953224e-08
6.478609651055244356e-08
6.387127604465719027e-08
6.295978455815375019e-08
6.205135063692858525e-08
6.114569072149010209e-08
6.024253876492379399e-08
5.934162398314763317e-08
5.844274739134138255e-08
5.754611966775211041e-08
5.665199706947880960e-08
5.576065388740218420e-08
5.487235482253051776e-08
5.398734913568184133e-08
5.310590326352185428e-08
5.222828066895954263e-08
5.135473577727229030e-08
5.048551452789180762e-08
4.962086670570499218e-08
4.876104545511008139e-08
4.790628404126989712e-08
4.705683652352023049e-08
4.621294832149489704e-08
4.537484058525334810e-08
4.454275982404437694e-08
4.371692353257527323e-08
4.289758890706268085e-08
4.208496400491796371e-08
4.127928076379912747e-08
4.048077338963867034e-08
3.968964963303709820e-08
3.890613475275283413e-08
3.813045608249356220e-08
3.736282041704550982e-08
3.660343760027367184e-08
3.585253286047146894e-08
3.511030335187637450e-08
3.437696165958795891e-08
3.365271807916458575e-08
3.293777673693466006e-08
3.223233221312344910e-08
3.153659661560925571e-08
3.085075722641194790e-08
3.017501839891136724e-08
2.950956801491835337e-08
2.885460650955508546e-08
2.821032187583745628e-08
2.757691049619884267e-08
2.695455042200128486e-08
2.634343453178889595e-08
2.574374120293382004e-08
2.515565667568765483e-08
2.457936817698394381e-08
2.401504935172748927e-08
2.346287555969706042e-08
2.292303171464871488e-08
2.239568442574337224e-08
2.188100989140125640e-08
2.137911610800354617e-08
2.088984236637257015e-08
2.041295841693737556e-08
1.994824592748098638e-08
1.949548345870417637e-08
1.905444473067273482e-08
1.862492149657475375e-08
1.820669361940248786e-08
1.779954747492627984e-08
1.740327129847872140e-08
1.701765718688738784e-08
1.664249294570645802e-08
1.627757820531292792e-08
1.592270251141813896e-08
1.557766693213105694e-08
1.524226670754643068e-08
1.491630798037232584e-08
1.459958599665466034e-08
1.429191187369941513e-08
1.399308784057508658e-08
1.370292132270095786e-08
1.342122137943939286e-08
1.314780181160722933e-08
1.288246705147615671e-08
1.262504024013673906e-08
1.237533065010730219e-08
1.213315823132582378e-08
1.189833858296868418e-08
1.167069597777319186e-08
1.145004770643295081e-08
1.123621953683168682e-08
1.102903457376493303e-08
1.082831747749097595e-08
1.063389823224848663e-08
1.044560434037933706e-08
1.026326846521419671e-08
1.008671730628880155e-08
9.915787527184615201e-09
9.750313439339126976e-09
9.590128432537448583e-09
9.435071873076534534e-09
9.284979893631993371e-09
9.139693340235164442e-09
8.999055358102899473e-09
8.862906036432130645e-09
8.731088945058585110e-09
8.603447892153109787e-09
8.479832024191791905e-09
8.360085588228031297e-09
8.244058144780967199e-09
8.131619585811174875e-09
8.022706772791016350e-09
7.917285775015998048e-09
7.815313389855163960e-09
7.716752424470885443e-09
7.621562278575674515e-09
7.529707222262083447e-09
7.441146393244877280e-09
7.355843726939557439e-09
7.273759052618252069e-09
7.194858594633586860e-09
7.119103642933787158e-09
7.046457524415571794e-09
6.976883851508078873e-09
6.910347340787422555e-09
6.846810517155759002e-09
6.786240275717430715e-09
6.728598103392575737e-09
6.673851420319070222e-09
6.621965476570744680e-09
6.572904228441471725e-09
6.526635045638393044e-09
6.483122433707785514e-09
6.442335027075502421e-09
6.404236331812357056e-09
6.368796235910043067e-09
6.335980294163233237e-09
6.305755842441806176e-09
6.278089717459539094e-09
6.252951985892458040e-09
6.230308479180645774e-09
6.210128254146474637e-09
6.192379859295578232e-09
6.177033547472547584e-09
6.164056128970129365e-09
6.153416858405655802e-09
6.145086678957710677e-09
6.139035293940231252e-09
6.135231174562437670e-09
6.133645934626743431e-09
6.134249949320978987e-09
6.137011625461674096e-09
6.141904692207857617e-09
6.148897986922353012e-09
6.157964210123051015e-09
6.169074082128668714e-09
6.182199262335020880e-09
6.197310880397003853e-09
6.214382479349353879e-09
6.233385599056935481e-09
6.254290945022047145e-09
6.277063857572564113e-09
6.301663702802546927e-09
6.328055337555679726e-09
6.356201659040106927e-09
6.386063555307963877e-09
6.417606713351898130e-09
6.450794826916515958e-09
6.485590308939098753e-09
6.521959673712176965e-09
6.559864284721191010e-09
6.599271178053261018e-09
6.640145328678035254e-09
6.682449577912123764e-09
6.726152550141726611e-09
6.771218367655210649e-09
6.817612973917711625e-09
6.865302552515165331e-09
6.914253525046120354e-09
6.964432549035746560e-09
7.015806515871720026e-09
7.068342548761771009e-09
7.122009694296452990e-09
7.176772159143804712e-09
7.232600290685077057e-09
7.289461272979815012e-09
7.347322485190350827e-09
7.406155020857680972e-09
7.465924950031800677e-09
7.526602948290318747e-09
7.588156354514310958e-09
7.650556300002604953e-09
7.713772351930057063e-09
7.777771512504137125e-09
7.842527426689522825e-09
7.908007486268773192e-09
7.974183934002218468e-09
8.041024497003253886e-09
8.108503755712515747e-09
8.176590784218439092e-09
8.245256749707328940e-09
8.314473014457530014e-09
8.384211134195848645e-09
8.454442856470569568e-09
8.525141132760159489e-09
8.596276070464655973e-09
8.667820988302952556e-09
8.739750463664039245e-09
8.812033039556070070e-09
8.884644699062566850e-09
8.957559880151889091e-09
9.030756497875595117e-09
9.104216056724596432e-09
9.177923457648379069e-09
9.251857227402819352e-09
9.326002561678979860e-09
9.400338174579375003e-09
9.474846172713253233e-09
9.549509915691181546e-09
9.624314059683153969e-09
9.699237680762969584e-09
9.774265674376306091e-09
9.849379607319160036e-09
9.924559943250354150e-09
9.999794321103340311e-09
1.007506344529418812e-08
1.015035047285839336e-08
1.022563867002058473e-08
1.030091141131330848e-08
1.037615217870422383e-08
1.045134456073183653e-08
1.052647475531607908e-08
1.060152157210349856e-08
1.067647140002626513e-08
1.075130952401044013e-08
1.082601750448575025e-08
1.090058211774864923e-08
1.097498770137533010e-08
1.104921475066255017e-08
1.112325169126541336e-08
1.119708315802550166e-08
1.127069120244226364e-08
1.134406329929282430e-08
1.141718165790527720e-08
1.149003397931933646e-08
1.156260537815198684e-08
1.163487691143811795e-08
1.170683798003004503e-08
1.177847397743012242e-08
1.184976616062765387e-08
1.192070570013741968e-08
1.199127400859265721e-08
1.206145965980321660e-08
1.213124705471081815e-08
1.220062210010273402e-08
1.226956787167666375e-08
1.233807627111468645e-08
1.240613056335819742e-08
1.247371700086914896e-08
1.254082341240985776e-08
1.260743402201300263e-08
1.267354069772063834e-08
1.273913465851082313e-08
1.280421022295829124e-08
1.286875264109582656e-08
1.293275786061205440e-08
1.299621424450975645e-08
1.305911791383439147e-08
1.312145420635520684e-08
1.318321936879494238e-08
1.324440506127590137e-08
1.330499982915740088e-08
1.336499856903279188e-08
1.342438830084074770e-08
1.348316563182740581e-08
1.354132408108060694e-08
1.359885077351643986e-08
1.365573767300471000e-08
1.371198005378085238e-08
1.376756674094343403e-08
1.382249477460006290e-08
1.387674976594924121e-08
1.393032886830510935e-08
1.398322436811215655e-08
1.403542692781484645e-08
1.408692555485259147e-08
1.413771934326247459e-08
1.418779740292054908e-08
1.423715053371727676e-08
1.428577465438988868e-08
1.433366065890347237e-08
1.438080117241994154e-08
1.442718886339680435e-08
1.447281644327085116e-08
1.451767666614471435e-08
1.456176232847610316e-08
1.460506626876973514e-08
1.464758310959989852e-08
1.468930229296437440e-08
1.473021851895176039e-08
1.477032830511681321e-08
1.480961767724979899e-08
1.484808499035731966e-08
1.488571984093981725e-08
1.492252070486729129e-08
1.495847547327268106e-08
1.499357737561228305e-08
1.502782325600462785e-08
1.506120644636601240e-08
1.509371672534348391e-08
1.512535180583820876e-08
1.515610516891873875e-08
1.518597823709891560e-08
1.521496523397035867e-08
1.524306762108792874e-08
1.527027963285889639e-08
1.529660276868692939e-08
1.532203127429246886e-08
1.534656851132733005e-08
1.537020691737758842e-08
1.539294440141888912e-08
1.541478438599319533e-08
1.543571931861554243e-08
1.545575082147375051e-08
1.547487134273438873e-08
1.549308621668688607e-08
1.551038975256977115e-08
1.552677810103156808e-08
1.554225296330062903e-08
1.555681051429866632e-08
1.557044878511141792e-08
1.558316581779123675e-08
1.559495966528126472e-08
1.560582467831685284e-08
1.561576635506888981e-08
1.562478092905523576e-08
1.563286277944964169e-08
1.564001187023423181e-08
1.564622631814044235e-08
1.565150425027722967e-08
1.565584752905846852e-08
1.565924685295881337e-08
1.566170410375125567e-08
1.566321931274279157e-08
1.566378693116623028e-08
1.566341073698185843e-08
1.566208147398171483e-08
1.565980293972397346e-08
1.565656962519945612e-08
1.565238534502353557e-08
1.564724274767878384e-08
1.564114008091091566e-08
1.563408118256279345e-08
1.562605873507357395e-08
1.561707473143735898e-08
1.560712373809713664e-08
1.559620776234470652e-08
1.558432139376853312e-08
1.557146665279163361e-08
1.555763815282392418e-08
1.554284067955554572e-08
1.552708260807829602e-08
1.551038239167073201e-08
1.549275101633889352e-08
1.547420861226381660e-08
1.545476417304047590e-08
1.543443215201933222e-08
1.541323242819299376e-08
1.539117195587967229e-08
1.536827228385535828e-08
1.534454206290052341e-08
1.531999901678324040e-08
1.529465167350744526e-08
1.526852124049748117e-08
1.524161792196989132e-08
1.521395368505417304e-08
1.518554585864142296e-08
1.515640626321985644e-08
1.512654486225840811e-08
1.509598235425124031e-08
1.506472855498981639e-08
1.503279681718064167e-08
1.500020042437291944e-08
1.496695259140502341e-08
1.493306646484750251e-08
1.489855512344267449e-08
1.486343157854081807e-08
1.482770877453300184e-08
1.479139958928059611e-08
1.475452034553877233e-08
1.471707675848882938e-08
1.467908502871533103e-08
1.464055777219325652e-08
1.460150927777691247e-08
1.456194855366541525e-08
1.452189322141317320e-08
1.448134872069724452e-08
1.444033081462701012e-08
1.439885345190363296e-08
1.435692537457008419e-08
1.431456381901428598e-08
1.427177571098654670e-08
1.422857305535579589e-08
1.418497117240307271e-08
1.414098191564239721e-08
1.409661204675151782e-08
1.405187836344204805e-08
1.400679254083024648e-08
1.396136287278327295e-08
1.391560426128987790e-08
1.386952281926454797e-08
1.382312290003380049e-08
1.377640016937640119e-08
1.372935687725152863e-08
1.368198872200316417e-08
1.363429794149372428e-08
1.358628026681195380e-08
1.353793792328826620e-08
1.348926667493952593e-08
1.344026873412879332e-08
1.339094308474162359e-08
1.334128395294979109e-08
1.329129513009112947e-08
1.324097246332983813e-08
1.319031970022421755e-08
1.313933113989177507e-08
1.308800894576025253e-08
1.303634748106445438e-08
1.298435200290406110e-08
1.293201690237281228e-08
1.287934431260560846e-08
1.282632869002598263e-08
1.277297521077700532e-08
1.271927835939771127e-08
1.266524023698582439e-08
1.261085839585650252e-08
1.255612892452148451e-08
1.250105689364813518e-08
1.244563838765621197e-08
1.238987249659882307e-08
1.233375831492497581e-08
1.227729348052037529e-08
1.222048002516977632e-08
1.216331558870384369e-08
1.210579928289317194e-08
1.204793022377410618e-08
1.198970610489644678e-08
1.193112891117302383e-08
1.187219633763348036e-08
1.181290751712451300e-08
1.175326438383887044e-08
1.169326047019296638e-08
1.163289773277563664e-08
1.157217532084762219e-08
1.151109238771268296e-08
1.144964945318175673e-08
1.138784294624501976e-08
1.132567340198942571e-08
1.126314267025829971e-08
1.120024454804198283e-08
1.113698305974887719e-08
1.107336944312543306e-08
1.100941307537060016e-08
1.094512985062877201e-08
1.088052645151211135e-08
1.081561863749856371e-08
1.075041562349228056e-08
1.068493298905806929e-08
1.061917858317182738e-08
1.055316406179149647e-08
1.048690477084530558e-08
1.042040846741304227e-08
1.035368664636601836e-08
1.028675442202296336e-08
1.021961946316598911e-08
1.015229552263551332e-08
1.008479023629267504e-08
1.001711843697923269e-08
9.949291257274318604e-09
9.881317426462667041e-09
9.813210358754669476e-09
9.744978713963874549e-09
9.676635772659610425e-09
9.608190126469506755e-09
9.539654923363586271e-09
9.471038688032096126e-09
9.402354436892506017e-09
9.333610628909912133e-09
9.264820150001022716e-09
9.195993583345697453e-09
9.127138205316010856e-09
9.058267810633345677e-09
8.989390699021111910e-09
8.920519434781382977e-09
8.851664362704731710e-09
8.782832645052398223e-09
8.714036680929946146e-09
8.645288757604182913e-09
8.576595947436240429e-09
8.507968412603844303e-09
8.439419282768380258e-09
8.370955567149919964e-09
8.302589268086547840e-09
8.234327378248418532e-09
8.166183746120987779e-09
8.098165299882309276e-09
8.030283799192798360e-09
7.962546157192803595e-09
7.894965917153109966e-09
7.827550861060359961e-09
7.760308508401612677e-09
7.693244296304656562e-09
7.626359654790698832e-09
7.559655135603974889e-09
7.493136694039325152e-09
7.426804845210312335e-09
7.360661909187461440e-09
7.294710195805389026e-09
7.228951144381005005e-09
7.163388772922974747e-09
7.098024492731489974e-09
7.032860573256323770e-09
6.967899273989014557e-09
6.903142844517340903e-09
6.838593524579391836e-09
6.774253544117306287e-09
6.710125123330656017e-09
6.646210472729484440e-09
6.582511793186998026e-09
6.519031275991897884e-09
6.455771102900406940e-09
6.392733446187919921e-09
6.329920468700330741e-09
6.267335069818345917e-09
6.204977894434765610e-09
6.142851830772637381e-09
6.080959004466831712e-09
6.019301531974424369e-09
5.957882938803473703e-09
5.896702472283967016e-09
5.835763654431961802e-09
5.775069252819759614e-09
5.714619956886203993e-09
5.654418523605989268e-09
5.594468338245219943e-09
5.534768768005737861e-09
5.475323846551973776e-09
5.416134290852559623e-09
5.357204053558957114e-09
5.298532580355558022e-09
5.240123785691007764e-09
5.181978408304206205e-09
5.124100283105437979e-09
5.066488933021330475e-09
5.009148155495723930e-09
4.952078710758711117e-09
4.895284318215351507e-09
4.838765152629247277e-09
4.782523168934894534e-09
4.726561438830545353e-09
4.670881829529558386e-09
4.615484976805965030e-09
4.560372616077854602e-09
4.505548084131816114e-09
4.451011453879371984e-09
4.396765485551267442e-09
4.342810813136547606e-09
4.289149135878355168e-09
4.235783658257143060e-09
4.182714514727424834e-09
4.129944366383772884e-09
4.077473875976723264e-09
4.025305665693676198e-09
3.973440409546822327e-09
3.921880691245385427e-09
3.870627195916920524e-09
3.819682469222817315e-09
3.769047207254837053e-09
3.718723918058256631e-09
3.668713308533068700e-09
3.619017849541497422e-09
3.569638258631042756e-09
3.520576969915292778e-09
3.471835537900684946e-09
3.423414288433061170e-09
3.375316020360176707e-09
3.327541477114568457e-09
3.280093002848004890e-09
3.232972120662224862e-09
3.186179209869910390e-09
3.139716952380572294e-09
3.093586116405596197e-09
3.047789321650733364e-09
3.002326972320692698e-09
2.957200587377189389e-09
2.912412719410134191e-09
2.867963802993669684e-09
2.823855338494051242e-09
2.780089812748914988e-09
2.736667689893346712e-09
2.693591093199667059e-09
2.650860521432242060e-09
2.608478701638896330e-09
2.566446136078452659e-09
2.524764883814880988e-09
2.483435480485431754e-09
2.442460549808621043e-09
2.401840630650315919e-09
2.361577719668449678e-09
2.321672940526684687e-09
2.282126915136439995e-09
2.242940926796601959e-09
2.204114366406765861e-09
2.165646920005934807e-09
2.127539051726475228e-09
2.089790443463253823e-09
2.052400551082627050e-09
2.015370305287684581e-09
1.978699153472294045e-09
1.942387040745482876e-09
1.906433685499731011e-09
1.870839491357824551e-09
1.835604172852440644e-09
1.800727675931534336e-09
1.766209946750214405e-09
1.732050931669722007e-09
1.698250172958451926e-09
1.664808433943634648e-09
1.631725249254736371e-09
1.599000566067473576e-09
1.566634331758695430e-09
1.534626493905392416e-09
1.502977000283723973e-09
1.471685798868043674e-09
1.440752837829934727e-09
1.410178065537247136e-09
1.379961430553145209e-09
1.350102881635154225e-09
1.320602367734221794e-09
1.291459837993774253e-09
1.262675241748786704e-09
1.234248528524853472e-09
1.206179791616564614e-09
1.178468690470974226e-09
1.151115322100324991e-09
1.124119636783519242e-09
1.097481584985520563e-09
1.071201372382122054e-09
1.045278433585173623e-09
1.019712980894458754e-09
9.945049655102723336e-10
9.696543388145465309e-10
9.451611648801202196e-10
9.210251675563523029e-10
8.972464141904832433e-10
8.738250649200350121e-10
8.507606504559090391e-10
8.280533368652682079e-10
8.057031726875031684e-10
7.837099162885170343e-10
7.620734694736495552e-10
7.407917640982810951e-10
7.198629624474218641e-10
6.992851311489558252e-10
6.790560923425384626e-10
6.591740873016269617e-10
6.396368037230015800e-10
6.204424908944971990e-10
6.015890201212636084e-10
5.830746350990296521e-10
5.648970900293939109e-10
5.470546368277651203e-10
5.295451940964302867e-10
5.123670093269883567e-10
4.955179590788961020e-10
4.789961223021334807e-10
4.627997502171853867e-10
4.469267591135924982e-10
4.313752491698347118e-10
4.161434760765437658e-10
4.012293945051194625e-10
3.866311255677316752e-10
3.723469301531452887e-10
3.583747999898133265e-10
3.447128768337370244e-10
3.313594274866363439e-10
3.183124794323237243e-10
3.055702675379986745e-10
2.931308469629966741e-10
2.809924979247102902e-10
2.691533939464295382e-10
2.576116541686009554e-10
2.463655326736469767e-10
2.354131674807116094e-10
2.247527671263949558e-10
2.143826231175079426e-10
2.043008730116115621e-10
1.945057910979625241e-10
1.849955608373391694e-10
1.757684648720320219e-10
1.668227041496167157e-10
1.581565698168724460e-10
1.497682799210649258e-10
1.416561342628769999e-10
1.338183676067823229e-10
1.262532885547497263e-10
1.189591482105633951e-10
1.119342641228361537e-10
1.051769033613088674e-10
9.868539256457980962e-11
9.245797195506685324e-11
8.649276548892562866e-11
8.078781755385978143e-11
7.534122079766226036e-11
7.015105301847004337e-11
6.521537585340442980e-11
6.053230796365129064e-11
5.609993481150668977e-11
5.191637759833045507e-11
4.797973757541411366e-11
4.428815284032250513e-11
4.083973398101800106e-11
3.763261668448145048e-11
3.466495142072638838e-11
3.193487735398315194e-11
2.944056035905439584e-11
2.718015011149788757e-11
2.515181508194529291e-11
2.335373846917032441e-11
2.178409202954914186e-11
2.044106355758711805e-11
1.932284945219531098e-11
1.842765415720862955e-11
1.775367731559597346e-11
1.729913621094584513e-11
1.706224393985841517e-11
1.704123227887732650e-11
1.723433311352782029e-11
1.763977844898742077e-11
1.825582101390876879e-11
1.908070511990783677e-11
2.011268726881371657e-11
2.135003759744304417e-11
2.279101800603930948e-11
2.443390898464278877e-11
2.627698306949235313e-11
2.831853967118292986e-11
3.055686274000575412e-11
3.299025866369496989e-11
3.561702096163435648e-11
3.843547723860131883e-11
4.144393687183035357e-11
4.464071767051168116e-11
4.802415885054389161e-11
5.159257802314432767e-11
5.534433950843136206e-11
5.927777830560633424e-11
6.339123906583603987e-11
6.768309430920255092e-11
7.215168344996770618e-11
7.679522264881673340e-11
8.161113992119420774e-11
8.659669185033993740e-11
9.174917481439119304e-11
9.706586490783365380e-11
1.025440573386698293e-10
1.081810309127061974e-10
1.139741496496126125e-10
1.199207122906859580e-10
1.260180512301855598e-10
1.322634923121673038e-10
1.386544170167918354e-10
1.451881702065115418e-10
1.518621208253267089e-10
1.586736468567216663e-10
1.656200958487507193e-10
1.726989409345602536e-10
1.799075492029388397e-10
1.872433344104470102e-10
1.947037191613755883e-10
2.022861348699833427e-10
2.099880217229285373e-10
2.178068027104626339e-10
2.257399863704272131e-10
2.337850139829611703e-10
2.419393604527515042e-10
2.502005092718961050e-10
2.585659524834692914e-10
2.670331906452742907e-10
2.755997327937789921e-10
2.842630964082345053e-10
2.930208073749769406e-10
3.018703999519088939e-10
3.108094167331620326e-10
3.198354086139374212e-10
3.289459347555247260e-10
3.381385625504973493e-10
3.474108675880833927e-10
3.567604336197111542e-10
3.661848525247299883e-10
3.756817242763007379e-10
3.852486569074602364e-10
3.948833134919858097e-10
4.045832252071957226e-10
4.143460699310444556e-10
4.241694875998248143e-10
4.340511260425635674e-10
4.439886409480955738e-10
4.539796958322980210e-10
4.640220724988170751e-10
4.741133161503718772e-10
4.842516446960960607e-10
4.944352588061178962e-10
5.046623651331288070e-10
5.149312375958171702e-10
5.252399733486170698e-10
5.355868569288750273e-10
5.459701186724131099e-10
5.563879947747761320e-10
5.668388622445668628e-10
5.773207014653149316e-10
5.878318985554055863e-10
5.983707841512465735e-10
6.089354821573709910e-10
6.195243334113138378e-10
6.301357645059342348e-10
6.407677600826463037e-10
6.514187555224944723e-10
6.620871231354770478e-10
6.727710056139690959e-10
6.834687851744944572e-10
6.941789373303670195e-10
7.048994497728836520e-10
7.156288065049378619e-10
7.263654207477922770e-10
7.371074530151413322e-10
7.478535042399841349e-10
7.586015638762596168e-10
7.693502475115619706e-10
7.800977270580276628e-10
7.908424520274976288e-10
8.015829778218095662e-10
8.123172950702873865e-10
8.230440652115842150e-10
8.337614739200879772e-10
8.444682046417763531e-10
8.551622485980837158e-10
8.658423034875049141e-10
8.765065656438791535e-10
8.871537545543236264e-10
8.977819686784118427e-10
9.083896208832888588e-10
9.189754574054277627e-10
9.295374699371618574e-10
9.400744186340093262e-10
9.505845178341269443e-10
9.610665490409330981e-10
9.715186196623593764e-10
9.819391778973338591e-10
9.923270313839066958e-10
1.002680348278374105e-09
1.012997876639970414e-09
1.023278791041190635e-09
1.033521300043396961e-09
1.043724958632129223e-09
1.053888099850745786e-09
1.064009801247608050e-09
1.074088514288952301e-09
1.084123454288525577e-09
1.094113463779890075e-09
1.104056994578108279e-09
1.113953283810125005e-09
1.123801184975209389e-09
1.133599285229721408e-09
1.143346438308455816e-09
1.153041913468601377e-09
1.162684166750653946e-09
1.172272341905556546e-09
1.181804891797252603e-09
1.191281110330617088e-09
1.200699879597376126e-09
1.210059797016465818e-09
1.219360035371479644e-09
1.228599048351925538e-09
1.237776164262936598e-09
1.246890282598735783e-09
1.255940007180958495e-09
1.264924539128355918e-09
1.273842484832682687e-09
1.282693056545794705e-09
1.291474709462989362e-09
1.300186818552758735e-09
1.308828307086829980e-09
1.317397787927969743e-09
1.325894500644951117e-09
1.334317060713808616e-09
1.342664718419478220e-09
1.350936091869320284e-09
1.359130441941800217e-09
1.367246389396178890e-09
1.375283205580267343e-09
1.383239513928297026e-09
1.391114596131707841e-09
1.398907078325248050e-09
1.406616252416733779e-09
1.414240747269439678e-09
1.421779864878782827e-09
1.429232236867018984e-09
1.436597175186871589e-09
1.443873314252457525e-09
1.451060108121873004e-09
1.458156854622256815e-09
1.465163675857352509e-09
1.472080000138550217e-09
1.478905954283357897e-09
1.485640964679084846e-09
1.492285162760357302e-09
1.498837973066287207e-09
1.505299531551647456e-09
1.511669620981545724e-09
1.517947482486813107e-09
1.524133437860132775e-09
1.530226907355455901e-09
1.536228037801495932e-09
1.542136247873649575e-09
1.547951688578816746e-09
1.553673777092027694e-09
1.559302854171968200e-09
1.564838151218490370e-09
1.570279453306976799e-09
1.575626921458435636e-09
1.580879969442295077e-09
1.586038950968262999e-09
1.591103090932915314e-09
1.596072177785538076e-09
1.600946381941108701e-09
1.605725114263005080e-09
1.610408740508109336e-09
1.614996479852826103e-09
1.619488124062257786e-09
1.623883852320305484e-09
1.628183460843888795e-09
1.632386163267965857e-09
1.636492337099829585e-09
1.640501780298212404e-09
1.644413703934523721e-09
1.648228491749394040e-09
1.651945943422082979e-09
1.655565267752157699e-09
1.659086854380892386e-09
1.662510108756676975e-09
1.665835425492334900e-09
1.669062012004246303e-09
1.672190067280369003e-09
1.675218796460592140e-09
1.678148599982689807e-09
1.680979282562571435e-09
1.683710047956667416e-09
1.686341301495303690e-09
1.688872849532542306e-09
1.691303919044503646e-09
1.693635242957483207e-09
1.695866169501212941e-09
1.697996650435895951e-09
1.700027245038962484e-09
1.701957299570471321e-09
1.703787172085114675e-09
1.705516207052222144e-09
1.707145169660720740e-09
1.708673404038845725e-09
1.710101270444186259e-09
1.711428111640782653e-09
1.712654696282101208e-09
1.713780366930711641e-09
1.714805485655884374e-09
1.715729394083408321e-09
1.716552863556295078e-09
1.717275235638828133e-09
1.717896873820169410e-09
1.718417119156087529e-09
1.718836744902889521e-09
1.719155092195132342e-09
1.719372525549525867e-09
1.719488386021232393e-09
1.719503448002346176e-09
1.719417052767443927e-09
1.719229565467873096e-09
1.718940737110432144e-09
1.718550114299296979e-09
1.718058471751025519e-09
1.717465151718188518e-09
1.716770519592072880e-09
1.715974327191215870e-09
1.715076122583713656e-09
1.714076679591399077e-09
1.712975342339115953e-09
1.711772475842256741e-09
1.710467833021699917e-09
1.709060964003244619e-09
1.707552640492446402e-09
1.705942412527977470e-09
1.704230034697240179e-09
1.702415870750165555e-09
1.700499675315298472e-09
1.698481001773622905e-09
1.696360617675427258e-09
1.694138076163578332e-09
1.691813134032581646e-09
1.689386152876797590e-09
1.686856889453719693e-09
1.684225681076721226e-09
1.681493977330159903e-09
1.678664802763401513e-09
1.675739972852248533e-09
1.672721697879518274e-09
1.669611983015284592e-09
1.666413424004405511e-09
1.663128013130224785e-09
1.659757935642468977e-09
1.656304976113877993e-09
1.652772097200026836e-09
1.649161070311355467e-09
1.645474056017312497e-09
1.641713208771876197e-09
1.637880481891378665e-09
1.633978408215645611e-09
1.630008928481201920e-09
1.625974172894986029e-09
1.621876265655562345e-09
1.617716939687525792e-09
1.613499078813818967e-09
1.609224403056930645e-09
1.604895012792027815e-09
1.600513002490759951e-09
1.596080460741970375e-09
1.591599470272308148e-09
1.587071918971745070e-09
1.582500256438391257e-09
1.577886358400910296e-09
1.573232284341420406e-09
1.568540087981654315e-09
1.563811817303072781e-09
1.559049514566879669e-09
1.554255216333963415e-09
1.549430953484752262e-09
1.544578751238984074e-09
1.539700629175397794e-09
1.534798601251338443e-09
1.529874311451676312e-09
1.524930492467895154e-09
1.519968775966435121e-09
1.514991153613040659e-09
1.509999611548884196e-09
1.504996130409684360e-09
1.499982685344756360e-09
1.494961246035971586e-09
1.489933776716643176e-09
1.484902236190338585e-09
1.479868577849603026e-09
1.474834749694614252e-09
1.469801992172002172e-09
1.464768735525506756e-09
1.459732713110714395e-09
1.454691664523158441e-09
1.449643335576879108e-09
1.444585478283079104e-09
1.439515850828861784e-09
1.434432388377947700e-09
1.429332519154834539e-09
1.424214191174539847e-09
1.419075187116657146e-09
1.413913295731689463e-09
1.408726311820304468e-09
1.403512036212682257e-09
1.398268275747941920e-09
1.392992843253655796e-09
1.387683557525442097e-09
1.382338243306649973e-09
1.376954731268118611e-09
1.371531184653122145e-09
1.366064791295173525e-09
1.360553727483171766e-09
1.354995847396681765e-09
1.349389011042805262e-09
1.343731084236434380e-09
1.338019938580581477e-09
1.332253451446793991e-09
1.326429663918041757e-09
1.320546148219157242e-09
1.314600957566155594e-09
1.308591992210179137e-09
1.302517158074151615e-09
1.296374675501084491e-09
1.290161842685818791e-09
1.283876892682013730e-09
1.277517753908838940e-09
1.271082360362433204e-09
1.264568802193679818e-09
1.257974722518346086e-09
1.251298223323252231e-09
1.244537260725596341e-09
1.237689796326631553e-09
1.230754090333362612e-09
1.223727527306665422e-09
1.216608379981468694e-09
1.209394631711905539e-09
1.202084414401258518e-09
1.194675434977097320e-09
1.187165836945025360e-09
1.179553625123223900e-09
1.171837982517274443e-09
1.164020828512049993e-09
1.156105809483191615e-09
1.148096418630499483e-09
1.139995729080129040e-09
1.131807217161816828e-09
1.123534212656385159e-09
1.115180302121698793e-09
1.106748264452025884e-09
1.098241670606560913e-09
1.089663944957741653e-09
1.081018112818816164e-09
1.072307582168902272e-09
1.063535874847650866e-09
1.054705742008782286e-09
1.045820690338562942e-09
1.036884086023470097e-09
1.027898915176918178e-09
1.018868527976486767e-09
1.009796382073628856e-09
1.000685202932656267e-09
9.915385515450522265e-10
9.823593824678309426e-10
9.731509983096603507e-10
9.639168037394092668e-10
9.546595041229776786e-10
9.453826022867506243e-10
9.360890221235858367e-10
9.267820192541419759e-10
9.174649459125777654e-10
9.081404883395132337e-10
8.988120916704847594e-10
8.894826499185874679e-10
8.801553723312618778e-10
8.708335593360626729e-10
8.615198788208678112e-10
8.522177188317382415e-10
8.429299441800897538e-10
8.336599169549431786e-10
8.244102907853759374e-10
8.151844085635332144e-10
8.059851121574394017e-10
7.968157187903297335e-10
7.876788681001551902e-10
7.785778583540488173e-10
7.695155087905271158e-10
7.604950923448399600e-10
7.515192348325061729e-10
7.425911020494507644e-10
7.337137561805069030e-10
7.248900019204873201e-10
7.161217442007637430e-10
7.074112412830355909e-10
6.987603177406941439e-10
6.901712122178443295e-10
6.816455777516149162e-10
6.731856397007790400e-10
6.647932103851105464e-10
6.564704959457083991e-10
6.482191452332783512e-10
6.400413513291486642e-10
6.319389143065337714e-10
6.239140084608481241e-10
6.159683515364328615e-10
6.081038849273926054e-10
6.003227595009563964e-10
5.926266160728579758e-10
5.850175928674585365e-10
5.774974684418358696e-10
5.700683630657038292e-10
5.627319794683467323e-10
5.554902244707422175e-10
5.483451958967852475e-10
5.412985253349756062e-10
5.343522984110996043e-10
5.275083975531812171e-10
5.207685144140010114e-10
5.141347128216213825e-10
5.076088610078071380e-10
5.011926434722918091e-10
4.948881027161393050e-10
4.886970929162321159e-10
4.826212912012127554e-10
4.766627192323774303e-10
4.708231051246858046e-10
4.651044548387262712e-10
4.595084332591292340e-10
4.540368708690246095e-10
4.486917537691433987e-10
4.434747390223853137e-10
4.383877476222325499e-10
4.334324330821848643e-10
4.286107576309499754e-10
4.239245206083851819e-10
4.193753670918904841e-10
4.149652405820852472e-10
4.106959270475544280e-10
4.065690628159028445e-10
4.025865732277022547e-10
3.987502310124707078e-10
3.950605312271478352e-10
3.915133501798866661e-10
3.881035352772116569e-10
3.848256673615038969e-10
3.816745724101924694e-10
3.786448610696529814e-10
3.757314298093496702e-10
3.729290507297343737e-10
3.702324208232284972e-10
3.676363401587121944e-10
3.651357521170101993e-10
3.627253502510194485e-10
3.604000590176087423e-10
3.581546001979537991e-10
3.559839658738703854e-10
3.538830313042718439e-10
3.518466006708106291e-10
3.498696594013667930e-10
3.479469964552867447e-10
3.460736633724313774e-10
3.442445985429088507e-10
3.424546713038485184e-10
3.406989274476048306e-10
3.389722216535888797e-10
3.372696644367666425e-10
3.355862563080930206e-10
3.339169305501614901e-10
3.322567925803001911e-10
3.306008009576121292e-10
3.289440063582436540e-10
3.272815885451505316e-10
3.256085043289536930e-10
3.239199178809569958e-10
3.222108502917782199e-10
3.204764889609027885e-10
3.187118797544846032e-10
3.169121576431805590e-10
3.150725820895425937e-10
3.131881979441915070e-10
3.112542499230316668e-10
3.092658453310854582e-10
3.072182514870021253e-10
3.051066000977055356e-10
3.029261808875295900e-10
3.006721140713574330e-10
2.983397479398334257e-10
2.959243332821035223e-10
2.934210624667388438e-10
2.908252803179440661e-10
2.881322033575690628e-10
2.853388580304018539e-10
2.824487767598331784e-10
2.794672771235369596e-10
2.763995294576683599e-10
2.732508245523179274e-10
2.700263089119093027e-10
2.667312466121977944e-10
2.633707291850743644e-10
2.599500262566750424e-10
2.564742984508165683e-10
2.529486336609745615e-10
2.493782295544407610e-10
2.457681509396209274e-10
2.421235690951038230e-10
2.384495259330015101e-10
2.347511664558666848e-10
2.310335098574827770e-10
2.273016749856897467e-10
2.235606584831531261e-10
2.198155531729396669e-10
2.160713333031092433e-10
2.123330658104749089e-10
2.086057026943585458e-10
2.048942851523821927e-10
2.012037430704074517e-10
1.975390920624334371e-10
1.939052400256040295e-10
1.903071771543322103e-10
1.867497894713047679e-10
1.832380419238173887e-10
1.797767987639329854e-10
1.763709998726934298e-10
1.730254878249961141e-10
1.697451776248523476e-10
1.665348902531296342e-10
1.633995160343549605e-10
1.603438926232242237e-10
1.573727900292764971e-10
1.544910814086129520e-10
1.517035340543396026e-10
1.490149775116871107e-10
1.464301576901726573e-10
1.439538802119744623e-10
1.415908696403524652e-10
1.393459079089887862e-10
1.372236982621802147e-10
1.352289991877967064e-10
1.333664926284792584e-10
1.316409138770615431e-10
1.300569235818996169e-10
1.286179017990137565e-10
1.273217404933852169e-10
1.261650373724529213e-10
1.251444278466517947e-10
1.242564951555032006e-10
1.234978901365348166e-10
1.228652123205576518e-10
1.223551280039541656e-10
1.219642527944758914e-10
1.216892829671269652e-10
1.215268354668496301e-10
1.214735786827800088e-10
1.215262176589878846e-10
1.216814073034399161e-10
1.219358681849425281e-10
1.222862705935369124e-10
1.227293652464582705e-10
1.232618231421024900e-10
1.238803664321809135e-10
1.245817545105638324e-10
1.253626953369561121e-10
1.262199638261999538e-10
1.271503129987950190e-10
1.281504576744116402e-10
1.292172110547922304e-10
1.303473177337623916e-10
1.315375913557853265e-10
1.327848225333276831e-10
1.340857614371483081e-10
1.354372605388409296e-10
1.368361001369171194e-10
1.382791324329021587e-10
1.397631850640004252e-10
1.412850425351768655e-10
1.428415965332404423e-10
1.444296622367567831e-10
1.460461301458091988e-10
1.476878643647013122e-10
1.493516828669894113e-10
1.510345163672049291e-10
1.527332142028543673e-10
1.544447232244388683e-10
1.561658882689185561e-10
1.578936152484859961e-10
1.596248551910889627e-10
1.613564909743165034e-10
1.630855080052260438e-10
1.648087834129469142e-10
1.665232583812802090e-10
1.682259211688799997e-10
1.699142651042525044e-10
1.715878745055474058e-10
1.732469922692433520e-10
1.748918007550093190e-10
1.765224188224366686e-10
1.781390899032783877e-10
1.797419522849159581e-10
1.813312503092305571e-10
1.829070994565409138e-10
1.844696784613176636e-10
1.860192321290405281e-10
1.875558730282693485e-10
1.890797786886105109e-10
1.905911716465873571e-10
1.920902297141911551e-10
1.935770611231265791e-10
1.950519109814715025e-10
1.965149558864507135e-10
1.979663012902939369e-10
1.994061926873141534e-10
2.008348054706932409e-10
2.022522423607807837e-10
2.036587492107433050e-10
2.050544757965938618e-10
2.064395954238381359e-10
2.078142562549844778e-10
2.091787050730623470e-10
2.105330397578774809e-10
2.118774315754630312e-10
2.132121275991447276e-10
2.145372230983135657e-10
2.158528881942725656e-10
2.171593702290576735e-10
2.184567619027061304e-10
2.197452845482888968e-10
2.210250287144385937e-10
2.222962416132313735e-10
2.235590920124306060e-10
2.248136679650545608e-10
2.260602169165148403e-10
2.272989064993600773e-10
2.285298223068932602e-10
2.297532393666791848e-10
2.309692420885216059e-10
2.321779957376666995e-10
2.333797486086937359e-10
2.345745826999929268e-10
2.357627183431035068e-10
2.369442355220483219e-10
2.381193823457443509e-10
2.392883955206363625e-10
2.404517162885423266e-10
2.416100572160840106e-10
2.427639293387305999e-10
2.439139278765866496e-10
2.450607343001863794e-10
2.462048544477510667e-10
2.473469385170643008e-10
2.484874884977584510e-10
2.496272115768812594e-10
2.507666067292258546e-10
2.519062600164948072e-10
2.530468466271525428e-10
2.541888604301800510e-10
2.553329444388371302e-10
2.564795887259653167e-10
2.576294952479374551e-10
2.587831511104385123e-10
2.599411953056341190e-10
2.611041111587519959e-10
2.622725977393525228e-10
2.634471354276707420e-10
2.646283592662388700e-10
2.658167458602428094e-10
2.670129596835333574e-10
2.682175698276646856e-10
2.694310478675063498e-10
2.706540880602386251e-10
2.718871590657533614e-10
2.731308892107528059e-10
2.743857433650979804e-10
2.756524132016366380e-10
2.769313606874503202e-10
2.782232104373497008e-10
2.795284206060119124e-10
2.808476804230002320e-10
2.821814451488497834e-10
2.835303357877290556e-10
2.848948716243194386e-10
2.862755359957154894e-10
2.876730153006567225e-10
2.890877563767331582e-10
2.905203758691028615e-10
2.919713167164248877e-10
2.934412632510558644e-10
2.949306555241009185e-10
2.964401068262749104e-10
2.979700532554162652e-10
2.995211772711593862e-10
3.010939120810835787e-10
3.026884596783931408e-10
3.043032106705767662e-10
3.059364040443306745e-10
3.075860661950527152e-10
3.092502628923654443e-10
3.109271743040646814e-10
3.126148000957801724e-10
3.143114036542650070e-10
3.160149921702502771e-10
3.177237636734511089e-10
3.194358077117272926e-10
3.211491787904969629e-10
3.228621645404037043e-10
3.245727892326680422e-10
3.262792730091922743e-10
3.279797244184704233e-10
3.296722159009060861e-10
3.313550590675728020e-10
3.330262950058932736e-10
3.346841656832085555e-10
3.363267182666598125e-10
3.379522832907123804e-10
3.395589556103095329e-10
3.411448730741449929e-10
3.427082991375119319e-10
3.442473796029074880e-10
3.457602222160086937e-10
3.472451853347348381e-10
3.487003432332916540e-10
3.501239804672060584e-10
3.515142611555296076e-10
3.528693105312181499e-10
3.541875095095204293e-10
3.554669912477052730e-10
3.567059339403309069e-10
3.579026468812999013e-10
3.590552304162639073e-10
3.601620873361393657e-10
3.612213681037325158e-10
3.622312690331287143e-10
3.631901194911214144e-10
3.640961233538298475e-10
3.649474442888055760e-10
3.657425102944815035e-10
3.664794926244152780e-10
3.671566092135568918e-10
3.677722127922236731e-10
3.683245287007519019e-10
3.688117417183036696e-10
3.692323037485298168e-10
3.695849289756766768e-10
3.698704647821856007e-10
3.700904102945054328e-10
3.702461295619684353e-10
3.703389394732344477e-10
3.703704186381678314e-10
3.703418780751620726e-10
3.702547140721910069e-10
3.701102759045007120e-10
3.699100422098603004e-10
3.696553564155432546e-10
3.693475151577851313e-10
3.689880762329652716e-10
3.685783304186823145e-10
3.681196098259821230e-10
3.676133752993111954e-10
3.670609531550816285e-10
3.664637107545473077e-10
3.658229254568394301e-10
3.651401333924637366e-10
3.644166060873471052e-10
3.636536995418199243e-10
3.628527237128073260e-10
3.620151155077101330e-10
3.611421791664610548e-10
3.602351736263748806e-10
3.592956127158179228e-10
3.583247495779605336e-10
3.573239206138615905e-10
3.562944170130970369e-10
3.552376546492654968e-10
3.541549190689390569e-10
3.530475356325040338e-10
3.519167431195730919e-10
3.507640293645216987e-10
3.495906274139222236e-10
3.483978517010364355e-10
3.471869725891237728e-10
3.459593819482570920e-10
3.447163445900904178e-10
3.434591641332210867e-10
3.421891415100045381e-10
3.409074937574822537e-10
3.396156791959243513e-10
3.383149092187641490e-10
3.370064740819741947e-10
3.356916214028752977e-10
3.343717162711580118e-10
3.330480008639807780e-10
3.317217548703092771e-10
3.303943833211661458e-10
3.290677215766380000e-10
3.277439644134091387e-10
3.264250666163519837e-10
3.251130575195129837e-10
3.238099623051218622e-10
3.225177635965297993e-10
3.212385552918093061e-10
3.199743116094268625e-10
3.187270412298293790e-10
3.174987487343478546e-10
3.162914346156411017e-10
3.151070202181027864e-10
3.139476483044382651e-10
3.128152318110282619e-10
3.117117549791704166e-10
3.106391980132315700e-10
3.095995370909034076e-10
3.085947076140744079e-10
3.076267513717098354e-10
3.066975956434246359e-10
3.058092006018892408e-10
3.049635224439011025e-10
3.041625134004532398e-10
3.034080494635536119e-10
3.027022196972341771e-10
3.020468920317985764e-10
3.014440029346311850e-10
3.008954849571964154e-10
3.004032667449252840e-10
2.999692730470711646e-10
2.995953890389935772e-10
2.992836031192537679e-10
2.990357926751221036e-10
2.988538669688827031e-10
2.987397314154788375e-10
2.986952875921909952e-10
2.987224332482878049e-10
2.988230623146456291e-10
2.989989936801180667e-10
2.992522560736254698e-10
2.995846608365875071e-10
2.999980867214922027e-10
3.004944087101056815e-10
3.010754980229214152e-10
3.017432221285791212e-10
3.024994447532562094e-10
3.033460258900307947e-10
3.042847855618447221e-10
3.053176486932536847e-10
3.064453535999241242e-10
3.076643777343790003e-10
3.089701322607860256e-10
3.103580375067423455e-10
3.118235229404290504e-10
3.133620271478334651e-10
3.149689978100400942e-10
3.166398916805884656e-10
3.183701745629001471e-10
3.201552450137324108e-10
3.219907389795785500e-10
3.238720734310898192e-10
3.257947501478903120e-10
3.277542798476197550e-10
3.297461821637601560e-10
3.317659856235291440e-10
3.338092276258376734e-10
3.358714544193148340e-10
3.379482210803970254e-10
3.400350914914821170e-10
3.421276383191484903e-10
3.442214429924396346e-10
3.463120956812115057e-10
3.483951952745456449e-10
3.504663493592253711e-10
3.525211322055737648e-10
3.545552524745430619e-10
3.565643019701220000e-10
3.585439228564542880e-10
3.604897658887180945e-10
3.623974903919803636e-10
3.642627642401158076e-10
3.660812638347861275e-10
3.678486740844826171e-10
3.695606883836298223e-10
3.712130085917507751e-10
3.728013450126940063e-10
3.743214163739212019e-10
3.757689498058561735e-10
3.771396808212942648e-10
3.784293532948727116e-10
3.796337194426008163e-10
3.807485398014502486e-10
3.817695832090057824e-10
3.826926267831749684e-10
3.835134559019581404e-10
3.842278641832769434e-10
3.848316534648621095e-10
3.853206337842004281e-10
3.856906233585408605e-10
3.859386362993181238e-10
3.860664411625506564e-10
3.860769896337482647e-10
3.859732276476824660e-10
3.857580954023756111e-10
3.854345273730482358e-10
3.850054523260269653e-10
3.844737933326104393e-10
3.838424677828958944e-10
3.831143873995648014e-10
3.822924582516294694e-10
3.813795807681380846e-10
3.803786497518412848e-10
3.792925543928179954e-10
3.781241782820627503e-10
3.768763994250323246e-10
3.755520902551539051e-10
3.741541176472944333e-10
3.726853429311892629e-10
3.711486219048335929e-10
3.695468488693612104e-10
3.678827803580380996e-10
3.661592998662585841e-10
3.643792411985291446e-10
3.625454326939895970e-10
3.606606972395744145e-10
3.587278522831337770e-10
3.567497098465180685e-10
3.547290765386241705e-10
3.526687535684046860e-10
3.505715367578386488e-10
3.484402165548655263e-10
3.462775780462823608e-10
3.440864009706028099e-10
3.418694597308799959e-10
3.396295234074915653e-10
3.373693557708898504e-10
3.350917951290537840e-10
3.327994344550808587e-10
3.304951020437818159e-10
3.281815405533161899e-10
3.258614873951139205e-10
3.235376747464064675e-10
3.212128295627211670e-10
3.188896735903421388e-10
3.165709233787319540e-10
3.142592902929211464e-10
3.119574805258607590e-10
3.096681951107394769e-10
3.073941665513448283e-10
3.051373115617681820e-10
3.028968526688859806e-10
3.006712771954126708e-10
2.984590753413199870e-10
2.962587401770038713e-10
2.940687676364715547e-10
2.918876565105476133e-10
2.897139084400994620e-10
2.875460964168742392e-10
2.853825902309642947e-10
2.832219690566188308e-10
2.810627458671613903e-10
2.789034364523737879e-10
2.767425594118365311e-10
2.745786361482880071e-10
2.724101908610021271e-10
2.702357505391848395e-10
2.680538768872834098e-10
2.658630383298735885e-10
2.636618023781512429e-10
2.614487071152163034e-10
2.592222933813633074e-10
2.569811047675899961e-10
2.547236876091226095e-10
2.524486511249422918e-10
2.501544262808444837e-10
2.478396282937403261e-10
2.455028144110552703e-10
2.431425445923487622e-10
2.407573815029489843e-10
2.383458905076055370e-10
2.359066677666511393e-10
2.334382275256832197e-10
2.309391716026995357e-10
2.284080760968518027e-10
2.258435197752452130e-10
2.232440840666966859e-10
2.206084056157691758e-10
2.179349653986065570e-10
2.152224059797609459e-10
2.124693193725043925e-10
2.096743002208793883e-10
2.068359457935618325e-10
2.039528802738185859e-10
2.010236572201608203e-10
1.980469063778696631e-10
1.950212354529662856e-10
1.919452547456792376e-10
1.888175771444098028e-10
1.856368623481267700e-10
1.824028567738007403e-10
1.791203094847276725e-10
1.757951322800110651e-10
1.724332259746797240e-10
1.690405005623458112e-10
1.656227942847662991e-10
1.621859956993740276e-10
1.587359619396814675e-10
1.552785392818145369e-10
1.518195993411270423e-10
1.483648935882267121e-10
1.449202728745346128e-10
1.414915402985869507e-10
1.380844882264708160e-10
1.347049143635618449e-10
1.313585571927723349e-10
1.280511934814877695e-10
1.247885729138036570e-10
1.215764635306333536e-10
1.184205351380469011e-10
1.153265353984012287e-10
1.123001717065919136e-10
1.093471409456342779e-10
1.064731421946688529e-10
1.036838256854485416e-10
1.009848699369837428e-10
9.838193002648515011e-11
9.588067348346773607e-11
9.348668836723526573e-11
9.120562209264494635e-11
8.904308831425243770e-11
8.700469038988504478e-11
8.509603154149053509e-11
8.332267411831604580e-11
8.169020109452068539e-11
8.020417487681809000e-11
7.887016648366029803e-11
7.769368012331180461e-11
7.668026684411550596e-11
7.583544847545474605e-11
7.516474571407773346e-11
7.467364227178100299e-11
7.436763882113066931e-11
7.425221698257055074e-11
7.433286609156944009e-11
7.461501244768092620e-11
7.510412544624001780e-11
7.580564686443212429e-11
7.672501771497220743e-11
7.786764184433535635e-11
7.923613406145903508e-11
8.082189435229527266e-11
8.261347721505370840e-11
8.459951482380548417e-11
8.676864114146239787e-11
8.910952136690776531e-11
9.161080972441593509e-11
9.426121223368270532e-11
9.704944505858262388e-11
9.996426861460764623e-11
1.029943929759456078e-10
1.061286185913556365e-10
1.093557561105240254e-10
1.126645977455501769e-10
1.160439942154447216e-10
1.194828037553994880e-10
1.229699340127648351e-10
1.264942256474609907e-10
1.300446255648269674e-10
1.336100880974042559e-10
1.371795401856242709e-10
1.407419755572815109e-10
1.442864266689941773e-10
1.478018434817992645e-10
1.512772971585539317e-10
1.547018450393264846e-10
1.580645829600997645e-10
1.613545702802606616e-10
1.645609416333052374e-10
1.676728727065222627e-10
1.706794395452582713e-10
1.735698560292282676e-10
1.763333372394770404e-10
1.789590549099377888e-10
1.814362624667679866e-10
1.837542557129081371e-10
1.859022188498409927e-10
1.878694855425277303e-10
1.896453879636409006e-10
1.912192097976871151e-10
1.925803211646890169e-10
1.937181349752939443e-10
1.946219448640822578e-10
1.952812013736415008e-10
1.956853513639765655e-10
1.958237906232514132e-10
1.956860036150462393e-10
1.952615168257930453e-10
1.945397357232086527e-10
1.935102242947731647e-10
1.921663807535624667e-10
1.905168966605466775e-10
1.885743529996731347e-10
1.863513298040934003e-10
1.838602510646763167e-10
1.811136528993348505e-10
1.781240255660781747e-10
1.749037731784093762e-10
1.714653421987061180e-10
1.678211754950013268e-10
1.639835731108156029e-10
1.599649349243918097e-10
1.557776166605616194e-10
1.514338960435956633e-10
1.469461207390704484e-10
1.423264915073029532e-10
1.375872946503546155e-10
1.327407745851884521e-10
1.277991061294545947e-10
1.227744911860408240e-10
1.176791218300405936e-10
1.125250833653822944e-10
1.073245390606975574e-10
1.020895626177078101e-10
9.683224605261254580e-11
9.156466855244274211e-11
8.629882140688945810e-11
8.104674272003276750e-11
7.582043545631125296e-11
7.063185380984528132e-11
6.549297491065303270e-11
6.041569724805944637e-11
5.541194764529454819e-11
5.049362124136753645e-11
4.567257372983531099e-11
4.096066899187003436e-11
3.636971320128915004e-11
3.191152334058692216e-11
2.759788815436989925e-11
2.344056543012182918e-11
1.945130791010420530e-11
1.564182921493627405e-11
1.202383826565801038e-11
8.609019004428872657e-12
5.409031540376853496e-12
2.435520098515413318e-12
-2.998952075841680352e-13
-2.785611402745607820e-12
-5.010047595675472970e-12
-6.961641491369869036e-12
-8.632429666896127308e-12
-1.002875181582494728e-11
-1.116051435590135181e-11
-1.203760627455372143e-11
-1.266989516399444435e-11
-1.306723872227999875e-11
-1.323946692456831771e-11
-1.319640346809931620e-11
-1.294784726531655043e-11
-1.250358499766119890e-11
-1.187338765182248489e-11
-1.106700062549018686e-11
-1.009416247717244174e-11
-8.964588207167655358e-12
-7.687981706259771171e-12
-6.274022950334804225e-12
-4.732381325869093015e-12
-3.072707757440083344e-12
-1.304635204780108778e-12
5.622186188063012041e-13
2.518253212329525199e-12
4.553884654691595402e-12
6.659544471991982616e-12
8.825683903745948637e-12
1.104276455126437898e-11
1.330126968452960911e-11
1.559169921578510362e-11
1.790456409674177004e-11
2.023040142351039547e-11
2.255974906832495189e-11
2.488317744843674773e-11
2.719126029349321229e-11
2.947460285817425906e-11
3.172380330447354429e-11
3.392949991545199710e-11
3.608232868394148702e-11
3.817295323278360505e-11
4.019205897163088944e-11
4.213031899838714400e-11
4.397845535578562567e-11
4.572718136925565618e-11
4.736725279206261813e-11
4.888940268281448228e-11
5.028441897904884446e-11
5.154307665380850212e-11
5.265619659952083361e-11
5.361457215939710199e-11
5.440905595334188287e-11
5.503048456720149205e-11
5.546974266481963396e-11
5.572042184227804162e-11
5.578711545974762163e-11
5.567711106432408617e-11
5.539771693353746377e-11
5.495618261628748038e-11
5.435979154863482022e-11
5.361578204931521516e-11
5.273141228162958470e-11
5.171388364460688525e-11
5.057042342836841604e-11
4.930823979214256029e-11
4.793451090429025545e-11
4.645643176131173081e-11
4.488114559975247261e-11
4.321582261383102147e-11
4.146759382135287303e-11
3.964360346283507964e-11
3.775094959314748493e-11
3.579675173130872549e-11
3.378809448315138655e-11
3.173207130761209733e-11
2.963573956599588140e-11
2.750615752329517569e-11
2.535038063134480894e-11
2.317543004900537142e-11
2.098833674080376900e-11
1.879610553104525464e-11
1.660574142540839892e-11
1.442422250464955631e-11
1.225852947357695043e-11
1.011562219706561002e-11
8.002455641793050535e-12
5.925965165311722688e-12
3.893081657822180906e-12
1.910720344879492263e-12
-1.421328325917800604e-14
-1.874826453677753621e-12
-3.664237490491092273e-12
-5.375575597125698718e-12
-7.001984042759375415e-12
-8.536612715409576567e-12
-9.972628399052082494e-12
-1.130320462477443979e-11
-1.252153255081189566e-11
-1.362080663853180570e-11
-1.459423635603443053e-11
-1.543504811484878851e-11
-1.613646728369169949e-11
-1.669174317520005647e-11
-1.709412697470215142e-11
-1.733873045695064423e-11
-1.742801364441761034e-11
-1.736628466391146503e-11
-1.715783417517640252e-11
-1.680695593449958871e-11
-1.631792430293221195e-11
-1.569501283225088814e-11
-1.494249340837102299e-11
-1.406461793633042147e-11
-1.306564387461933038e-11
-1.194981308041602414e-11
-1.072136784330152932e-11
-9.384533765215782938e-12
-7.943538655228146115e-12
-6.402598977331458251e-12
-4.765922437506919303e-12
-3.037714348630583588e-12
-1.222169871525435067e-12
6.765214287699681783e-13
2.654177471269117020e-12
4.706623209005610469e-12
6.829690984347445369e-12
9.019216849460996726e-12
1.127104860810220151e-11
1.358103604688521768e-11
1.594504307937285097e-11
1.835892855127561790e-11
2.081857086202337666e-11
2.331985038996316580e-11
2.585864508535137279e-11
2.843085633904419372e-11
3.103237748924638795e-11
3.365912618409697088e-11
3.630700029345337482e-11
3.897193185012287932e-11
4.164984851086511370e-11
4.433666878272017929e-11
4.702834761921201357e-11
4.972082086320273746e-11
5.241005966091221545e-11
5.509200625090529777e-11
5.776262630430527163e-11
6.041791370161586249e-11
6.305382011461528266e-11
6.566635354573163295e-11
6.825150790281897160e-11
7.080525831939431431e-11
7.332363525555765372e-11
7.580263414154036860e-11
7.823830117475211584e-11
8.062719616717615561e-11
8.296815502515538970e-11
8.526060690247108209e-11
8.750391220007067037e-11
8.969750284763646939e-11
9.184078206112258751e-11
9.393312042103858656e-11
9.597395512872369605e-11
9.796266891753437067e-11
9.989870311352802496e-11
1.017814299824983652e-10
1.036102570936408305e-10
1.053846306818139850e-10
1.071039111186735341e-10
1.087675471904180389e-10
1.103749515678782161e-10
1.119254978318814023e-10
1.134186394133278611e-10
1.148537917774000113e-10
1.162303297536176423e-10
1.175477112174332911e-10
1.188053261009774056e-10
1.200026355783164251e-10
1.211390168391244368e-10
1.222138900676788518e-10
1.232267204714483757e-10
1.241768868312466739e-10
1.250638122016648069e-10
1.258869656069005965e-10
1.266457276016021447e-10
1.273395240956016123e-10
1.279678277077114251e-10
1.285300056420769436e-10
1.290255325869705665e-10
1.294538385901308972e-10
1.298143081716620986e-10
1.301064193043302272e-10
1.303296047109796839e-10
1.304832513409594226e-10
1.305668402168579921e-10
1.305798067182772516e-10
1.305215404309114578e-10
1.303915251871440267e-10
1.301891990051134767e-10
1.299139543195285632e-10
1.295652775272086869e-10
1.291425784952295767e-10
1.286453450400414976e-10
1.280729735577181599e-10
1.274249076985729555e-10
1.267011447499105443e-10
1.259036198087390874e-10
1.250348176358612999e-10
1.240972634261932495e-10
1.230933890339623524e-10
1.220256674065695370e-10
1.208966108000069396e-10
1.197086403041950332e-10
1.184642171161469842e-10
1.171658264674151316e-10
1.158159208283823807e-10
1.144169078314796597e-10
1.129712739980037909e-10
1.114814600466757229e-10
1.099498634833261918e-10
1.083789576275199346e-10
1.067711715237916444e-10
1.051288927551577477e-10
1.034545813744137434e-10
1.017506548288501218e-10
1.000194909585134068e-10
9.826353650734515821e-11
9.648519740180366187e-11
9.468685317583213884e-11
9.287090340273558601e-11
9.103977640656939410e-11
8.919583033160225414e-11
8.734145338909624525e-11
8.547906057097387590e-11
8.361100066439603513e-11
8.173965057824238937e-11
7.986741201362061124e-11
7.799662449346841577e-11
7.612965368350224797e-11
7.426888805778799785e-11
7.241665794451846649e-11
7.057533464155427612e-11
6.874724303246562404e-11
6.693475474646193691e-11
6.514021184378695456e-11
6.336593006063434181e-11
6.161426801548302717e-11
5.988755674393648770e-11
5.818810283489657710e-11
5.651825202647094420e-11
5.488032440211448233e-11
5.327662372788966920e-11
5.170946397194434952e-11
5.018117337957258764e-11
4.869403960764678813e-11
4.724992358968610419e-11
4.584893191615414194e-11
4.449069548850405435e-11
4.317486313344650265e-11
4.190109917439035252e-11
4.066903762144384997e-11
3.947833831200693636e-11
3.832863767345337381e-11
3.721960090013495400e-11
3.615087922506161718e-11
3.512211608540985308e-11
3.413296456584533267e-11
3.318309012522883317e-11
3.227213436402490688e-11
3.139975194814987171e-11
3.056560897976454747e-11
2.976934965326322304e-11
2.901063712009163669e-11
2.828911750133808853e-11
2.760445819082687908e-11
2.695631650246662955e-11
2.634434403161664913e-11
2.576819962012775007e-11
2.522755163182132312e-11
2.472205054005587295e-11
2.425135673758592531e-11
2.381513963196482484e-11
2.341305182149269577e-11
2.304476073279627063e-11
2.270992044552466459e-11
2.240820203616185092e-11
2.213926875916341647e-11
2.190277919483657225e-11
2.169839783202246459e-11
2.152579734992869233e-11
2.138463543533862779e-11
2.127458316776832647e-11
2.119529941942672364e-11
2.114645878594810502e-11
2.112772875598106328e-11
2.113877231614795791e-11
2.117925799463248279e-11
2.124886240495215278e-11
2.134724753132515866e-11
2.147408851916057844e-11
2.162904826539791744e-11
2.181180552514886785e-11
2.202203195011981551e-11
2.225939441321293907e-11
2.252356542630037246e-11
2.281425257917864819e-11
2.313125353831374098e-11
2.347440621815945926e-11
2.384353492015695717e-11
2.423848098326392336e-11
2.465907775380853451e-11
2.510515287032088359e-11
2.557653989005441968e-11
2.607308192632813673e-11
2.659460406373943010e-11
2.714094706335980871e-11
2.771193925985389924e-11
2.830741543603185614e-11
2.892722094907383615e-11
2.957118117283943200e-11
3.023913882581652426e-11
3.093091909418514074e-11
3.164636903110933833e-11
3.238532538747991730e-11
3.314761728217229418e-11
3.393308952250232661e-11
3.474156722286054599e-11
3.557290000287118916e-11
3.642692589861382929e-11
3.730347432092479581e-11
3.820238318966423654e-11
3.912350463881051632e-11
4.006666373939347517e-11
4.103170890239255573e-11
4.201846968415349362e-11
4.302678519243220650e-11
4.405651051053577315e-11
4.510747020775069523e-11
4.617951510347614606e-11
4.727247475805615506e-11
4.838618945696595564e-11
4.952051741248352104e-11
5.067528248936730445e-11
5.185033802996103940e-11
5.304551346199835838e-11
5.426065023861804725e-11
5.549560987371381369e-11
5.675021533199079923e-11
5.802432258865106056e-11
5.931775373985404081e-11
6.063037259812416456e-11
6.196202294301184070e-11
6.331253371806696667e-11
6.468176363668675274e-11
6.606954147097855690e-11
6.747512965799198046e-11
6.889549195027354436e-11
7.032696759854687490e-11
7.176594204372442931e-11
7.320877268158256922e-11
7.465183878372325408e-11
7.609155227203493650e-11
7.752427714562622082e-11
7.894642781813664137e-11
8.035438718106401185e-11
8.174456167820477331e-11
8.311339287529480504e-11
8.445726929405201125e-11
8.577263401341842060e-11
8.705589523968989962e-11
8.830350740825597029e-11
8.951187816035574208e-11
9.067748360224986535e-11
9.179677402532294005e-11
9.286618287938058622e-11
9.388219266003826382e-11
9.484123561907785592e-11
9.573981641152344768e-11
9.657441173839641181e-11
9.734148033052296613e-11
9.803753218780696543e-11
9.865903618794835760e-11
9.920248951524359111e-11
9.966443026558439758e-11
1.000413308418136733e-10
1.003297280899242282e-10
1.005261164023618023e-10
1.006270431562464414e-10
1.006290010371819665e-10
1.005285598385302181e-10
1.003222585147109329e-10
1.000066172681819366e-10
9.957820923029594915e-11
9.903356503371845620e-11
9.836924442469860043e-11
9.758184723085248688e-11
9.666790806679440297e-11
9.562402491751568711e-11
9.444675481699625611e-11
9.313270541690374305e-11
9.167844445919368500e-11
9.008056763085248497e-11
8.833570734648395968e-11
8.644043666689973215e-11
8.439138666915629092e-11
8.218724167768730387e-11
7.983508256039021466e-11
7.734401922290808992e-11
7.472320511723916152e-11
7.198175072485070191e-11
6.912873649616206506e-11
6.617326371208686288e-11
6.312438731041877303e-11
5.999118034521006430e-11
5.678266566878076335e-11
5.350789566807824206e-11
5.017588679193840634e-11
4.679563099814312247e-11
4.337613087063051512e-11
3.992635345072097654e-11
3.645527321842785966e-11
3.297182850092553353e-11
2.948497050630425486e-11
2.600362301188749814e-11
2.253669129973050402e-11
1.909307994310456550e-11
1.568166968850820794e-11
1.231133733259265166e-11
8.990939155906149112e-12
5.729322944017371946e-12
2.535324357403068807e-12
-5.822380025013508621e-13
-3.614556174069971224e-12
-6.552834852317601780e-12
-9.388293322620188934e-12
-1.211216063850156499e-11
-1.471568314414637194e-11
-1.719011221149194048e-11
-1.952672253034595851e-11
-2.171679713958633699e-11
-2.375162606297473704e-11
-2.562252236305500862e-11
-2.732080052482150505e-11
-2.883779988286938407e-11
-3.016485945107235692e-11
-3.129333711805640923e-11
-3.221461504346561999e-11
-3.292006560592203822e-11
-3.340109264379865090e-11
-3.364909690162127430e-11
-3.365550750534457995e-11
-3.341175009810843478e-11
-3.290927877613546109e-11
-3.213954422460622589e-11
-3.109401776741394876e-11
-2.976756846203107187e-11
-2.816854366174083272e-11
-2.630866855871187549e-11
-2.419963795765629378e-11
-2.185314214780298280e-11
-1.928084297855733522e-11
-1.649439572759044819e-11
-1.350542963282824297e-11
-1.032556241300309228e-11
-6.966397567042062162e-12
-3.439514399427234242e-12
2.435196760455939279e-13
4.071155597059036958e-12
8.031861171006547637e-12
1.211411892231537509e-11
1.630643189099675771e-11
2.059731394621517116e-11
2.497530335059874500e-11
2.942894159218181694e-11
3.394680455458277619e-11
3.851747731956645417e-11
4.312955120852097815e-11
4.777165235881591573e-11
5.243240276585784660e-11
5.710046358674472601e-11
6.176448734937362634e-11
6.641317012488736803e-11
7.103519485429462272e-11
7.561929239600220859e-11
8.015416645686669316e-11
8.462859101849304789e-11
8.903133081915787226e-11
9.335114445713877482e-11
9.757684906842241330e-11
1.016972334200544971e-10
1.057011488262615481e-10
1.095774142023495529e-10
1.133149148197994479e-10
1.169024997434647968e-10
1.203290879603230184e-10
1.235835587077943587e-10
1.266548644258812668e-10
1.295318991361400817e-10
1.322036632449249686e-10
1.346591286557910814e-10
1.368872502822935892e-10
1.388770629152410068e-10
1.406175518915396228e-10
1.420977843740853164e-10
1.433067762431662789e-10
1.442369619998342554e-10
1.448940552870032623e-10
1.452871631587768731e-10
1.454253107319021264e-10
1.453175793803386541e-10
1.449729683292604824e-10
1.444004987165047806e-10
1.436092303153682085e-10
1.426081068373804907e-10
1.414061448499529237e-10
1.400122802179208495e-10
1.384355033889709144e-10
1.366847253864566049e-10
1.347689104504312452e-10
1.326969450234067091e-10
1.304777670665581396e-10
1.281202386847845084e-10
1.256332715057557698e-10
1.230257035226249847e-10
1.203064199915014145e-10
1.174842350023479649e-10
1.145680074181823394e-10
1.115665276170720072e-10
1.084886022119222374e-10
1.053430630476874136e-10
1.021386519613604350e-10
9.888416184549682435e-11
9.558832452094412440e-11
9.225990654128481138e-11
8.890761654978881247e-11
8.554019481333035686e-11
8.216632691183232263e-11
7.879472689399940410e-11
7.543405737364781039e-11
7.209300626608024434e-11
6.878021329930519181e-11
6.550434035617434726e-11
6.227400434229451684e-11
5.909784122515640018e-11
5.598444513452659694e-11
5.294242625571892327e-11
4.998035597242469695e-11
4.710681883701489608e-11
4.433036350012207068e-11
4.165954904641345270e-11
3.910290138977898206e-11
3.666894559042743929e-11
3.436620692441949397e-11
3.220317249671654717e-11
3.018833854876638952e-11
