# tt
1.016128922206455968e+03
9.626410502133131786e+02
9.115148075723340071e+02
8.731337052957343303e+02
8.468932514595160228e+02
8.313522095704336152e+02
8.207907996223335658e+02
8.162855182376379162e+02
8.158800537857929385e+02
8.184976248273750343e+02
8.221533322691092280e+02
8.294316833575004466e+02
8.371957483568871794e+02
8.450765555428940843e+02
8.545593099471726646e+02
8.656042115342850138e+02
8.773971459397396302e+02
8.907074788369001226e+02
9.038534601882754487e+02
9.174558466580273262e+02
9.314816645511067463e+02
9.455489467989772265e+02
9.600030579467311327e+02
9.750232116238194067e+02
9.901451376687268748e+02
1.005705827157570070e+03
1.021477178219569282e+03
1.037475069570418327e+03
1.053989665315312322e+03
1.070359198874983804e+03
1.087295882686539699e+03
1.104182290525851386e+03
1.120971157292052339e+03
1.138462152037118813e+03
1.155937290452944580e+03
1.173716801181362371e+03
1.191676217601501776e+03
1.209771133382836524e+03
1.228045870195722046e+03
1.246513476743745059e+03
1.265173332480850149e+03
1.284008400329824099e+03
1.303038785390484463e+03
1.322299449736748329e+03
1.341733400923691761e+03
1.361324387184952002e+03
1.381053342116671729e+03
1.400916055649347754e+03
1.420975172340734616e+03
1.441294617856965942e+03
1.461817162233836825e+03
1.482464571273343381e+03
1.503210608124490591e+03
1.524043891408738318e+03
1.545072914733332482e+03
1.566410261153170268e+03
1.588028396264943694e+03
1.609855213967159898e+03
1.631885461657471069e+03
1.654136857785952770e+03
1.676607584815549899e+03
1.699303939527277407e+03
1.722217360280971889e+03
1.745361568789505782e+03
1.768765860257091617e+03
1.792417831981000973e+03
1.816290941469734207e+03
1.840351216424040331e+03
1.864579539880924813e+03
1.888957811357235187e+03
1.913575997086447614e+03
1.938517651669156066e+03
1.963762331910471403e+03
1.989282165509229344e+03
2.015011905044790410e+03
2.040840801512567623e+03
2.066776726429948667e+03
2.092886977929484601e+03
2.119216569046808218e+03
2.145810517120264649e+03
2.172691571507785284e+03
2.199845344375341483e+03
2.227279733403915543e+03
2.254995208496266059e+03
2.282993259771317753e+03
2.311234886188885412e+03
2.339689535435558355e+03
2.368356369490180896e+03
2.397227122920738111e+03
2.426302440708802806e+03
2.455581464838004649e+03
2.485079676083534196e+03
2.514790271164831665e+03
2.544728732827123622e+03
2.574888259707154248e+03
2.605269479689255604e+03
2.635880449849052638e+03
2.666699514635502965e+03
2.697742160947078446e+03
2.729001591245528289e+03
2.760478436865765161e+03
2.792158472868499302e+03
2.824042331340569490e+03
2.856123216240974216e+03
2.888394331646898536e+03
2.920848881650047133e+03
2.953472641904847478e+03
2.986273672931567944e+03
3.019237749922121111e+03
3.052357771336000042e+03
3.085632844665223729e+03
3.119054343822182545e+03
3.152613642150756732e+03
3.186302112379806658e+03
3.220118554939519072e+03
3.254054341240407666e+03
3.288093413666911601e+03
3.322234570636348963e+03
3.356469181571313129e+03
3.390788615288214714e+03
3.425176811700452163e+03
3.459632566937570573e+03
3.494147248377546475e+03
3.528704794743969160e+03
3.563304001267425065e+03
3.597928806407780939e+03
3.632570577039865384e+03
3.667228108598964354e+03
3.701885340184864617e+03
3.736526603939665620e+03
3.771160087811445464e+03
3.805764659733080407e+03
3.840341473737037177e+03
3.874876828383444717e+03
3.909371880340439930e+03
3.943812931160879998e+03
3.978193712507446890e+03
4.012500529621499936e+03
4.046741974886816479e+03
4.080896929532391823e+03
4.114959133878828652e+03
4.148929759121935604e+03
4.182787694053247833e+03
4.216534115269576432e+03
4.250140488814819037e+03
4.283600568709915024e+03
4.316900683613988804e+03
4.350027165220139068e+03
4.382966348284004198e+03
4.415696850154592539e+03
4.448225836128794981e+03
4.480537897367786172e+03
4.512632484739129723e+03
4.544501623710387321e+03
4.576152199328777897e+03
4.607561386033957206e+03
4.638736074360672319e+03
4.669660872375183317e+03
4.700327818953223868e+03
4.730714098596381518e+03
4.760811754691870192e+03
4.790612832664050075e+03
4.820094523120771555e+03
4.849256303448029030e+03
4.878082795900346355e+03
4.906566052493145435e+03
4.934698126495786710e+03
4.962471072278237443e+03
4.989876945162747688e+03
5.016900372931862876e+03
5.043548269095766955e+03
5.069797834316351327e+03
5.095641126395298670e+03
5.121077631822320654e+03
5.146092119169040416e+03
5.170677339664594001e+03
5.194818754835157051e+03
5.218516682976161064e+03
5.241764014071583915e+03
5.264546209779511628e+03
5.286863588483955027e+03
5.308709040260493566e+03
5.330068026907576495e+03
5.350940867042976606e+03
5.371313022762118635e+03
5.391184813111181938e+03
5.410549129120159705e+03
5.429391433897180832e+03
5.447712047782802074e+03
5.465503863410560371e+03
5.482752345824506847e+03
5.499450389301875475e+03
5.515605745828421277e+03
5.531203883473471251e+03
5.546245128266926258e+03
5.560729807622197768e+03
5.574658250455561756e+03
5.588008502248981131e+03
5.600795751958196888e+03
5.613005425653798738e+03
5.624630174447780519e+03
5.635647743428316062e+03
5.646065593126058957e+03
5.655854044408524715e+03
5.665020562013720337e+03
5.673550327762945926e+03
5.681435953959541621e+03
5.688707196770107657e+03
5.695349244334085597e+03
5.701369571860335782e+03
5.706783084852987486e+03
5.711589833969323081e+03
5.715797299961848694e+03
5.719405536852429577e+03
5.722399743440767452e+03
5.724779976549177263e+03
5.726546294152036353e+03
5.727691326842917078e+03
5.728207705991045259e+03
5.728102920238375191e+03
5.727362173536878799e+03
5.725992955032293139e+03
5.724002753791078248e+03
5.721391630225180052e+03
5.718152215866211009e+03
5.714291998191424682e+03
5.709811035351078317e+03
5.704716812651791770e+03
5.699001957295168722e+03
5.692673951576411127e+03
5.685740275991299313e+03
5.678193552354556232e+03
5.670033828682276180e+03
5.661276007387914433e+03
5.651905275041716777e+03
5.641943957400053478e+03
5.631384664147192780e+03
5.620234858908372189e+03
5.608494574128584645e+03
5.596163839370571623e+03
5.583257537981302448e+03
5.569775693675031107e+03
5.555718327235596917e+03
5.541100313235907379e+03
5.525929095022662295e+03
5.510197256417161043e+03
5.493927091882378591e+03
5.477111179799875572e+03
5.459764381012415470e+03
5.441879277370577256e+03
5.423463339234537671e+03
5.404516614900576315e+03
5.385054007228080081e+03
5.365060703664735229e+03
5.344551603177071229e+03
5.323534174627758148e+03
5.302023313602832786e+03
5.280026485834259802e+03
5.257566012368331940e+03
5.234641927924954871e+03
5.211276551100948382e+03
5.187477342710354606e+03
5.163251762564851560e+03
5.138599841190539337e+03
5.113529036581463515e+03
5.088054234237709352e+03
5.062175462137022805e+03
5.035892747441384017e+03
5.009213544836627079e+03
4.982160164855154107e+03
4.954725203729974055e+03
4.926938398485758626e+03
4.898792343358799371e+03
4.870301916505681220e+03
4.841489423194441770e+03
4.812354882281137179e+03
4.782905739475447263e+03
4.753156867193550170e+03
4.723123136050447101e+03
4.692804557993270464e+03
4.662215999528951215e+03
4.631372324845016919e+03
4.600273538926820038e+03
4.568934500774584194e+03
4.537362638168917329e+03
4.505580232539987264e+03
4.473587277038785942e+03
4.441391189766601201e+03
4.409014241961597691e+03
4.376463844443770540e+03
4.343739975822471024e+03
4.310857467417377848e+03
4.277831146442619684e+03
4.244660979206685624e+03
4.211361784430754597e+03
4.177933519783049633e+03
4.144398423584252669e+03
4.110763873029944079e+03
4.077037240884782477e+03
4.043233323660252154e+03
4.009366912739387317e+03
3.975445366640362863e+03
3.941483467977861892e+03
3.907495995206638781e+03
3.873482866033482878e+03
3.839466279298717382e+03
3.805453573371890798e+03
3.771452083014674372e+03
3.737461711207075041e+03
3.703512071087696768e+03
3.669595631001391666e+03
3.635734569860563170e+03
3.601936207260016999e+03
3.568200432048987295e+03
3.534549415957373185e+03
3.500990472071218392e+03
3.467538340109723322e+03
3.434192901598323260e+03
3.400961465138925178e+03
3.367873623323678203e+03
3.334914397788026690e+03
3.302113379609328604e+03
3.269463017638508063e+03
3.236985473824023757e+03
3.204680624917887144e+03
3.172563204369589585e+03
3.140640517401989655e+03
3.108919869471384118e+03
3.077415994710178893e+03
3.046128770950770104e+03
3.015072933183218538e+03
2.984248360192954806e+03
2.953669787982752950e+03
2.923351953075892197e+03
2.893294735802605373e+03
2.863505445321876323e+03
2.833991391227312306e+03
2.804767311839733793e+03
2.775840517436546634e+03
2.747210890170575112e+03
2.718885740679946139e+03
2.690872379639432893e+03
2.663170689305797168e+03
2.635787980109702858e+03
2.608731562194609523e+03
2.582001316955299444e+03
2.555604553628738358e+03
2.529556009187926065e+03
2.503855563190380508e+03
2.478517949429956388e+03
2.453550465834628085e+03
2.428952979359464734e+03
2.404732784281043223e+03
2.380904602149370476e+03
2.357460868353728983e+03
2.334408873856829814e+03
2.311755908494230880e+03
2.289501832641801229e+03
2.267646505602069738e+03
2.246197214009355775e+03
2.225153815203119848e+03
2.204531022371529161e+03
2.184313834561516614e+03
2.164524391960927005e+03
2.145155120893874027e+03
2.126213304086763856e+03
2.107698795797985895e+03
2.089611450363366657e+03
2.071965979105300448e+03
2.054747380451845402e+03
2.037970366969670295e+03
2.021627367151886574e+03
2.005725667415690850e+03
1.990257698952668306e+03
1.975230751384060795e+03
1.960652116315476633e+03
1.946506802540306580e+03
1.932809534742557389e+03
1.919560183641382309e+03
1.906751194580350784e+03
1.894389872808335440e+03
1.882476098648221296e+03
1.871002327703988385e+03
1.859968447754356930e+03
1.849381778930542623e+03
1.839242217176868508e+03
1.829534806043828439e+03
1.820266878563943919e+03
1.811438343955886694e+03
1.803049116059819880e+03
1.795084256701577715e+03
1.787558545838295458e+03
1.780457054780010594e+03
1.773779716294499849e+03
1.767526467890287222e+03
1.761689823430715251e+03
1.756277158130667658e+03
1.751280995084185406e+03
1.746701290227660820e+03
1.742538005485121403e+03
1.738783685095994770e+03
1.735438307394254480e+03
1.732501854722592498e+03
1.729959456585980433e+03
1.727811102900293690e+03
1.726056787134903743e+03
1.724689077802929887e+03
1.723693118301092454e+03
1.723083768502095609e+03
1.722831321096447027e+03
1.722950641644801863e+03
1.723434313281856475e+03
1.724274921631724055e+03
1.725457626332357904e+03
1.726997302672970591e+03
1.728871686340748056e+03
1.731088228486007893e+03
1.733632097198277961e+03
1.736510747551350050e+03
1.739709351461670849e+03
1.743220511065988603e+03
1.747051687065243414e+03
1.751188056983962269e+03
1.755622228598743050e+03
1.760354239982206991e+03
1.765361846161855283e+03
1.770659945997078239e+03
1.776218870415635138e+03
1.782038666018514050e+03
1.788119381793158254e+03
1.794446212537664906e+03
1.801026640745680197e+03
1.807838438295595097e+03
1.814889093399071044e+03
1.822171240649818174e+03
1.829677517876282309e+03
1.837400566293811835e+03
1.845340459005161847e+03
1.853482416096146835e+03
1.861819089827067273e+03
1.870335708065304516e+03
1.879032359459804866e+03
1.887894280152750753e+03
1.896914138930322224e+03
1.906084608958314902e+03
1.915398367852518504e+03
1.924862954432906008e+03
1.934463627008341973e+03
1.944193076794941362e+03
1.954051426031801611e+03
1.964038793962004775e+03
1.974133017387091513e+03
1.984334222588885495e+03
1.994627683496104055e+03
2.005006106633130457e+03
2.015462202648417360e+03
2.025981257824188106e+03
2.036548562268776550e+03
2.047179123142872641e+03
2.057843380966600762e+03
2.068563777968005525e+03
2.079310760961903725e+03
2.090106778024437062e+03
2.100922281351010497e+03
2.111772295563123862e+03
2.122642133953446773e+03
2.133517111630264026e+03
2.144397401959199215e+03
2.155268322903146782e+03
2.166115193465313951e+03
2.176938190135749210e+03
2.187722633241692165e+03
2.198468700106991946e+03
2.209169139768526748e+03
2.219824129454170816e+03
2.230418989321281515e+03
2.240961324010240787e+03
2.251451309059978485e+03
2.261866834039228252e+03
2.272222929196345831e+03
2.282490053471100964e+03
2.292675806229163754e+03
2.302765500359319503e+03
2.312744447241016587e+03
2.322620241729387089e+03
2.332378192005231540e+03
2.342011032944229555e+03
2.351526354451501447e+03
2.360909459709946987e+03
2.370160506945383986e+03
2.379279652753125902e+03
2.388267052136970051e+03
2.397115430208476482e+03
2.405817510595782096e+03
2.414373443859877170e+03
2.422768522515686527e+03
2.431002894508982990e+03
2.439069278243903227e+03
2.446960391012025866e+03
2.454668950505252724e+03
2.462195107546456711e+03
2.469531585153365086e+03
2.476678533867620445e+03
2.483643531810706463e+03
2.490411871329556561e+03
2.496991129133942195e+03
2.503374024569176527e+03
2.509553276327498224e+03
2.515543887495692616e+03
2.521323718735139209e+03
2.526907771750898974e+03
2.532281334090132987e+03
2.537444549178076613e+03
2.542397559535705568e+03
2.547140506681692841e+03
2.551666102668156782e+03
2.555967058301406269e+03
2.560050939698051479e+03
2.563903026375262471e+03
2.567530881180628512e+03
2.570927208357215477e+03
2.574084710049558453e+03
2.577018371150449639e+03
2.579713460637249682e+03
2.582184958155536606e+03
2.584425555344247641e+03
2.586435369010517206e+03
2.588214512551978714e+03
2.589770524080055111e+03
2.591088652794272548e+03
2.592183857213400643e+03
2.593048806508889356e+03
2.593676165348331779e+03
2.594080878748080067e+03
2.594248173434074943e+03
2.594192984468604209e+03
2.593907956636835934e+03
2.593400586051101072e+03
2.592656078268519650e+03
2.591696774978641315e+03
2.590515298754405649e+03
2.589104266374512008e+03
2.587478573814166339e+03
2.585638254452707315e+03
2.583575907401715085e+03
2.581298982552511461e+03
2.578807495540800119e+03
2.576101456130500083e+03
2.573180868264942092e+03
2.570060587182632844e+03
2.566725750441434684e+03
2.563191203777695591e+03
2.559464359120298468e+03
2.555537766365351217e+03
2.551411398562858722e+03
2.547107508762657289e+03
2.542611203365788697e+03
2.537929869086192411e+03
2.533063459714072906e+03
2.528026781334003317e+03
2.522804922392092067e+03
2.517412680666303459e+03
2.511857421681532742e+03
2.506124222171872134e+03
2.500227868690034484e+03
2.494175716007253868e+03
2.487960258906317904e+03
2.481588845716752530e+03
2.475061393388044962e+03
2.468385244302923184e+03
2.461567738027869837e+03
2.454608783050911825e+03
2.447508285206682558e+03
2.440288432788367118e+03
2.432934269793095609e+03
2.425467979457988804e+03
2.417882029127742499e+03
2.410183740362529534e+03
2.402380432230953829e+03
2.394479421291122890e+03
2.386480593209875678e+03
2.378383831071795612e+03
2.370203872028774185e+03
2.361940593839527082e+03
2.353593871503288483e+03
2.345171005537276869e+03
2.336686721899335680e+03
2.328126030156215165e+03
2.319511078553763127e+03
2.310841727132813048e+03
2.302117832699320843e+03
2.293346677097056272e+03
2.284528110434112477e+03
2.275676836066740179e+03
2.266792697138926087e+03
2.257875533232347607e+03
2.248932608676227574e+03
2.239971184168038235e+03
2.230991088406622112e+03
2.222007001863980804e+03
2.213003882867568336e+03
2.204011254955856202e+03
2.195014067992405671e+03
2.186019553375312171e+03
2.177042367410001589e+03
2.168074877997699787e+03
2.159131734842524111e+03
2.150220156171950748e+03
2.141325072173286117e+03
2.132475980297861952e+03
2.123657805224275762e+03
2.114877754190372343e+03
2.106157888835271478e+03
2.097475698601142540e+03
2.088860669500566928e+03
2.080305144136721538e+03
2.071816320386063580e+03
2.063393966584843838e+03
2.055045278471760867e+03
2.046784879433498418e+03
2.038605107351140077e+03
2.030505728248933110e+03
2.022501364891136063e+03
2.014591783624973687e+03
2.006784179671229140e+03
1.999070892307842314e+03
1.991473975198932976e+03
1.983978341461988066e+03
1.976598619030325835e+03
1.969334580751516114e+03
1.962186001276582601e+03
1.955167513937162084e+03
1.948271469158186846e+03
1.941505076359790110e+03
1.934875547393773331e+03
1.928382668316368608e+03
1.922026227847425616e+03
1.915813445815538216e+03
1.909744116538536446e+03
1.903825465591391321e+03
1.898049864809726614e+03
1.892439402433006990e+03
1.886971599631845720e+03
1.881668550729741128e+03
1.876530068059393670e+03
1.871548538662623969e+03
1.866731209332453091e+03
1.862077901546780140e+03
1.857603296497839210e+03
1.853292365882625745e+03
1.849152373078721439e+03
1.845190585309773951e+03
1.841406844346224034e+03
1.837808423175154985e+03
1.834380312570601518e+03
1.831137219519782093e+03
1.828078997100424658e+03
1.825205501165508394e+03
1.822516590333953900e+03
1.820012125988670732e+03
1.817699400633048299e+03
1.815570852855347539e+03
1.813633780754352529e+03
1.811888056923258773e+03
1.810326128494651357e+03
1.808955302246801693e+03
1.807782887969374542e+03
1.806793913489502984e+03
1.806003123210816284e+03
1.805402979759114260e+03
1.804993377490520515e+03
1.804774214257562107e+03
1.804745391534011560e+03
1.804914242897731810e+03
1.805273249119398997e+03
1.805822323358642961e+03
1.806553954613827727e+03
1.807482921277110336e+03
1.808601721189613500e+03
1.809902856850263106e+03
1.811386263924300465e+03
1.813059311400465276e+03
1.814921945045334496e+03
1.816959259204320006e+03
1.819178638699344674e+03
1.821580045568237665e+03
1.824163447548217619e+03
1.826928818200846308e+03
1.829868708677451423e+03
1.832983104525051886e+03
1.836271997430445026e+03
1.839735385302683653e+03
1.843365843992797863e+03
1.847170812401459443e+03
1.851128022420911975e+03
1.855259782467110654e+03
1.859543837292378839e+03
1.863995079839775144e+03
1.868598696078469629e+03
1.873354734450196474e+03
1.878255818892195748e+03
1.883309435721832642e+03
1.888515649149408091e+03
1.893852244500410279e+03
1.899341583279313681e+03
1.904961462867745468e+03
1.910711971568413901e+03
1.916600631787762495e+03
1.922612686510629374e+03
1.928748240920729131e+03
1.935014833914321798e+03
1.941390296208700192e+03
1.947882177000895808e+03
1.954490602071247395e+03
1.961200845287218272e+03
1.968013041858829183e+03
1.974927331494030568e+03
1.981936429906799503e+03
1.989040485379433903e+03
1.996232221928210947e+03
2.003511795875232110e+03
2.010879367375472384e+03
2.018327671950432659e+03
2.025856877079710557e+03
2.033459725399213085e+03
2.041136391308350767e+03
2.048887052534725626e+03
2.056689605006694819e+03
2.064559089587082326e+03
2.072488265211207818e+03
2.080462465535547835e+03
2.088489312294715091e+03
2.096561573513622989e+03
2.104664591828081029e+03
2.112813426212735067e+03
2.120985996811196401e+03
2.129189940075600589e+03
2.137418038656550834e+03
2.145663078098324149e+03
2.153917846835929595e+03
2.162182564543823446e+03
2.170457453784549671e+03
2.178727883306578406e+03
2.186994081442086554e+03
2.195248851050460871e+03
2.203492426209541463e+03
2.211717615501429918e+03
2.219924658693954370e+03
2.228106370014948880e+03
2.236255566147506215e+03
2.244365065221690202e+03
2.252442544435145010e+03
2.260480826917693776e+03
2.268472738365232544e+03
2.276411106963325437e+03
2.284311048351459704e+03
2.292157967074511362e+03
2.299952126577083618e+03
2.307686364035228053e+03
2.315360946929157308e+03
2.322968716204918564e+03
2.330509942827333361e+03
2.337970042572362672e+03
2.345349289262397178e+03
2.352647957891800161e+03
2.359851467744870661e+03
2.366967523958700440e+03
2.373974118876986722e+03
2.380886387002640276e+03
2.387689749641602248e+03
2.394377056446793176e+03
2.400956013558674385e+03
2.407412041642901841e+03
2.413745417430055568e+03
2.419963845154442879e+03
2.426060171293953772e+03
2.432034669413918436e+03
2.437887611613387435e+03
2.443611839975729254e+03
2.449215051425363981e+03
2.454682655788421926e+03
2.460022345712773586e+03
2.465219526392340413e+03
2.470274457151978368e+03
2.475172537888424358e+03
2.479921450672201900e+03
2.484514017856036844e+03
2.488935630293989561e+03
2.493201388970942389e+03
2.497296678088195222e+03
2.501229163412133857e+03
2.504991650429040419e+03
2.508584369310824513e+03
2.512000118138091693e+03
2.515246547882647974e+03
2.518323877296221326e+03
2.521224892857095256e+03
2.523957233774066026e+03
2.526513678544557933e+03
2.528894431402804457e+03
2.531107126587975472e+03
2.533137110616376049e+03
2.534992010925301656e+03
2.536657165749134037e+03
2.538125337499301168e+03
2.539396712743809530e+03
2.540471473836344103e+03
2.541342370544448841e+03
2.542009576726846262e+03
2.542473261957738941e+03
2.542748448198984534e+03
2.542827868017110177e+03
2.542719106298934094e+03
2.542429743511124343e+03
2.541959927305372730e+03
2.541302372468916474e+03
2.540457217570485227e+03
2.539417168200077413e+03
2.538174925254309073e+03
2.536723184866408246e+03
2.535062066681513443e+03
2.533184257076517042e+03
2.531097294126772795e+03
2.528808710817562769e+03
2.526318606602288128e+03
2.523634504008418389e+03
2.520756491840042145e+03
2.517699510129913051e+03
2.514463636638686694e+03
2.511048943455333756e+03
2.507448068547235835e+03
2.503653644012007135e+03
2.499673152681592001e+03
2.495491786277439132e+03
2.491102158721561864e+03
2.486511734401274680e+03
2.481727971388365859e+03
2.476736036313965542e+03
2.471565659453040553e+03
2.466209422811195054e+03
2.460674758523866785e+03
2.454961663761476302e+03
2.449092414095256572e+03
2.443044708319177971e+03
2.436833380286552256e+03
2.430443543751580364e+03
2.423882590825013267e+03
2.417143050237029456e+03
2.410217444062079721e+03
2.403120572043711036e+03
2.395844939256292946e+03
2.388397900191733697e+03
2.380779374532790371e+03
2.373011560626722712e+03
2.365079508764499224e+03
2.357005404772508882e+03
2.348789143307174982e+03
2.340430613009064928e+03
2.331929696612280168e+03
2.323293699409388410e+03
2.314515064319848534e+03
2.305608513764129384e+03
2.296566479687936862e+03
2.287388817090969951e+03
2.278090232506106531e+03
2.268655714027208433e+03
2.259092529889714569e+03
2.249407943547499599e+03
2.239594357097996635e+03
2.229659024806112939e+03
2.219609196523289938e+03
2.209437261102590583e+03
2.199157888261033804e+03
2.188770886934437385e+03
2.178283490428872483e+03
2.167695499815151379e+03
2.157028997418856761e+03
2.146268920101237654e+03
2.135429914488150644e+03
2.124504338588797509e+03
2.113506831961598436e+03
2.102429745671119690e+03
2.091272855741812691e+03
2.080043363205396872e+03
2.068741037442788183e+03
2.057365644572306792e+03
2.045931804184201610e+03
2.034424419269843384e+03
2.022865531401996350e+03
2.011247465608611947e+03
1.999577400499138548e+03
1.987855083238111320e+03
1.976095114620569120e+03
1.964282378996344505e+03
1.952438899450045710e+03
1.940556982679275052e+03
1.928643789130132745e+03
1.916706476335026082e+03
1.904744770605771691e+03
1.892758395796548484e+03
1.880761931150699638e+03
1.868755096871456544e+03
1.856737610528908135e+03
1.844716615488363459e+03
1.832691824296399091e+03
1.820677803826938089e+03
1.808666833634355953e+03
1.796666047818280958e+03
1.784675150095677964e+03
1.772701270633460581e+03
1.760751537839540788e+03
1.748825650162887769e+03
1.736923304602839835e+03
1.725044196876556271e+03
1.713202878294953052e+03
1.701391614194344584e+03
1.689610097527230892e+03
1.677872877408574595e+03
1.666179645916363143e+03
1.654522666648195582e+03
1.642916488332583867e+03
1.631368231641363991e+03
1.619862732704838663e+03
1.608421970130742920e+03
1.597038210069360503e+03
1.585718576531860208e+03
1.574470194905177323e+03
1.563292763814768932e+03
1.552185983684602661e+03
1.541149556942749541e+03
1.530198044922506142e+03
1.519323726305996388e+03
1.508533739063771009e+03
1.497827795585216563e+03
1.487205611202158480e+03
1.476674332704109247e+03
1.466233681793935148e+03
1.455890811935294778e+03
1.445638023439290237e+03
1.435489905343343253e+03
1.425438765427404405e+03
1.415491772072940876e+03
1.405648669309975503e+03
1.395916633605548668e+03
1.386287988891292343e+03
1.376777348383656772e+03
1.367377044542383828e+03
1.358086842522924599e+03
1.348921368570035611e+03
1.339872966955223546e+03
1.330941409365257414e+03
1.322133898966374772e+03
1.313442786717939271e+03
1.304882713136196344e+03
1.296446038201304191e+03
1.288139983113937433e+03
1.279956916897266865e+03
1.271904069799374838e+03
1.263988676593408400e+03
1.256203119877755171e+03
1.248554643478511935e+03
1.241043067401725011e+03
1.233668216188849783e+03
1.226429918924832009e+03
1.219328009249657043e+03
1.212369753724156908e+03
1.205547566799304605e+03
1.198868724242148801e+03
1.192333078115228318e+03
1.185933056812221139e+03
1.179675950150012795e+03
1.173561624365026546e+03
1.167597378866589224e+03
1.161768232894514767e+03
1.156081495684763240e+03
1.150544481488195288e+03
1.145149652944626951e+03
1.139896906212803060e+03
1.134793571053844516e+03
1.129832125867656487e+03
1.125012482833978311e+03
1.120334559654940222e+03
1.115805707999956667e+03
1.111418428550738781e+03
1.107172656148170518e+03
1.103075759888021594e+03
1.099120258164700772e+03
1.095306103814491735e+03
1.091633255854957724e+03
1.088101679570962460e+03
1.084718774946514259e+03
1.081469663340161787e+03
1.078369186007202188e+03
1.075402477361495585e+03
1.072576963483722693e+03
1.069892648768976869e+03
1.067349544317135951e+03
1.064940239613765016e+03
1.062672187602629037e+03
1.060530564216463972e+03
1.058530270640733079e+03
1.056656502693345146e+03
1.054916747987771032e+03
1.053296215802512052e+03
1.051809835493437276e+03
1.050442829642106972e+03
1.049202712447772001e+03
1.048089576256818646e+03
1.047088663133500404e+03
1.046214934873371931e+03
1.045453646104647760e+03
1.044804914285034783e+03
1.044283719589629527e+03
1.043867906340275113e+03
1.043572466383074470e+03
1.043397540506280166e+03
1.043328418305320156e+03
1.043372679795238810e+03
1.043530481867845083e+03
1.043794558147619000e+03
1.044165075546672597e+03
1.044627349067811110e+03
1.045196411759962757e+03
1.045850159420730506e+03
1.046603633955285204e+03
1.047442168082778608e+03
1.048365955299417692e+03
1.049390049743536110e+03
1.050492367612942189e+03
1.051687970541018558e+03
1.052962210322978308e+03
1.054330155601617889e+03
1.055777164954584805e+03
1.057310885241101914e+03
1.058916681401276037e+03
1.060587349763781731e+03
1.062337974658892335e+03
1.064153929885007756e+03
1.066028020383753301e+03
1.067967910519405450e+03
1.069966410612086520e+03
1.072016333577098294e+03
1.074132779918723145e+03
1.076301139225245379e+03
1.078521660220421836e+03
1.080794594015566418e+03
1.083120194064145153e+03
1.085491287767488757e+03
1.087908133131964178e+03
1.090363561410663124e+03
1.092857831916418945e+03
1.095391205469808256e+03
1.097963944966371628e+03
1.100561458626147669e+03
1.103191441691654063e+03
1.105846734619445670e+03
1.108527608069178314e+03
1.111226906136397474e+03
1.113952331331062169e+03
1.116696731098369355e+03
1.119460382785010324e+03
1.122236136847530361e+03
1.125024273454804188e+03
1.127817645682437615e+03
1.130623964451232268e+03
1.133428656656424437e+03
1.136246863492725652e+03
1.139056585168269521e+03
1.141872964266384088e+03
1.144681430445938986e+03
1.147489698739319238e+03
1.150283199291162418e+03
1.153069647294533524e+03
1.155841901069293272e+03
1.158607675288195423e+03
1.161352399046821802e+03
1.164083785782970153e+03
1.166787262990441832e+03
1.169477970484158732e+03
1.172141333410348579e+03
1.174777632159780524e+03
1.177387145479306128e+03
1.179970150284954343e+03
1.182519493126575981e+03
1.185035446705776621e+03
1.187518281346346384e+03
1.189960836468635762e+03
1.192363377119277402e+03
1.194726165455377213e+03
1.197049460584753433e+03
1.199326090062250387e+03
1.201556306443598942e+03
1.203740358795745351e+03
1.205878492565001579e+03
1.207963521102812592e+03
1.210003110600612672e+03
1.211990066581181964e+03
1.213917190499843400e+03
1.215799564704269415e+03
1.217615126221335686e+03
1.219378952199635933e+03
1.221076402676370890e+03
1.222722546649225933e+03
1.224302735223203399e+03
1.225817171668068113e+03
1.227273483030742455e+03
1.228657006703194156e+03
1.229982788848815972e+03
1.231236157580257213e+03
1.232424721395642337e+03
1.233541227415829781e+03
1.234593274777354281e+03
1.235573601226175469e+03
1.236482368165360185e+03
1.237319732303316187e+03
1.238085845653214392e+03
1.238780855532745136e+03
1.239397476213373920e+03
1.239935845619544352e+03
1.240403525326053114e+03
1.240793215502862722e+03
1.241105039959163832e+03
1.241346546134034497e+03
1.241502991683113351e+03
1.241574486214243734e+03
1.241575991268354755e+03
1.241500178545416929e+03
1.241339714928607464e+03
1.241109547504640432e+03
1.240794905077776548e+03
1.240403296583594738e+03
1.239934797646410743e+03
1.239382050534296468e+03
1.238752549161702746e+03
1.238046353987755992e+03
1.237256091962831306e+03
1.236389241523822648e+03
1.235445847486307684e+03
1.234411092636104286e+03
1.233307296122240359e+03
1.232119629895644721e+03
1.230855545452880506e+03
1.229507632027762611e+03
1.228083329936963537e+03
1.226582645476205698e+03
1.225005579220400477e+03
1.223344697626815787e+03
1.221607418043359758e+03
1.219793723620033461e+03
1.217903591163674037e+03
1.215936989722335511e+03
1.213901310303512446e+03
1.211781652921884415e+03
1.209592825043849871e+03
1.207327343135837054e+03
1.204992574423161841e+03
1.202588451854641335e+03
1.200114902476130510e+03
1.197571847461817924e+03
1.194959202153575461e+03
1.192284304458589077e+03
1.189539629853929227e+03
1.186732504850675923e+03
1.183862822013894174e+03
1.180923040040699561e+03
1.177920468896110606e+03
1.174854984854067425e+03
1.171733887295971954e+03
1.168549613763789921e+03
1.165309453470229300e+03
1.162013262361984744e+03
1.158660891588234335e+03
1.155252187622579868e+03
1.151786992388093267e+03
1.148272571735111342e+03
1.144708758870189968e+03
1.141087954486853050e+03
1.137424840298050412e+03
1.133711809066233855e+03
1.129948678135492628e+03
1.126142689561702127e+03
1.122293653540675450e+03
1.118401376885087529e+03
1.114465663148726662e+03
1.110486312747928650e+03
1.106470551430085834e+03
1.102418173687917715e+03
1.098328971220761559e+03
1.094195304691415004e+03
1.090039245580391935e+03
1.085845721132494646e+03
1.081621941253414661e+03
1.077375113549378966e+03
1.073097586712917064e+03
1.068789135655870268e+03
1.064456961587819706e+03
1.060108263740662323e+03
1.055735382739599117e+03
1.051338085722353753e+03
1.046923566583417596e+03
1.042491589872408440e+03
1.038041918670618543e+03
1.033581742823027525e+03
1.029103393946796814e+03
1.024614058891014110e+03
1.020113494744678178e+03
1.015608885596401478e+03
1.011099985894074052e+03
1.006579120506458253e+03
1.002053469837431066e+03
9.975302131913213088e+02
9.930016721410102036e+02
9.884750240006939066e+02
9.839574452006675074e+02
9.794338263157096662e+02
9.749187706001006291e+02
9.704120239737666225e+02
9.659133318150007881e+02
9.614150107071529874e+02
9.569390902916385357e+02
9.524630298720624069e+02
9.480088587287013979e+02
9.435614643820340461e+02
9.391354478659576444e+02
9.347231254015309787e+02
9.303316702780273317e+02
9.259608279360377310e+02
9.216177728055686202e+02
9.172948233962841869e+02
9.129917274922518118e+02
9.087156622985216927e+02
9.044738062395772431e+02
9.002510540589283892e+02
8.960620154223361169e+02
8.918990166181488348e+02
8.877692424607071189e+02
8.836724513912781731e+02
8.796084039789682265e+02
8.755768630698177049e+02
8.715850222840457491e+02
8.676326494599154557e+02
8.637120867949664671e+02
8.598305360343812254e+02
8.559877735537749004e+02
8.521910071887382401e+02
8.484325913082385568e+02
8.447197403345287512e+02
8.410448154555059546e+02
8.374224664834973737e+02
8.338376331416304765e+02
8.302975425207238231e+02
8.268094252076416524e+02
8.233656590307269880e+02
8.199734825369243936e+02
8.166327100107537262e+02
8.133431598879585636e+02
8.101046548127047799e+02
8.069095933384980981e+02
8.037800917247836878e+02
8.006937004742335375e+02
7.976651162200107592e+02
7.946941833035879199e+02
7.917733221499776164e+02
7.889098143392543534e+02
7.860960892225274392e+02
7.833468656867828486e+02
7.806545820640325246e+02
7.780191095404645694e+02
7.754403238122886250e+02
7.729181050902267316e+02
7.704597664530822385e+02
7.680577687995718179e+02
7.657112630663034452e+02
7.634275759001462802e+02
7.612043816203847655e+02
7.590415875826495267e+02
7.569391056784605780e+02
7.548968523412083869e+02
7.529154913887615521e+02
7.509949483628010967e+02
7.491351533751917486e+02
7.473360411214007399e+02
7.455975508960657407e+02
7.439203694457625033e+02
7.423037024838295110e+02
7.407482460524640828e+02
7.392532152066127082e+02
7.378185725448811354e+02
7.364457710720566865e+02
7.351332972178917089e+02
7.338811278773657705e+02
7.326892447716331844e+02
7.315583773146129261e+02
7.304862884696470928e+02
7.294744602963619400e+02
7.285214084665439032e+02
7.276278821394851093e+02
7.267924069806589387e+02
7.260149993639184913e+02
7.252956810017782345e+02
7.246337369589992932e+02
7.240284576806734549e+02
7.234791387327701386e+02
7.229873093194444209e+02
7.225500467759527510e+02
7.221681477576454427e+02
7.218409283937899090e+02
7.215677099516263979e+02
7.213470759901233578e+02
7.211798436834309314e+02
7.210646067884956665e+02
7.210007069572153569e+02
7.209874908676742962e+02
7.210243101845726414e+02
7.211105215138242102e+02
7.212454863513656846e+02
7.214285710262646489e+02
7.216591466382504905e+02
7.219358461548052901e+02
7.222587928431460114e+02
7.226273716870799717e+02
7.230394864692071906e+02
7.234952738588655166e+02
7.239933891457474147e+02
7.245332346499882306e+02
7.251142167887943515e+02
7.257350031400991384e+02
7.263942651736950893e+02
7.270921638152250353e+02
7.278273779982669112e+02
7.285978473902035830e+02
7.294044864572571214e+02
7.302452416736674650e+02
7.311188055860537816e+02
7.320253595379083436e+02
7.329628593845320665e+02
7.339314923941689131e+02
7.349292201300770557e+02
7.359547496843698582e+02
7.370082764085524332e+02
7.380877696359050333e+02
7.391926867562973484e+02
7.403210017781148053e+02
7.414729194078612409e+02
7.426464179470250428e+02
7.438409633767946616e+02
7.450545379301408957e+02
7.462873541816816214e+02
7.475373979547703129e+02
7.488041423351490948e+02
7.500863188444504885e+02
7.513848889476699924e+02
7.526911586998459143e+02
7.540157492397258920e+02
7.553514549677015566e+02
7.566984998670845926e+02
7.580571090852621410e+02
7.594200805155473972e+02
7.607876414301950945e+02
7.621600200627841559e+02
7.635448738909248050e+02
7.649275761672495264e+02
7.663157859521478485e+02
7.677097346429685558e+02
7.690947975526732989e+02
7.704860639386881758e+02
7.718763384767232765e+02
7.732584262350968629e+02
7.746474176468753967e+02
7.760212616269170667e+02
7.773950489909352655e+02
7.787615855674729346e+02
7.801211055102160117e+02
7.814664145060996816e+02
7.828051747319476590e+02
7.841376197069156433e+02
7.854565541930405743e+02
7.867622107937335159e+02
7.880473931488312473e+02
7.893271892288538538e+02
7.905869727743947806e+02
7.918269732868438950e+02
7.930474192154234743e+02
7.942559661935363238e+02
7.954454118729473748e+02
7.966085525083367429e+02
7.977530395412798043e+02
7.988716660824655946e+02
7.999720801959829259e+02
8.010470713820001265e+02
8.020968555119219445e+02
8.031290747138574488e+02
8.041290838584732228e+02
8.050970921988059672e+02
8.060407349105939829e+02
8.069602162846758802e+02
8.078408812722401535e+02
8.086977854846894616e+02
8.095162682931140807e+02
8.103113796926152190e+02
8.110684538811947277e+02
8.117951071509833127e+02
8.124915242455989528e+02
8.131504582799885839e+02
8.137720873648163433e+02
8.143565861842112099e+02
8.149115542781506747e+02
8.154223025777315570e+02
8.159038517973004900e+02
8.163415055768866750e+02
8.167428488823564976e+02
8.171006062064313937e+02
8.174223549256873866e+02
8.177008118591382981e+02
8.179435466322229331e+02
8.181432682420141873e+02
8.183075384274434327e+02
8.184290582403216376e+02
8.185079530706839250e+02
8.185443442734729160e+02
8.185383491475739675e+02
8.184975092669619698e+02
8.184070770622247437e+02
8.182745859059749591e+02
8.181001366969270521e+02
8.178763978459187456e+02
8.176108903134195316e+02
8.173037025460852192e+02
8.169549188146767165e+02
8.165571908516864141e+02
8.161180228900281008e+02
8.156300582499205802e+02
8.151007927276148166e+02
8.145228611818885156e+02
8.139037509222532663e+02
8.132360882948439667e+02
8.125199237197338107e+02
8.117627316771904589e+02
8.109645539931642588e+02
8.101179998250673862e+02
8.092231023479282612e+02
8.082798903897748914e+02
8.072958167676164294e+02
8.062634732226631513e+02
8.051828754574394225e+02
8.040614631227061864e+02
8.028918147543730583e+02
8.016739328128386433e+02
8.004152436727026725e+02
7.991157409373226983e+02
7.977679855034294860e+02
7.963719621838698686e+02
7.949350796798153169e+02
7.934573138786153095e+02
7.919386362047188186e+02
7.903790136228435586e+02
7.887709802935656853e+02
7.871219226327353908e+02
7.854317942723648684e+02
7.837005444256122928e+02
7.819281179047269461e+02
7.801144551422930817e+02
7.782594922158504005e+02
7.763631608759387746e+02
7.744328169278531959e+02
7.724609552158693759e+02
7.704549230626802228e+02
7.684072069102643354e+02
7.663177174158853404e+02
7.642012178509012301e+02
7.620427540510480640e+02
7.598422245728377220e+02
7.576143807514484934e+02
7.553442566599696875e+02
7.530465959748456726e+02
7.507138535901081013e+02
7.483459090867170289e+02
7.459500668030796078e+02
7.435187708568042808e+02
7.410593186199937463e+02
7.385641473941307140e+02
7.360405478883529895e+02
7.334958075974202529e+02
7.309149258304281602e+02
7.283126122428247982e+02
7.256738601152956107e+02
7.230133732370901498e+02
7.203309958861209452e+02
7.176154270858041855e+02
7.148776482628679787e+02
7.121160100827038377e+02
7.093310892311091038e+02
7.065227171550498042e+02
7.036922086481263250e+02
7.008401334253479718e+02
6.979678018724310959e+02
6.950750366193361742e+02
6.921631439583127303e+02
6.892326854160977518e+02
6.862842204602984566e+02
6.833197916296594485e+02
6.803384682149908258e+02
6.773415463843564339e+02
6.743303207522523053e+02
6.713045987833585286e+02
6.682649293710414895e+02
6.652126029104878171e+02
6.621481657015805240e+02
6.590721628567348489e+02
6.559851383736900061e+02
6.528898637134464025e+02
6.497853951930992480e+02
6.466737595743583142e+02
6.435562399620679344e+02
6.404326330432638770e+02
6.373042205018709865e+02
6.341722834238370297e+02
6.310366167029160351e+02
6.278985004573083870e+02
6.247584716018728841e+02
6.216170667612210536e+02
6.184748223485906919e+02
6.153330174805578281e+02
6.121921883874857713e+02
6.090536141648710782e+02
6.059170883503362575e+02
6.027838903465283238e+02
5.996552998345518972e+02
5.965311111880200770e+02
5.934126048978065455e+02
5.902995763170614509e+02
5.871940499218286504e+02
5.840958223866645085e+02
5.810054340106717063e+02
5.779241688034931030e+02
5.748510832311412742e+02
5.717889489819432356e+02
5.687375675367546819e+02
5.656974844290874671e+02
5.626692464945281245e+02
5.596548876245466317e+02
5.566534718392965715e+02
5.536670360498385435e+02
5.506946474589212812e+02
5.477383463210092032e+02
5.447986890107082445e+02
5.418747480999860500e+02
5.389685694441046735e+02
5.360799724107089332e+02
5.332095213439201871e+02
5.303577829542979316e+02
5.275260690692165326e+02
5.247134653090130314e+02
5.219212881629313188e+02
5.191501137130169354e+02
5.164005205313213764e+02
5.136730897402679830e+02
5.109684050712046428e+02
5.082863100861329713e+02
5.056273939027359461e+02
5.029929912476059712e+02
5.003822111676549298e+02
4.977971369251243914e+02
4.952368833655858680e+02
4.927027968097289659e+02
4.901939980882865484e+02
4.877118395957729149e+02
4.852569339925352665e+02
4.828284114104950504e+02
4.804283765027285540e+02
4.780552229663834396e+02
4.757103190948005818e+02
4.733942936380831270e+02
4.711070358376211402e+02
4.688484382945046036e+02
4.666198826718509736e+02
4.644212683858879132e+02
4.622532411411338558e+02
4.601149644543533554e+02
4.580078338576405486e+02
4.559317627501716856e+02
4.538866680940361675e+02
4.518724704389067597e+02
4.498890939455650937e+02
4.479379520783061253e+02
4.460182334509561315e+02
4.441298731868625964e+02
4.422735529374851353e+02
4.404492152295863434e+02
4.386568063160960946e+02
4.368970190255188868e+02
4.351690642697293470e+02
4.334736423953742701e+02
4.318107146884755139e+02
4.301795033824316192e+02
4.285814630043885245e+02
4.270158233695842114e+02
4.254818180890936219e+02
4.239816559107377429e+02
4.225130922963679154e+02
4.210768575549727757e+02
4.196729428767133072e+02
4.183013432323912184e+02
4.169620573645423178e+02
4.156543449415290183e+02
4.143789550497631922e+02
4.131351548387984280e+02
4.119229580096624659e+02
4.107423819611854015e+02
4.095934477694831912e+02
4.084761801656149487e+02
4.073898646764401406e+02
4.063345332688295457e+02
4.053102214871415185e+02
4.043169684241302662e+02
4.033540738553044207e+02
4.024215838769100628e+02
4.015188052024382159e+02
4.006457907979332163e+02
3.998025970110055027e+02
3.989885406987008309e+02
3.982036848593766081e+02
3.974473529234850844e+02
3.967196143835352586e+02
3.960205419181257298e+02
3.953487256801617491e+02
3.947049874295149721e+02
3.940886663147541640e+02
3.934991044994168305e+02
3.929363899526624095e+02
3.923998707342884700e+02
3.918888977842861436e+02
3.914043105469006036e+02
3.909447227490079513e+02
3.905094936932092651e+02
3.900994710453381913e+02
3.897132766112920308e+02
3.893510204635701939e+02
3.890120723870419397e+02
3.886958046642125169e+02
3.884023348598516918e+02
3.881310400998681303e+02
3.878820426895599098e+02
3.876539815559689259e+02
3.874469835345899469e+02
3.872604348100337575e+02
3.870937236958704375e+02
3.869469834135031761e+02
3.868188635299256362e+02
3.867095013688960421e+02
3.866190366694642080e+02
3.865453826325343130e+02
3.864901684101445767e+02
3.864513106924123917e+02
3.864282134887093889e+02
3.864217680624566924e+02
3.864306386895971741e+02
3.864549767661281976e+02
3.864934493992460034e+02
3.865462106775545976e+02
3.866119302599851153e+02
3.866915074788991546e+02
3.867836142569416324e+02
3.868876663732365841e+02
3.870030805536355842e+02
3.871300172302806004e+02
3.872678947954574369e+02
3.874153895249683615e+02
3.875726640061640182e+02
3.877391385555253009e+02
3.879142339761710332e+02
3.880973714802922814e+02
3.882887154466922652e+02
3.884869448384399107e+02
3.886922244660409547e+02
3.889039764059081108e+02
3.891223655945576638e+02
3.893453284133814805e+02
3.895730296245135946e+02
3.898063766274553359e+02
3.900425623766639660e+02
3.902824936607040058e+02
3.905255911872234265e+02
3.907712751844848640e+02
3.910189653342427505e+02
3.912680807060737607e+02
3.915187825282288259e+02
3.917704884549378903e+02
3.920218725053114213e+02
3.922730935088687829e+02
3.925243093774863041e+02
3.927734485438451202e+02
3.930221525866453476e+02
3.932676049917934620e+02
3.935114451205553223e+02
3.937523398084844644e+02
3.939889546559493851e+02
3.942221824847989637e+02
3.944514291158989181e+02
3.946760990078415716e+02
3.948955952565231087e+02
3.951100623403547729e+02
3.953189003911001009e+02
3.955222508203759730e+02
3.957187677714590563e+02
3.959085894165875175e+02
3.960911094093050338e+02
3.962672053470734568e+02
3.964347817186850875e+02
3.965947125419670556e+02
3.967456414759755035e+02
3.968876959532919955e+02
3.970210014668921872e+02
3.971449386917466882e+02
3.972596291111768210e+02
3.973637064677512285e+02
3.974572880590249042e+02
3.975412318578360669e+02
3.976134222922166259e+02
3.976754557154128520e+02
3.977259548452761919e+02
3.977642828938996900e+02
3.977920291921649891e+02
3.978070664641265921e+02
3.978094934619984997e+02
3.978001492512215123e+02
3.977776418259446132e+02
3.977420622403453763e+02
3.976934988955396193e+02
3.976312946624416895e+02
3.975555325107887370e+02
3.974655497993209678e+02
3.973614239074863121e+02
3.972424865286359363e+02
3.971102949751256119e+02
3.969634323000589688e+02
3.968019642764264745e+02
3.966259536982619238e+02
3.964354603542034852e+02
3.962305410035359046e+02
3.960105065198026182e+02
3.957754075421875086e+02
3.955245487895755900e+02
3.952594603876132169e+02
3.949779551783674378e+02
3.946808142283445022e+02
3.943688154841337337e+02
3.940397624309972002e+02
3.936959124447347449e+02
3.933358056013784108e+02
3.929602073361263024e+02
3.925691371419050029e+02
3.921618685916232607e+02
3.917384150234887557e+02
3.912995295586891302e+02
3.908444766162700148e+02
3.903732604402831612e+02
3.898858822887858082e+02
3.893830832946674718e+02
3.888641159879691145e+02
3.883289728297538659e+02
3.877783862421110825e+02
3.872116001340951925e+02
3.866300841086776359e+02
3.860330764850409651e+02
3.854205556715493799e+02
3.847932401988574611e+02
3.841511030830303071e+02
3.834941146936316727e+02
3.828222427865212580e+02
3.821354525362435766e+02
3.814344494029026009e+02
3.807184506582837571e+02
3.799888995914283782e+02
3.792442656930797966e+02
3.784859873646195183e+02
3.777140149357279597e+02
3.769275535262756307e+02
3.761280344123464943e+02
3.753146580410885917e+02
3.744881082299605737e+02
3.736483236849578020e+02
3.727959836932248550e+02
3.719302796399010163e+02
3.710526292046397430e+02
3.701629622074805752e+02
3.692604634646201589e+02
3.683465441491617867e+02
3.674211276367125834e+02
3.664833923613786624e+02
3.655347431772656819e+02
3.645750972053726287e+02
3.636036266914429689e+02
3.626217303698877572e+02
3.616285764786441064e+02
3.606255597957008376e+02
3.596118446568693798e+02
3.585888219955666045e+02
3.575556523641677131e+02
3.565137229619543859e+02
3.554629334484942547e+02
3.544031816987661614e+02
3.533351066941772274e+02
3.522593457302402271e+02
3.511757916267393398e+02
3.500843356104675195e+02
3.489856102004999912e+02
3.478795035909201943e+02
3.467666453761412981e+02
3.456469209385696217e+02
3.445209571787329423e+02
3.433886369075764833e+02
3.422505845810065352e+02
3.411074235313672034e+02
3.399590332007673510e+02
3.388060348811552558e+02
3.376483061157758243e+02
3.364864664420015856e+02
3.353203917951200310e+02
3.341507002530478871e+02
3.329780092765594759e+02
3.318014501148360864e+02
3.306216392212649566e+02
3.294399354939639579e+02
3.282554690108364071e+02
3.270688552792123573e+02
3.258807096394385212e+02
3.246916473374148495e+02
3.235007979257578654e+02
3.223102623436362819e+02
3.211191703045378745e+02
3.199281373724926993e+02
3.187370365210232990e+02
3.175464838650325987e+02
3.163570958853172215e+02
3.151680038156608248e+02
3.139805678726374367e+02
3.127939202976274373e+02
3.116094224165985338e+02
3.104269505120763597e+02
3.092463815377790866e+02
3.080690788307891239e+02
3.068941779761554471e+02
3.057223010194454105e+02
3.045540708319304031e+02
3.033901111437647273e+02
3.022288180701788178e+02
3.010723028212036070e+02
2.999197062144040729e+02
2.987716556459757840e+02
2.976287792491951905e+02
2.964902204457158064e+02
2.953573522100123228e+02
2.942300629173973903e+02
2.931089848719125257e+02
2.919932658239547436e+02
2.908842831681956795e+02
2.897811869565192637e+02
2.886860997667681090e+02
2.875966883767259787e+02
2.865150778094777024e+02
2.854411658442191424e+02
2.843748515484734298e+02
2.833160353064515675e+02
2.822646188487220229e+02
2.812219909533117743e+02
2.801880561380835388e+02
2.791619775296898638e+02
2.781451482390546630e+02
2.771374772230581129e+02
2.761381321577536596e+02
2.751485108179723511e+02
2.741677841078962956e+02
2.731973531130367405e+02
2.722363921328825427e+02
2.712855628996387622e+02
2.703447861174089439e+02
2.694139843419326894e+02
2.684930820255517006e+02
2.675834912322646915e+02
2.666843975074231707e+02
2.657957312622355062e+02
2.649174249824949925e+02
2.640501561064648968e+02
2.631946042315846626e+02
2.623492226497588717e+02
2.615154382312978214e+02
2.606924516166848207e+02
2.598809514266068845e+02
2.590808857895448796e+02
2.582929480420597201e+02
2.575163482513530084e+02
2.567510417452213574e+02
2.559977291340447607e+02
2.552563706597198347e+02
2.545269290465708707e+02
2.538093695140692319e+02
2.531036597863416659e+02
2.524105129334707271e+02
2.517284160522297611e+02
2.510588301644681053e+02
2.504009903152686434e+02
2.497556197239087794e+02
2.491219584344104021e+02
2.485007346434334465e+02
2.478911933452576761e+02
2.472933248193828035e+02
2.467086074457016593e+02
2.461355506723124051e+02
2.455741520016500203e+02
2.450251541296780999e+02
2.444878164134927943e+02
2.439621433477689436e+02
2.434488845350606709e+02
2.429473061501932420e+02
2.424574194142076919e+02
2.419792377278421611e+02
2.415135194749261416e+02
2.410587966507334272e+02
2.406158318408763819e+02
2.401846468504380994e+02
2.397645226738753195e+02
2.393569708058556955e+02
2.389597905327784702e+02
2.385737544208303405e+02
2.381996369499339608e+02
2.378359859840251147e+02
2.374835797579201824e+02
2.371424555153400604e+02
2.368119094884561378e+02
2.364912397138769791e+02
2.361819745200711793e+02
2.358826726658721213e+02
2.355941231705937469e+02
2.353156311250076556e+02
2.350472461835700528e+02
2.347890197174636455e+02
2.345402619684041383e+02
2.343010277081227173e+02
2.340713733931949321e+02
2.338513571551279142e+02
2.336410387904840036e+02
2.334389940807846244e+02
2.332460289572136674e+02
2.330622081495088196e+02
2.328868551741576596e+02
2.327200379916420161e+02
2.325610833223800000e+02
2.324100623013729319e+02
2.322677904703073750e+02
2.321328564459705603e+02
2.320053360474953195e+02
2.318853065945477567e+02
2.317728468824760171e+02
2.316672943201605221e+02
2.315687305705799020e+02
2.314772386838806426e+02
2.313921602279829983e+02
2.313135809217798737e+02
2.312415877607835455e+02
2.311747833052956480e+02
2.311147426463762997e+02
2.310600706791341281e+02
2.310101162291054493e+02
2.309664576714369559e+02
2.309277030328566411e+02
2.308932041121095153e+02
2.308645420936518349e+02
2.308395848096149905e+02
2.308191721959092604e+02
2.308034020569028257e+02
2.307908871693436765e+02
2.307824693957998363e+02
2.307782482824720773e+02
2.307768381619127638e+02
2.307783394309326468e+02
2.307828528186512358e+02
2.307897364900925368e+02
2.307998344906198724e+02
2.308117625111216284e+02
2.308263648396216752e+02
2.308430001289537472e+02
2.308610270111205693e+02
2.308812897133211948e+02
2.309024038306104387e+02
2.309252132857606057e+02
2.309490761058768840e+02
2.309733500462969005e+02
2.309988782166572037e+02
2.310250176990157058e+02
2.310511251783456999e+02
2.310765569051943089e+02
2.311028971656055262e+02
2.311280155679077950e+02
2.311534953620258932e+02
2.311779478953034754e+02
2.312007267605581831e+02
2.312234134408228670e+02
2.312438746054627359e+02
2.312636904835007101e+02
2.312814694633487136e+02
2.312973049473689571e+02
2.313112896177680682e+02
2.313235154186105262e+02
2.313333307034080519e+02
2.313400830531722647e+02
2.313446049297213847e+02
2.313462423188806270e+02
2.313450832187263018e+02
2.313404719524014865e+02
2.313324948205666658e+02
2.313204944131373679e+02
2.313052980953925726e+02
2.312862466480335684e+02
2.312626799164075635e+02
2.312361652936806991e+02
2.312045550175870403e+02
2.311694144964222630e+02
2.311293367683199165e+02
2.310851423196709504e+02
2.310369077170115020e+02
2.309832227427521332e+02
2.309249045398656222e+02
2.308620262402166645e+02
2.307931740969141572e+02
2.307191616258551221e+02
2.306400582311975995e+02
2.305551891702140210e+02
2.304646211876165580e+02
2.303691624794054746e+02
2.302673913163549173e+02
2.301593701826322729e+02
2.300459029043541079e+02
2.299263061083639172e+02
2.298006376916166289e+02
2.296682111160840520e+02
2.295298238796169699e+02
2.293847861426492329e+02
2.292331492012719139e+02
2.290742197865518790e+02
2.289087885405074587e+02
2.287369014836220913e+02
2.285578599892644149e+02
2.283724492651425066e+02
2.281799669916607627e+02
2.279797089726036461e+02
2.277731976231055171e+02
2.275597249447238823e+02
2.273393238531420764e+02
2.271112825158287478e+02
2.268763729026453007e+02
2.266338793875030433e+02
2.263838272329904271e+02
2.261262397549541276e+02
2.258618811594292595e+02
2.255892852066697856e+02
2.253099550625905181e+02
2.250224206268667047e+02
2.247281812233509015e+02
2.244257629318786371e+02
2.241166612821239426e+02
2.237993985885588017e+02
2.234747238121350108e+02
2.231433840729062013e+02
2.228038961636738406e+02
2.224570035797182754e+02
2.221034480339983190e+02
2.217417409728787447e+02
2.213733634424765171e+02
2.209975662648668049e+02
2.206135985646001245e+02
2.202229362951374867e+02
2.198248252498456736e+02
2.194199952579293154e+02
2.190069460296653006e+02
2.185871470213898249e+02
2.181598376095028868e+02
2.177257412840723418e+02
2.172848371614779239e+02
2.168371028363579569e+02
2.163825143977067000e+02
2.159210464441374029e+02
2.154526720983171231e+02
2.149788486906432752e+02
2.144973179269215677e+02
2.140095342507436271e+02
2.135162078448019827e+02
2.130158189717153903e+02
2.125090749945503603e+02
2.119959390466833611e+02
2.114763728764835662e+02
2.109510796918022777e+02
2.104200184993117091e+02
2.098824041139407370e+02
2.093396785085830629e+02
2.087910538138557683e+02
2.082364836685350724e+02
2.076766632304465645e+02
2.071108006829577448e+02
2.065395885353066490e+02
2.059629749743925800e+02
2.053809068705082836e+02
2.047933298448920141e+02
2.042009311213761293e+02
2.036029110392261998e+02
2.030006972475387101e+02
2.023927448807567941e+02
2.017812220960486229e+02
2.011645817467078814e+02
2.005442469225450850e+02
1.999194111314026543e+02
1.992907525024870665e+02
1.986574624759736594e+02
1.980209600093016604e+02
1.973804345996150289e+02
1.967365604928412495e+02
1.960885253788410409e+02
1.954377446029991177e+02
1.947826613586427129e+02
1.941254322408902340e+02
1.934644989359495924e+02
1.928005309416791420e+02
1.921349399385933907e+02
1.914654228213410931e+02
1.907941329260562497e+02
1.901202517225036388e+02
1.894444458668166931e+02
1.887666387390747218e+02
1.880860104858948318e+02
1.874039694029390262e+02
1.867196949668698380e+02
1.860338520521642067e+02
1.853463624672041590e+02
1.846578906648679208e+02
1.839683581123049123e+02
1.832769433299592947e+02
1.825850532698180189e+02
1.818926091774931706e+02
1.811995322984824099e+02
1.805057439133396997e+02
1.798119082067949250e+02
1.791172037956760903e+02
1.784230379359190124e+02
1.777285895431889458e+02
1.770337805626446084e+02
1.763392759975141644e+02
1.756449982665575362e+02
1.749516129006015888e+02
1.742583000629666117e+02
1.735657259145659737e+02
1.728738141338198773e+02
1.721832316082856948e+02
1.714931599512823084e+02
1.708050096984729294e+02
1.701172204835483512e+02
1.694312037387618943e+02
1.687468857046692392e+02
1.680634502846756391e+02
1.673823104043674732e+02
1.667026510203789087e+02
1.660251433143904478e+02
1.653497162068549926e+02
1.646762992108158414e+02
1.640048224507528403e+02
1.633359595165610187e+02
1.626696418126118999e+02
1.620058014120894256e+02
1.613443710765371293e+02
1.606860271106950506e+02
1.600299608775230240e+02
1.593775929937247895e+02
1.587281163403044104e+02
1.580822102587039808e+02
1.574398120670400942e+02
1.568008599167234536e+02
1.561652928143145402e+02
1.555330506436124836e+02
1.549048170229663413e+02
1.542805336576696220e+02
1.536594003625170046e+02
1.530428464245236739e+02
1.524300736154029039e+02
1.518217703892702559e+02
1.512171405650137217e+02
1.506168746886932297e+02
1.500216643855557663e+02
1.494299738767270469e+02
1.488432398457903503e+02
1.482614144496136248e+02
1.476837081738621009e+02
1.471108183580105333e+02
1.465427007095961756e+02
1.459785693228811283e+02
1.454198680368964176e+02
1.448665562774931743e+02
1.443178519087305176e+02
1.437737169184333368e+02
1.432348574328090365e+02
1.427012380600901338e+02
1.421728247197296469e+02
1.416495845984561583e+02
1.411314862167609760e+02
1.406192422922637206e+02
1.401120812433937033e+02
1.396099757022045367e+02
1.391136425210963239e+02
1.386223142734521900e+02
1.381367105984456884e+02
1.376568096996836061e+02
1.371818483479488577e+02
1.367125503880626809e+02
1.362488982346627608e+02
1.357908757071718071e+02
1.353377251938314885e+02
1.348909189900063268e+02
1.344497022854095292e+02
1.340140645007829789e+02
1.335832536136607587e+02
1.331587474935480770e+02
1.327397968861469622e+02
1.323263967471597198e+02
1.319192862353508815e+02
1.315169773648985085e+02
1.311209548424386071e+02
1.307297333781812654e+02
1.303448003569016862e+02
1.299654159830562890e+02
1.295908417756755284e+02
1.292225690628061727e+02
1.288598619603012025e+02
1.285027287004539005e+02
1.281504359500962948e+02
1.278044801384812388e+02
1.274633875995410364e+02
1.271286572391899483e+02
1.267988178419116849e+02
1.264746279024226396e+02
1.261553614367499137e+02
1.258425221432893579e+02
1.255339007082813794e+02
1.252310031414938152e+02
1.249338509162488435e+02
1.246417237894326604e+02
1.243546454563249313e+02
1.240726407001610028e+02
1.237957353765388575e+02
1.235239563976583526e+02
1.232573317164048916e+02
1.229958903102894396e+02
1.227396621859877826e+02
1.224879355901961162e+02
1.222407426010680211e+02
1.219988590909647286e+02
1.217608333697485534e+02
1.215281860132722613e+02
1.213002100014491447e+02
1.210769420415351902e+02
1.208576768812059044e+02
1.206431957967067490e+02
1.204335380708073728e+02
1.202280009757850365e+02
1.200258825913885801e+02
1.198287102928065906e+02
1.196357837233602481e+02
1.194471461173911422e+02
1.192620986129364837e+02
1.190806859044312915e+02
1.189036962252757519e+02
1.187304328252295136e+02
1.185609424578408522e+02
1.183952725276428311e+02
1.182334710722221018e+02
1.180748439090880453e+02
1.179194402874195902e+02
1.177680528695403552e+02
1.176192463720466606e+02
1.174738145569125294e+02
1.173318088720452721e+02
1.171932812666401560e+02
1.170575413361332835e+02
1.169246419718524237e+02
1.167938936701659571e+02
1.166668358513583001e+02
1.165420369927851709e+02
1.164202944519158223e+02
1.163009202685966841e+02
1.161839696470236021e+02
1.160694980971141916e+02
1.159575614103998760e+02
1.158474728003873224e+02
1.157400313825171736e+02
1.156345508084542644e+02
1.155310877450719005e+02
1.154296990128740816e+02
1.153296987239793623e+02
1.152318867597944205e+02
1.151355774031372619e+02
1.150415706502238891e+02
1.149484380071374829e+02
1.148569794762362193e+02
1.147672522019340988e+02
1.146778275919863006e+02
1.145909911287175618e+02
1.145045711547023188e+02
1.144193671940334269e+02
1.143354357483498660e+02
1.142520902681961843e+02
1.141693867947122243e+02
1.140881239316272229e+02
1.140076143126078705e+02
1.139271702442333520e+02
1.138475893495445916e+02
1.137689260371120241e+02
1.136904914758888197e+02
1.136123392408873940e+02
1.135345224546135796e+02
1.134570937644115105e+02
1.133793624857178060e+02
1.133021230863922568e+02
1.132246838268851974e+02
1.131470952466198270e+02
1.130701501463604615e+02
1.129924122315540416e+02
1.129146731070006808e+02
1.128362380873236788e+02
1.127578975237280758e+02
1.126789554516019223e+02
1.126002009193323090e+02
1.125201938028748714e+02
1.124397218065317787e+02
1.123588291143625781e+02
1.122775592175433843e+02
1.121952120724354103e+02
1.121118297644158304e+02
1.120274536672460215e+02
1.119428672730216476e+02
1.118566248474449765e+02
1.117695084357093549e+02
1.116815565184058556e+02
1.115920640077141996e+02
1.115018107487633472e+02
1.114100901758238678e+02
1.113169378135968230e+02
1.112223884382404293e+02
1.111272189082072543e+02
1.110299768196419876e+02
1.109314375116481131e+02
1.108308898858364557e+02
1.107291077406028137e+02
1.106261212776256002e+02
1.105212171487327595e+02
1.104144240645961190e+02
1.103057699336008426e+02
1.101960246880723417e+02
1.100837289347519317e+02
1.099703937899360966e+02
1.098545581886533427e+02
1.097377315536890734e+02
1.096184511037038618e+02
1.094974816862751794e+02
1.093741015902531331e+02
1.092490738730283653e+02
1.091216750073696886e+02
1.089926662083212392e+02
1.088620649148804631e+02
1.087284019417842842e+02
1.085931784766351456e+02
1.084564090570034267e+02
1.083166215580684195e+02
1.081753141909133689e+02
1.080317556461139787e+02
1.078866992583593856e+02
1.077386688216668773e+02
1.075891584258485949e+02
1.074374326036833622e+02
1.072827548294913100e+02
1.071266160189517080e+02
1.069682775150210858e+02
1.068084852605258277e+02
1.066457556219669556e+02
1.064808324001157160e+02
1.063137154919153033e+02
1.061444037290942077e+02
1.059736377183820935e+02
1.057999285082079837e+02
1.056240146072462665e+02
1.054466334893135837e+02
1.052670359348318527e+02
1.050844717138838007e+02
1.049004181057261036e+02
1.047148657394628515e+02
1.045263186111195637e+02
1.043362511120493394e+02
1.041439082030913426e+02
1.039500196099933902e+02
1.037538285044526560e+02
1.035553200310474864e+02
1.033552213296766240e+02
1.031527730533694012e+02
1.029479578923955501e+02
1.027422434201770045e+02
1.025333822839628795e+02
1.023235834175260663e+02
1.021113408789021406e+02
1.018973765532191749e+02
1.016816688347180389e+02
1.014634526482435319e+02
1.012441908100954890e+02
1.010223742027639418e+02
1.007994644741067276e+02
1.005739513751163798e+02
1.003472954570083715e+02
1.001187282418026996e+02
9.988822357700878740e+01
9.965649764901299079e+01
9.942278049018187858e+01
9.918778732993541780e+01
9.895074726443283453e+01
9.871311744032828983e+01
9.847338321711885101e+01
9.823225801879422647e+01
9.799045483426242242e+01
9.774645771688697948e+01
9.750172163348268839e+01
9.725547262227794931e+01
9.700767913558514977e+01
9.675905204192946485e+01
9.650955895781740423e+01
9.625842424938171860e+01
9.600635753906901471e+01
9.575332520228725741e+01
9.549929320440715230e+01
9.524496993815971280e+01
9.498883488644580098e+01
9.473233847109302985e+01
9.447470221206637575e+01
9.421663290790556289e+01
9.395735130197954277e+01
9.369756343008849342e+01
9.343723212413262047e+01
9.317631985720507259e+01
9.291404592002800200e+01
9.265185777396234812e+01
9.238971689028127798e+01
9.212609876608318871e+01
9.186319278690345413e+01
9.159947389541879659e+01
9.133490245707243105e+01
9.107092428198120615e+01
9.080601361992876264e+01
9.054161581070712828e+01
9.027620468431872780e+01
9.001122528639677967e+01
8.974589406112642109e+01
8.948091305538851259e+01
8.921624144349262053e+01
8.895109555763261255e+01
8.868543458888973419e+01
8.842070345355064376e+01
8.815611864945506682e+01
8.789089679255653209e+01
8.762722598835536303e+01
8.736283751266171294e+01
8.709917702739844003e+01
8.683546193028170990e+01
8.657239555902283712e+01
8.630993871437546261e+01
8.604805252218591249e+01
8.578595562416404618e+01
8.552509554242736556e+01
8.526469169233429568e+01
8.500470674400908422e+01
8.474510380710192692e+01
8.448658928389177447e+01
8.422838438053047128e+01
8.397119646166784435e+01
8.371499055808973822e+01
8.345973221264173958e+01
8.320464465430406165e+01
8.295118014562441999e+01
8.269856297818149926e+01
8.244676081664357525e+01
8.219574186612528877e+01
8.194621770811195915e+01
8.169815762993155772e+01
8.145078862301933498e+01
8.120482388512802174e+01
8.095949147637441001e+01
8.071550565464274030e+01
8.047358120014935423e+01
8.023220490445167741e+01
7.999209257431353137e+01
7.975358910262661993e+01
7.951637132786692064e+01
7.928063656371891454e+01
7.904628547440744057e+01
7.881344205350181653e+01
7.858200791776012295e+01
7.835210800371187645e+01
7.812371914217952451e+01
7.789689289303120745e+01
7.767160698969534849e+01
7.744791391008944004e+01
7.722586659389114061e+01
7.700536987758579244e+01
7.678662619885786000e+01
7.656954133329841738e+01
7.635409581800753642e+01
7.614041924254344451e+01
7.592849312369358472e+01
7.571837376605890313e+01
7.550989513936116282e+01
7.530326315895094069e+01
7.509846143136053342e+01
7.489539983586836058e+01
7.469413739044023259e+01
7.449465941740623975e+01
7.429702612726718769e+01
7.410122406896449831e+01
7.390724043098138907e+01
7.371513734261021966e+01
7.352482904121590934e+01
7.333637902385889618e+01
7.314985149758058469e+01
7.296516282920215701e+01
7.278230441198773804e+01
7.260141696449662163e+01
7.242234484396004746e+01
7.224515604408765057e+01
7.206984507310747290e+01
7.189640724795279425e+01
7.172483870346678714e+01
7.155521068352669545e+01
7.138737241298377967e+01
7.122139680288253771e+01
7.105735760235130272e+01
7.089510654864355388e+01
7.073471906682490840e+01
7.057619713254622695e+01
7.041954355044673264e+01
7.026468766369001173e+01
7.011178247918898876e+01
6.996068467253304846e+01
6.981140027674554460e+01
6.966401038490560893e+01
6.951844828424243872e+01
6.937464800632946549e+01
6.923269287598648702e+01
6.909251835800554886e+01
6.895413488462041585e+01
6.881755354258750401e+01
6.868271177606088429e+01
6.854962193390716152e+01
6.841829696335901190e+01
6.828860181992610023e+01
6.816077342875108513e+01
6.803452925950051622e+01
6.791003298905698671e+01
6.778730021105003800e+01
6.766612413044028074e+01
6.754666981030023010e+01
6.742880559985512434e+01
6.731254881598199802e+01
6.719784287421438762e+01
6.708470583838243329e+01
6.697315612094976700e+01
6.686313818462294023e+01
6.675467109579450664e+01
6.664762566183772208e+01
6.654217012131280740e+01
6.643810158303240598e+01
6.633551456956247705e+01
6.623442959305768341e+01
6.613464458293729820e+01
6.603632914986927460e+01
6.593928174792978325e+01
6.584359822445334487e+01
6.574922611840196396e+01
6.565611322771120228e+01
6.556420761048018164e+01
6.547353187039566080e+01
6.538410887575872721e+01
6.529581319548569240e+01
6.520866823646626642e+01
6.512262339660739485e+01
6.503762835195072967e+01
6.495378162721529236e+01
6.487095918160547114e+01
6.478903726228463711e+01
6.470818954086297481e+01
6.462821856373636820e+01
6.454915002122807266e+01
6.447100989734884990e+01
6.439367590209843684e+01
6.431717460372428263e+01
6.424145857531803472e+01
6.416648067420189250e+01
6.409226832003129459e+01
6.401877492105506917e+01
6.394602845521127676e+01
6.387383439320748124e+01
6.380236988902634465e+01
6.373144091037491421e+01
6.366115077648633047e+01
6.359130587501190490e+01
6.352200991362737881e+01
6.345321820133064250e+01
6.338488619655042555e+01
6.331696948711711315e+01
6.324949805268854419e+01
6.318235339221413227e+01
6.311556563506868400e+01
6.304909066693283393e+01
6.298295867256769043e+01
6.291712554408530167e+01
6.285147285585738075e+01
6.278610497319890982e+01
6.272090332592392770e+01
6.265597208396278717e+01
6.259111814761160275e+01
6.252644539061525109e+01
6.246183465113920619e+01
6.239738940882413232e+01
6.233291577698003749e+01
6.226851674810389170e+01
6.220414647125661389e+01
6.213968451495217948e+01
6.207523298164079506e+01
6.201059650483436059e+01
6.194595078351439099e+01
6.188117401480101165e+01
6.181629258051739129e+01
6.175118390012887204e+01
6.168602212013664143e+01
6.162060955238245441e+01
6.155504521685406871e+01
6.148920484990307500e+01
6.142318659943148162e+01
6.135679103595693817e+01
6.129018970109208908e+01
6.122318227080331354e+01
6.115586510648774521e+01
6.108811127121495588e+01
6.101994194912904135e+01
6.095137788138150370e+01
6.088243937002818740e+01
6.081292343228198405e+01
6.074299807405567009e+01
6.067253374461881776e+01
6.060162331583574513e+01
6.053006206879124562e+01
6.045794200531292972e+01
6.038520616665267937e+01
6.031187149177520723e+01
6.023788025811189328e+01
6.016317437268708090e+01
6.008776966300052891e+01
6.001168160055435408e+01
5.993485102392882169e+01
5.985736699531986460e+01
5.977909538841867487e+01
5.970012459409682037e+01
5.962046839026756118e+01
5.953999166138822829e+01
5.945870753454745028e+01
5.937670309706118132e+01
5.929391654604359019e+01
5.921028575443641984e+01
5.912582255246071128e+01
5.904053844097438031e+01
5.895444458724177395e+01
5.886747753611707878e+01
5.877964777067019497e+01
5.869096542126773386e+01
5.860144025715725036e+01
5.851100739359713998e+01
5.841975013210220169e+01
5.832767709884547713e+01
5.823464794931088306e+01
5.814081905679223183e+01
5.804604923127605076e+01
5.795034540687501590e+01
5.785378834436301076e+01
5.775630976643282111e+01
5.765791519380964303e+01
5.755868393081526335e+01
5.745847191700073608e+01
5.735743169750654857e+01
5.725549242471247169e+01
5.715273126236465373e+01
5.704907623875096334e+01
5.694452908508598199e+01
5.683916522419897177e+01
5.673291090964001171e+01
5.662576606683741431e+01
5.651780428488816455e+01
5.640894995908099219e+01
5.629927541926704038e+01
5.618862950812160761e+01
5.607723185858316839e+01
5.596485581061062931e+01
5.585171977716080249e+01
5.573767011557087869e+01
5.562277539932436099e+01
5.550695500598284582e+01
5.539035054184683560e+01
5.527288014978748976e+01
5.515460993728427752e+01
5.503545685458632164e+01
5.491548584249414233e+01
5.479476128066792029e+01
5.467312415390374269e+01
5.455078633832316370e+01
5.442758778580787293e+01
5.430359081266180965e+01
5.417878298730681763e+01
5.405315143642630460e+01
5.392675715190605246e+01
5.379951216441616424e+01
5.367147670200832010e+01
5.354271064803635483e+01
5.341319928275323292e+01
5.328300187542188127e+01
5.315202885874963101e+01
5.302041327100815948e+01
5.288813936262389603e+01
5.275519118661371465e+01
5.262162690468184678e+01
5.248743024181399619e+01
5.235258479023244149e+01
5.221714831205987650e+01
5.208110419005145530e+01
5.194443572728646075e+01
5.180720044520216305e+01
5.166938152936577211e+01
5.153103640741942826e+01
5.139214819111362686e+01
5.125277425039875823e+01
5.111289765152447018e+01
5.097257572715354712e+01
5.083171722697328221e+01
5.069045373436247814e+01
5.054876824611289976e+01
5.040664373481161675e+01
5.026413742594692735e+01
5.012123222283396018e+01
4.997791098049565051e+01
4.983423077812727087e+01
4.969024862329413139e+01
4.954587285855820511e+01
4.940130880926500367e+01
4.925646453942859182e+01
4.911132226669094081e+01
4.896601263000305693e+01
4.882051753972324093e+01
4.867489301239013599e+01
4.852904630486964521e+01
4.838303303363991148e+01
4.823690859391295049e+01
4.809065386333729464e+01
4.794424947400571568e+01
4.779782436947791524e+01
4.765128437900122549e+01
4.750468362866114802e+01
4.735807597009377901e+01
4.721144069493827544e+01
4.706483110217282473e+01
4.691822593393484908e+01
4.677167794794117839e+01
4.662516535856013888e+01
4.647874041460248407e+01
4.633238084583204852e+01
4.618613844621002329e+01
4.603999052582015850e+01
4.589391421593074938e+01
4.574796077659804894e+01
4.560225562319252646e+01
4.545662693769560292e+01
4.531119996764351043e+01
4.516602564146002408e+01
4.502108060300672321e+01
4.487634153110268187e+01
4.473193374375525622e+01
4.458775981880737760e+01
4.444379676674964230e+01
4.430024463686731195e+01
4.415693228838875228e+01
4.401391169738018050e+01
4.387123514449604045e+01
4.372895525229512970e+01
4.358697645428826917e+01
4.344535216342183759e+01
4.330413623766008868e+01
4.316330872688961762e+01
4.302292446787219404e+01
4.288289025896604301e+01
4.274326201640719347e+01
4.260417050990706400e+01
4.246544996088258017e+01
4.232723231758021853e+01
4.218957583078181273e+01
4.205231650702243229e+01
4.191558809929555451e+01
4.177945068679478879e+01
4.164374210136917043e+01
4.150867218526322944e+01
4.137415422566608925e+01
4.124017635477584065e+01
4.110680152899783479e+01
4.097394465448340384e+01
4.084181826127434078e+01
4.071026392226215052e+01
4.057934648934000421e+01
4.044913120900393011e+01
4.031953511978451843e+01
4.019069843289646116e+01
4.006253879345281632e+01
3.993519694320581692e+01
3.980851669766898482e+01
3.968256489260974718e+01
3.955740849627764533e+01
3.943296600631826720e+01
3.930937883280358847e+01
3.918649128123646364e+01
3.906444479048681018e+01
3.894323220445648559e+01
3.882277203137199706e+01
3.870313127351119675e+01
3.858430255963055089e+01
3.846635269887298847e+01
3.834927410484714727e+01
3.823298479106605186e+01
3.811755122137658702e+01
3.800296546394115182e+01
3.788929376733521792e+01
3.777645372372390398e+01
3.766443713758416578e+01
3.755331004834005171e+01
3.744298990675190453e+01
3.733354273987827554e+01
3.722496033532166138e+01
3.711730884649026763e+01
3.701043170000844640e+01
3.690446962443841272e+01
3.679926642883242494e+01
3.669503760274851345e+01
3.659162753116275013e+01
3.648902952986939852e+01
3.638723732978515812e+01
