# h
2.243885668397968959e-04
2.280457981119677800e-04
2.318848351327839090e-04
2.359044475029695186e-04
2.401030782365822533e-04
2.444788820491019567e-04
2.490297628469646915e-04
2.537534098909129945e-04
2.586473322078356005e-04
2.637088909260337701e-04
2.689353293032499103e-04
2.743238003025648690e-04
2.798713916466520168e-04
2.855751483449931794e-04
2.914320927413514340e-04
2.974392421704758751e-04
3.035936243444834533e-04
3.098922906117113248e-04
3.163323272452399728e-04
3.229108649260297608e-04
3.296250865878854104e-04
3.364722337894122950e-04
3.434496117727706371e-04
3.505545933612641942e-04
3.577846218383739672e-04
3.651372129404016099e-04
3.726099560839097246e-04
3.802005149380618888e-04
3.879066274410466922e-04
3.957261053492679907e-04
4.036568333980269257e-04
4.116967681431300190e-04
4.198439365442822695e-04
4.280964343432742806e-04
4.364524242828817652e-04
4.449101342059905801e-04
4.534678550687721763e-04
4.621239388966530176e-04
4.708767967073615511e-04
4.797248964214029850e-04
4.886667607768839950e-04
4.977009652626259145e-04
5.068261360809135077e-04
5.160409481490097709e-04
5.253441231466457299e-04
5.347344276150648107e-04
5.442106711118142827e-04
5.537717044242959066e-04
5.634164178441077985e-04
5.731437395033704566e-04
5.829526337735581277e-04
5.928420997267755573e-04
6.028111696589651255e-04
6.128589076741564100e-04
6.229844083285634906e-04
6.331867953331111023e-04
6.434652203127820894e-04
6.538188616210512203e-04
6.642469232075707847e-04
6.747486335372121372e-04
6.853232445585321145e-04
6.959700307197164496e-04
7.066882880300573997e-04
7.174773331650441659e-04
7.283365026131670156e-04
7.392651518625891448e-04
7.502626546258693747e-04
7.613284021009918525e-04
7.724618022669948103e-04
7.836622792125672032e-04
7.949292724960308311e-04
8.062622365351962417e-04
8.176606400256330792e-04
8.291239653859739300e-04
8.406517082289086638e-04
8.522433768566144152e-04
8.638984917793941050e-04
8.756165852563849812e-04
8.873972008572284745e-04
8.992398930436598832e-04
9.111442267700277939e-04
9.231097771017940205e-04
9.351361288511192676e-04
9.472228762286889498e-04
9.593696225109637392e-04
9.715759797220935128e-04
9.838415683297704536e-04
9.961660169543272002e-04
1.008548962090428762e-03
1.020990047840744435e-03
1.033488925661003519e-03
1.046045254115887408e-03
1.058658698645225738e-03
1.071328931340000210e-03
1.084055630727679938e-03
1.096838481566443126e-03
1.109677174647853790e-03
1.122571406607601047e-03
1.135520879743903483e-03
1.148525301843234068e-03
1.161584386013005208e-03
1.174697850520900607e-03
1.187865418640538439e-03
1.201086818503175691e-03
1.214361782955171790e-03
1.227690049420955207e-03
1.241071359771229576e-03
1.254505460196198366e-03
1.267992101083569587e-03
1.281531036901129754e-03
1.295122026083682853e-03
1.308764830924166733e-03
1.322459217468754163e-03
1.336204955415770494e-03
1.350001818018257494e-03
1.363849581990031132e-03
1.377748027415072636e-03
1.391696937660126835e-03
1.405696099290351447e-03
1.419745301987907372e-03
1.433844338473350350e-03
1.447993004429718811e-03
1.462191098429201693e-03
1.476438421862276938e-03
1.490734778869224177e-03
1.505079976273910984e-03
1.519473823519766403e-03
1.533916132607844162e-03
1.548406718036902724e-03
1.562945396745416080e-03
1.577531988055435501e-03
1.592166313618241080e-03
1.606848197361700897e-03
1.621577465439278179e-03
1.636353946180624198e-03
1.651177470043690152e-03
1.666047869568305743e-03
1.680964979331170265e-03
1.695928635902190255e-03
1.710938677802137072e-03
1.725994945461548254e-03
1.741097281180849264e-03
1.756245529091639453e-03
1.771439535119097774e-03
1.786679146945480958e-03
1.801964213974654918e-03
1.817294587297647044e-03
1.832670119659153682e-03
1.848090665425003443e-03
1.863556080550507390e-03
