# rs_dv
inf
9.941948450579751739e-01
5.026057096651992406e-01
3.388715228241924726e-01
2.570986941513019319e-01
2.081083942206254367e-01
1.755076066399088308e-01
1.522707059232962790e-01
1.348848509496001213e-01
1.213984484671001840e-01
1.106405375697625815e-01
1.018659636048900308e-01
9.457796435222819154e-02
8.843263881254138925e-02
8.318435733264377407e-02
7.865300714672372739e-02
7.470352037839995962e-02
7.123262705886453106e-02
6.816002347048637222e-02
6.542232915259060810e-02
6.296885657036842276e-02
6.075858925545440242e-02
5.875798393082137805e-02
5.693934586536793241e-02
5.527961028642219138e-02
5.375941617138785267e-02
5.236239371598822717e-02
5.107461009412525565e-02
4.988413394710089488e-02
4.878068995228461435e-02
4.775538246006434673e-02
4.680047260908173912e-02
4.590919722632354899e-02
4.507562065261369599e-02
4.429451271794614120e-02
4.356124763922078480e-02
4.287171977411075030e-02
4.222227304357533545e-02
4.160964150624418822e-02
4.103089908387805990e-02
4.048341683704131250e-02
3.996482650229554734e-02
3.947298924753742805e-02
3.900596879609693340e-02
3.856200822454877719e-02
3.813950986267625881e-02
3.773701782336966182e-02
3.735320277057292693e-02
3.698684859867267666e-02
3.663684075002282547e-02
3.630215594100953680e-02
3.598185310306604989e-02
3.567506537482311585e-02
3.538099300630617033e-02
3.509889705669574922e-02
3.482809378440584330e-02
3.456794964270228088e-02
3.431787680626889603e-02
3.407732916442492155e-02
3.384579872542252399e-02
3.362281238367039599e-02
3.340792900805340804e-02
3.320073681492280437e-02
3.300085099396571353e-02
3.280791155914385138e-02
3.262158140032182102e-02
3.244154451416777357e-02
3.226750440557284855e-02
3.209918258344145181e-02
3.193631728235914180e-02
3.177866220553977883e-02
3.162598541878222647e-02
3.147806832961699830e-02
3.133470475163078334e-02
3.119570004583816988e-02
3.106087033184066343e-02
3.093004176228163551e-02
3.080304985478428750e-02
3.067973887615902187e-02
3.055996127419790057e-02
3.044357715284558633e-02
3.033045378695414795e-02
3.022046517320229470e-02
3.011349161409137068e-02
3.000941933222701224e-02
2.990814011235961786e-02
2.980955096889450692e-02
2.971355383679442214e-02
2.962005528398764867e-02
2.952896624356642769e-02
2.944020176421378518e-02
2.935368077743617451e-02
2.926932588030350946e-02
2.918706313251178200e-02
2.910682186668465607e-02
2.902853451092328452e-02
2.895213642269653040e-02
2.887756573323998349e-02
2.880476320170033064e-02
2.873367207832466450e-02
2.866423797605037807e-02
2.859640874990347637e-02
2.853013438365992194e-02
2.846536688326753439e-02
2.840206017656523099e-02
2.834017001887206497e-02
2.827965390405124887e-02
2.822047098068430210e-02
2.816258197301779037e-02
2.810594910637040020e-02
2.805053603671089565e-02
2.799630778413888382e-02
2.794323067001965380e-02
2.789127225754233982e-02
2.784040129548669487e-02
2.779058766499960947e-02
2.774180232919579853e-02
2.769401728541035640e-02
2.764720551994249986e-02
2.760134096514108709e-02
2.755639845869231261e-02
2.751235370497950514e-02
2.746918323839369139e-02
2.742686438848153732e-02
2.738537524682458160e-02
2.734469463555090629e-02
2.730480207738652382e-02
2.726567776715961219e-02
2.722730254467670488e-02
2.718965786889446581e-02
2.715272579331591898e-02
2.711648894254416881e-02
2.708093048993091140e-02
2.704603413626077701e-02
2.701178408941622491e-02
2.697816504497094203e-02
2.694516216766295463e-02
2.691276107370139947e-02
2.688094781386373561e-02
2.684970885734272797e-02
2.681903107630476471e-02
2.678890173112338444e-02
2.675930845625418275e-02
2.673023924671848184e-02
2.670168244516618952e-02
2.667362672948845811e-02
2.664606110095380995e-02
2.661897487284186833e-02
2.659235765955069580e-02
2.656619936615501471e-02
