# lsst_angle
2.264950330581224591e+01
3.203123475609393012e+01
4.487761134463376322e+01
6.220128616033596103e+01
8.586617494683227392e+01
1.189117319695580335e+02
1.648029125956212795e+02
2.284425529536910915e+02
3.167601616365290624e+02
4.387117504694854802e+02
6.074043134519213254e+02
8.413382197428090876e+02
1.164602936626900600e+03
1.612107316527036119e+03
2.232357274273095300e+03
2.264950330581224591e+01
3.203123475609393012e+01
4.487761134463376322e+01
6.220128616033596103e+01
8.586617494683227392e+01
1.189117319695580335e+02
1.648029125956212795e+02
2.284425529536910915e+02
3.167601616365290624e+02
4.387117504694854802e+02
6.074043134519213254e+02
8.413382197428090876e+02
1.164602936626900600e+03
1.612107316527036119e+03
2.232357274273095300e+03
2.264950330581224591e+01
3.203123475609393012e+01
4.487761134463376322e+01
6.220128616033596103e+01
8.586617494683227392e+01
1.189117319695580335e+02
1.648029125956212795e+02
2.284425529536910915e+02
3.167601616365290624e+02
4.387117504694854802e+02
6.074043134519213254e+02
8.413382197428090876e+02
1.164602936626900600e+03
1.612107316527036119e+03
2.232357274273095300e+03
2.264950330581224591e+01
3.203123475609393012e+01
4.487761134463376322e+01
6.220128616033596103e+01
8.586617494683227392e+01
1.189117319695580335e+02
1.648029125956212795e+02
2.284425529536910915e+02
3.167601616365290624e+02
4.387117504694854802e+02
6.074043134519213254e+02
8.413382197428090876e+02
1.164602936626900600e+03
1.612107316527036119e+03
2.232357274273095300e+03
2.264950330581224591e+01
3.203123475609393012e+01
4.487761134463376322e+01
6.220128616033596103e+01
8.586617494683227392e+01
1.189117319695580335e+02
1.648029125956212795e+02
2.284425529536910915e+02
3.167601616365290624e+02
4.387117504694854802e+02
6.074043134519213254e+02
8.413382197428090876e+02
1.164602936626900600e+03
1.612107316527036119e+03
2.232357274273095300e+03
2.264950330581224591e+01
3.203123475609393012e+01
4.487761134463376322e+01
6.220128616033596103e+01
8.586617494683227392e+01
1.189117319695580335e+02
1.648029125956212795e+02
2.284425529536910915e+02
3.167601616365290624e+02
4.387117504694854802e+02
6.074043134519213254e+02
8.413382197428090876e+02
1.164602936626900600e+03
1.612107316527036119e+03
2.232357274273095300e+03
2.264950330581224591e+01
3.203123475609393012e+01
4.487761134463376322e+01
6.220128616033596103e+01
8.586617494683227392e+01
1.189117319695580335e+02
1.648029125956212795e+02
2.284425529536910915e+02
3.167601616365290624e+02
4.387117504694854802e+02
6.074043134519213254e+02
8.413382197428090876e+02
1.164602936626900600e+03
1.612107316527036119e+03
2.232357274273095300e+03
2.264950330581224591e+01
3.203123475609393012e+01
4.487761134463376322e+01
6.220128616033596103e+01
8.586617494683227392e+01
1.189117319695580335e+02
1.648029125956212795e+02
2.284425529536910915e+02
3.167601616365290624e+02
4.387117504694854802e+02
6.074043134519213254e+02
8.413382197428090876e+02
1.164602936626900600e+03
1.612107316527036119e+03
2.232357274273095300e+03
2.264950330581224591e+01
3.203123475609393012e+01
4.487761134463376322e+01
6.220128616033596103e+01
8.586617494683227392e+01
1.189117319695580335e+02
1.648029125956212795e+02
2.284425529536910915e+02
3.167601616365290624e+02
4.387117504694854802e+02
6.074043134519213254e+02
8.413382197428090876e+02
1.164602936626900600e+03
1.612107316527036119e+03
2.232357274273095300e+03
2.264950330581224591e+01
3.203123475609393012e+01
4.487761134463376322e+01
6.220128616033596103e+01
8.586617494683227392e+01
1.189117319695580335e+02
1.648029125956212795e+02
2.284425529536910915e+02
3.167601616365290624e+02
4.387117504694854802e+02
6.074043134519213254e+02
8.413382197428090876e+02
1.164602936626900600e+03
1.612107316527036119e+03
2.232357274273095300e+03
2.264950330581224591e+01
3.203123475609393012e+01
4.487761134463376322e+01
6.220128616033596103e+01
8.586617494683227392e+01
1.189117319695580335e+02
1.648029125956212795e+02
2.284425529536910915e+02
3.167601616365290624e+02
4.387117504694854802e+02
6.074043134519213254e+02
8.413382197428090876e+02
1.164602936626900600e+03
1.612107316527036119e+03
2.232357274273095300e+03
2.264950330581224591e+01
3.203123475609393012e+01
4.487761134463376322e+01
6.220128616033596103e+01
8.586617494683227392e+01
1.189117319695580335e+02
1.648029125956212795e+02
2.284425529536910915e+02
3.167601616365290624e+02
4.387117504694854802e+02
6.074043134519213254e+02
8.413382197428090876e+02
1.164602936626900600e+03
1.612107316527036119e+03
2.232357274273095300e+03
2.264950330581224591e+01
3.203123475609393012e+01
4.487761134463376322e+01
6.220128616033596103e+01
8.586617494683227392e+01
1.189117319695580335e+02
1.648029125956212795e+02
2.284425529536910915e+02
3.167601616365290624e+02
4.387117504694854802e+02
6.074043134519213254e+02
8.413382197428090876e+02
1.164602936626900600e+03
1.612107316527036119e+03
2.232357274273095300e+03
2.264950330581224591e+01
3.203123475609393012e+01
4.487761134463376322e+01
6.220128616033596103e+01
8.586617494683227392e+01
1.189117319695580335e+02
1.648029125956212795e+02
2.284425529536910915e+02
3.167601616365290624e+02
4.387117504694854802e+02
6.074043134519213254e+02
8.413382197428090876e+02
1.164602936626900600e+03
1.612107316527036119e+03
2.232357274273095300e+03
2.264950330581224591e+01
3.203123475609393012e+01
4.487761134463376322e+01
6.220128616033596103e+01
8.586617494683227392e+01
1.189117319695580335e+02
1.648029125956212795e+02
2.284425529536910915e+02
3.167601616365290624e+02
4.387117504694854802e+02
6.074043134519213254e+02
8.413382197428090876e+02
1.164602936626900600e+03
1.612107316527036119e+03
2.232357274273095300e+03
